/*--------------------------------*- C++ -*----------------------------------*\
| =========                 |                                                 |
| \\      /  F ield         | OpenFOAM: The Open Source CFD Toolbox           |
|  \\    /   O peration     | Version:  5.x                                   |
|   \\  /    A nd           | Web:      www.OpenFOAM.org                      |
|    \\/     M anipulation  |                                                 |
\*---------------------------------------------------------------------------*/
FoamFile
{
    version     2.0;
    format      ascii;
    class       volScalarField;
    location    "5.0001";
    object      gradTx;
}
// * * * * * * * * * * * * * * * * * * * * * * * * * * * * * * * * * * * * * //

dimensions      [0 -1 0 1 0 0 0];

internalField   nonuniform List<scalar> 
6300
(
-31.0732
-31.1439
-31.2844
-31.4935
-31.7689
-32.1074
-32.5048
-32.9557
-33.4533
-33.9898
-34.5558
-35.1411
-35.7345
-36.3252
-36.9024
-31.0027
-31.074
-31.216
-31.4273
-31.7058
-32.0485
-32.4513
-32.9089
-33.4146
-33.9604
-34.5367
-35.1329
-35.7374
-36.3386
-36.9251
-30.8609
-30.9335
-31.0783
-31.2939
-31.5787
-31.9297
-32.3432
-32.8142
-33.336
-33.9004
-34.4977
-35.1164
-35.7439
-36.3668
-36.9723
-30.6465
-30.721
-30.8697
-31.0916
-31.3853
-31.7485
-32.1778
-32.6686
-33.2147
-33.8078
-34.4375
-35.0913
-35.7549
-36.4124
-37.0484
-30.3577
-30.4345
-30.588
-30.8176
-31.1226
-31.5011
-31.9509
-32.4679
-33.0465
-33.6786
-34.3532
-35.0567
-35.7719
-36.4798
-37.1602
-29.9921
-30.0714
-30.2302
-30.4685
-30.7862
-31.1828
-31.6569
-32.2058
-32.8249
-33.5068
-34.2403
-35.0102
-35.7965
-36.5747
-37.318
-29.5472
-29.629
-29.793
-30.04
-30.371
-30.7869
-31.288
-31.8736
-32.5407
-33.2834
-34.0912
-34.9476
-35.8291
-36.7047
-37.5372
-29.0207
-29.1044
-29.2729
-29.5276
-29.8711
-30.3059
-30.8349
-31.4599
-32.181
-32.9951
-33.8935
-34.8599
-35.8677
-36.878
-37.8388
-28.4104
-28.4953
-28.6665
-28.9267
-29.2798
-29.7309
-30.2857
-30.9501
-31.7285
-32.6225
-33.6279
-34.731
-35.9041
-37.1007
-38.2507
-27.7153
-27.8
-27.9712
-28.2329
-28.5907
-29.0523
-29.6272
-30.3263
-31.1604
-32.1387
-33.2648
-34.5321
-35.917
-37.3702
-38.8046
-26.9356
-27.0181
-27.1857
-27.443
-27.7977
-28.2604
-28.8447
-29.5676
-30.4484
-31.5072
-32.7607
-34.2159
-35.8618
-37.6587
-39.5214
-26.0733
-26.1514
-26.3104
-26.5559
-26.897
-27.3469
-27.9237
-28.651
-29.5586
-30.6812
-32.0549
-33.7091
-35.6554
-37.8816
-40.359
-25.1331
-25.204
-25.3486
-25.5731
-25.8875
-26.3067
-26.8523
-27.5544
-28.4539
-29.6042
-31.0687
-32.9102
-35.1691
-37.8528
-41.053
-24.1221
-24.1828
-24.3071
-24.5006
-24.7733
-25.1403
-25.6246
-26.2604
-27.0986
-28.2132
-29.7054
-31.6937
-34.2575
-37.3071
-40.6896
-23.0504
-23.0983
-23.1962
-23.3491
-23.5649
-23.8568
-24.2454
-24.7641
-25.4671
-26.4446
-27.8459
-29.901
-32.8596
-36.4294
-37.0064
-37.413
-37.855
-38.2735
-38.6666
-39.0334
-39.3741
-39.6889
-39.9784
-40.243
-40.4825
-40.6965
-40.8842
-41.0444
-41.1767
-41.2809
-41.3579
-41.4098
-41.4393
-41.4502
-41.4468
-41.4332
-41.4131
-41.3893
-41.3635
-41.3361
-41.3066
-41.2734
-41.2346
-41.1881
-41.1326
-41.0673
-40.9925
-40.9096
-40.8208
-40.7287
-40.6363
-40.5458
-40.4592
-40.377
-40.2991
-40.224
-40.1497
-40.0738
-39.994
-39.9085
-39.8162
-39.7171
-39.6125
-39.5041
-39.3944
-39.2859
-39.1809
-39.0809
-38.9866
-38.8976
-38.8125
-38.7293
-38.6456
-38.5592
-38.4682
-38.3717
-38.2697
-38.1633
-38.0542
-37.9448
-37.8376
-37.7348
-37.6381
-37.5481
-37.4646
-37.3867
-37.3127
-37.2408
-37.1693
-37.0972
-37.0246
-36.9526
-36.8834
-36.8203
-36.7674
-36.7288
-36.7084
-36.7093
-36.7332
-36.7805
-36.8494
-36.9365
-37.037
-37.1444
-37.2518
-37.4425
-37.8889
-38.3101
-38.7044
-39.0713
-39.4113
-39.7253
-40.0144
-40.2791
-40.5194
-40.7347
-40.9236
-41.0848
-41.2171
-41.3201
-41.3944
-41.4419
-41.4661
-41.471
-41.4616
-41.4426
-41.4184
-41.3922
-41.3657
-41.3393
-41.312
-41.2816
-41.2456
-41.2013
-41.1467
-41.081
-41.0042
-40.9182
-40.8254
-40.7293
-40.6333
-40.5404
-40.4527
-40.371
-40.295
-40.2228
-40.152
-40.0795
-40.0023
-39.9182
-39.8258
-39.7253
-39.6179
-39.5059
-39.3925
-39.2808
-39.1736
-39.0727
-38.979
-38.8919
-38.8097
-38.7299
-38.6495
-38.5656
-38.4761
-38.3796
-38.2761
-38.167
-38.0545
-37.9415
-37.8312
-37.7261
-37.6283
-37.5386
-37.4566
-37.381
-37.3097
-37.2401
-37.17
-37.098
-37.0238
-36.9484
-36.8745
-36.8057
-36.7467
-36.7025
-36.6777
-36.676
-36.6996
-36.7492
-36.823
-36.9174
-37.0268
-37.1443
-37.2618
-37.5038
-37.9591
-38.3856
-38.7818
-39.1481
-39.4861
-39.7979
-40.0855
-40.3504
-40.5925
-40.8108
-41.0031
-41.1669
-41.2999
-41.4006
-41.4693
-41.508
-41.5206
-41.5126
-41.4902
-41.4597
-41.4268
-41.3955
-41.3679
-41.3439
-41.3218
-41.298
-41.2685
-41.2293
-41.1771
-41.1104
-41.0294
-40.9364
-40.8349
-40.7299
-40.626
-40.5276
-40.4375
-40.357
-40.2852
-40.2198
-40.1568
-40.0918
-40.0206
-39.9397
-39.8472
-39.7433
-39.6297
-39.5099
-39.3883
-39.2693
-39.1571
-39.0542
-38.9618
-38.8791
-38.8035
-38.7313
-38.6583
-38.5803
-38.4939
-38.3974
-38.2907
-38.1756
-38.0555
-37.9345
-37.817
-37.7069
-37.6068
-37.5178
-37.4394
-37.3692
-37.304
-37.2399
-37.1734
-37.1019
-37.0244
-36.9421
-36.858
-36.7768
-36.7048
-36.6483
-36.6137
-36.606
-36.6287
-36.6829
-36.7669
-36.8765
-37.0051
-37.1439
-37.2831
-37.6021
-38.0709
-38.5047
-38.9024
-39.2658
-39.5987
-39.9053
-40.1897
-40.4545
-40.7
-40.9243
-41.1238
-41.2936
-41.4292
-41.5275
-41.5876
-41.6117
-41.6049
-41.5748
-41.5304
-41.4805
-41.4331
-41.3936
-41.3648
-41.346
-41.3339
-41.3227
-41.3056
-41.2759
-41.2285
-41.1605
-41.0721
-40.9666
-40.8498
-40.7287
-40.6109
-40.5027
-40.4086
-40.3302
-40.2664
-40.2131
-40.1644
-40.1132
-40.0528
-39.9778
-39.8852
-39.7751
-39.6504
-39.5165
-39.38
-39.2482
-39.127
-39.0207
-38.9307
-38.8558
-38.7922
-38.734
-38.6744
-38.6069
-38.5263
-38.4297
-38.3172
-38.1914
-38.0576
-37.9223
-37.7921
-37.6731
-37.5692
-37.4819
-37.4101
-37.3501
-37.2966
-37.2432
-37.1839
-37.1142
-37.0321
-36.9384
-36.837
-36.7348
-36.6402
-36.5625
-36.5106
-36.4922
-36.5124
-36.5734
-36.6738
-36.8084
-36.9685
-37.1428
-37.318
-37.7459
-38.2335
-38.6757
-39.0724
-39.4277
-39.7491
-40.0447
-40.3223
-40.5864
-40.838
-41.0738
-41.2872
-41.4696
-41.6124
-41.7094
-41.7578
-41.7599
-41.7229
-41.658
-41.5784
-41.4979
-41.4278
-41.3765
-41.3473
-41.3387
-41.3448
-41.3559
-41.3607
-41.3482
-41.3095
-41.2399
-41.1395
-41.0133
-40.8707
-40.7229
-40.5818
-40.4575
-40.357
-40.2826
-40.2324
-40.2
-40.1755
-40.1479
-40.106
-40.0411
-39.9485
-39.828
-39.6845
-39.5266
-39.3652
-39.2117
-39.0756
-38.9635
-38.8778
-38.8164
-38.7731
-38.7385
-38.7017
-38.6523
-38.5816
-38.485
-38.3626
-38.2188
-38.0619
-37.9025
-37.7513
-37.6175
-37.5075
-37.4236
-37.3637
-37.3218
-37.289
-37.2548
-37.2093
-37.1445
-37.0563
-36.9454
-36.8174
-36.6818
-36.5512
-36.4394
-36.3594
-36.3227
-36.3374
-36.4072
-36.5313
-36.7032
-36.9116
-37.1404
-37.3709
-37.949
-38.4617
-38.9123
-39.3019
-39.6388
-39.9365
-40.2104
-40.4743
-40.7366
-40.9989
-41.2557
-41.4953
-41.7025
-41.8619
-41.9613
-41.9947
-41.9644
-41.8812
-41.7622
-41.6281
-41.5001
-41.3958
-41.3275
-41.3001
-41.3105
-41.3485
-41.3982
-41.4409
-41.4582
-41.4352
-41.3637
-41.2438
-41.0839
-40.899
-40.7075
-40.5286
-40.3783
-40.2676
-40.2003
-40.173
-40.1752
-40.1914
-40.203
-40.1922
-40.1445
-40.0518
-39.914
-39.7392
-39.5416
-39.3391
-39.1499
-38.9895
-38.8682
-38.7898
-38.7509
-38.7413
-38.7461
-38.7474
-38.7281
-38.6741
-38.5776
-38.4387
-38.2648
-38.0698
-37.8708
-37.6851
-37.5276
-37.4083
-37.3306
-37.2912
-37.2802
-37.2832
-37.2828
-37.2624
-37.2083
-37.1131
-36.9771
-36.8084
-36.6215
-36.4352
-36.2701
-36.1459
-36.0793
-36.0827
-36.1629
-36.3197
-36.5457
-36.8251
-37.1353
-37.4488
-38.2326
-38.7793
-39.2369
-39.6075
-39.9063
-40.1581
-40.3908
-40.6287
-40.8868
-41.168
-41.4624
-41.7501
-42.0045
-42.198
-42.3083
-42.3233
-42.2454
-42.0911
-41.888
-41.6694
-41.4681
-41.312
-41.2197
-41.1985
-41.2426
-41.3353
-41.4506
-41.5578
-41.6262
-41.6307
-41.5573
-41.4059
-41.1906
-40.9366
-40.6742
-40.4341
-40.2422
-40.1155
-40.0604
-40.071
-40.1304
-40.2136
-40.2906
-40.3316
-40.3126
-40.2199
-40.0533
-39.8266
-39.5637
-39.2939
-39.0468
-38.847
-38.7111
-38.645
-38.643
-38.6889
-38.7584
-38.8229
-38.8537
-38.8276
-38.7313
-38.5649
-38.3413
-38.0835
-37.8198
-37.5783
-37.3827
-37.2489
-37.1824
-37.1776
-37.2187
-37.2821
-37.3397
-37.3637
-37.3311
-37.2287
-37.056
-36.8255
-36.5601
-36.2887
-36.042
-35.8492
-35.7348
-35.7175
-35.808
-36.0087
-36.3109
-36.6941
-37.1254
-37.5631
-38.6296
-39.2252
-39.6869
-40.0166
-40.2417
-40.4074
-40.5638
-40.754
-41.0039
-41.318
-41.6791
-42.0529
-42.394
-42.6542
-42.7926
-42.7859
-42.6363
-42.3713
-42.0365
-41.6857
-41.3712
-41.1363
-41.0099
-41.0026
-41.105
-41.2896
-41.5148
-41.7306
-41.8861
-41.9386
-41.8632
-41.6598
-41.3534
-40.9862
-40.6088
-40.2704
-40.0119
-39.8606
-39.826
-39.8985
-40.0516
-40.2447
-40.4297
-40.5576
-40.587
-40.4942
-40.2793
-39.9661
-39.5955
-39.2162
-38.8754
-38.6125
-38.4536
-38.4078
-38.466
-38.6023
-38.7781
-38.9468
-39.0613
-39.0821
-38.9861
-38.7733
-38.4668
-38.1058
-37.7367
-37.4052
-37.1489
-36.9927
-36.9453
-36.9977
-37.1249
-37.2891
-37.445
-37.5465
-37.5544
-37.4453
-37.2178
-36.8928
-36.5073
-36.1064
-35.7364
-35.4394
-35.2507
-35.1967
-35.2946
-35.5512
-35.9595
-36.4937
-37.1064
-37.7319
-39.1899
-39.8642
-40.3268
-40.5763
-40.6628
-40.6699
-40.6883
-40.7932
-41.0288
-41.4003
-41.8776
-42.403
-42.9002
-43.286
-43.4858
-43.4544
-43.1935
-42.752
-42.2082
-41.6499
-41.1596
-40.8043
-40.6287
-40.6489
-40.8492
-41.1856
-41.5926
-41.9904
-42.2945
-42.4307
-42.3533
-42.0624
-41.6035
-41.0507
-40.4872
-39.9915
-39.6275
-39.4377
-39.4371
-39.6103
-39.9149
-40.2875
-40.6513
-40.9251
-41.0374
-40.9445
-40.6467
-40.1881
-39.6401
-39.0828
-38.5917
-38.2282
-38.0331
-38.0208
-38.1764
-38.459
-38.8078
-39.1488
-39.4039
-39.5046
-39.4088
-39.1168
-38.6709
-38.1394
-37.5996
-37.1237
-36.7707
-36.5797
-36.5643
-36.7102
-36.9777
-37.3078
-37.6287
-37.8641
-37.9461
-37.8323
-37.5201
-37.0472
-36.4765
-35.8796
-35.3254
-34.8736
-34.5724
-34.4572
-34.5526
-34.8751
-35.4267
-36.1804
-37.0685
-37.9853
-39.9896
-40.8081
-41.2739
-41.3708
-41.1984
-40.916
-40.688
-40.6445
-40.858
-41.3303
-42.0071
-42.7936
-43.5669
-44.1856
-44.5121
-44.4535
-44.0109
-43.2802
-42.4008
-41.5165
-40.7535
-40.2136
-39.9657
-40.036
-40.3972
-40.98
-41.6837
-42.3849
-42.945
-43.2304
-43.1508
-42.7068
-41.989
-41.1304
-40.2681
-39.523
-38.9923
-38.7423
-38.7979
-39.1329
-39.6802
-40.3431
-41.0025
-41.5253
-41.7831
-41.6896
-41.2457
-40.539
-39.6979
-38.8542
-38.1242
-37.6014
-37.3494
-37.392
-37.7038
-38.2204
-38.8486
-39.4742
-39.969
-40.2099
-40.1139
-39.6818
-38.9979
-38.1852
-37.3704
-36.6652
-36.1592
-35.9136
-35.9511
-36.2473
-36.7402
-37.3398
-37.9354
-38.4023
-38.6198
-38.5047
-38.0536
-37.3424
-36.4833
-35.5913
-34.7667
-34.0911
-33.6262
-33.4142
-33.4836
-33.8691
-34.6029
-35.6733
-36.9893
-38.3741
-41.137
-42.2599
-42.7524
-42.5534
-41.8923
-41.0838
-40.4218
-40.1257
-40.3146
-40.9661
-41.9785
-43.2034
-44.4565
-45.506
-46.0933
-46.0054
-45.2435
-44.0224
-42.6007
-41.2083
-40.0264
-39.2023
-38.8448
-39.0041
-39.6263
-40.6003
-41.7785
-42.9829
-43.9909
-44.5555
-44.4734
-43.7456
-42.5773
-41.2155
-39.8804
-38.7456
-37.9529
-37.607
-37.7564
-38.3496
-39.2793
-40.4035
-41.5506
-42.5068
-43.0347
-42.9395
-42.223
-41.0836
-39.7592
-38.4618
-37.3583
-36.5847
-36.2416
-36.3753
-36.9362
-37.821
-38.8932
-39.9878
-40.8995
-41.4003
-41.303
-40.6095
-39.5102
-38.2337
-36.9834
-35.9195
-35.1728
-34.8398
-34.9652
-35.5013
-36.3491
-37.3774
-38.4273
-39.2996
-39.7724
-39.661
-38.9617
-37.8503
-36.5375
-35.206
-33.9934
-33.0052
-32.3157
-31.9657
-31.9595
-32.3615
-33.2944
-34.8123
-36.8111
-38.9877
-42.7575
-44.6197
-45.2269
-44.402
-42.7994
-41.0406
-39.6285
-38.9082
-39.1048
-40.0821
-41.644
-43.5726
-45.6395
-47.4922
-48.6467
-48.528
-47.1373
-45.0537
-42.7585
-40.5972
-38.7842
-37.5193
-36.9799
-37.3054
-38.349
-39.9267
-41.8358
-43.8635
-45.6755
-46.8121
-46.7257
-45.4187
-43.4441
-41.2623
-39.2042
-37.4758
-36.2701
-35.7584
-36.076
-37.0817
-38.5983
-40.4307
-42.3736
-44.1052
-45.1837
-45.0838
-43.8095
-41.8943
-39.7818
-37.7901
-36.1172
-34.9479
-34.4469
-34.7437
-35.7021
-37.1519
-38.9053
-40.7649
-42.4218
-43.4518
-43.3504
-42.1215
-40.2776
-38.2445
-36.3277
-34.7172
-33.5906
-33.1059
-33.3878
-34.3061
-35.6981
-37.384
-39.1746
-40.7723
-41.7659
-41.6638
-40.463
-38.6484
-36.6183
-34.6492
-32.8969
-31.4889
-30.5162
-30.0221
-29.8476
-30.0892
-31.1437
-33.2584
-36.377
-39.9944
-44.8409
-48.7857
-49.7637
-47.3717
-43.9333
-40.4993
-37.8391
-36.3703
-36.7708
-38.3563
-40.7816
-43.7428
-47.131
-50.4839
-53.0338
-52.8822
-50.0292
-46.3899
-42.7236
-39.4846
-36.7527
-34.7917
-33.8693
-34.573
-36.3027
-38.7757
-41.7226
-45.0547
-48.3328
-50.83
-50.7357
-48.0531
-44.6095
-41.1312
-38.0529
-35.4536
-33.5877
-32.7157
-33.405
-35.0778
-37.4626
-40.299
-43.5009
-46.644
-49.0295
-48.9193
-46.3187
-42.9892
-39.6303
-36.6592
-34.1508
-32.3489
-31.5034
-32.1592
-33.7604
-36.0455
-38.7642
-41.8338
-44.8468
-47.1323
-47.0213
-44.5191
-41.3174
-38.0878
-35.2308
-32.8181
-31.0838
-30.2679
-30.8938
-32.429
-34.6236
-37.2396
-40.1998
-43.1149
-45.3371
-45.2484
-42.8483
-39.7565
-36.6113
-33.7804
-31.3044
-29.3459
-28.0275
-27.6179
-27.1363
-26.6461
-27.4662
-30.259
-35.2247
-41.7329
-46.3531
-57.2231
-59.1506
-51.8489
-45.064
-38.8457
-34.3347
-31.1403
-32.7307
-35.4208
-39.1478
-43.2979
-48.6736
-54.632
-61.3112
-61.1266
-54.0533
-47.7652
-42.0736
-37.6417
-33.6113
-30.5684
-28.4174
-30.3633
-33.186
-36.9423
-41.0547
-46.3237
-52.1146
-58.5798
-58.4727
-51.7837
-45.8247
-40.424
-36.2122
-32.3751
-29.4742
-27.4248
-29.3175
-32.0489
-35.6765
-39.6409
-44.7128
-50.2737
-56.4693
-56.3408
-49.8774
-44.1264
-38.9204
-34.8622
-31.167
-28.3728
-26.3978
-28.2132
-30.8339
-34.3146
-38.118
-42.984
-48.3193
-54.2637
-54.1354
-47.9238
-42.3972
-37.3946
-33.4942
-29.9417
-27.2547
-25.3536
-27.0903
-29.6021
-32.9421
-36.5996
-41.2897
-46.4553
-52.2356
-52.1615
-46.2296
-40.9412
-36.1515
-32.4005
-28.9664
-26.2808
-24.2299
-25.3172
-24.4368
-21.3155
-20.9475
-24.1306
-31.8511
-44.9332
-40.276
-78.5445
-81.8135
-55.5675
-45.3791
-34.7361
-28.9345
-19.0204
-27.1067
-30.9924
-36.9047
-41.0883
-49.3773
-57.7423
-79.4726
-79.2909
-56.9468
-48.2816
-39.6097
-35.2206
-29.0481
-25.061
-17.066
-24.8909
-28.7251
-34.5959
-38.7216
-46.8414
-54.9253
-75.7936
-75.688
-54.463
-46.2359
-38.0049
-33.832
-27.9485
-24.1343
-16.4575
-24.0223
-27.7294
-33.4053
-37.3878
-45.2208
-52.9892
-73.0158
-72.8844
-52.4105
-44.4786
-36.5576
-32.5423
-26.8856
-23.2171
-15.8342
-23.1073
-26.669
-32.1192
-35.9416
-43.4582
-50.9146
-70.1396
-70.0094
-50.3419
-42.7223
-35.1143
-31.2563
-25.8191
-22.2936
-15.201
-22.1704
-25.5829
-30.8032
-34.4725
-41.6947
-48.9103
-67.5645
-67.5098
-48.6839
-41.4079
-34.196
-30.5641
-25.5506
-22.3015
-15.9128
-25.8492
-24.963
-12.0197
-9.31468
-11.4684
-20.7571
-51.1713
-37.361
-37.461
-37.5319
-37.5683
-37.5683
-37.5339
-37.4699
-37.3835
-37.2828
-37.1768
-37.0738
-36.9816
-36.9066
-36.8537
-36.8264
-37.3812
-37.4901
-37.5665
-37.6045
-37.6027
-37.5634
-37.4924
-37.3976
-37.2882
-37.1737
-37.0631
-36.9644
-36.8843
-36.8281
-36.7991
-37.424
-37.5515
-37.6393
-37.6806
-37.6744
-37.6245
-37.5385
-37.4262
-37.2986
-37.1666
-37.0403
-36.9284
-36.8382
-36.7751
-36.7426
-37.4947
-37.6527
-37.7585
-37.8042
-37.7898
-37.7217
-37.6108
-37.47
-37.3133
-37.1537
-37.0029
-36.8708
-36.765
-36.6914
-36.6536
-37.6023
-37.8061
-37.9375
-37.9877
-37.9588
-37.8618
-37.7127
-37.5297
-37.3308
-37.1319
-36.9469
-36.7866
-36.6596
-36.5717
-36.5268
-37.7615
-38.0317
-38.1979
-38.2502
-38.1959
-38.0538
-37.8485
-37.6054
-37.348
-37.0963
-36.866
-36.6693
-36.5149
-36.4089
-36.355
-37.9961
-38.3613
-38.5719
-38.6193
-38.5208
-38.3091
-38.0219
-37.6952
-37.3596
-37.0391
-36.7515
-36.5095
-36.3218
-36.1939
-36.1292
-38.345
-38.8455
-39.1092
-39.1342
-38.9588
-38.6396
-38.2347
-37.7939
-37.3561
-36.9489
-36.5913
-36.2954
-36.0687
-35.9157
-35.8387
-38.8732
-39.5665
-39.885
-39.8494
-39.5405
-39.0559
-38.4832
-37.8897
-37.3218
-36.8091
-36.3693
-36.012
-35.742
-35.5614
-35.471
-39.6953
-40.6621
-41.0148
-40.8378
-40.2978
-39.5602
-38.7526
-37.9598
-37.2321
-36.5964
-36.0647
-35.6412
-35.3257
-35.1169
-35.0129
-41.0244
-42.3718
-42.6743
-42.189
-41.2525
-40.1344
-39.007
-37.9646
-37.0504
-36.2795
-35.652
-35.1622
-34.8028
-34.5673
-34.4508
-43.2903
-45.1261
-45.1216
-43.9913
-42.3889
-40.7178
-39.1765
-37.8409
-36.7256
-35.819
-35.1014
-34.5527
-34.1561
-33.8987
-33.7721
-47.4512
-49.7209
-48.6946
-46.2658
-43.5936
-41.1713
-39.1402
-37.4969
-36.1919
-35.1695
-34.3818
-33.7912
-33.37
-33.0992
-32.9666
-55.9346
-57.612
-53.6704
-48.7835
-44.5484
-41.2333
-38.7161
-36.8147
-35.3754
-34.2853
-33.4651
-32.8601
-32.4336
-32.1613
-32.0286
-75.9084
-71.1225
-59.5919
-50.6495
-44.5833
-40.4974
-37.6761
-35.6701
-34.2097
-33.1312
-32.3329
-31.7506
-31.3429
-31.0838
-30.9578
-22.0241
-22.0582
-22.1278
-22.2358
-22.3875
-22.5915
-22.8621
-23.2237
-23.72
-24.4349
-25.5417
-27.4289
-31.0184
-38.3755
-51.6962
-21.0676
-21.0882
-21.1298
-21.1935
-21.281
-21.3952
-21.5415
-21.7299
-21.9801
-22.3357
-22.9045
-23.9991
-26.7322
-35.9921
-77.3562
-20.0968
-20.1036
-20.1167
-20.1348
-20.1559
-20.1767
-20.1919
-20.1933
-20.1671
-20.0883
-19.9012
-19.4313
-17.9222
-11.2918
25.2561
-19.1213
-19.1147
-19.1
-19.074
-19.0311
-18.9621
-18.8521
-18.676
-18.3906
-17.916
-17.0933
-15.5841
-12.6769
-7.37235
-3.75079
-18.1504
-18.1315
-18.0913
-18.0251
-17.9246
-17.7762
-17.5582
-17.2348
-16.7458
-15.9855
-14.7609
-12.706
-9.09699
-2.28867
13.6068
-17.1928
-17.163
-17.1007
-17
-16.8513
-16.6387
-16.3375
-15.9088
-15.2896
-14.3775
-13.0047
-10.906
-7.73812
-3.5146
-1.84566
-16.256
-16.2172
-16.1367
-16.0085
-15.8224
-15.5627
-15.2056
-14.7151
-14.0371
-13.0899
-11.7524
-9.84814
-7.11215
-2.96508
5.30854
-15.3462
-15.3003
-15.2059
-15.0571
-14.8446
-14.5545
-14.1663
-13.6518
-12.9716
-12.0736
-10.8938
-9.36781
-7.46603
-5.28026
-3.24032
-14.4683
-14.4173
-14.3129
-14.1501
-13.9209
-13.6143
-13.2149
-12.7037
-12.0576
-11.2531
-10.2759
-9.14847
-8.0171
-7.49323
-10.3726
-13.6259
-13.5714
-13.4605
-13.2891
-13.0511
-12.7385
-12.3413
-11.8492
-11.2535
-10.5527
-9.76247
-8.93192
-8.14629
-7.3419
-4.59719
-12.8213
-12.7648
-12.6502
-12.4744
-12.2332
-11.9214
-11.5337
-11.0667
-10.5225
-9.91438
-9.27713
-8.68426
-8.28852
-8.53724
-11.8231
-12.0561
-11.9986
-11.8824
-11.7053
-11.4645
-11.157
-10.7811
-10.338
-9.83604
-9.29635
-8.76106
-8.29975
-7.98323
-7.62265
-4.85868
-11.3309
-11.2731
-11.1568
-10.9804
-10.7421
-10.4403
-10.0752
-9.65013
-9.17581
-8.67533
-8.19368
-7.81477
-7.70854
-8.37632
-12.4472
-10.6458
-10.5885
-10.4731
-10.2986
-10.0638
-9.76773
-9.41085
-8.99657
-8.53381
-8.04129
-7.55502
-7.14049
-6.89633
-6.76594
-4.48542
-10.0006
-9.94409
-9.83046
-9.65885
-9.42814
-9.1374
-8.78646
-8.37674
-7.91253
-7.40297
-6.8666
-6.34797
-6.00511
-6.64788
-13.3174
-9.3948
-9.3394
-9.22814
-9.06014
-8.83419
-8.54893
-8.20294
-7.79481
-7.32281
-6.78335
-6.16592
-5.43346
-4.42944
-2.3437
5.74075
-8.82748
-8.77357
-8.66529
-8.50173
-8.2815
-8.00268
-7.66262
-7.25731
-6.77999
-6.21793
-5.5452
-4.70761
-3.60497
-2.20441
-2.10899
-8.29765
-8.24555
-8.14089
-7.98273
-7.76954
-7.49903
-7.16768
-6.76986
-6.29607
-5.72945
-5.03903
-4.16591
-2.9874
-1.15788
3.00776
-7.80406
-7.75409
-7.6537
-7.50199
-7.29745
-7.03769
-6.71895
-6.33524
-5.87669
-5.32701
-4.65981
-3.83636
-2.82193
-1.73276
-1.8832
-7.34523
-7.29768
-7.2022
-7.05801
-6.86377
-6.61735
-6.3154
-5.95264
-5.52066
-5.00624
-4.38918
-3.63952
-2.70837
-1.4459
1.12259
-6.91948
-6.87461
-6.78459
-6.64884
-6.46638
-6.23563
-5.95415
-5.61818
-5.22194
-4.75683
-4.21071
-3.56879
-2.82489
-2.0651
-2.08945
-6.52495
-6.48294
-6.39879
-6.27217
-6.10257
-5.88919
-5.6308
-5.32562
-4.9711
-4.56374
-4.09885
-3.56897
-2.95247
-2.13884
-0.446664
-6.15964
-6.12061
-6.04253
-5.9254
-5.76924
-5.57406
-5.34001
-5.06739
-4.75702
-4.41068
-4.03221
-3.62939
-3.21694
-2.82179
-2.50078
-5.82149
-5.78543
-5.71344
-5.6058
-5.46304
-5.28599
-5.07604
-4.83545
-4.56798
-4.27999
-3.98256
-3.69656
-3.46942
-3.45237
-4.33211
-5.50844
-5.47526
-5.40915
-5.31066
-5.18071
-5.02083
-4.83341
-4.62223
-4.39326
-4.15593
-3.92506
-3.72294
-3.57601
-3.45928
-2.83322
-5.21849
-5.18802
-5.12741
-5.0374
-4.91922
-4.77485
-4.60734
-4.42143
-4.22439
-4.02745
-3.84766
-3.71108
-3.66163
-3.819
-4.84101
-4.94974
-4.92175
-4.86614
-4.78376
-4.67598
-4.54498
-4.3941
-4.2284
-4.05554
-3.88711
-3.74033
-3.63878
-3.60365
-3.5774
-2.8714
-4.70049
-4.67471
-4.62353
-4.5478
-4.4489
-4.32898
-4.19122
-4.0404
-3.88366
-3.73182
-3.60167
-3.52045
-3.53951
-3.80699
-5.09895
-4.46919
-4.44535
-4.39802
-4.32798
-4.23649
-4.12541
-3.99746
-3.85657
-3.70843
-3.56153
-3.42909
-3.33256
-3.30285
-3.3243
-2.71261
-4.2545
-4.23234
-4.18833
-4.12312
-4.03772
-3.9336
-3.81275
-3.67783
-3.5324
-3.38126
-3.23166
-3.09833
-3.03068
-3.28046
-5.41286
-4.05525
-4.03455
-3.99341
-3.93232
-3.85201
-3.75346
-3.63785
-3.50645
-3.36038
-3.19997
-3.02301
-2.81856
-2.53806
-1.92845
0.549604
-3.87041
-3.85102
-3.8124
-3.75492
-3.67901
-3.58522
-3.47396
-3.3453
-3.19838
-3.03023
-2.8335
-2.59168
-2.27401
-1.87327
-1.91084
-3.69908
-3.68087
-3.64455
-3.59034
-3.51849
-3.42915
-3.3222
-3.1969
-3.05116
-2.88041
-2.67536
-2.41753
-2.06764
-1.51299
-0.197874
-3.54045
-3.52333
-3.48917
-3.43807
-3.37015
-3.28534
-3.18325
-3.06273
-2.92135
-2.75446
-2.55392
-2.30737
-2.00345
-1.68017
-1.77132
-3.39376
-3.37768
-3.34558
-3.29753
-3.23358
-3.15359
-3.05713
-2.94309
-2.80931
-2.65191
-2.4645
-2.2371
-1.95272
-1.55889
-0.721591
-3.25827
-3.2432
-3.21311
-3.16808
-3.10818
-3.03333
-2.94326
-2.83721
-2.71372
-2.57026
-2.40291
-2.20645
-1.97798
-1.74496
-1.77705
-3.13328
-3.11918
-3.09106
-3.04901
-2.99319
-2.92369
-2.84052
-2.74347
-2.63203
-2.50526
-2.36157
-2.19809
-2.00642
-1.74631
-1.17829
-3.01812
-3.00495
-2.9787
-2.93955
-2.88774
-2.82359
-2.74746
-2.65977
-2.56104
-2.45204
-2.33403
-2.20936
-2.08236
-1.96092
-1.86173
-2.91215
-2.89985
-2.87535
-2.83891
-2.7909
-2.73184
-2.66246
-2.58377
-2.49723
-2.40512
-2.31116
-2.2223
-2.15446
-2.1595
-2.47637
-2.81476
-2.80324
-2.78033
-2.74634
-2.70176
-2.6473
-2.58397
-2.51326
-2.43734
-2.35951
-2.2848
-2.2207
-2.17593
-2.14097
-1.9248
-2.72541
-2.71457
-2.69303
-2.66117
-2.61953
-2.56895
-2.51065
-2.4464
-2.37881
-2.31178
-2.25113
-2.20572
-2.1906
-2.24772
-2.60956
-2.64363
-2.63335
-2.61295
-2.58281
-2.54353
-2.49599
-2.44149
-2.38189
-2.31993
-2.25965
-2.20692
-2.16974
-2.15511
-2.14232
-1.88817
-2.56903
-2.55918
-2.53967
-2.51085
-2.4733
-2.42791
-2.3759
-2.31905
-2.25993
-2.20231
-2.15196
-2.11814
-2.11835
-2.20403
-2.64789
-2.50129
-2.49176
-2.47287
-2.44496
-2.40856
-2.36445
-2.3137
-2.25782
-2.1989
-2.13996
-2.08557
-2.04295
-2.02224
-2.01649
-1.78484
-2.44019
-2.43087
-2.41238
-2.385
-2.34921
-2.30562
-2.2551
-2.19874
-2.13793
-2.07449
-2.01104
-1.95259
-1.91573
-1.98538
-2.6921
-2.3856
-2.37638
-2.35808
-2.33092
-2.29528
-2.25164
-2.20059
-2.14277
-2.07881
-2.00907
-1.93306
-1.84726
-1.73527
-1.5114
-0.655778
-2.33743
-2.32823
-2.30995
-2.28276
-2.24694
-2.20284
-2.1508
-2.09109
-2.02372
-1.94803
-1.86192
-1.76016
-1.63251
-1.47577
-1.45976
-2.29567
-2.28643
-2.26802
-2.24061
-2.20439
-2.15958
-2.10636
-2.04476
-1.97442
-1.89426
-1.80168
-1.69107
-1.54996
-1.34205
-0.889623
-2.26035
-2.251
-2.23238
-2.2046
-2.16782
-2.12217
-2.06776
-2.00451
-1.93198
-1.84915
-1.75398
-1.64317
-1.51377
-1.37785
-1.36837
-2.23154
-2.22205
-2.20313
-2.17487
-2.13742
-2.09088
-2.03534
-1.97072
-1.89672
-1.81262
-1.71715
-1.60822
-1.48212
-1.32553
-1.04483
-2.20934
-2.19966
-2.18037
-2.15155
-2.11334
-2.06587
-2.00923
-1.94347
-1.86848
-1.78402
-1.68969
-1.58521
-1.47164
-1.35913
-1.32212
-2.19388
-2.18398
-2.16425
-2.13478
-2.09572
-2.04723
-1.98948
-1.92264
-1.84684
-1.76229
-1.66931
-1.56853
-1.4604
-1.34005
-1.1593
-2.1853
-2.17515
-2.1549
-2.12468
-2.08466
-2.03504
-1.97607
-1.90804
-1.8313
-1.74642
-1.65437
-1.55698
-1.45765
-1.36267
-1.28543
-2.1838
-2.17334
-2.1525
-2.12141
-2.08028
-2.02937
-1.96898
-1.8995
-1.82144
-1.73556
-1.64316
-1.54678
-1.4519
-1.37272
-1.35796
-2.18957
-2.17877
-2.15723
-2.12514
-2.08272
-2.03028
-1.9682
-1.89693
-1.81702
-1.72923
-1.63472
-1.53555
-1.43523
-1.33779
-1.2309
-2.20287
-2.19165
-2.16931
-2.13604
-2.09212
-2.03791
-1.97383
-1.90038
-1.8181
-1.72758
-1.62955
-1.52514
-1.41657
-1.30922
-1.21903
-2.22396
-2.21227
-2.189
-2.15436
-2.10869
-2.05239
-1.98598
-1.90998
-1.8249
-1.73115
-1.62883
-1.51764
-1.39705
-1.26853
-1.14857
-2.25319
-2.24095
-2.21658
-2.18035
-2.13264
-2.07392
-2.0048
-1.92589
-1.83775
-1.74068
-1.63428
-1.51667
-1.38303
-1.2217
-0.990842
-2.29094
-2.27805
-2.25242
-2.21434
-2.16423
-2.10269
-2.03042
-1.94821
-1.85681
-1.75671
-1.64753
-1.52686
-1.38825
-1.22298
-1.08012
-2.33765
-2.32402
-2.29692
-2.25668
-2.20379
-2.13893
-2.06296
-1.97692
-1.88193
-1.77906
-1.66877
-1.54952
-1.41198
-1.20854
-0.662926
-2.39383
-2.37935
-2.35056
-2.30781
-2.25166
-2.18288
-2.1025
-2.01185
-1.91255
-1.80656
-1.69623
-1.5849
-1.48149
-1.43157
-1.73027
-2.46007
-2.44462
-2.41389
-2.36826
-2.30831
-2.23489
-2.14919
-2.05279
-1.94781
-1.83708
-1.72439
-1.61479
-1.51384
-1.41243
-1.14164
-2.53706
-2.52051
-2.48758
-2.43865
-2.37432
-2.29545
-2.20331
-2.09969
-1.98707
-1.86898
-1.7504
-1.63867
-1.54649
-1.51085
-1.73576
-2.62554
-2.60777
-2.5724
-2.51976
-2.45042
-2.36522
-2.26542
-2.15283
-2.03013
-1.90121
-1.77167
-1.64898
-1.53988
-1.42828
-1.11525
-2.72637
-2.70727
-2.66921
-2.61247
-2.53754
-2.44515
-2.33641
-2.21301
-2.07752
-1.93388
-1.78818
-1.64986
-1.535
-1.48554
-1.71805
-2.84047
-2.81994
-2.77899
-2.71782
-2.63678
-2.53643
-2.41759
-2.28159
-2.13056
-1.96798
-1.79957
-1.63445
-1.4847
-1.34695
-1.04163
-2.96883
-2.9468
-2.90281
-2.83697
-2.74945
-2.64054
-2.51069
-2.36061
-2.19163
-2.00613
-1.80867
-1.60837
-1.42607
-1.32471
-1.57169
-3.11248
-3.08892
-3.04181
-2.97117
-2.87698
-2.75921
-2.61783
-2.45277
-2.26416
-2.05258
-1.81975
-1.56979
-1.31123
-1.06054
-0.854747
-3.2725
-3.2474
-3.19717
-3.12172
-3.02087
-2.89429
-2.7414
-2.56129
-2.35265
-2.11378
-1.84272
-1.53719
-1.19091
-0.765191
0.00510937
-3.44995
-3.42333
-3.37003
-3.2899
-3.18264
-3.04764
-2.88388
-2.68963
-2.46213
-2.19732
-1.88965
-1.53287
-1.12577
-0.709122
-0.632486
-3.64588
-3.61778
-3.56153
-3.47694
-3.36366
-3.22097
-3.04754
-2.84104
-2.59753
-2.31064
-1.97066
-1.56351
-1.06724
-0.416936
0.815519
-3.86133
-3.8318
-3.7727
-3.68391
-3.56511
-3.41564
-3.23417
-3.01816
-2.76304
-2.46083
-2.09833
-1.65602
-1.1157
-0.529018
-0.503175
-4.09728
-4.06635
-4.0045
-3.9117
-3.78785
-3.63253
-3.44477
-3.22245
-2.96126
-2.65288
-2.28142
-1.8166
-1.19634
-0.251643
1.81865
-4.35471
-4.32237
-4.25777
-4.16107
-4.03244
-3.87195
-3.67938
-3.45372
-3.19226
-2.88872
-2.52935
-2.08512
-1.50228
-0.755941
-0.612613
-4.63459
-4.60079
-4.53335
-4.43262
-4.29915
-4.13365
-3.93696
-3.70984
-3.45247
-3.16334
-2.8362
-2.4499
-1.92177
-0.841503
3.24644
-4.93795
-4.90256
-4.83203
-4.7269
-4.58809
-4.41701
-4.21568
-3.98697
-3.73475
-3.46434
-3.18412
-2.91319
-2.72468
-3.01576
-6.3039
-5.26588
-5.22873
-5.15474
-5.04458
-4.89945
-4.72136
-4.51342
-4.28043
-4.02964
-3.77215
-3.52561
-3.31922
-3.19455
-3.10876
-1.88942
-5.6196
-5.58049
-5.50256
-5.38652
-5.2337
-5.04642
-4.82855
-4.58625
-4.32919
-4.07236
-3.8392
-3.66851
-3.63741
-3.989
-6.06579
-6.00049
-5.9592
-5.87685
-5.75401
-5.59188
-5.39274
-5.16063
-4.90231
-4.62859
-4.35612
-4.1094
-3.92086
-3.81451
-3.67124
-2.24676
-6.41004
-6.36642
-6.27924
-6.14877
-5.97575
-5.76195
-5.51091
-5.22905
-4.9271
-4.62201
-4.33919
-4.11614
-4.01725
-4.24326
-6.00255
-6.84987
-6.80388
-6.71171
-6.57307
-6.38793
-6.15701
-5.8826
-5.56974
-5.2278
-4.87243
-4.52746
-4.22519
-3.99436
-3.75058
-2.416
-7.32162
-7.27342
-7.17643
-7.02965
-6.83189
-6.58226
-6.28098
-5.93061
-5.53782
-5.11562
-4.68608
-4.28461
-3.98048
-4.01547
-5.69737
-7.82685
-7.77681
-7.67572
-7.52164
-7.31187
-7.04337
-6.71345
-6.32095
-5.86825
-5.3639
-4.8252
-4.27645
-3.73109
-3.13679
-2.35199
-8.36683
-8.31566
-8.21181
-8.05228
-7.83262
-7.54714
-7.18936
-6.75309
-6.23453
-5.63604
-4.9713
-4.26593
-3.5157
-2.39049
1.53844
-8.94232
-8.89107
-8.78656
-8.62467
-8.39907
-8.1011
-7.71977
-7.24236
-6.65632
-5.95417
-5.14561
-4.28656
-3.56075
-3.59134
-7.07985
-9.5534
-9.50347
-9.40114
-9.24129
-9.01578
-8.71294
-8.31689
-7.80708
-7.15872
-6.34621
-5.35498
-4.21468
-3.08057
-2.39063
-2.88375
-10.1991
-10.1522
-10.0556
-9.90349
-9.68618
-9.3895
-8.993
-8.468
-7.7751
-6.86234
-5.66789
-4.13854
-2.292
-0.368143
0.969696
-10.8774
-10.8355
-10.7487
-10.6109
-10.4117
-10.1354
-9.75833
-9.24551
-8.54415
-7.57409
-6.21338
-4.28272
-1.55722
2.06154
5.75201
-11.5848
-11.5499
-11.4773
-11.3609
-11.1908
-10.9511
-10.6179
-10.1539
-9.49978
-8.55712
-7.15468
-4.97893
-1.44285
4.44164
13.0969
-12.3164
-12.2905
-12.2362
-12.1483
-12.0181
-11.8319
-11.5684
-11.1944
-10.6558
-9.85943
-8.633
-6.61986
-2.95941
4.89782
26.4523
-149.347
-89.6899
-62.6481
-49.7239
-42.8
-38.6636
-35.9751
-34.1208
-32.7911
-31.8162
-31.0972
-30.5734
-30.2069
-29.9739
-29.8607
-185.923
-83.9173
-55.623
-44.7157
-39.2431
-35.9909
-33.8495
-32.3481
-31.2549
-30.443
-29.8381
-29.3939
-29.0813
-28.8818
-28.7847
48.2202
-26.9539
-36.5241
-35.9336
-34.1443
-32.5467
-31.2793
-30.2919
-29.5232
-28.9262
-28.4673
-28.123
-27.8771
-27.7187
-27.6411
-6.99007
-15.5495
-24.4813
-27.984
-28.9125
-28.8731
-28.5147
-28.0837
-27.6723
-27.3134
-27.0169
-26.7838
-26.6121
-26.4994
-26.4435
26.7348
-3.88705
-16.2089
-21.8221
-24.3527
-25.421
-25.8003
-25.8618
-25.7849
-25.6572
-25.5224
-25.4018
-25.3061
-25.2405
-25.2072
-1.26585
-4.9335
-12.5953
-17.8008
-20.8085
-22.4474
-23.3067
-23.7361
-23.9326
-24.0061
-24.0179
-24.0025
-23.9793
-23.9591
-23.9478
11.9552
-3.20673
-10.6874
-15.3058
-18.2147
-20.0151
-21.1117
-21.772
-22.1657
-22.3978
-22.5323
-22.6086
-22.6502
-22.6715
-22.6804
-2.96917
-6.81457
-10.7672
-13.9981
-16.3907
-18.0714
-19.2195
-19.993
-20.5111
-20.8571
-21.0872
-21.2386
-21.3353
-21.3926
-21.4191
-15.2231
-10.3483
-11.3482
-13.2724
-15.061
-16.4977
-17.5874
-18.3914
-18.9759
-19.3968
-19.6967
-19.9066
-20.0478
-20.1349
-20.1763
-4.88894
-9.80283
-11.2872
-12.6411
-13.9755
-15.165
-16.1538
-16.9422
-17.5544
-18.0205
-18.3688
-18.6221
-18.798
-18.9088
-18.9623
-17.1156
-11.6393
-11.3167
-12.0232
-12.9908
-13.9715
-14.8594
-15.6153
-16.2342
-16.7261
-17.1067
-17.3914
-17.5933
-17.7224
-17.7853
-5.02423
-9.89706
-10.6317
-11.2238
-11.9971
-12.8423
-13.6565
-14.3836
-15.002
-15.5091
-15.9113
-16.2182
-16.4392
-16.582
-16.6521
-17.6699
-11.0288
-10.0458
-10.2987
-10.9533
-11.7348
-12.5141
-13.2275
-13.8471
-14.3648
-14.782
-15.1046
-15.3393
-15.4922
-15.5675
-4.20229
-8.23157
-8.6015
-9.09468
-9.82139
-10.6288
-11.4174
-12.1364
-12.7631
-13.2902
-13.7184
-14.052
-14.2963
-14.4561
-14.5351
-18.6616
-7.97578
-7.07164
-7.72845
-8.63344
-9.53574
-10.369
-11.1094
-11.7482
-12.2843
-12.7205
-13.0614
-13.3119
-13.4762
-13.5576
12.3895
-0.92732
-4.45781
-6.18987
-7.44734
-8.49063
-9.38515
-10.1529
-10.8047
-11.3478
-11.7888
-12.1336
-12.3872
-12.5539
-12.6365
-0.242701
-0.675055
-3.09288
-4.98087
-6.40996
-7.54882
-8.48927
-9.27706
-9.93652
-10.4822
-10.9239
-11.269
-11.523
-11.69
-11.7729
7.68443
0.955899
-2.0959
-4.09055
-5.57413
-6.74478
-7.69939
-8.49031
-9.14738
-9.68872
-10.1261
-10.4676
-10.7191
-10.8846
-10.9667
0.0250531
0.0334934
-1.83305
-3.55513
-4.95562
-6.09076
-7.02319
-7.79648
-8.4386
-8.96745
-9.39486
-9.72884
-9.97497
-10.1371
-10.2175
4.4463
0.413096
-1.67054
-3.24302
-4.52138
-5.57752
-6.4575
-7.19375
-7.80846
-8.31663
-8.72848
-9.05103
-9.28917
-9.4462
-9.52422
-0.418119
-0.561202
-1.86299
-3.13518
-4.24144
-5.18659
-5.99163
-6.67541
-7.25229
-7.7327
-8.12411
-8.43185
-8.65968
-8.81021
-8.88508
1.83421
-0.73087
-2.07601
-3.14258
-4.07338
-4.89296
-5.60998
-6.23131
-6.76311
-7.21057
-7.57785
-7.86814
-8.08387
-8.22677
-8.29794
-1.14955
-1.74773
-2.48247
-3.24425
-3.98257
-4.67055
-5.29476
-5.84938
-6.33251
-6.74413
-7.08503
-7.35621
-7.55864
-7.69312
-7.76022
-3.71791
-2.66975
-2.87017
-3.3622
-3.92672
-4.49242
-5.02788
-5.51709
-5.95155
-6.32681
-6.64064
-6.89203
-7.0806
-7.20628
-7.26909
-1.74441
-2.7247
-3.05537
-3.4298
-3.87006
-4.33529
-4.79312
-5.22282
-5.61171
-5.95214
-6.2396
-6.47146
-6.64623
-6.76308
-6.82159
-4.3599
-3.23074
-3.21018
-3.45168
-3.79607
-4.18329
-4.57789
-4.95691
-5.30552
-5.61426
-5.87718
-6.09055
-6.25209
-6.3604
-6.41473
-1.91985
-2.9669
-3.18298
-3.40213
-3.69233
-4.02617
-4.37349
-4.71212
-5.02701
-5.30821
-5.54917
-5.74565
-5.8949
-5.99522
-6.0456
-4.59236
-3.28006
-3.15365
-3.30324
-3.55828
-3.85971
-4.17513
-4.48381
-4.77191
-5.0301
-5.25206
-5.43355
-5.57171
-5.66471
-5.71147
-1.86085
-2.76961
-2.93264
-3.13112
-3.39202
-3.68353
-3.98147
-4.2698
-4.53759
-4.77715
-4.98308
-5.15153
-5.27988
-5.36633
-5.40981
-4.81362
-2.7769
-2.68699
-2.91567
-3.20452
-3.50289
-3.79449
-4.07008
-4.32287
-4.54758
-4.74011
-4.89739
-5.01714
-5.0978
-5.13836
1.28158
-1.43211
-2.2201
-2.65845
-3.01042
-3.32696
-3.61863
-3.88619
-4.12767
-4.34035
-4.52165
-4.66932
-4.78157
-4.85712
-4.8951
-1.20114
-1.42437
-1.996
-2.46125
-2.84092
-3.16834
-3.45952
-3.72045
-3.95246
-4.15494
-4.32655
-4.46584
-4.57151
-4.64254
-4.67822
0.15635
-1.17443
-1.84577
-2.32349
-2.70774
-3.03489
-3.32144
-3.57479
-3.79778
-3.99098
-4.15392
-4.28573
-4.38552
-4.45251
-4.48614
-1.24736
-1.38214
-1.82999
-2.25068
-2.61422
-2.92966
-3.20643
-3.45024
-3.66381
-3.84805
-4.00291
-4.12788
-4.22233
-4.28566
-4.31743
-0.622487
-1.37215
-1.83307
-2.21757
-2.55415
-2.85129
-3.11434
-3.34671
-3.55021
-3.72554
-3.87268
-3.99125
-4.08076
-4.14073
-4.17081
-1.41215
-1.56234
-1.88921
-2.21778
-2.52148
-2.79661
-3.04356
-3.26324
-3.45621
-3.62263
-3.7623
-3.87481
-3.95972
-4.01659
-4.0451
-1.19823
-1.6295
-1.94417
-2.23527
-2.50868
-2.76154
-2.99176
-3.19833
-3.38067
-3.53832
-3.67079
-3.77757
-3.85817
-3.91215
-3.93922
-1.58427
-1.77725
-2.01549
-2.26507
-2.5102
-2.74221
-2.95641
-3.15026
-3.3223
-3.47152
-3.59715
-3.69854
-3.77511
-3.82643
-3.85216
-1.83638
-1.89319
-2.07892
-2.29799
-2.52085
-2.73527
-2.93521
-3.11738
-3.27979
-3.42113
-3.54038
-3.63676
-3.70963
-3.75849
-3.783
-1.70898
-1.91923
-2.11919
-2.3283
-2.53738
-2.73841
-2.92638
-3.09824
-3.25196
-3.38609
-3.49952
-3.59134
-3.66084
-3.70748
-3.73089
-1.77579
-1.95201
-2.15308
-2.35867
-2.55955
-2.75065
-2.92878
-3.09172
-3.23775
-3.36546
-3.47368
-3.56144
-3.62796
-3.67264
-3.69507
-1.77556
-1.96711
-2.18382
-2.39234
-2.58855
-2.77191
-2.94176
-3.09698
-3.23629
-3.35839
-3.46208
-3.54633
-3.61027
-3.65326
-3.67486
-1.58713
-1.96427
-2.22023
-2.43459
-2.6265
-2.80261
-2.96492
-3.11331
-3.24681
-3.36414
-3.46403
-3.54534
-3.60716
-3.64877
-3.66969
-1.86205
-2.04512
-2.28552
-2.49246
-2.67545
-2.84293
-2.99778
-3.14003
-3.2686
-3.38203
-3.47889
-3.55794
-3.61812
-3.65868
-3.67908
-1.28478
-2.08564
-2.37401
-2.56699
-2.73523
-2.89207
-3.03942
-3.17629
-3.30093
-3.41145
-3.50618
-3.58366
-3.64275
-3.68261
-3.70268
-2.95801
-2.48151
-2.52874
-2.65876
-2.80296
-2.94784
-3.08837
-3.22109
-3.34309
-3.45189
-3.54547
-3.62218
-3.68077
-3.72033
-3.74024
-2.15574
-2.51303
-2.62596
-2.74072
-2.87028
-3.00667
-3.14279
-3.27338
-3.39445
-3.50295
-3.59651
-3.67333
-3.73205
-3.77171
-3.79169
-3.0759
-2.71358
-2.72191
-2.81245
-2.9329
-3.06574
-3.2011
-3.33231
-3.45458
-3.56442
-3.65922
-3.73709
-3.79661
-3.8368
-3.85705
-2.27745
-2.65602
-2.76074
-2.86346
-2.98699
-3.1231
-3.26234
-3.39749
-3.52339
-3.63636
-3.73375
-3.81362
-3.87462
-3.91578
-3.93651
-3.14279
-2.78792
-2.80096
-2.90009
-3.0324
-3.17834
-3.32646
-3.46914
-3.60124
-3.71918
-3.82047
-3.90331
-3.96645
-4.009
-4.03041
-2.32825
-2.66355
-2.78138
-2.91374
-3.06839
-3.23213
-3.3944
-3.54819
-3.68895
-3.81361
-3.92004
-4.00674
-4.07262
-4.11695
-4.13922
-3.04241
-2.68943
-2.75171
-2.91196
-3.09813
-3.28701
-3.46828
-3.63635
-3.7879
-3.92073
-4.03336
-4.12466
-4.19382
-4.24025
-4.26355
-2.2405
-2.42614
-2.65398
-2.89225
-3.12606
-3.34724
-3.55136
-3.73604
-3.89988
-4.04195
-4.16153
-4.258
-4.33084
-4.37965
-4.40412
-1.30985
-2.13275
-2.54899
-2.87569
-3.16282
-3.41936
-3.64801
-3.85025
-4.02703
-4.17884
-4.3058
-4.4078
-4.48461
-4.53599
-4.56173
-2.11134
-2.12095
-2.50616
-2.88668
-3.22089
-3.51093
-3.76305
-3.9822
-4.17158
-4.33304
-4.46745
-4.57514
-4.65609
-4.71019
-4.73727
-0.602902
-1.84749
-2.46656
-2.92991
-3.30969
-3.62889
-3.90105
-4.13487
-4.33558
-4.50607
-4.64772
-4.7611
-4.84628
-4.90319
-4.93168
-2.07833
-2.00758
-2.53507
-3.03122
-3.44064
-3.77957
-4.06573
-4.31059
-4.52063
-4.69917
-4.84769
-4.96668
-5.05616
-5.11597
-5.14592
0.244908
-1.75135
-2.62533
-3.19284
-3.62061
-3.96698
-4.25914
-4.51054
-4.72761
-4.91318
-5.06821
-5.19281
-5.2867
-5.34954
-5.38103
-2.25857
-2.27358
-2.92839
-3.45157
-3.85718
-4.1921
-4.48093
-4.73438
-4.95653
-5.14845
-5.30994
-5.44032
-5.53886
-5.60492
-5.63806
1.461
-2.35059
-3.32283
-3.79202
-4.14293
-4.4493
-4.72735
-4.98002
-5.2065
-5.40491
-5.57331
-5.71
-5.81362
-5.88322
-5.91817
-7.59419
-4.39843
-4.0666
-4.21467
-4.45969
-4.72623
-4.99147
-5.24392
-5.47601
-5.68228
-5.85878
-6.00269
-6.11208
-6.18564
-6.2226
-3.4474
-4.45641
-4.4771
-4.57008
-4.76157
-5.00416
-5.26453
-5.52203
-5.76351
-5.98037
-6.16692
-6.31942
-6.43546
-6.51354
-6.55276
-7.15558
-5.1997
-4.83739
-4.85716
-5.02805
-5.2698
-5.53964
-5.81133
-6.06818
-6.29958
-6.49878
-6.66154
-6.78528
-6.86846
-6.91023
-3.66683
-4.83532
-4.93234
-5.03938
-5.24541
-5.51602
-5.81355
-6.11098
-6.39059
-6.64122
-6.85599
-7.03081
-7.16332
-7.25219
-7.29676
-6.78504
-5.21398
-5.02031
-5.15294
-5.41801
-5.74362
-6.08761
-6.42307
-6.7332
-7.00781
-7.24101
-7.42953
-7.57171
-7.66675
-7.71432
-3.57633
-4.63507
-4.88166
-5.1746
-5.54866
-5.95854
-6.36764
-6.75283
-7.10053
-7.40322
-7.65711
-7.8605
-8.0129
-8.11433
-8.16497
-5.98999
-4.6191
-4.7108
-5.14003
-5.65451
-6.17407
-6.66436
-7.1087
-7.49918
-7.8326
-8.10833
-8.32695
-8.48956
-8.59724
-8.65084
-2.99854
-3.5864
-4.30554
-5.04634
-5.75692
-6.41001
-6.99305
-7.50204
-7.93751
-8.30211
-8.59926
-8.83236
-9.00441
-9.11776
-9.17401
0.400923
-2.46148
-3.88521
-4.97373
-5.89935
-6.69467
-7.37325
-7.94651
-8.42511
-8.81852
-9.13473
-9.38024
-9.56009
-9.67797
-9.73631
-2.27639
-2.33459
-3.69765
-5.01434
-6.13234
-7.06049
-7.82665
-8.45678
-8.97195
-9.38861
-9.71937
-9.97377
-10.1589
-10.2796
-10.3392
3.1508
-1.30052
-3.54229
-5.19301
-6.49726
-7.53887
-8.37459
-9.04694
-9.58725
-10.0184
-10.3571
-10.6155
-10.8024
-10.9238
-10.9835
-1.88313
-1.79981
-3.79737
-5.61235
-7.04465
-8.16032
-9.03605
-9.72885
-10.2784
-10.7125
-11.0507
-11.307
-11.4914
-11.6108
-11.6694
6.57691
-0.853048
-4.17923
-6.29752
-7.81201
-8.94845
-9.82461
-10.5103
-11.0499
-11.4732
-11.8011
-12.0484
-12.2256
-12.34
-12.3961
-2.26819
-2.75513
-5.39989
-7.40207
-8.84199
-9.91741
-10.7455
-11.3932
-11.9021
-12.3003
-12.6076
-12.8386
-13.0036
-13.1098
-13.1618
11.6892
-3.15775
-7.06677
-8.89716
-10.1252
-11.0582
-11.7918
-12.3726
-12.8314
-13.1905
-13.4672
-13.6746
-13.8224
-13.9173
-13.9637
-22.9094
-11.1553
-10.1771
-10.8106
-11.6133
-12.3375
-12.9441
-13.4369
-13.8298
-14.138
-14.3751
-14.5522
-14.6779
-14.7585
-14.7978
-6.80447
-11.6686
-12.1682
-12.6068
-13.1558
-13.6987
-14.1756
-14.5706
-14.8871
-15.1349
-15.3246
-15.4654
-15.5649
-15.6284
-15.6593
-22.4482
-15.2121
-14.2017
-14.3262
-14.7027
-15.1057
-15.4639
-15.7589
-15.9923
-16.1723
-16.308
-16.4075
-16.477
-16.521
-16.5423
-7.99078
-14.4313
-15.447
-15.8709
-16.2312
-16.5438
-16.7962
-16.9901
-17.1346
-17.2404
-17.3167
-17.3705
-17.4069
-17.4294
-17.4402
-23.4243
-17.417
-17.1032
-17.4597
-17.7928
-18.0239
-18.1693
-18.2555
-18.3038
-18.3291
-18.341
-18.3455
-18.3465
-18.3461
-18.3456
-8.66629
-16.4483
-18.2939
-19.0647
-19.4253
-19.5635
-19.5835
-19.5472
-19.4891
-19.4272
-19.3704
-19.3231
-19.287
-19.2629
-19.2507
-25.4146
-19.6013
-20.2308
-20.9548
-21.2123
-21.1853
-21.0369
-20.8542
-20.677
-20.5217
-20.3934
-20.293
-20.2194
-20.1713
-20.1475
-9.2896
-18.2795
-22.102
-23.1689
-23.1969
-22.8915
-22.5142
-22.1573
-21.8499
-21.5974
-21.3971
-21.2443
-21.1342
-21.0629
-21.0278
13.0781
-20.5454
-25.8867
-26.1044
-25.4132
-24.6477
-23.9774
-23.4262
-22.9847
-22.6368
-22.368
-22.1661
-22.022
-21.9293
-21.8839
-79.5564
-42.4509
-33.2291
-29.6711
-27.6812
-26.3378
-25.3578
-24.6191
-24.0544
-23.6215
-23.2924
-23.0477
-22.8741
-22.7629
-22.7086
-59.6064
-44.9937
-36.6379
-32.1489
-29.5001
-27.7755
-26.5708
-25.6911
-25.0325
-24.5342
-24.1583
-23.8799
-23.6831
-23.5571
-23.4955
-49.8033
-43.1921
-37.3609
-33.3485
-30.6773
-28.8524
-27.558
-26.6097
-25.8995
-25.3621
-24.9563
-24.6557
-24.4428
-24.3065
-24.2399
-44.5905
-40.8496
-36.8206
-33.6164
-31.2669
-29.561
-28.3049
-27.3629
-26.6465
-26.0985
-25.6815
-25.3706
-25.1495
-25.0075
-24.938
-41.975
-38.7078
-35.707
-33.2908
-31.4094
-29.9572
-28.8337
-27.9596
-27.2767
-26.744
-26.3329
-26.0233
-25.8014
-25.6582
-25.5879
-41.6275
-36.3819
-34.1869
-32.5938
-31.2539
-30.1252
-29.1895
-28.4235
-27.8026
-27.3052
-26.9139
-26.615
-26.3988
-26.2583
-26.189
-13.141
-13.1268
-13.0966
-13.0467
-12.9709
-12.8596
-12.6983
-12.4647
-12.1241
-11.6205
-10.8601
-9.68331
-7.83357
-5.0633
-2.43644
-14.0547
-14.0551
-14.0549
-14.0527
-14.0459
-14.0309
-14.0031
-13.9574
-13.889
-13.7984
-13.7061
-13.6982
-14.0714
-15.7866
-21.8318
-14.9681
-14.9838
-15.0153
-15.0633
-15.1289
-15.2148
-15.326
-15.4728
-15.676
-15.9781
-16.4676
-17.332
-18.9674
-22.1799
-28.4054
-15.8658
-15.8966
-15.9592
-16.0561
-16.1917
-16.3733
-16.6132
-16.9318
-17.3642
-17.9703
-18.8543
-20.1949
-22.2862
-25.56
-30.4674
-16.7327
-16.7775
-16.8688
-17.0103
-17.2085
-17.4736
-17.8216
-18.2771
-18.8785
-19.6845
-20.7843
-22.307
-24.4226
-27.3066
-31.0145
-17.5549
-17.6119
-17.7281
-17.9078
-18.1583
-18.491
-18.9223
-19.4765
-20.1881
-21.1049
-22.2913
-23.8262
-25.7904
-28.2293
-31.0783
-18.3199
-18.3872
-18.5238
-18.7343
-19.026
-19.4096
-19.9002
-20.5187
-21.2923
-22.2557
-23.4499
-24.9162
-26.6833
-28.7419
-31.0081
-19.0177
-19.093
-19.2456
-19.4797
-19.8017
-20.2211
-20.7503
-21.4056
-22.2065
-23.1759
-24.3363
-25.7052
-27.2847
-29.0469
-30.9185
-19.6402
-19.7215
-19.886
-20.137
-20.4801
-20.9227
-21.4744
-22.1467
-22.9525
-23.9048
-25.0141
-26.2836
-27.7034
-29.2423
-30.8429
-20.1812
-20.2669
-20.4396
-20.7022
-21.0589
-21.5152
-22.0778
-22.7542
-23.5519
-24.4768
-25.5315
-26.7118
-28.0028
-29.376
-30.7873
-20.6366
-20.7252
-20.9034
-21.1734
-21.5381
-22.0014
-22.5674
-23.2404
-24.0239
-24.919
-25.9234
-27.0291
-28.2201
-29.4715
-30.7492
-21.0033
-21.0938
-21.2754
-21.5497
-21.9187
-22.3847
-22.9499
-23.6163
-24.3841
-25.2518
-26.214
-27.261
-28.3771
-29.5406
-30.7245
-21.2796
-21.3711
-21.5548
-21.8314
-22.2023
-22.6686
-23.2314
-23.8905
-24.6446
-25.49
-26.4199
-27.4237
-28.4865
-29.5892
-30.7092
-21.4642
-21.5564
-21.741
-22.0188
-22.3903
-22.8562
-23.4163
-24.0697
-24.8138
-25.6436
-26.5518
-27.5274
-28.5561
-29.6204
-30.7007
-21.5567
-21.6491
-21.8342
-22.1123
-22.484
-22.9494
-23.508
-24.1583
-24.897
-25.719
-26.6162
-27.5778
-28.5899
-29.6357
-30.6968
-24.3001
-102.163
-111.988
-69.0749
-53.3626
-38.6268
-31.2443
-19.9524
-27.7368
-31.4123
-37.0043
-41.0152
-49.0528
-57.2891
-78.8203
-78.6701
-56.6351
-48.0938
-39.5429
-35.2174
-29.1222
-25.1727
-17.1996
-25.1425
-29.0718
-35.1194
-39.4094
-47.8759
-56.3689
-78.3146
-78.4317
-56.8871
-48.5276
-40.0986
-35.8149
-29.7165
-25.7368
-17.6266
-25.8282
-29.8995
-36.1751
-40.6281
-49.4136
-58.2103
-80.919
-81.0502
-58.7886
-50.1546
-41.4557
-37.034
-30.7366
-26.6255
-18.2415
-26.7504
-30.9797
-37.5074
-42.1388
-51.2772
-60.41
-83.9697
-84.0943
-60.9548
-52.0014
-43.0308
-38.4765
-31.999
-27.7627
-19.0864
-28.1267
-32.6901
-39.8258
-44.9647
-55.1898
-65.4611
-91.9598
-92.5834
-68.2211
-59.0805
-50.5735
-46.5423
-41.4903
-38.2688
-31.7762
-62.95
-60.8354
-23.1085
-11.7828
-8.69425
-9.85581
-17.7669
-37.6708
-62.5491
-69.9921
-60.2804
-50.9063
-42.4954
-36.5657
-32.3873
-33.4389
-35.7889
-39.2496
-43.2066
-48.4196
-54.2697
-60.8793
-60.7217
-53.767
-47.5881
-41.9993
-37.6557
-33.7105
-30.7462
-28.6796
-30.741
-33.6995
-37.6306
-41.9553
-47.5118
-53.657
-60.5665
-60.6772
-53.9973
-48.0056
-42.5429
-38.2744
-34.3707
-31.4311
-29.3909
-31.5707
-34.663
-38.7562
-43.2523
-49.0213
-55.3939
-62.5542
-62.6817
-55.7872
-49.6027
-43.9652
-39.5603
-35.5317
-32.4994
-30.3988
-32.669
-35.8849
-40.1411
-44.8147
-50.8095
-57.4255
-64.8541
-64.9818
-57.8217
-51.4147
-45.5948
-41.0608
-36.9295
-33.8413
-31.7473
-34.2572
-37.7961
-42.5013
-47.7182
-54.464
-61.977
-70.5189
-71.1098
-63.8484
-57.4336
-51.8141
-47.6353
-44.1289
-41.8106
-41.089
-46.2948
-43.2977
-31.3078
-23.487
-19.9626
-19.848
-22.7221
-37.8573
-48.0415
-52.6986
-50.9998
-47.063
-42.7909
-39.3651
-37.2911
-37.2715
-38.5658
-40.7801
-43.5894
-46.869
-50.1563
-52.6832
-52.5607
-49.7816
-46.2327
-42.6625
-39.5201
-36.8865
-35.0269
-34.2153
-35.0477
-36.9264
-39.575
-42.7272
-46.2999
-49.8443
-52.6084
-52.7012
-50.1165
-46.7219
-43.2675
-40.2086
-37.6368
-35.8301
-35.0784
-35.9993
-37.9852
-40.7571
-44.0433
-47.7598
-51.4431
-54.3164
-54.4251
-51.7635
-48.2631
-44.6999
-41.5446
-38.8924
-37.0313
-36.2624
-37.2256
-39.2922
-42.1737
-45.5879
-49.4476
-53.2708
-56.2518
-56.3638
-53.604
-49.9826
-46.3071
-43.0652
-40.358
-38.4884
-37.7785
-38.9061
-41.2226
-44.44
-48.2702
-52.6338
-57.0113
-60.5276
-60.9436
-58.2569
-54.6414
-50.98
-47.7599
-45.057
-43.0533
-41.867
-41.4525
-38.7098
-33.5041
-29.0046
-26.3209
-25.5362
-26.3111
-36.2629
-41.493
-44.5575
-44.9417
-43.7022
-41.8678
-40.2177
-39.2366
-39.2117
-40.018
-41.4538
-43.2947
-45.3073
-47.1378
-48.302
-48.2254
-46.9044
-44.9078
-42.7097
-40.6518
-38.9477
-37.7983
-37.3837
-37.8474
-39.0448
-40.7942
-42.8937
-45.1284
-47.1552
-48.4971
-48.5808
-47.4017
-45.5242
-43.4224
-41.4413
-39.8009
-38.7099
-38.3574
-38.8941
-40.1754
-42.0176
-44.2146
-46.5461
-48.6587
-50.0598
-50.1575
-48.9476
-47.014
-44.8473
-42.8046
-41.1136
-39.9906
-39.6318
-40.1935
-41.526
-43.4392
-45.7196
-48.1384
-50.329
-51.7809
-51.881
-50.6274
-48.6283
-46.3951
-44.2997
-42.5805
-41.4656
-41.1636
-41.843
-43.352
-45.4963
-48.0541
-50.7835
-53.2861
-55.0009
-55.2454
-54.0031
-51.9155
-49.5107
-47.14
-44.9782
-43.1191
-41.5338
-39.9631
-37.6689
-34.6834
-31.9074
-29.9448
-28.9783
-28.8792
-34.8436
-38.0629
-40.2757
-41.2216
-41.1983
-40.679
-40.1069
-39.8051
-39.9547
-40.5638
-41.5441
-42.7526
-44.0076
-45.0785
-45.7076
-45.6819
-45
-43.8728
-42.5549
-41.2739
-40.2101
-39.5113
-39.2875
-39.5906
-40.368
-41.5091
-42.8655
-44.2561
-45.4523
-46.1975
-46.2784
-45.6928
-44.6495
-43.4032
-42.1834
-41.1738
-40.5263
-40.3556
-40.7168
-41.558
-42.7669
-44.1921
-45.6478
-46.8987
-47.6803
-47.7727
-47.1739
-46.1005
-44.8161
-43.5581
-42.5168
-41.8497
-41.6755
-42.0514
-42.9237
-44.1762
-45.6518
-47.1581
-48.4509
-49.2566
-49.3479
-48.7241
-47.6114
-46.2849
-44.9923
-43.9329
-43.2721
-43.1358
-43.5855
-44.5665
-45.9572
-47.5911
-49.2598
-50.6953
-51.5917
-51.6884
-50.9664
-49.6466
-47.9924
-46.2191
-44.4638
-42.7906
-41.1799
-39.5155
-37.6236
-35.5614
-33.6389
-32.1345
-31.1713
-30.7137
-33.8178
-36.0818
-37.8185
-38.8969
-39.4084
-39.5663
-39.6069
-39.7237
-40.0357
-40.575
-41.3056
-42.1437
-42.9727
-43.6552
-44.056
-44.083
-43.737
-43.1123
-42.3468
-41.5831
-40.947
-40.5402
-40.4325
-40.6505
-41.1675
-41.914
-42.788
-43.6638
-44.3986
-44.8543
-44.936
-44.6427
-44.0669
-43.346
-42.6229
-42.025
-41.6561
-41.5879
-41.8484
-42.4109
-43.2047
-44.1256
-45.0444
-45.8143
-46.2931
-46.3832
-46.0838
-45.4909
-44.7469
-43.9997
-43.3812
-42.9989
-42.927
-43.1946
-43.774
-44.5918
-45.5401
-46.4849
-47.2744
-47.7611
-47.8446
-47.5248
-46.9024
-46.1257
-45.3495
-44.7113
-44.3236
-44.2641
-44.5631
-45.1909
-46.0683
-47.0779
-48.0722
-48.8807
-49.3343
-49.3104
-48.7905
-47.8595
-46.6457
-45.2724
-43.8312
-42.3724
-40.9032
-39.3957
-37.8238
-36.2381
-34.7687
-33.5448
-32.6363
-32.0382
-33.111
-34.8601
-36.3091
-37.3887
-38.1273
-38.6226
-38.997
-39.361
-39.7892
-40.3107
-40.9123
-41.5478
-42.1488
-42.6375
-42.9427
-43.0211
-42.8753
-42.5543
-42.1362
-41.7084
-41.3534
-41.1384
-41.1084
-41.2797
-41.6366
-42.1349
-42.708
-43.2742
-43.747
-44.0494
-44.1337
-43.9994
-43.6932
-43.2917
-42.882
-42.5465
-42.3529
-42.3469
-42.5449
-42.9309
-43.4594
-44.0621
-44.6552
-45.1494
-45.4654
-45.5545
-45.4162
-45.0989
-44.6821
-44.2559
-43.9055
-43.7011
-43.6898
-43.8887
-44.2809
-44.8195
-45.4333
-46.0357
-46.5339
-46.8462
-46.9221
-46.7616
-46.4153
-45.9662
-45.5078
-45.129
-44.9024
-44.8764
-45.0674
-45.4558
-45.9889
-46.5871
-47.1522
-47.5774
-47.7646
-47.6466
-47.2069
-46.4797
-45.5287
-44.4237
-43.2238
-41.9695
-40.6816
-39.3686
-38.0439
-36.7475
-35.5449
-34.5009
-33.6546
-33.0095
-32.628
-34.0706
-35.3315
-36.3712
-37.1968
-37.8528
-38.402
-38.9056
-39.4084
-39.9311
-40.4701
-41.0012
-41.4867
-41.8839
-42.1558
-42.2818
-42.2658
-42.1362
-41.9392
-41.729
-41.5581
-41.4702
-41.4944
-41.6415
-41.902
-42.2482
-42.6376
-43.0192
-43.3408
-43.5584
-43.646
-43.6035
-43.4566
-43.2493
-43.0343
-42.8633
-42.7797
-42.8121
-42.9707
-43.2455
-43.6073
-44.0125
-44.4084
-44.7409
-44.9647
-45.0532
-45.0062
-44.8503
-44.631
-44.4029
-44.2194
-44.1253
-44.1501
-44.3043
-44.5773
-44.9387
-45.3433
-45.7362
-46.0614
-46.2718
-46.34
-46.2657
-46.0766
-45.8199
-45.5518
-45.3275
-45.1925
-45.1762
-45.2876
-45.5126
-45.8157
-46.1441
-46.4335
-46.617
-46.6347
-46.446
-46.0373
-45.4224
-44.6337
-43.7116
-42.6948
-41.615
-40.4964
-39.3585
-38.2233
-37.1219
-36.0928
-35.1722
-34.3835
-33.7318
-32.2968
-33.5424
-34.6725
-35.6621
-36.5102
-37.2366
-37.8727
-38.4515
-38.9987
-39.5279
-40.0391
-40.5203
-40.9517
-41.3107
-41.5788
-41.747
-41.8197
-41.8149
-41.7614
-41.6929
-41.6431
-41.6403
-41.7034
-41.8399
-42.0441
-42.299
-42.5783
-42.8506
-43.0845
-43.2543
-43.3455
-43.3581
-43.3069
-43.2179
-43.1231
-43.0545
-43.0392
-43.0954
-43.2293
-43.4346
-43.6928
-43.9764
-44.2527
-44.4891
-44.6589
-44.7469
-44.7531
-44.6928
-44.5927
-44.4856
-44.4048
-44.3781
-44.4241
-44.549
-44.7461
-44.996
-45.2701
-45.5341
-45.7542
-45.9024
-45.9629
-45.9354
-45.8353
-45.6899
-45.5329
-45.3975
-45.3115
-45.2924
-45.3443
-45.457
-45.6062
-45.7571
-45.8677
-45.8952
-45.802
-45.5621
-45.1649
-44.6154
-43.931
-43.136
-42.2564
-41.3167
-40.3391
-39.3444
-38.3541
-37.3923
-36.4846
-35.6538
-34.9152
-34.2741
-32.0684
-33.1805
-34.2157
-35.1566
-35.999
-36.7504
-37.426
-38.0426
-38.6147
-39.1506
-39.6513
-40.1112
-40.5206
-40.8683
-41.1457
-41.3497
-41.485
-41.5639
-41.6049
-41.6299
-41.6605
-41.7153
-41.8069
-41.9405
-42.1132
-42.3147
-42.529
-42.7372
-42.9203
-43.0634
-43.1581
-43.2045
-43.2116
-43.195
-43.174
-43.1687
-43.1958
-43.2667
-43.3853
-43.5474
-43.7416
-43.9507
-44.1545
-44.3331
-44.4707
-44.5583
-44.596
-44.5926
-44.5642
-44.5307
-44.5123
-44.5263
-44.5843
-44.69
-44.8388
-45.0186
-45.2112
-45.3955
-45.5505
-45.6594
-45.7127
-45.7097
-45.6591
-45.5769
-45.4827
-45.3964
-45.3343
-45.3062
-45.3136
-45.3486
-45.3946
-45.4281
-45.4216
-45.3473
-45.1809
-44.9049
-44.5117
-44.0027
-43.3878
-42.6824
-41.9044
-41.073
-40.2067
-39.3241
-38.4438
-37.5849
-36.7659
-36.0027
-35.3065
-34.6825
-31.9107
-32.9295
-33.8945
-34.7927
-35.6186
-36.3735
-37.0639
-37.6978
-38.2829
-38.8239
-39.322
-39.7749
-40.1782
-40.527
-40.818
-41.0513
-41.2314
-41.3673
-41.4715
-41.5586
-41.643
-41.7372
-41.8497
-41.9847
-42.1407
-42.3118
-42.4886
-42.6597
-42.8138
-42.9422
-43.04
-43.1076
-43.1504
-43.1781
-43.2025
-43.2361
-43.2893
-43.3693
-43.4784
-43.614
-43.769
-43.9326
-44.0924
-44.2362
-44.3544
-44.4417
-44.4979
-44.5285
-44.5431
-44.5538
-44.573
-44.6114
-44.6759
-44.7687
-44.8869
-45.0227
-45.1645
-45.299
-45.4132
-45.4967
-45.5433
-45.5524
-45.5287
-45.4812
-45.4213
-45.3606
-45.3081
-45.2691
-45.2433
-45.2245
-45.201
-45.1568
-45.0734
-44.9323
-44.7173
-44.4169
-44.0251
-43.5426
-42.9751
-42.3331
-41.6297
-40.8795
-40.0979
-39.3004
-38.5028
-37.7202
-36.9669
-36.2551
-35.5938
-34.9879
-31.8028
-32.756
-33.6696
-34.533
-35.3402
-36.0896
-36.7829
-37.4233
-38.0145
-38.559
-39.0577
-39.5099
-39.9142
-40.2688
-40.5734
-40.8295
-41.0415
-41.2161
-41.3626
-41.491
-41.6114
-41.7325
-41.8604
-41.9984
-42.1463
-42.3008
-42.4564
-42.6064
-42.7443
-42.8648
-42.9653
-43.0462
-43.111
-43.1657
-43.2178
-43.2752
-43.3444
-43.4299
-43.5332
-43.6527
-43.7839
-43.9201
-44.0533
-44.1762
-44.2827
-44.3696
-44.4368
-44.4875
-44.5277
-44.5647
-44.6062
-44.6588
-44.7266
-44.811
-44.9099
-45.0181
-45.1282
-45.2317
-45.3203
-45.3871
-45.4281
-45.4425
-45.4326
-45.4034
-45.3613
-45.3128
-45.2626
-45.2131
-45.163
-45.1073
-45.0374
-44.9419
-44.8082
-44.6236
-44.377
-44.0604
-43.6696
-43.2047
-42.6698
-42.0724
-41.4224
-40.7314
-40.012
-39.2772
-38.5401
-37.8132
-37.1083
-36.4351
-35.8013
-35.2118
-31.7312
-32.6395
-33.5168
-34.354
-35.1449
-35.8865
-36.5779
-37.2197
-37.8133
-38.3599
-38.8601
-39.314
-39.7215
-40.0827
-40.3985
-40.6713
-40.9051
-41.1056
-41.2797
-41.4349
-41.5788
-41.7177
-41.8565
-41.9978
-42.1422
-42.288
-42.4321
-42.5707
-42.6997
-42.8163
-42.9189
-43.008
-43.086
-43.1569
-43.2256
-43.2972
-43.3759
-43.4647
-43.5646
-43.6746
-43.7917
-43.9116
-44.0292
-44.1397
-44.2393
-44.3259
-44.3994
-44.4618
-44.5168
-44.5691
-44.6235
-44.6841
-44.7536
-44.8325
-44.9194
-45.0107
-45.1015
-45.186
-45.2587
-45.3148
-45.3514
-45.3675
-45.3643
-45.3442
-45.3107
-45.2673
-45.2162
-45.158
-45.0909
-45.0106
-44.9105
-44.7822
-44.6165
-44.4042
-44.1376
-43.8107
-43.4207
-42.9677
-42.4547
-41.8876
-41.2743
-40.6244
-39.9484
-39.2574
-38.5627
-37.8749
-37.204
-36.5584
-35.9451
-35.3687
-31.6876
-32.5677
-33.4218
-34.2415
-35.0207
-35.7556
-36.4441
-37.0854
-37.6798
-38.2275
-38.729
-39.1849
-39.5955
-39.9618
-40.2854
-40.5691
-40.8166
-41.0329
-41.2237
-41.3952
-41.5533
-41.7032
-41.8489
-41.9929
-42.136
-42.2776
-42.4159
-42.5485
-42.6731
-42.7878
-42.8918
-42.9857
-43.0712
-43.1512
-43.2292
-43.3087
-43.3928
-43.4835
-43.5816
-43.6863
-43.7955
-43.9063
-44.0152
-44.1189
-44.2146
-44.301
-44.3779
-44.4466
-44.5098
-44.5704
-44.6318
-44.6968
-44.7669
-44.8425
-44.9225
-45.0042
-45.0839
-45.1575
-45.2209
-45.2705
-45.3041
-45.3206
-45.3202
-45.3043
-45.2746
-45.2329
-45.1801
-45.1158
-45.0379
-44.9425
-44.8243
-44.6765
-44.4918
-44.2633
-43.9849
-43.6521
-43.2628
-42.817
-42.3176
-41.7693
-41.179
-40.5549
-39.9064
-39.2432
-38.5753
-37.9124
-37.2632
-36.6355
-36.0357
-35.4685
-31.6669
-32.5334
-33.3761
-34.1871
-34.9603
-35.6915
-36.3781
-37.0188
-37.6132
-38.1614
-38.6638
-39.1207
-39.5331
-39.9022
-40.2298
-40.5189
-40.773
-40.9968
-41.1955
-41.3746
-41.5394
-41.6945
-41.8437
-41.9891
-42.1319
-42.2718
-42.4077
-42.5378
-42.6606
-42.7746
-42.8793
-42.9754
-43.0644
-43.1485
-43.2306
-43.3137
-43.4001
-43.4917
-43.5889
-43.6912
-43.797
-43.9038
-44.0088
-44.1094
-44.2034
-44.2897
-44.3681
-44.4396
-44.5063
-44.5706
-44.6351
-44.7019
-44.7723
-44.8464
-44.9232
-45.0005
-45.0751
-45.1438
-45.2029
-45.2495
-45.2815
-45.2979
-45.2985
-45.2842
-45.2559
-45.2146
-45.1606
-45.0931
-45.01
-44.9075
-44.7808
-44.6239
-44.4304
-44.1944
-43.9105
-43.575
-43.1861
-42.7439
-42.2509
-41.7116
-41.1324
-40.5208
-39.8855
-39.2358
-38.5809
-37.9301
-37.2915
-36.6726
-36.0795
-35.517
-27.4715
-31.4939
-32.0547
-31.6334
-30.9216
-30.1626
-29.4513
-28.8229
-28.2868
-27.8417
-27.4823
-27.2029
-26.9981
-26.8639
-26.7975
-26.8212
-29.6228
-30.7106
-30.8763
-30.6064
-30.1557
-29.654
-29.1664
-28.7241
-28.3411
-28.0226
-27.7696
-27.5814
-27.4569
-27.3949
-27.9559
-29.4653
-30.2883
-30.555
-30.472
-30.1997
-29.8428
-29.4647
-29.1023
-28.7761
-28.4974
-28.2715
-28.1012
-27.9874
-27.9305
-29.3618
-29.9941
-30.4226
-30.5832
-30.5269
-30.3285
-30.0529
-29.7474
-29.4442
-29.1639
-28.9193
-28.718
-28.5645
-28.4611
-28.4092
-30.6283
-30.7266
-30.8249
-30.8284
-30.724
-30.5347
-30.2928
-30.0278
-29.7632
-29.516
-29.298
-29.1169
-28.9777
-28.8835
-28.836
-31.6725
-31.4593
-31.3221
-31.1815
-31.0061
-30.7937
-30.5558
-30.3079
-30.0649
-29.8391
-29.6398
-29.4739
-29.346
-29.2592
-29.2154
-32.5068
-32.1161
-31.8226
-31.5694
-31.3252
-31.0782
-30.8288
-30.5832
-30.3495
-30.1357
-29.9484
-29.7929
-29.6732
-29.5921
-29.5511
-33.1652
-32.6758
-32.283
-31.9486
-31.6471
-31.3652
-31.0981
-30.8466
-30.6144
-30.4058
-30.2252
-30.0762
-29.9621
-29.8848
-29.8458
-33.6813
-33.1388
-32.6849
-32.2948
-31.9496
-31.6373
-31.3517
-31.091
-30.8557
-30.648
-30.4703
-30.3249
-30.2141
-30.1393
-30.1016
-34.0825
-33.5134
-33.0232
-32.5963
-32.2194
-31.8828
-31.5807
-31.3099
-31.0696
-30.8603
-30.683
-30.5392
-30.4301
-30.3567
-30.3198
-34.3901
-33.8091
-33.2982
-32.8477
-32.4488
-32.094
-31.7783
-31.4983
-31.2526
-31.0406
-30.8625
-30.7189
-30.6104
-30.5377
-30.5012
-34.6198
-34.0349
-33.5127
-33.0478
-32.6341
-32.2663
-31.9402
-31.6527
-31.402
-31.187
-31.0075
-30.8634
-30.755
-30.6825
-30.6462
-34.7831
-34.1979
-33.6701
-33.1967
-32.7736
-32.397
-32.0635
-31.7703
-31.5156
-31.2981
-31.1172
-30.9724
-30.8637
-30.7912
-30.7549
-34.8878
-34.3037
-33.7733
-33.2952
-32.8666
-32.4846
-32.1464
-31.8496
-31.5921
-31.3728
-31.1907
-31.0453
-30.9364
-30.8638
-30.8275
-34.9391
-34.3557
-33.8244
-33.3442
-32.9131
-32.5286
-32.1881
-31.8894
-31.6306
-31.4103
-31.2276
-31.0819
-30.9728
-30.9001
-30.8638
)
;

boundaryField
{
    hot
    {
        type            calculated;
        value           nonuniform List<scalar> 
120
(
-31.0555
-30.9848
-30.8427
-30.6278
-30.3384
-29.9722
-29.5268
-28.9998
-28.3892
-27.6942
-26.9151
-26.054
-25.1156
-24.107
-23.0385
-22.0157
-21.0625
-20.095
-19.1228
-18.1551
-17.2001
-16.2655
-15.3575
-14.4809
-13.6394
-12.8354
-12.0704
-11.3453
-10.6601
-10.0147
-9.40862
-8.84093
-8.31065
-7.81653
-7.3571
-6.93068
-6.53544
-6.1694
-5.83052
-5.51675
-5.22612
-4.95676
-4.70696
-4.47517
-4.26006
-4.06043
-3.87527
-3.70364
-3.54474
-3.39778
-3.26204
-3.13681
-3.02142
-2.91523
-2.81765
-2.72813
-2.64621
-2.5715
-2.50368
-2.44253
-2.38791
-2.33973
-2.29798
-2.26268
-2.23391
-2.21176
-2.19635
-2.18784
-2.18642
-2.19228
-2.20568
-2.22689
-2.25626
-2.29417
-2.34106
-2.39746
-2.46395
-2.5412
-2.62999
-2.73115
-2.84561
-2.97433
-3.11837
-3.27877
-3.4566
-3.6529
-3.86871
-4.10501
-4.3628
-4.64305
-4.94681
-5.27519
-5.6294
-6.01082
-6.42094
-6.86135
-7.33364
-7.8393
-8.37952
-8.95501
-9.56573
-10.2107
-10.8877
-11.5934
-12.3228
-13.1445
-14.0546
-14.9642
-15.8582
-16.7217
-17.5407
-18.3033
-18.999
-19.6199
-20.1599
-20.6145
-20.9808
-21.2567
-21.4412
-21.5336
)
;
    }
    cold
    {
        type            calculated;
        value           nonuniform List<scalar> 
120
(
-36.8195
-36.7917
-36.7344
-36.6441
-36.5154
-36.3414
-36.1129
-35.8194
-35.4484
-34.987
-34.4218
-33.7407
-32.9339
-31.9959
-30.9268
-29.8328
-28.7607
-27.6219
-26.4297
-25.1989
-23.9448
-22.6824
-21.4255
-20.1864
-18.9754
-17.8009
-16.6694
-15.5861
-14.5547
-13.5778
-12.6571
-11.7935
-10.9871
-10.2376
-9.54366
-8.90375
-8.3157
-7.77698
-7.2848
-6.83623
-6.42833
-6.05822
-5.72319
-5.42071
-5.14853
-4.90462
-4.68716
-4.49456
-4.32539
-4.17834
-4.05224
-3.946
-3.8586
-3.78914
-3.73676
-3.70069
-3.68028
-3.67493
-3.68419
-3.70771
-3.74524
-3.7967
-3.86212
-3.9417
-4.03577
-4.1448
-4.26938
-4.41024
-4.56817
-4.74404
-4.9388
-5.15341
-5.3889
-5.64635
-5.92691
-6.23186
-6.56259
-6.92069
-7.30792
-7.72621
-8.17761
-8.66421
-9.18802
-9.75082
-10.354
-10.9983
-11.6839
-12.41
-13.1746
-13.9751
-14.8075
-15.6669
-16.5476
-17.4428
-18.3454
-19.2477
-20.1416
-21.0192
-21.8727
-22.6951
-23.4803
-24.2234
-24.9208
-25.5705
-26.1719
-26.781
-27.3795
-27.9163
-28.3962
-28.8241
-29.2044
-29.5407
-29.836
-30.0921
-30.3105
-30.492
-30.6371
-30.7458
-30.8184
-30.8547
)
;
    }
    interface_left
    {
        type            calculated;
        value           nonuniform List<scalar> 
90
(
-60.043
-111.456
56.3433
-3.5106
25.0078
-2.50333
11.0512
-2.34148
-13.2394
-2.28781
-14.7376
-2.3404
-15.8942
-2.26995
-19.2482
12.3412
-2.78065
6.03047
-2.56479
2.94734
-2.47655
0.766009
-2.36868
-5.13847
-2.26751
-5.70977
-2.19264
-6.1666
-2.08574
-7.28786
2.58724
-2.16648
0.767314
-2.01844
-0.118949
-1.9199
-0.765853
-1.8206
-2.76236
-1.72712
-2.91672
-1.64576
-3.01762
-1.55547
-3.31943
0.0418724
-1.52856
-0.564745
-1.42522
-0.852765
-1.33884
-1.04302
-1.2536
-1.37627
-1.17156
-1.18124
-1.09443
-0.849635
-1.02761
-0.245466
-2.03087
-0.924594
-1.95718
-0.863311
-1.95105
-0.80466
-1.83706
-0.769624
0.53425
-0.756822
1.67149
-0.767638
3.30377
-0.881014
6.57024
-9.24214
-0.719763
-7.82351
-0.934415
-7.52794
-1.23033
-7.22841
-1.88972
4.73334
-10.2429
-3.53213
1.37666
7.41496
18.0716
42.5459
)
;
    }
    interface_right
    {
        type            calculated;
        value           nonuniform List<scalar> 
90
(
-190.497
-267.053
114.137
-4.68346
48.8864
-1.99199
22.463
-1.24237
-20.1503
-0.797364
-22.0249
-0.646493
-23.3492
-0.376713
-28.2274
23.2132
-1.14268
12.52
-0.903484
7.2669
-0.900654
3.62624
-0.903801
-4.7512
-0.929369
-5.38307
-0.999653
-5.73959
-1.03579
-6.67106
3.45854
-1.29006
1.0843
-1.33496
-0.128178
-1.41923
-0.93203
-1.50503
-1.85878
-1.59534
-1.69746
-1.69346
-1.35193
-1.80842
-0.666797
-3.42287
-1.85868
-3.41164
-1.95818
-3.47259
-2.05189
-3.38812
-2.16377
-0.728141
-2.28537
0.278883
-2.40536
1.69591
-2.59991
4.5796
-10.4232
-2.44393
-8.79044
-2.56982
-8.14078
-2.64378
-7.27353
-2.75641
2.43082
-2.87445
6.28519
-2.95513
11.9285
-3.25376
23.7532
-33.4634
-2.26622
-28.7173
-2.33148
-28.9539
-2.21101
-31.359
-3.20074
41.8691
-109.791
-68.7279
-52.9988
-46.1429
-43.5956
-45.5466
)
;
    }
    interface_top
    {
        type            calculated;
        value           nonuniform List<scalar> 
90
(
-24.3001
-102.163
-111.988
-69.0749
-53.3626
-38.6268
-31.2443
-19.9524
-27.7368
-31.4123
-37.0043
-41.0152
-49.0528
-57.2891
-78.8203
-78.6701
-56.6351
-48.0938
-39.5429
-35.2174
-29.1222
-25.1727
-17.1996
-25.1425
-29.0718
-35.1194
-39.4094
-47.8759
-56.3689
-78.3146
-78.4317
-56.8871
-48.5276
-40.0986
-35.8149
-29.7165
-25.7368
-17.6266
-25.8282
-29.8995
-36.1751
-40.6281
-49.4136
-58.2103
-80.919
-81.0502
-58.7886
-50.1546
-41.4557
-37.034
-30.7366
-26.6255
-18.2415
-26.7504
-30.9797
-37.5074
-42.1388
-51.2772
-60.41
-83.9697
-84.0943
-60.9548
-52.0014
-43.0308
-38.4765
-31.999
-27.7627
-19.0864
-28.1267
-32.6901
-39.8258
-44.9647
-55.1898
-65.4611
-91.9598
-92.5834
-68.2211
-59.0805
-50.5735
-46.5423
-41.4903
-38.2688
-31.7762
-62.95
-60.8354
-23.1085
-11.7828
-8.69425
-9.85581
-17.7669
)
;
    }
    interface_bottom
    {
        type            calculated;
        value           nonuniform List<scalar> 
90
(
-40.276
-78.5445
-81.8135
-55.5675
-45.3791
-34.7361
-28.9345
-19.0204
-27.1067
-30.9924
-36.9047
-41.0883
-49.3773
-57.7423
-79.4726
-79.2909
-56.9468
-48.2816
-39.6097
-35.2206
-29.0481
-25.061
-17.066
-24.8909
-28.7251
-34.5959
-38.7216
-46.8414
-54.9253
-75.7936
-75.688
-54.463
-46.2359
-38.0049
-33.832
-27.9485
-24.1343
-16.4575
-24.0223
-27.7294
-33.4053
-37.3878
-45.2208
-52.9892
-73.0158
-72.8844
-52.4105
-44.4786
-36.5576
-32.5423
-26.8856
-23.2171
-15.8342
-23.1073
-26.669
-32.1192
-35.9416
-43.4582
-50.9146
-70.1396
-70.0094
-50.3419
-42.7223
-35.1143
-31.2563
-25.8191
-22.2936
-15.201
-22.1704
-25.5829
-30.8032
-34.4725
-41.6947
-48.9103
-67.5645
-67.5098
-48.6839
-41.4079
-34.196
-30.5641
-25.5506
-22.3015
-15.9128
-25.8492
-24.963
-12.0197
-9.31468
-11.4684
-20.7571
-51.1713
)
;
    }
    defaultFaces
    {
        type            empty;
    }
}


// ************************************************************************* //
