/*--------------------------------*- C++ -*----------------------------------*\
| =========                 |                                                 |
| \\      /  F ield         | OpenFOAM: The Open Source CFD Toolbox           |
|  \\    /   O peration     | Version:  5.x                                   |
|   \\  /    A nd           | Web:      www.OpenFOAM.org                      |
|    \\/     M anipulation  |                                                 |
\*---------------------------------------------------------------------------*/
FoamFile
{
    version     2.0;
    format      ascii;
    class       volScalarField;
    location    "16.5";
    object      gradTy;
}
// * * * * * * * * * * * * * * * * * * * * * * * * * * * * * * * * * * * * * //

dimensions      [0 -1 0 1 0 0 0];

internalField   nonuniform List<scalar> 
6300
(
32284.1
32252.1
32220.1
32187.9
32155.4
32122.6
32089.5
32055.9
32021.9
31987.3
31952.2
31916.5
31880.1
31843.2
31805.7
0.0533457
0.159541
0.264211
0.366228
0.464302
0.556944
0.642443
0.718884
0.784216
0.836373
0.873464
0.894022
0.89729
0.883497
0.854055
0.0894625
0.267598
0.443305
0.614766
0.779881
0.936185
1.08081
1.21048
1.32166
1.41068
1.47412
1.50921
1.51439
1.48984
1.43788
0.126369
0.378084
0.626646
0.869652
1.10427
1.32711
1.53411
1.72058
1.88125
2.01057
2.10312
2.15432
2.16124
2.12359
2.0445
0.164296
0.491726
0.815543
1.13293
1.44045
1.73386
2.00796
2.25649
2.47221
2.64722
2.77347
2.84369
2.85267
2.79877
2.68554
0.203386
0.60898
1.01087
1.40606
1.79073
2.15994
2.50739
2.82519
3.10389
3.33264
3.49985
3.59432
3.60698
3.53328
3.37606
0.243656
0.729935
1.21291
1.68972
2.15646
2.60778
3.03646
3.43301
3.78551
4.07959
4.29898
4.42677
4.44765
4.35132
4.13727
0.284959
0.85419
1.42113
1.98345
2.53761
3.07827
3.59764
4.0849
4.52557
4.90123
5.1897
5.36615
5.40553
5.28707
5.00135
0.326949
0.980739
1.63395
2.28534
2.93228
3.57004
4.19095
4.78337
5.33063
5.81006
6.19246
6.44257
6.52125
6.39008
6.02015
0.369048
1.10787
1.84861
2.59169
3.33612
4.07867
4.81275
5.527
6.20353
6.81592
7.32749
7.69043
7.84677
7.73179
7.28029
0.410424
1.23307
2.06091
2.89669
3.74185
4.59577
5.45437
6.30836
7.14056
7.9226
8.61114
9.14482
9.44347
9.40975
8.926
0.449999
1.35308
2.2653
3.19229
4.13884
5.10818
6.10061
7.1115
8.12775
9.12277
10.0496
10.834
11.3721
11.5368
11.1768
0.486491
1.46396
2.4549
3.46832
4.51306
5.59748
6.72841
7.90927
9.13618
10.3911
11.6303
12.7693
13.6729
14.1856
14.2502
0.518496
1.56136
2.62204
3.71301
4.84762
6.04027
7.30629
8.66098
10.1166
11.6751
13.3111
14.939
16.3617
17.2743
17.7708
0.544626
1.64096
2.75889
3.91408
5.12413
6.40968
7.79551
9.31176
10.9942
12.8814
14.9999
17.3128
19.5554
20.76
18.1955
31770.8
31738.7
31706.2
31673.4
31640.3
31606.9
31573.2
31539.3
31505.2
31470.8
31436.3
31401.6
31366.8
31331.8
31296.8
31261.7
31226.6
31191.5
31156.3
31121.2
31086.2
31051.1
31016.1
30981.2
30946.2
30911.4
30876.6
30841.8
30807.1
30772.5
30738
30703.5
30669.1
30634.9
30600.7
30566.7
30532.8
30498.9
30465.2
30431.6
30398.1
30364.6
30331.3
30298
30264.9
30231.8
30198.8
30166
30133.3
30100.7
30068.2
30035.8
30003.6
29971.4
29939.4
29907.4
29875.5
29843.7
29812
29780.4
29748.9
29717.4
29686.1
29654.9
29623.8
29592.7
29561.8
29531
29500.2
29469.6
29439
29408.4
29377.9
29347.5
29317.2
29286.9
29256.6
29226.5
29196.4
29166.3
29136.3
29106.2
29076.2
29046.2
29016.2
28986.1
28955.9
28925.7
28895.3
28864.9
0.815108
0.772902
0.726172
0.677128
0.627618
0.578877
0.531397
0.484949
0.43876
0.391799
0.343128
0.292225
0.239222
0.185004
0.13114
0.0796696
0.0327641
-0.00765158
-0.0402474
-0.0645362
-0.0809767
-0.0909154
-0.0963817
-0.0997731
-0.103481
-0.109521
-0.119218
-0.133015
-0.150415
-0.170094
-0.190154
-0.208475
-0.223109
-0.232634
-0.236404
-0.234659
-0.228483
-0.219609
-0.210129
-0.202144
-0.197409
-0.197045
-0.20135
-0.209752
-0.220911
-0.232958
-0.24383
-0.251636
-0.254992
-0.253256
-0.246632
-0.23612
-0.223341
-0.210257
-0.198833
-0.190714
-0.186939
-0.187771
-0.192646
-0.200275
-0.208866
-0.216441
-0.221189
-0.221775
-0.217567
-0.20873
-0.19618
-0.181411
-0.166224
-0.152403
-0.141395
-0.134037
-0.130377
-0.129627
-0.130252
-0.130185
-0.127142
-0.118982
-0.104045
-0.0814297
-0.0511622
-0.0142541
0.0273585
0.0709762
0.113384
0.151168
0.181065
0.200343
0.207125
0.200644
1.36937
1.29541
1.21401
1.12933
1.04485
0.96282
0.88404
0.807846
0.732485
0.655695
0.575396
0.49034
0.400592
0.307729
0.214718
0.125486
0.0442543
-0.0252158
-0.080314
-0.120066
-0.145326
-0.158666
-0.163967
-0.165819
-0.168798
-0.176755
-0.192215
-0.215994
-0.247094
-0.282906
-0.319701
-0.353327
-0.379976
-0.396876
-0.402776
-0.398151
-0.385102
-0.366989
-0.347856
-0.331757
-0.322086
-0.321005
-0.329088
-0.345219
-0.366784
-0.390138
-0.411258
-0.426466
-0.433078
-0.429864
-0.417233
-0.39714
-0.372729
-0.347797
-0.32615
-0.310964
-0.304257
-0.306537
-0.316711
-0.33227
-0.349725
-0.365229
-0.37526
-0.377241
-0.369967
-0.353785
-0.330498
-0.303025
-0.274879
-0.249549
-0.229877
-0.217537
-0.212692
-0.213885
-0.218211
-0.221726
-0.220057
-0.209092
-0.185628
-0.147888
-0.0958283
-0.0312285
0.0424263
0.120243
0.196362
0.264523
0.318705
0.353818
0.366342
0.354825
1.94046
1.82863
1.70657
1.58126
1.45853
1.34209
1.23296
1.12955
1.02827
0.92465
0.814517
0.695216
0.566452
0.43067
0.292858
0.159785
0.0388119
-0.0634718
-0.142476
-0.196458
-0.22684
-0.237988
-0.236517
-0.230238
-0.226944
-0.233181
-0.253229
-0.28843
-0.336987
-0.394299
-0.453809
-0.508224
-0.550881
-0.576957
-0.584303
-0.57377
-0.549014
-0.515837
-0.48121
-0.452115
-0.43439
-0.431768
-0.445237
-0.472858
-0.510079
-0.550534
-0.587199
-0.613671
-0.625312
-0.62003
-0.59858
-0.564377
-0.522868
-0.480607
-0.444159
-0.419005
-0.408634
-0.413933
-0.43302
-0.461533
-0.493393
-0.521896
-0.540924
-0.546033
-0.535193
-0.50907
-0.470842
-0.425606
-0.37948
-0.338547
-0.307799
-0.290246
-0.28631
-0.293633
-0.307337
-0.32073
-0.326358
-0.317199
-0.287768
-0.234967
-0.158552
-0.0612419
0.0515015
0.171952
0.290801
0.398008
0.483805
0.53982
0.56018
0.542418
2.53638
2.3766
2.20381
2.02947
1.86318
1.71085
1.57366
1.44817
1.32745
1.20298
1.06684
0.913721
0.74242
0.556537
0.364177
0.176663
0.00645805
-0.135248
-0.24067
-0.306834
-0.336048
-0.335484
-0.315987
-0.290361
-0.271364
-0.269717
-0.292423
-0.341634
-0.414273
-0.502528
-0.595252
-0.680054
-0.745664
-0.784009
-0.791575
-0.769873
-0.72505
-0.666772
-0.606601
-0.556099
-0.524947
-0.519359
-0.541008
-0.586675
-0.648717
-0.716389
-0.777819
-0.822234
-0.841916
-0.833477
-0.798294
-0.742132
-0.674088
-0.605049
-0.545904
-0.505761
-0.490443
-0.501477
-0.535755
-0.585976
-0.641897
-0.692206
-0.72663
-0.737794
-0.722428
-0.681785
-0.621278
-0.54947
-0.476604
-0.412876
-0.366722
-0.343346
-0.343716
-0.364193
-0.396909
-0.430915
-0.453955
-0.454495
-0.423562
-0.356049
-0.251364
-0.113479
0.0494781
0.225969
0.402006
0.562321
0.691793
0.777163
0.808914
0.782918
3.16714
2.94329
2.7033
2.46609
2.24773
2.05779
1.89751
1.75992
1.63203
1.49813
1.34362
1.15841
0.939389
0.691733
0.428519
0.16862
-0.0669324
-0.259273
-0.395396
-0.470413
-0.488138
-0.460241
-0.404281
-0.340937
-0.2908
-0.271186
-0.29345
-0.361103
-0.46907
-0.604322
-0.748104
-0.87952
-0.979709
-1.03538
-1.04099
-0.999271
-0.920462
-0.820435
-0.718068
-0.632217
-0.578695
-0.567729
-0.602194
-0.67691
-0.779247
-0.891233
-0.99294
-1.06641
-1.09902
-1.08543
-1.02822
-0.937
-0.82674
-0.715243
-0.620286
-0.556768
-0.534305
-0.555552
-0.615532
-0.70221
-0.798484
-0.885389
-0.945832
-0.967756
-0.94606
-0.883105
-0.787986
-0.674858
-0.560567
-0.461899
-0.392844
-0.36225
-0.372167
-0.41713
-0.484622
-0.556891
-0.613951
-0.637113
-0.612032
-0.530659
-0.391981
-0.201822
0.0279665
0.280641
0.53585
0.77105
0.963288
1.09172
1.1408
1.10345
3.84677
3.53322
3.19877
2.87559
2.59134
2.36205
2.18868
2.05773
1.94525
1.82295
1.66463
1.45177
1.1776
0.849337
0.488089
0.12552
-0.202546
-0.464247
-0.638113
-0.716494
-0.705921
-0.625409
-0.503208
-0.372496
-0.26628
-0.212353
-0.229115
-0.322521
-0.484577
-0.693833
-0.918762
-1.12395
-1.27785
-1.35886
-1.35856
-1.28208
-1.14643
-0.977465
-0.805755
-0.661783
-0.571161
-0.550677
-0.605421
-0.727373
-0.895884
-1.08088
-1.24871
-1.36945
-1.42262
-1.40023
-1.3071
-1.15929
-0.981175
-0.801621
-0.649395
-0.548656
-0.515226
-0.55385
-0.656862
-0.804627
-0.968561
-1.11668
-1.2205
-1.26053
-1.22911
-1.13074
-0.980629
-0.801922
-0.622031
-0.468281
-0.363583
-0.322819
-0.35015
-0.437624
-0.565455
-0.704769
-0.822761
-0.8892
-0.881562
-0.787789
-0.60673
-0.347232
-0.0265
0.331663
0.698505
1.04165
1.32667
1.52053
1.59716
1.5437
4.59761
4.15328
3.67802
3.22904
2.85578
2.58581
2.41878
2.32893
2.27263
2.19964
2.0642
1.83343
1.4937
1.05444
0.549563
0.0327404
-0.433726
-0.7957
-1.01833
-1.09067
-1.02441
-0.850607
-0.614392
-0.36878
-0.166465
-0.0517259
-0.0544118
-0.185083
-0.432116
-0.760776
-1.11784
-1.44225
-1.68096
-1.79941
-1.78584
-1.65008
-1.42038
-1.13845
-0.853498
-0.614528
-0.462628
-0.425298
-0.511869
-0.710789
-0.988782
-1.29525
-1.57231
-1.76979
-1.85501
-1.8169
-1.66474
-1.42521
-1.13768
-0.848648
-0.604361
-0.443622
-0.392387
-0.459429
-0.633751
-0.883759
-1.16141
-1.41175
-1.58704
-1.65619
-1.60856
-1.45288
-1.21445
-0.930693
-0.645851
-0.404026
-0.242256
-0.185329
-0.241529
-0.400004
-0.629753
-0.883347
-1.10581
-1.24796
-1.27512
-1.17061
-0.934432
-0.580818
-0.134867
0.370187
0.895291
1.39593
1.82131
2.11818
2.24083
2.16428
5.45977
4.81788
4.11946
3.47345
2.97148
2.66133
2.53774
2.5518
2.62408
2.66624
2.60104
2.37199
1.95312
1.35406
0.628237
-0.13255
-0.815371
-1.32781
-1.61496
-1.66441
-1.49779
-1.16567
-0.739107
-0.302717
0.0594598
0.277993
0.304589
0.119917
-0.262115
-0.786814
-1.36394
-1.88396
-2.25726
-2.43006
-2.38906
-2.15335
-1.76956
-1.30377
-0.835033
-0.441893
-0.189114
-0.121504
-0.256534
-0.580343
-1.04068
-1.55194
-2.01052
-2.33177
-2.46502
-2.39779
-2.14818
-1.76023
-1.29637
-0.831239
-0.43902
-0.1809
-0.0992302
-0.210526
-0.501651
-0.923081
-1.39361
-1.81487
-2.10643
-2.22002
-2.14359
-1.89418
-1.51354
-1.06102
-0.607727
-0.224493
0.0300444
0.115065
0.0143682
-0.259749
-0.659712
-1.10676
-1.50451
-1.77228
-1.85831
-1.74302
-1.43124
-0.94737
-0.328341
0.37984
1.12731
1.85859
2.501
2.96672
3.17133
3.06228
6.51266
5.56398
4.48553
3.51047
2.81089
2.46817
2.45849
2.69088
3.01889
3.28747
3.37382
3.18388
2.67203
1.8362
0.757265
-0.410109
-1.44236
-2.18433
-2.55387
-2.54929
-2.20947
-1.61674
-0.877973
-0.129785
0.492231
0.884101
0.967817
0.709115
0.113326
-0.73735
-1.69229
-2.53697
-3.12226
-3.36857
-3.27267
-2.86988
-2.23679
-1.47334
-0.707708
-0.0671389
0.351044
0.47409
0.270643
-0.253297
-1.01925
-1.88451
-2.64647
-3.16448
-3.3637
-3.24132
-2.83083
-2.20457
-1.4569
-0.708833
-0.080576
0.335909
0.471796
0.297334
-0.181914
-0.891701
-1.69675
-2.40477
-2.88212
-3.05745
-2.92772
-2.52444
-1.91615
-1.19248
-0.468712
0.140366
0.546448
0.682895
0.519991
0.0617234
-0.621871
-1.40116
-2.09036
-2.55833
-2.73141
-2.59837
-2.17587
-1.50855
-0.650195
0.332923
1.38262
2.44925
3.4351
4.19128
4.55352
4.40231
7.92638
6.49709
4.70321
3.1512
2.13627
1.7953
2.03064
2.69225
3.49929
4.17112
4.54448
4.45934
3.85746
2.66843
1.01364
-0.882235
-2.48737
-3.57716
-4.03151
-3.91693
-3.28534
-2.27809
-1.03041
0.224832
1.25641
1.93395
2.12413
1.78372
0.855803
-0.537755
-2.17939
-3.56349
-4.47539
-4.79988
-4.59819
-3.91803
-2.89175
-1.64607
-0.40029
0.627851
1.3162
1.53983
1.25933
0.422246
-0.854812
-2.36585
-3.6337
-4.45624
-4.7255
-4.49973
-3.82417
-2.82375
-1.61798
-0.413908
0.58282
1.25678
1.48973
1.24408
0.469799
-0.72315
-2.1396
-3.32683
-4.09272
-4.33415
-4.10578
-3.44992
-2.48488
-1.32408
-0.164544
0.79754
1.45113
1.68179
1.45094
0.707668
-0.446233
-1.82529
-2.99477
-3.76903
-4.04531
-3.87053
-3.27304
-2.34481
-1.15171
0.190125
1.61358
3.1562
4.69994
5.98309
6.67509
6.48581
10.0871
7.95388
4.57367
2.02087
0.491515
0.292287
0.988786
2.48412
4.17438
5.48457
6.37537
6.47891
5.88838
4.17136
1.6172
-1.77304
-4.27445
-5.88502
-6.32842
-6.02906
-4.90214
-3.28569
-1.19371
0.901512
2.53043
3.68559
4.04448
3.70433
2.2688
0.0190723
-3.03735
-5.26998
-6.6744
-6.98889
-6.61272
-5.46459
-3.86266
-1.81893
0.220526
1.81214
2.95053
3.33153
3.04949
1.73135
-0.353441
-3.19739
-5.26218
-6.54472
-6.80013
-6.40585
-5.28532
-3.73865
-1.77661
0.179593
1.711
2.8127
3.19683
2.95208
1.72439
-0.232763
-2.91251
-4.8556
-6.05856
-6.28737
-5.89942
-4.82062
-3.33552
-1.45385
0.423953
1.89895
2.96482
3.34525
3.11978
1.94492
0.0536312
-2.5512
-4.46831
-5.6968
-6.00875
-5.75138
-4.8465
-3.56247
-1.86741
-0.0702041
1.67293
3.86156
6.34003
8.62614
10.0657
9.9282
13.8807
11.1923
3.2473
-0.576229
-3.06473
-2.49954
-1.20317
1.99533
5.39678
7.40194
9.3399
9.49794
9.54147
6.87979
3.42469
-3.94374
-7.34435
-9.8736
-9.69491
-9.33287
-7.22389
-4.97804
-1.36168
2.24967
4.48664
6.58386
6.97145
7.2023
4.85426
1.73753
-5.08157
-8.16911
-10.4429
-10.1725
-9.73888
-7.66461
-5.46977
-1.98562
1.48622
3.64908
5.67551
6.078
6.33165
4.14442
1.24112
-5.15093
-8.01708
-10.1123
-9.81032
-9.35775
-7.36014
-5.25165
-1.92686
1.3848
3.45797
5.40192
5.80951
6.07551
4.02939
1.29817
-4.74623
-7.45016
-9.42719
-9.1287
-8.6879
-6.77641
-4.75719
-1.57804
1.59249
3.58948
5.46556
5.88123
6.15574
4.21381
1.58101
-4.26744
-6.93346
-8.94439
-8.79201
-8.56463
-6.96595
-5.372
-2.73019
-0.252672
1.09076
4.14955
8.2571
12.4883
15.7272
16.1985
21.0105
21.9155
-4.09083
-5.10874
-11.0173
-6.34369
-6.13403
1.21439
8.62987
9.41609
14.8675
12.6819
17.0901
10.7307
10.8674
-11.8281
-11.669
-17.7616
-13.3254
-15.1523
-9.74271
-8.64395
-1.52242
5.57696
6.64407
11.944
10.1241
14.4138
8.54662
8.78742
-12.4993
-12.24
-17.875
-13.591
-15.2276
-10.0383
-8.93348
-2.13459
4.63685
5.68248
10.739
9.03879
13.1287
7.58865
7.85947
-12.1818
-11.8822
-17.1317
-13.0374
-14.5345
-9.59462
-8.51612
-2.05822
4.37344
5.39103
10.2035
8.62605
12.5284
7.32096
7.60006
-11.3902
-11.0914
-16.0726
-12.1749
-13.5942
-8.88733
-7.84918
-1.68981
4.45092
5.45414
10.0693
8.62046
12.3834
7.47759
7.7389
-10.5664
-10.3419
-15.3071
-11.6833
-13.3525
-9.07859
-8.69046
-3.35639
1.19794
-1.96151
2.92735
9.99615
17.7792
25.3742
29.6248
30.9657
71.3809
-47.4215
-2.60737
-34.2116
-3.76046
-21.3449
0.336828
21.4091
4.71232
31.3926
6.37065
40.1439
5.2274
51.1885
-52.6231
-6.99113
-40.8111
-7.93716
-31.3921
-6.05393
-20.9826
-1.65125
17.5907
2.70628
27.5566
4.47909
36.2514
3.44343
46.8369
-50.943
-7.82331
-39.5905
-8.48378
-30.5459
-6.53005
-20.5967
-2.24404
16.0326
1.94028
25.532
3.66193
33.7927
2.66531
43.7272
-48.5033
-7.7566
-37.6062
-8.21288
-28.9805
-6.26871
-19.5269
-2.15179
15.1584
1.85943
24.2066
3.55167
32.0994
2.71188
41.6499
-45.8105
-7.12966
-35.5034
-7.5649
-27.322
-5.71532
-18.3157
-1.77472
14.7073
2.11763
23.4052
3.85479
31.0939
3.30076
40.6327
-43.5481
-6.27729
-34.0382
-6.95237
-26.6987
-5.59567
-19.1311
-2.85977
13.7564
-16.6033
-1.43398
10.7067
23.3408
39.8372
66.3772
28831.3
28794.5
28757.6
28720.7
28683.8
28646.8
28610
28573.1
28536.4
28499.8
28463.3
28426.9
28390.6
28354.3
28318.1
0.17942
0.140365
0.0901095
0.0343982
-0.0209208
-0.0706946
-0.110977
-0.139234
-0.154309
-0.156226
-0.145934
-0.12504
-0.0955868
-0.0598839
-0.0203853
0.316633
0.246351
0.156239
0.0569174
-0.0409879
-0.128321
-0.198273
-0.24666
-0.271766
-0.273919
-0.254987
-0.217898
-0.16625
-0.104021
-0.0353879
0.482464
0.372168
0.231577
0.0780205
-0.0716269
-0.20333
-0.307133
-0.377368
-0.412176
-0.412697
-0.382196
-0.325317
-0.247493
-0.154563
-0.052533
0.693186
0.52828
0.319881
0.0952147
-0.12021
-0.306239
-0.44956
-0.543502
-0.586875
-0.582494
-0.535785
-0.45368
-0.343843
-0.214203
-0.0727147
0.970926
0.727885
0.424453
0.103168
-0.198189
-0.451856
-0.641366
-0.760203
-0.809328
-0.794621
-0.724771
-0.609773
-0.459996
-0.285693
-0.0968374
1.34713
0.987881
0.546877
0.0911928
-0.323858
-0.66163
-0.903846
-1.04662
-1.09561
-1.06189
-0.958903
-0.800647
-0.600675
-0.371734
-0.12578
1.86815
1.32963
0.683981
0.0385853
-0.526806
-0.96696
-1.26577
-1.42681
-1.46462
-1.39842
-1.24831
-1.03324
-0.770322
-0.474788
-0.160328
2.60465
1.77851
0.82083
-0.0940265
-0.854992
-1.41363
-1.76546
-1.93023
-1.93762
-1.81888
-1.60266
-1.31367
-0.972591
-0.596766
-0.201075
3.66806
2.35894
0.914853
-0.380529
-1.3855
-2.06712
-2.45222
-2.59101
-2.53677
-2.3368
-2.02979
-1.64618
-1.20961
-0.73861
-0.24828
5.23957
3.07435
0.860166
-0.957443
-2.23936
-3.01713
-3.38527
-3.44484
-3.28166
-2.96176
-2.53352
-2.03167
-1.48105
-0.899787
-0.301713
7.61677
3.83872
0.408904
-2.07005
-3.59736
-4.37677
-4.62691
-4.52141
-4.18326
-3.69504
-3.11087
-2.46592
-1.78313
-1.07778
-0.360498
11.2505
4.25487
-0.993222
-4.13431
-5.70324
-6.2657
-6.22417
-5.83064
-5.23494
-4.52428
-3.749
-2.938
-2.10779
-1.26769
-0.423002
16.4819
2.9235
-4.50235
-7.77073
-8.81559
-8.75862
-8.17342
-7.34204
-6.40158
-5.41814
-4.42283
-3.4293
-2.44233
-1.46218
-0.486826
20.9341
-4.54043
-12.1689
-13.6307
-13.0298
-11.7798
-10.3689
-8.96251
-7.61119
-6.32386
-5.0949
-3.91405
-2.77005
-1.65188
-0.548946
0.562671
1.6959
2.85328
4.05267
5.31478
6.66502
8.13598
9.77126
11.6311
13.8001
16.3952
19.5553
23.3153
26.8328
24.0266
0.573069
1.72745
2.90712
4.13093
5.42111
6.80546
8.32089
10.0191
11.9771
14.317
17.2485
21.1745
26.996
37.1797
60.1441
0.577745
1.74144
2.9303
4.16311
5.46202
6.85488
8.37883
10.0866
12.058
14.423
17.412
21.4803
27.6544
38.6327
62.7049
0.576725
1.73794
2.92297
4.14938
5.4377
6.81325
8.30911
9.97099
11.8656
14.0956
16.8262
20.3268
24.994
31.0559
35.961
0.570309
1.71792
2.88688
4.09267
5.35281
6.68807
8.12411
9.69376
11.4402
13.4203
15.7052
18.3625
21.3721
24.3464
26.0362
0.559036
1.68308
2.82522
3.99821
5.21574
6.49291
7.84631
9.29377
10.8525
12.5335
14.325
16.1513
17.7693
18.538
16.9026
0.543618
1.63566
2.74215
3.8728
5.03727
6.24481
7.5032
8.81649
10.18
11.5698
12.9209
14.0843
14.7534
14.3982
12.6075
0.524862
1.57821
2.6423
3.7239
4.82889
5.96138
7.12195
8.30433
9.48927
10.6332
11.6473
12.3606
12.4482
11.255
7.07787
0.503593
1.51329
2.5303
3.55876
4.60141
5.65846
6.72554
7.79037
8.82701
9.78655
10.5827
11.0716
11.0322
10.1841
8.47779
0.480582
1.44328
2.41034
3.38375
4.36394
5.34857
6.3307
7.29599
8.2183
9.05344
9.73134
10.1494
10.1779
9.70909
8.8185
0.456505
1.37025
2.28596
3.20404
4.12339
5.0404
5.94756
6.83146
7.6701
8.42951
9.06046
9.4978
9.66892
9.52698
9.1397
0.431915
1.29586
2.15994
3.02345
3.88446
4.73907
5.58055
6.39836
7.17693
7.89477
8.52402
9.03106
9.37732
9.51525
9.36227
0.407243
1.22138
2.0343
2.8446
3.64998
4.44684
5.22999
5.9925
6.72594
7.42155
8.07244
8.67597
9.23039
9.70554
9.95806
0.382812
1.14775
1.91049
2.66917
3.4214
4.16413
4.89377
5.60681
6.30121
6.97939
7.65374
8.35498
9.1385
10.0504
10.8233
0.358861
1.07563
1.78948
2.49822
3.19943
3.89049
4.56907
5.23407
5.88773
6.53989
7.21637
7.97684
8.95746
10.4918
13.5211
0.33557
1.00555
1.67202
2.33251
2.98449
3.62553
4.25381
4.86919
5.4753
6.0835
6.72066
7.44581
8.39186
9.89502
12.9933
0.313082
0.93791
1.5587
2.17271
2.77715
3.36942
3.94749
4.51075
5.06142
5.60699
6.16384
6.76138
7.43938
8.19052
8.55442
0.291522
0.873069
1.4501
2.01954
2.57826
3.12317
3.65147
4.16104
4.65106
5.12264
5.57876
6.02107
6.43609
6.75493
6.80173
0.271
0.811362
1.34677
1.87382
2.38896
2.88845
3.36844
3.8249
4.25351
4.64903
5.00327
5.2997
5.49957
5.50826
5.08072
0.251616
0.753093
1.24925
1.73638
2.21051
2.66728
3.10176
3.50811
3.87895
4.20406
4.46793
4.64538
4.69583
4.56452
4.24355
0.233451
0.698515
1.158
1.60796
2.04411
2.46158
2.8546
3.21597
3.53613
3.80163
3.9926
4.07925
4.0183
3.75247
3.20151
0.216564
0.647813
1.07336
1.48914
1.89069
2.27286
2.62942
2.95244
3.23128
3.45095
3.58971
3.61561
3.48306
3.13844
2.60095
0.20098
0.601073
0.99549
1.38019
1.75072
2.10192
2.42754
2.7196
2.9675
3.15645
3.2652
3.26199
3.09509
2.65833
1.61712
0.186694
0.558275
0.92437
1.28109
1.62418
1.94875
2.24894
2.51744
2.74466
2.91764
3.01844
3.02205
2.89451
2.59799
2.15623
0.173662
0.519285
0.859756
1.19146
1.5105
1.8125
2.09236
2.34394
2.55948
2.72895
2.83918
2.87319
2.81127
2.63851
2.3647
0.161811
0.483874
0.801229
1.11063
1.40866
1.69162
1.95543
2.19546
2.40629
2.58141
2.71285
2.79093
2.80501
2.7492
2.6487
0.151042
0.451731
0.748225
1.0377
1.31727
1.58403
1.83501
2.06726
2.2779
2.46419
2.62358
2.75311
2.84729
2.89092
2.83645
0.141242
0.422501
0.700099
0.971634
1.23479
1.4874
1.7276
1.95407
2.1664
2.36567
2.55504
2.73985
2.92466
3.10078
3.22067
0.132291
0.395813
0.656182
0.911394
1.15963
1.39938
1.62972
1.8507
2.06399
2.27401
2.48966
2.72659
3.00808
3.34967
3.63865
0.124077
0.371316
0.615847
0.856001
1.09035
1.3179
1.53836
1.75267
1.96384
2.17845
2.40949
2.68239
3.04975
3.6351
4.78832
0.116498
0.348699
0.578551
0.804638
1.0258
1.24133
1.45125
1.65682
1.86131
2.07148
2.30027
2.57259
2.94005
3.52617
4.69686
0.109473
0.327712
0.54387
0.756695
0.965169
1.16866
1.36718
1.56171
1.75484
1.95159
2.1608
2.39673
2.67849
3.01128
3.24939
0.102938
0.308171
0.511503
0.711773
0.907992
1.09945
1.28587
1.46759
1.64584
1.82303
2.00279
2.18904
2.38151
2.56215
2.67646
0.0968498
0.289949
0.481263
0.669665
0.854122
1.03374
1.20782
1.37587
1.53759
1.6927
1.84027
1.97702
2.09275
2.15907
2.09633
0.0911789
0.272966
0.453046
0.630297
0.803611
0.971882
1.13396
1.28854
1.43393
1.56759
1.68527
1.77959
1.8383
1.84563
1.80589
0.0859043
0.257169
0.426794
0.593663
0.756602
0.914324
1.06531
1.20759
1.33842
1.45358
1.54651
1.60688
1.61953
1.56488
1.41773
0.0810078
0.24251
0.402457
0.559758
0.713218
0.861445
1.0027
1.13461
1.25378
1.35503
1.43035
1.46733
1.44748
1.34837
1.18031
0.0764678
0.228931
0.379958
0.528521
0.673467
0.81341
0.946568
1.07048
1.18158
1.27447
1.34081
1.36724
1.33049
1.17975
0.749364
0.072256
0.21635
0.359169
0.499796
0.63719
0.770089
0.89686
1.01525
1.12203
1.21236
1.27899
1.31101
1.29265
1.20532
1.06033
0.0683348
0.204653
0.339903
0.473318
0.604035
0.731024
0.852969
0.968096
1.07389
1.16671
1.2412
1.28978
1.30272
1.27094
1.19311
0.0646576
0.193699
0.321911
0.448713
0.57347
0.695461
0.813814
0.927418
1.03477
1.13378
1.2214
1.2933
1.34384
1.36854
1.37876
0.0611706
0.183321
0.3049
0.425527
0.544826
0.662424
0.777958
0.891078
1.00146
1.10876
1.21253
1.31167
1.40289
1.47621
1.5008
0.057816
0.17334
0.288549
0.403264
0.517364
0.630822
0.743779
0.856644
0.970272
1.08619
1.20686
1.33552
1.47439
1.61772
1.73874
0.0545365
0.163578
0.272541
0.38143
0.490347
0.599569
0.709663
0.821682
0.937496
1.06033
1.19565
1.35229
1.54278
1.77473
1.98337
0.0512788
0.153871
0.256585
0.359575
0.463119
0.567712
0.67421
0.784084
0.899842
1.02581
1.16964
1.34554
1.58239
1.94794
2.63527
0.0479974
0.144078
0.240438
0.337337
0.435164
0.534531
0.636415
0.742401
0.855099
0.978884
1.12135
1.29646
1.53264
1.89768
2.59239
0.0446564
0.134092
0.223916
0.314453
0.40614
0.499602
0.59577
0.696059
0.802658
0.918986
1.05039
1.20498
1.39339
1.61847
1.8003
0.0412298
0.123837
0.2069
0.290772
0.375883
0.462795
0.552264
0.645335
0.743461
0.848623
0.963322
1.09002
1.22867
1.36931
1.48261
0.0377008
0.113265
0.189323
0.26623
0.344377
0.424213
0.506257
0.591101
0.67938
0.771636
0.867923
0.96677
1.06258
1.13914
1.15051
0.0340591
0.10235
0.171157
0.240826
0.311698
0.384099
0.458305
0.534482
0.612537
0.691851
0.770748
0.845626
0.909847
0.95425
0.98058
0.030298
0.0910755
0.152392
0.214587
0.277959
0.342731
0.408986
0.476558
0.544822
0.612355
0.676366
0.731883
0.770881
0.781908
0.747194
0.0264107
0.0794271
0.133019
0.187532
0.243248
0.300332
0.358755
0.418154
0.477616
0.535306
0.587882
0.629613
0.651341
0.641331
0.604467
0.0223879
0.0673794
0.113005
0.159641
0.207586
0.257005
0.307845
0.359708
0.411641
0.461808
0.506931
0.541234
0.553842
0.519403
0.352672
0.0182155
0.0548916
0.0922894
0.130842
0.170902
0.212691
0.256225
0.301213
0.346894
0.391815
0.433493
0.467923
0.489015
0.489347
0.474915
0.0138729
0.0419027
0.0707721
0.100996
0.133018
0.167165
0.203598
0.242237
0.282674
0.324076
0.36509
0.403876
0.438604
0.469545
0.505109
0.00933299
0.028331
0.0483143
0.0699029
0.093658
0.120053
0.149439
0.182012
0.217787
0.256607
0.298234
0.342649
0.390826
0.446532
0.519909
0.0045626
0.0140752
0.024742
0.0373052
0.0524655
0.0708638
0.0930672
0.119564
0.150786
0.187189
0.229443
0.278811
0.337819
0.41125
0.507609
-0.000476776
-0.000981981
-0.000147164
0.00290438
0.00902464
0.019033
0.0337148
0.0538353
0.0801878
0.113709
0.155712
0.208281
0.274798
0.360046
0.467085
-0.00582745
-0.0169696
-0.0265754
-0.0336271
-0.0371158
-0.0360426
-0.0294136
-0.0162204
0.00461207
0.0343413
0.0746447
0.128065
0.198771
0.293713
0.42462
-0.0115341
-0.0340239
-0.0547771
-0.0726326
-0.0864238
-0.0949758
-0.0970999
-0.0915802
-0.077141
-0.0523688
-0.0155303
0.0358465
0.105915
0.202404
0.337811
-0.0176425
-0.052284
-0.0849909
-0.11446
-0.13937
-0.158372
-0.170094
-0.173133
-0.166069
-0.147457
-0.1158
-0.0693511
-0.00528567
0.0840726
0.230896
-0.0241977
-0.0718875
-0.117453
-0.159454
-0.196417
-0.226824
-0.249116
-0.261702
-0.263014
-0.251604
-0.22634
-0.186781
-0.134049
-0.0741628
-0.0366914
-0.031243
-0.092966
-0.15239
-0.207946
-0.258016
-0.300912
-0.334877
-0.3581
-0.368794
-0.36537
-0.346806
-0.313356
-0.26778
-0.21683
-0.167379
-0.038818
-0.115641
-0.190012
-0.260248
-0.324596
-0.381202
-0.428097
-0.463198
-0.484377
-0.489648
-0.477609
-0.448351
-0.405241
-0.358454
-0.33436
-0.0469573
-0.140019
-0.230505
-0.316639
-0.396551
-0.468236
-0.529506
-0.577964
-0.611006
-0.625947
-0.620368
-0.592964
-0.545254
-0.484317
-0.422355
-0.0556889
-0.166186
-0.274021
-0.37735
-0.47422
-0.562501
-0.639813
-0.703433
-0.750205
-0.776493
-0.778283
-0.751676
-0.694453
-0.610889
-0.527284
-0.0650321
-0.194201
-0.320664
-0.442547
-0.557852
-0.664382
-0.759628
-0.840602
-0.903627
-0.944051
-0.955918
-0.931649
-0.861941
-0.73749
-0.565426
-0.074997
-0.224095
-0.370489
-0.512311
-0.647577
-0.7741
-0.889352
-0.990235
-1.07274
-1.13144
-1.15865
-1.14318
-1.06744
-0.897156
-0.528327
-0.0855838
-0.255868
-0.423489
-0.586627
-0.743372
-0.891646
-1.02905
-1.15263
-1.2584
-1.34069
-1.39101
-1.39655
-1.33861
-1.1947
-0.968883
-0.0967841
-0.289489
-0.479602
-0.665381
-0.84505
-1.01674
-1.17836
-1.32738
-1.46036
-1.57214
-1.65448
-1.69399
-1.66949
-1.54911
-1.27723
-0.108584
-0.32491
-0.538724
-0.74838
-0.952271
-1.14882
-1.33642
-1.51327
-1.67704
-1.82403
-1.9477
-2.03589
-2.06694
-2.00873
-1.84962
-0.120967
-0.362077
-0.600733
-0.83538
-1.06459
-1.28711
-1.50193
-1.70826
-1.90537
-2.09212
-2.26555
-2.41747
-2.52637
-2.53842
-2.31458
-0.133924
-0.400946
-0.665525
-0.926157
-1.18155
-1.43076
-1.67335
-1.90964
-2.14089
-2.36946
-2.59835
-2.82893
-3.05306
-3.23191
-3.27293
-0.147455
-0.441512
-0.733058
-1.02057
-1.30281
-1.579
-1.84915
-2.11451
-2.37827
-2.64657
-2.92996
-3.24487
-3.61119
-4.02112
-4.22458
-0.161577
-0.483823
-0.803391
-1.11865
-1.42826
-1.73143
-2.02827
-2.3205
-2.6125
-2.9132
-3.2397
-3.6251
-4.13905
-4.9537
-6.60408
-0.176328
-0.527994
-0.876715
-1.22065
-1.5582
-1.88825
-2.21059
-2.52665
-2.84068
-3.16191
-3.50852
-3.91607
-4.45807
-5.30593
-6.93184
-0.191769
-0.574209
-0.953364
-1.32708
-1.69334
-2.05042
-2.39728
-2.73421
-3.06387
-3.39299
-3.73503
-4.11366
-4.56469
-5.11784
-5.6461
-0.207971
-0.622705
-1.03379
-1.4387
-1.83485
-2.21968
-2.59087
-2.94683
-3.28742
-3.6151
-3.93612
-4.26097
-4.6004
-4.94703
-5.22824
-0.225011
-0.673737
-1.11849
-1.5564
-1.98423
-2.39841
-2.79504
-3.17011
-3.51995
-3.84184
-4.13456
-4.39814
-4.63111
-4.82165
-4.9263
-0.242953
-0.727524
-1.20796
-1.68109
-2.14309
-2.58934
-3.01417
-3.4109
-3.77189
-4.08884
-4.35322
-4.55658
-4.69128
-4.75591
-4.78285
-0.261822
-0.784182
-1.30251
-1.8135
-2.3129
-2.79513
-3.25283
-3.67652
-4.0544
-4.37234
-4.61427
-4.7627
-4.80011
-4.71634
-4.54468
-0.281582
-0.84364
-1.40215
-1.95395
-2.49464
-3.01796
-3.51509
-3.97395
-4.37853
-4.70864
-4.94024
-5.04591
-4.9931
-4.7378
-4.28491
-0.302111
-0.905565
-1.50645
-2.10212
-2.68844
-3.25897
-3.80394
-4.30907
-4.75437
-5.11336
-5.35365
-5.43919
-5.32671
-4.89647
-3.44743
-0.323173
-0.969275
-1.61436
-2.25678
-2.89321
-3.51773
-4.12045
-4.68574
-5.19014
-5.6005
-5.87454
-5.96998
-5.88098
-5.76265
-6.39176
-0.344404
-1.03369
-1.72414
-2.41559
-3.10625
-3.79164
-4.46296
-5.1047
-5.69121
-6.18232
-6.51944
-6.62885
-6.45561
-6.10978
-6.42546
-0.365303
-1.09729
-1.83322
-2.57494
-3.32295
-4.07531
-4.826
-5.562
-6.25854
-6.87108
-7.32248
-7.48401
-7.15009
-5.99751
-3.37767
-0.38524
-1.15816
-1.93828
-2.72994
-3.53662
-4.36016
-5.19924
-6.04671
-6.88421
-7.67173
-8.32681
-8.68323
-8.41308
-6.90419
-3.20175
-0.403484
-1.21403
-2.03532
-2.8745
-3.7386
-4.6342
-5.56666
-6.53834
-7.54458
-8.56436
-9.53855
-10.3176
-10.5363
-9.33416
-4.90159
-0.419241
-1.26244
-2.11994
-3.00176
-3.9187
-4.88264
-5.90683
-7.00598
-8.19554
-9.48865
-10.8858
-12.341
-13.6463
-14.0075
-10.331
-0.431722
-1.30092
-2.18766
-3.10463
-4.06616
-5.08924
-6.19496
-7.41084
-8.77458
-10.3407
-12.1928
-14.4685
-17.4118
-21.4847
-27.5559
-11.2528
-25.7356
-24.3224
-20.77
-17.4707
-14.7054
-12.3901
-10.4093
-8.6709
-7.10801
-5.67242
-4.32863
-3.04951
-1.81336
-0.601787
-111.01
-57.8661
-37.3357
-27.1963
-21.1526
-17.0445
-13.9835
-11.5455
-9.50371
-7.72574
-6.12863
-4.65695
-3.27127
-1.94167
-0.643799
-123.428
-67.3487
-43.1331
-30.7785
-23.4904
-18.6566
-15.1443
-12.4066
-10.1533
-8.21786
-6.49774
-4.92555
-3.45407
-2.04795
-0.678678
-67.7944
-54.7037
-40.6936
-30.8423
-24.1239
-19.3508
-15.7673
-12.9313
-10.5821
-8.56046
-6.76413
-5.1242
-3.59148
-2.12863
-0.705283
-47.8486
-42.6972
-35.3661
-28.7304
-23.4064
-19.2189
-15.8711
-13.1178
-10.7836
-8.74658
-6.9219
-5.2484
-3.68037
-2.18189
-0.723011
-30.3745
-32.2045
-29.5556
-25.7076
-21.8997
-18.5039
-15.5621
-13.0134
-10.7785
-8.78528
-6.97469
-5.29936
-3.72096
-2.20765
-0.731808
-22.4003
-24.822
-24.5779
-22.657
-20.1069
-17.4737
-14.98
-12.6912
-10.6056
-8.69716
-6.93356
-5.283
-3.71636
-2.2074
-0.73211
-12.4399
-19.2909
-20.7645
-20.0433
-18.3717
-16.3465
-14.2558
-12.2278
-10.3096
-8.50845
-6.81393
-5.20835
-3.6717
-2.18376
-0.724727
-14.9994
-17.4941
-18.4754
-18.0895
-16.8823
-15.2647
-13.4879
-11.6883
-9.93233
-8.2457
-6.63253
-5.08583
-3.59322
-2.14004
-0.710693
-15.6479
-16.7484
-17.1357
-16.7061
-15.6777
-14.2937
-12.7357
-11.1186
-9.50687
-7.93192
-6.40499
-4.92573
-3.48737
-2.07977
-0.691129
-16.2547
-16.498
-16.3631
-15.7387
-14.7201
-13.4434
-12.0245
-10.5451
-9.05588
-7.58479
-6.14435
-4.73723
-3.36015
-2.00635
-0.66713
-16.6445
-16.5103
-15.9304
-15.0451
-13.9416
-12.6918
-11.3555
-9.97843
-8.59229
-7.21638
-5.86056
-4.52787
-3.21677
-1.92279
-0.639689
-17.6211
-16.8319
-15.7098
-14.503
-13.2648
-12.0003
-10.7147
-9.41807
-8.12159
-6.83403
-5.56072
-4.30352
-3.0615
-1.83167
-0.609662
-19.0502
-17.3849
-15.548
-13.9827
-12.6063
-11.3235
-10.0815
-8.85764
-7.64469
-6.44179
-5.24967
-4.06862
-2.89778
-1.73513
-0.577768
-23.5252
-18.057
-15.1977
-13.3311
-11.8827
-10.6184
-9.43576
-8.28961
-7.1608
-6.04205
-4.93095
-3.82664
-2.72835
-1.63491
-0.544606
-22.4806
-16.9173
-14.1579
-12.3893
-11.0312
-9.85646
-8.76471
-7.70955
-6.66993
-5.637
-4.60751
-3.58046
-2.55557
-1.53251
-0.510688
-14.5314
-13.8305
-12.4301
-11.1624
-10.0523
-9.03695
-8.06826
-7.11868
-6.17441
-5.22958
-4.28236
-3.33279
-2.38153
-1.42924
-0.476462
-11.3712
-11.2293
-10.6101
-9.82613
-9.00772
-8.18501
-7.35853
-6.52412
-5.6793
-4.8238
-3.95885
-3.08631
-2.20818
-1.32632
-0.442335
-8.22271
-8.9597
-8.90449
-8.51375
-7.96609
-7.33569
-6.6543
-5.93679
-5.19159
-4.42459
-3.6406
-2.8437
-2.03744
-1.22487
-0.408683
-6.7023
-7.24021
-7.43188
-7.31036
-6.98191
-6.52179
-5.97515
-5.3687
-4.71901
-4.03719
-3.33131
-2.60759
-1.87107
-1.12593
-0.37585
-4.83657
-5.76115
-6.17678
-6.25065
-6.08916
-5.76797
-5.33754
-4.83064
-4.26873
-3.66649
-3.03441
-2.38039
-1.71068
-1.03044
-0.344139
-3.80419
-4.63552
-5.15902
-5.3544
-5.30731
-5.08999
-4.75305
-4.33076
-3.84647
-3.31652
-2.75274
-2.16407
-1.5576
-0.939149
-0.313801
-2.23607
-3.72365
-4.36911
-4.62653
-4.64367
-4.49509
-4.22783
-3.87394
-3.45592
-2.99004
-2.48835
-1.96013
-1.41283
-0.85265
-0.285028
-2.74054
-3.39659
-3.84868
-4.0655
-4.09512
-3.98261
-3.76278
-3.46163
-3.09862
-2.68842
-2.24237
-1.76945
-1.27701
-0.77132
-0.257947
-2.84592
-3.21117
-3.49163
-3.63449
-3.64525
-3.54466
-3.35418
-3.0923
-2.77408
-2.41171
-2.01506
-1.59231
-1.15038
-0.695327
-0.232615
-2.90053
-3.08462
-3.23013
-3.29522
-3.27271
-3.16913
-2.99518
-2.76207
-2.48021
-2.15879
-1.80587
-1.42849
-1.03287
-0.624653
-0.209031
-2.90443
-2.98487
-3.02448
-3.01676
-2.95648
-2.84247
-2.67726
-2.46571
-2.2138
-1.92775
-1.61367
-1.27733
-0.92412
-0.559117
-0.187141
-2.93505
-2.91347
-2.8517
-2.7748
-2.67756
-2.55135
-2.39151
-2.19739
-1.97109
-1.71618
-1.43694
-1.13788
-0.823556
-0.498423
-0.166853
-3.04988
-2.86999
-2.68943
-2.54697
-2.41875
-2.2836
-2.12955
-1.95142
-1.74825
-1.52151
-1.27396
-1.00904
-0.730496
-0.442199
-0.14805
-3.51836
-2.82696
-2.5007
-2.30926
-2.16474
-2.02898
-1.88431
-1.72283
-1.54178
-1.34128
-1.12304
-0.889654
-0.644209
-0.39004
-0.1306
-3.25338
-2.53035
-2.21834
-2.03896
-1.90464
-1.78055
-1.65075
-1.50782
-1.34882
-1.17338
-0.982637
-0.778644
-0.563982
-0.341539
-0.114374
-1.90883
-1.94833
-1.84387
-1.73736
-1.63744
-1.53609
-1.42631
-1.30397
-1.16728
-1.0161
-0.851436
-0.675043
-0.489157
-0.296319
-0.0992465
-1.36561
-1.46626
-1.47083
-1.43119
-1.37123
-1.29748
-1.2106
-1.1101
-0.995796
-0.868181
-0.72838
-0.578033
-0.41916
-0.254038
-0.0851057
-0.826779
-1.05092
-1.12849
-1.13912
-1.11461
-1.06797
-1.00433
-0.925799
-0.833558
-0.728726
-0.612646
-0.486944
-0.353503
-0.214402
-0.0718532
-0.571476
-0.73736
-0.832631
-0.871443
-0.873362
-0.850278
-0.808414
-0.75102
-0.680062
-0.597083
-0.503594
-0.40123
-0.291777
-0.177161
-0.0594046
-0.285575
-0.472836
-0.575981
-0.629389
-0.649472
-0.645624
-0.623277
-0.58566
-0.534915
-0.472736
-0.400705
-0.320437
-0.233637
-0.142099
-0.0476872
-0.147085
-0.266724
-0.35387
-0.410476
-0.4422
-0.453815
-0.448744
-0.429417
-0.397707
-0.355232
-0.303535
-0.244181
-0.178788
-0.109032
-0.0366383
-0.0106185
-0.083177
-0.152967
-0.208842
-0.248891
-0.273594
-0.284109
-0.281773
-0.267976
-0.24413
-0.211682
-0.172118
-0.126968
-0.0777974
-0.0262025
0.161488
0.0984483
0.0382745
-0.018198
-0.0662385
-0.103226
-0.128396
-0.142088
-0.145222
-0.139001
-0.12477
-0.103935
-0.0779396
-0.0482462
-0.0163294
0.291994
0.278084
0.226946
0.166591
0.108739
0.0589363
0.0193456
-0.00973545
-0.0289625
-0.0394362
-0.0424431
-0.0393352
-0.0314792
-0.0202389
-0.00697135
0.52804
0.483572
0.422019
0.349643
0.278128
0.214007
0.15979
0.115775
0.0812181
0.0549441
0.0356375
0.0219675
0.0126311
0.0063607
0.00191784
0.709708
0.700926
0.624608
0.532098
0.442381
0.362202
0.293149
0.234717
0.185647
0.144486
0.109804
0.0802609
0.0546123
0.0316912
0.0103854
1.06453
0.96518
0.838443
0.712613
0.600013
0.50267
0.419132
0.347159
0.284585
0.229529
0.180402
0.13585
0.0946996
0.0559001
0.0184815
1.39286
1.24845
1.05165
0.883942
0.747048
0.633553
0.537084
0.453073
0.378301
0.310456
0.247822
0.189077
0.133154
0.07915
0.0262613
2.182
1.5681
1.24465
1.03387
0.877835
0.752612
0.646385
0.552572
0.467208
0.387763
0.312542
0.240345
0.170277
0.101625
0.0337867
2.28506
1.68606
1.3594
1.1458
0.987223
0.85848
0.747065
0.646203
0.552003
0.462139
0.375162
0.290134
0.206415
0.123536
0.0411281
1.83481
1.6149
1.39563
1.21951
1.07589
0.952314
0.840419
0.735208
0.633789
0.534508
0.436428
0.339016
0.24197
0.14512
0.0483641
1.67594
1.5433
1.4019
1.27064
1.15065
1.03803
0.929129
0.82158
0.714089
0.606045
0.49723
0.387642
0.27739
0.166639
0.0555807
1.52717
1.47779
1.40114
1.31393
1.2203
1.12117
1.0169
0.907911
0.794774
0.678117
0.558569
0.436729
0.313156
0.188371
0.0628692
1.44868
1.43123
1.4077
1.36168
1.29377
1.20789
1.10794
0.997123
0.877902
0.752196
0.6215
0.487021
0.349763
0.2106
0.0703221
1.30932
1.38887
1.42987
1.42465
1.37971
1.30437
1.20654
1.09217
0.965536
0.829739
0.687058
0.539242
0.387694
0.233602
0.0780298
1.1961
1.3733
1.48414
1.51519
1.48678
1.41646
1.31663
1.19573
1.05953
0.912062
0.756183
0.594055
0.42739
0.257634
0.0860755
0.883972
1.40381
1.59383
1.64703
1.62293
1.54905
1.44134
1.3099
1.16137
1.00022
0.829648
0.652018
0.469234
0.282917
0.0945327
1.43858
1.66335
1.79852
1.83254
1.79367
1.70513
1.58253
1.43595
1.27195
1.09493
0.908011
0.71356
0.51353
0.309636
0.103463
1.76321
1.98512
2.07345
2.06867
1.9989
1.88487
1.74037
1.5741
1.39158
1.19652
0.991603
0.778976
0.560511
0.337936
0.112916
2.31073
2.39966
2.41305
2.34994
2.23485
2.08578
1.91334
1.72353
1.51992
1.30495
1.08055
0.848447
0.610344
0.367936
0.122934
2.73197
2.86664
2.80576
2.66732
2.49439
2.30291
2.09836
1.88253
1.65615
1.41994
1.17484
0.922086
0.663168
0.399735
0.133553
3.58018
3.46943
3.25234
3.00865
2.76681
2.52911
2.29123
2.04885
1.79922
1.5411
1.27444
1.00001
0.719126
0.433444
0.144813
4.42043
4.14607
3.71738
3.34869
3.03635
2.75544
2.48721
2.22022
1.94818
1.66818
1.37943
1.08241
0.778419
0.469201
0.156762
6.53331
4.92989
4.14076
3.64959
3.28407
2.97296
2.68234
2.39508
2.10266
1.80135
1.49016
1.16966
0.841341
0.507194
0.169467
6.7197
5.14823
4.35722
3.86324
3.494
3.17624
2.87514
2.57353
2.26332
1.94139
1.60734
1.26233
0.908311
0.547674
0.183008
5.21629
4.82458
4.36739
3.99027
3.66818
3.36796
3.06829
2.75794
2.43213
2.08984
1.73215
1.36126
0.979878
0.59095
0.197487
4.68831
4.54641
4.32196
4.07908
3.82718
3.55928
3.26885
2.9531
2.61238
2.24897
1.86612
1.46747
1.05669
0.637377
0.213016
4.22896
4.32558
4.28932
4.17416
3.99728
3.76626
3.487
3.16559
2.80839
2.42161
2.01108
1.5821
1.13941
0.687312
0.229707
4.01109
4.19702
4.31146
4.31209
4.20498
4.00675
3.73441
3.40294
3.02493
2.61073
2.16884
1.70624
1.22868
0.741068
0.247654
3.67007
4.11811
4.41264
4.52484
4.47597
4.29869
4.02287
3.67262
3.2666
2.81909
2.341
1.84076
1.32494
0.79885
0.266915
3.40197
4.14581
4.64042
4.84946
4.83612
4.65905
4.36303
3.98103
3.53708
3.04867
2.52854
1.98609
1.42834
0.860689
0.287492
2.629
4.34659
5.06651
5.3285
5.30999
5.10203
4.76289
4.33245
3.83844
3.30027
2.73159
2.14205
1.53861
0.92638
0.309308
4.31464
5.2402
5.81059
6.00233
5.91541
5.63609
5.22615
4.72801
4.17047
3.57307
2.94911
2.30767
1.65498
0.995433
0.332197
5.39231
6.38045
6.81763
6.86968
6.65443
6.26086
5.75067
5.16482
4.53018
3.86432
3.17878
2.48109
1.77613
1.06704
0.35589
7.31532
7.90332
8.09213
7.92264
7.5173
6.96663
6.32772
5.63551
4.91155
4.16924
3.41689
2.65955
1.90013
1.14009
0.380018
8.90756
9.7034
9.61544
9.1394
8.48108
7.73367
6.94177
6.12826
5.30568
4.48112
3.65845
2.83947
2.02456
1.21317
0.404118
12.2362
12.1172
11.4082
10.4827
9.50672
8.5316
7.57083
6.62731
5.70118
4.79169
3.89746
3.01655
2.14655
1.28462
0.427652
15.6783
14.9408
13.3514
11.8612
10.5317
9.31956
8.18792
7.11427
6.08513
5.09166
4.1272
3.18607
2.26294
1.35264
0.450025
24.4445
18.3558
15.2257
13.1279
11.4753
10.0516
8.76472
7.57033
6.44432
5.37148
4.34075
3.34307
2.37041
1.41531
0.470618
25.7417
19.7163
16.3832
14.0856
12.2599
10.6886
9.27728
7.97891
6.76657
5.62205
4.53135
3.48271
2.4657
1.47075
0.488814
21.3278
19.207
16.8217
14.7155
12.8677
11.2147
9.71136
8.32776
7.04173
5.83524
4.69273
3.60038
2.54568
1.51714
0.504019
20.1477
18.8814
17.0662
15.166
13.3404
11.6367
10.0623
8.60885
7.26165
6.004
4.81928
3.6919
2.60748
1.55284
0.515691
19.969
18.9369
17.3699
15.5647
13.7283
11.9689
10.3293
8.81616
7.41938
6.1221
4.90603
3.75358
2.6486
1.57639
0.523358
20.2445
19.364
17.8389
15.985
14.0628
12.218
10.5084
8.94269
7.50801
6.18381
4.94858
3.78229
2.66697
1.58661
0.526639
21.2517
20.2387
18.5361
16.4529
14.3434
12.3732
10.5875
8.97826
7.51991
6.18374
4.94328
3.7756
2.66107
1.58268
0.525271
21.7986
21.5922
19.4976
16.9392
14.5273
12.4004
10.544
8.90906
7.44697
6.11719
4.88742
3.73199
2.63007
1.56419
0.519129
22.0847
24.257
20.7812
17.3237
14.5133
12.2397
10.3467
8.71983
7.28216
5.98119
4.77995
3.65123
2.57402
1.53125
0.508263
51.5356
30.8442
22.0521
17.2587
14.1265
11.8148
9.96448
8.39925
7.0224
5.77592
4.62212
3.53471
2.49407
1.48456
0.492912
50.3439
29.1679
20.546
16.0403
13.1698
11.0694
9.38435
7.94785
6.67212
5.50629
4.41818
3.38571
2.39249
1.42547
0.473518
17.1913
18.7736
16.1814
13.6862
11.6784
10.0356
8.63161
7.3848
6.24552
5.18269
4.17561
3.20944
2.27271
1.35592
0.450708
6.81663
11.2781
11.7496
10.9936
9.93344
8.83601
7.76972
6.74707
5.76583
4.82038
3.90463
3.01273
2.13908
1.27833
0.425261
2.81125
6.55351
8.17012
8.51228
8.2144
7.61479
6.87751
6.08058
5.26129
4.43743
3.61709
2.80334
1.9965
1.19541
0.398042
0.111576
3.30505
5.4757
6.47542
6.70488
6.48918
6.02673
5.42962
4.75992
4.05203
3.32498
2.58914
1.84994
1.1099
0.369932
-4.65081
0.766875
3.59443
4.97346
5.50451
5.53491
5.26947
4.82906
4.28508
3.67995
3.03896
2.37728
1.70395
1.02435
0.341747
-0.440582
-1.32839
-2.23654
-3.18001
-4.17614
-5.24625
-6.41806
-7.72983
-9.23778
-11.0305
-13.2594
-16.2093
-20.484
-27.5581
-41.6854
-0.444119
-1.33961
-2.2573
-3.21365
-4.22783
-5.3236
-6.53205
-7.89626
-9.47922
-11.3784
-13.7537
-16.8814
-21.2619
-27.8124
-38.0683
-0.440408
-1.32861
-2.23942
-3.18946
-4.19794
-5.28825
-6.49029
-7.84393
-9.40439
-11.2504
-13.4955
-16.3006
-19.8698
-24.3612
-29.4587
-0.429311
-1.29501
-2.1823
-3.10682
-4.08621
-5.14119
-6.29693
-7.58478
-9.04404
-10.7232
-12.6774
-14.9556
-17.5556
-20.3037
-22.5781
-0.411136
-1.23981
-2.08795
-2.96932
-3.89889
-4.89335
-5.97147
-7.15421
-8.46383
-9.92078
-11.5354
-13.2888
-15.0933
-16.7201
-17.7019
-0.386553
-1.16516
-1.96038
-2.78361
-3.64669
-4.56185
-5.5414
-6.59677
-7.7363
-8.96072
-10.2546
-11.5711
-12.8086
-13.7814
-14.2062
-0.356468
-1.0739
-1.80479
-2.55806
-3.34241
-4.16595
-5.03551
-5.95517
-6.92386
-7.93122
-8.95109
-9.93237
-10.7885
-11.3909
-11.581
-0.321892
-0.969167
-1.62682
-2.30143
-2.99892
-3.72405
-4.47951
-5.26452
-6.07276
-6.88922
-7.6862
-8.41883
-9.02198
-9.41268
-9.5046
-0.283825
-0.854058
-1.4319
-2.02191
-2.62781
-3.25182
-3.89394
-4.55066
-5.21345
-5.8667
-6.48567
-7.03477
-7.46797
-7.73327
-7.78391
-0.243175
-0.731342
-1.2248
-1.72652
-2.23856
-2.7615
-3.29377
-3.83074
-4.36365
-4.87848
-5.35499
-5.76661
-6.08186
-6.26852
-6.30108
-0.200707
-0.603333
-1.00944
-1.42082
-1.83841
-2.26184
-2.68889
-3.11487
-3.53195
-3.92857
-4.28921
-4.59481
-4.82433
-4.95789
-4.98139
-0.157026
-0.471841
-0.788808
-1.10891
-1.43242
-1.75856
-2.08509
-2.40791
-2.7207
-3.01464
-3.27848
-3.49908
-3.66275
-3.75733
-3.77496
-0.112584
-0.338197
-0.565039
-0.793592
-1.02381
-1.25489
-1.48498
-1.71098
-1.92831
-2.13082
-2.31097
-2.46029
-2.57027
-2.63373
-2.64634
-0.0676991
-0.203322
-0.339558
-0.476607
-0.614347
-0.752197
-0.888966
-1.02273
-1.15073
-1.26936
-1.37431
-1.46083
-1.52431
-1.56096
-1.56862
-32289.4
-32268.1
-32246.7
-32225.1
-32203.1
-32180.7
-32157.9
-32134.4
-32110.3
-32085.3
-32059.6
-32032.9
-32005.2
-31976.6
-31946.9
-92.1664
-131.59
53.1485
-0.414151
35.4753
2.511
20.4276
-1.59175
-22.4536
-6.10084
-31.8663
-7.92586
-40.1767
-7.12828
-50.8423
47.5471
4.12044
36.2543
4.84723
27.2344
2.8875
17.1953
-1.524
-20.2416
-5.99325
-30.3316
-8.09841
-39.4741
-7.64394
-51.0021
46.9608
3.35484
36.2486
4.31429
27.3811
2.41687
17.2438
-2.06881
-21.4395
-6.67145
-31.9666
-8.84318
-41.559
-8.32391
-53.6522
48.9469
3.29295
37.8634
4.38776
28.6698
2.47402
18.1168
-2.16784
-22.5338
-6.90629
-33.5555
-9.03468
-43.5526
-8.23039
-56.0682
52.4681
4.35244
40.6656
5.44605
31.051
3.47358
20.0365
-1.37571
-22.9491
-6.27541
-34.747
-8.30599
-45.5975
-7.01432
-59.4087
61.0414
7.62845
49.8763
9.67774
42.3173
9.10167
35.6042
7.11446
-26.0488
75.646
46.8101
29.6127
16.9371
5.30039
-8.31308
-52.046
-50.4328
-7.64772
-1.79447
7.1941
3.39204
3.78576
-3.25852
-10.4198
-11.0735
-16.2804
-14.1729
-18.3942
-12.4038
-12.5896
8.88046
8.664
14.4025
10.1127
11.8024
6.55241
5.42671
-1.52647
-8.4895
-9.65153
-14.9487
-13.3476
-17.7245
-12.1388
-12.4776
8.79312
8.48241
14.3138
9.94961
11.7089
6.33134
5.1911
-1.98519
-9.18751
-10.3922
-15.8954
-14.2285
-18.784
-12.9368
-13.2667
9.03029
8.73273
14.887
10.3433
12.2312
6.61843
5.46043
-2.05063
-9.5891
-10.8032
-16.5486
-14.7106
-19.4439
-13.1583
-13.4223
10.2223
9.97173
16.4759
11.7298
13.7627
7.89753
6.73464
-1.14351
-9.05203
-10.2391
-16.2503
-14.1021
-19.0011
-11.8625
-11.7628
14.8622
15.1299
23.3461
18.9207
23.019
17.9027
19.998
13.8444
11.4237
31.942
30.0507
23.1011
15.4413
8.14689
2.13916
-32.5466
-28.5633
-15.2621
-7.68966
-2.66864
-1.76883
-2.14537
-4.75686
-7.75676
-9.48963
-11.2275
-11.3062
-11.3166
-8.78556
-5.52117
1.44239
4.63244
6.99141
6.76751
6.36367
4.27831
2.04963
-1.51474
-5.0908
-7.35528
-9.49905
-9.98867
-10.321
-8.10221
-5.07076
1.70266
4.76541
7.06052
6.76712
6.31388
4.14407
1.83027
-1.86407
-5.57206
-7.92323
-10.1493
-10.6535
-10.9887
-8.65492
-5.46361
1.64976
4.88188
7.31572
7.03718
6.59364
4.34799
1.95247
-1.89393
-5.75147
-8.17497
-10.4617
-10.9239
-11.2026
-8.65463
-5.20457
2.38537
5.86428
8.48645
8.25201
7.84744
5.55024
3.10279
-0.86759
-4.83378
-7.25614
-9.5029
-9.75036
-9.73872
-6.57452
-2.31322
6.63737
11.1854
15.02
15.8894
16.9899
16.319
16.27
15.1988
15.8642
20.5078
20.5754
17.6123
13.4192
9.14061
5.67855
-22.8255
-20.1116
-14.6272
-9.91075
-6.59682
-5.09179
-4.85815
-5.69588
-6.91829
-7.89854
-8.56363
-8.53808
-7.89847
-6.22343
-3.77957
-0.561856
1.79764
3.29968
3.68147
3.34633
2.21061
0.595944
-1.4862
-3.58075
-5.23287
-6.4314
-6.85617
-6.59129
-5.23583
-3.05239
-0.0444145
2.15381
3.53472
3.81482
3.39069
2.16415
0.457436
-1.72329
-3.91045
-5.63432
-6.88279
-7.32176
-7.03672
-5.60789
-3.30834
-0.141753
2.18054
3.65024
3.96871
3.55111
2.29337
0.533771
-1.72121
-3.97884
-5.74368
-7.00227
-7.40139
-7.03158
-5.45005
-2.94831
0.468361
2.99051
4.61054
5.01919
4.65758
3.4193
1.66396
-0.597697
-2.83866
-4.52603
-5.63454
-5.77171
-5.01607
-2.86643
0.38377
4.75231
8.26816
10.9636
12.5255
13.5117
13.8396
14.0142
14.0525
14.5761
15.6632
15.4642
13.8947
11.52
8.9586
6.74262
-17.3364
-15.6495
-12.8864
-10.1122
-7.92018
-6.58393
-6.02817
-6.08096
-6.42853
-6.7613
-6.8943
-6.65419
-5.9714
-4.76839
-3.15231
-1.33027
0.197589
1.2211
1.62781
1.4818
0.832598
-0.184577
-1.43978
-2.7078
-3.76364
-4.47798
-4.71677
-4.43197
-3.56177
-2.22133
-0.625454
0.719125
1.5941
1.87661
1.62297
0.87566
-0.232818
-1.57325
-2.91599
-4.02998
-4.78193
-5.03264
-4.73181
-3.8147
-2.40161
-0.717475
0.70691
1.64256
1.96017
1.71839
0.961436
-0.171582
-1.54467
-2.91583
-4.04137
-4.78047
-4.98613
-4.60545
-3.57058
-2.00956
-0.160541
1.41581
2.47902
2.89552
2.73016
2.0329
0.954234
-0.357606
-1.64071
-2.62946
-3.16491
-3.07871
-2.30079
-0.743134
1.47035
4.09514
6.53237
8.53946
9.99042
10.9817
11.5808
11.9547
12.2075
12.4765
12.6706
12.3263
11.3369
9.88963
8.2792
6.78798
-13.7978
-12.7371
-11.1613
-9.47559
-8.01115
-6.95217
-6.32186
-6.04156
-5.96009
-5.9117
-5.76225
-5.40777
-4.79342
-3.90818
-2.82165
-1.67504
-0.676212
0.0307332
0.370066
0.341876
-0.0155331
-0.62234
-1.3749
-2.14038
-2.78616
-3.20933
-3.33133
-3.11566
-2.56483
-1.7581
-0.844627
-0.0393316
0.50664
0.710453
0.566143
0.107253
-0.589061
-1.41988
-2.25091
-2.94699
-3.40284
-3.53774
-3.31434
-2.73573
-1.88519
-0.919152
-0.062938
0.524855
0.757153
0.627512
0.171029
-0.531226
-1.37092
-2.20653
-2.89553
-3.32682
-3.4152
-3.12136
-2.44875
-1.48552
-0.396801
0.580013
1.27879
1.60973
1.56866
1.19575
0.580269
-0.158887
-0.866648
-1.38565
-1.59045
-1.38178
-0.708336
0.43577
1.96465
3.70805
5.41599
6.91617
8.11728
9.01651
9.64615
10.0695
10.3392
10.4846
10.4535
10.1173
9.43818
8.49428
7.42814
6.38859
-11.252
-10.5664
-9.59471
-8.52025
-7.51826
-6.70313
-6.11154
-5.71582
-5.44402
-5.20763
-4.92546
-4.53555
-4.00553
-3.33784
-2.57751
-1.80701
-1.1297
-0.630276
-0.358443
-0.323975
-0.504531
-0.850212
-1.29143
-1.74532
-2.12925
-2.37439
-2.43211
-2.28197
-1.93638
-1.44858
-0.908027
-0.424362
-0.0881148
0.0455897
-0.0376899
-0.319265
-0.751613
-1.26623
-1.78014
-2.20995
-2.48591
-2.5588
-2.40836
-2.04835
-1.5351
-0.96268
-0.446261
-0.0809379
0.0753272
0.00728689
-0.265466
-0.692958
-1.20306
-1.70833
-2.12082
-2.36693
-2.39469
-2.1827
-1.74543
-1.14219
-0.471913
0.144595
0.608225
0.859622
0.885017
0.707905
0.384394
-0.00537728
-0.364388
-0.594316
-0.611362
-0.354148
0.206372
1.06061
2.15002
3.37205
4.59876
5.72354
6.67885
7.43951
8.00855
8.40568
8.64994
8.74691
8.67592
8.40192
7.92084
7.27497
6.53879
5.79373
-9.26281
-8.80781
-8.17599
-7.46058
-6.75628
-6.13218
-5.61918
-5.21165
-4.87698
-4.56946
-4.24381
-3.86507
-3.41591
-2.90087
-2.34804
-1.80476
-1.32703
-0.963554
-0.745145
-0.680193
-0.755746
-0.940511
-1.18971
-1.45099
-1.67222
-1.80932
-1.83222
-1.72975
-1.5127
-1.21503
-0.889507
-0.597113
-0.391208
-0.306816
-0.355978
-0.52867
-0.795701
-1.11357
-1.43049
-1.69446
-1.86141
-1.90147
-1.80414
-1.58164
-1.2702
-0.925568
-0.612007
-0.385688
-0.2835
-0.318153
-0.479137
-0.735738
-1.04214
-1.34375
-1.58569
-1.72146
-1.71943
-1.56842
-1.28111
-0.895405
-0.469596
-0.0706765
0.24328
0.434961
0.49298
0.430874
0.283932
0.103837
-0.0480072
-0.109529
-0.0272107
0.236725
0.698133
1.34679
2.14441
3.02931
3.92833
4.77496
5.52071
6.13846
6.61849
6.96195
7.17275
7.25106
7.1906
6.98479
6.64077
6.18571
5.66221
5.11742
-7.6123
-7.30381
-6.87764
-6.38491
-5.87882
-5.40124
-4.97492
-4.60257
-4.27083
-3.9574
-3.63862
-3.29601
-2.92114
-2.5183
-2.10482
-1.70814
-1.35983
-1.08794
-0.910867
-0.834083
-0.849696
-0.93802
-1.07061
-1.21434
-1.33631
-1.40869
-1.41287
-1.34251
-1.20509
-1.02162
-0.823272
-0.645321
-0.519321
-0.466906
-0.496383
-0.602228
-0.76658
-0.962292
-1.1571
-1.31866
-1.41963
-1.44197
-1.38017
-1.243
-1.05311
-0.843712
-0.652123
-0.511692
-0.445276
-0.461678
-0.555119
-0.706805
-0.888133
-1.06507
-1.20347
-1.2744
-1.25872
-1.15042
-0.958471
-0.706369
-0.428557
-0.163602
0.0544102
0.202773
0.273924
0.276006
0.231209
0.172372
0.138309
0.168126
0.295412
0.543239
0.92026
1.41845
2.01312
2.66626
3.33332
3.97164
4.54688
5.03572
5.42508
5.70928
5.88631
5.95507
5.91458
5.76668
5.52059
5.19503
4.81628
4.41328
-6.18136
-5.96926
-5.67513
-5.32847
-4.96032
-4.59646
-4.25298
-3.93499
-3.63832
-3.35303
-3.06772
-2.77343
-2.46666
-2.15106
-1.83741
-1.54186
-1.28258
-1.07578
-0.932179
-0.85492
-0.838941
-0.871786
-0.935455
-1.00904
-1.0718
-1.10627
-1.10088
-1.05181
-0.963822
-0.84961
-0.727672
-0.618717
-0.541472
-0.509071
-0.526819
-0.591536
-0.692299
-0.812312
-0.931585
-1.03012
-1.09109
-1.10362
-1.06475
-0.980269
-0.86413
-0.736206
-0.61857
-0.531117
-0.487795
-0.494267
-0.547227
-0.635189
-0.740446
-0.841897
-0.918389
-0.952086
-0.931366
-0.852886
-0.722448
-0.554355
-0.369005
-0.188932
-0.0341647
0.0817709
0.154327
0.188643
0.198703
0.20523
0.23264
0.305426
0.444454
0.663714
0.967901
1.35119
1.79761
2.28317
2.77969
3.25917
3.69746
4.07621
4.38313
4.61091
4.75581
4.81637
4.79321
4.68999
4.51484
4.28092
4.0053
3.70652
-4.89911
-4.75285
-4.54827
-4.30298
-4.03562
-3.76236
-3.49433
-3.23672
-2.9894
-2.74871
-2.50977
-2.26879
-2.02489
-1.781
-1.54395
-1.32334
-1.12977
-0.972594
-0.857967
-0.787511
-0.75788
-0.761167
-0.786024
-0.819314
-0.848038
-0.861264
-0.851773
-0.817177
-0.760305
-0.688728
-0.613377
-0.546453
-0.499046
-0.479023
-0.489621
-0.528937
-0.5903
-0.663396
-0.735939
-0.795658
-0.832289
-0.83929
-0.815013
-0.763123
-0.692116
-0.613885
-0.541554
-0.486992
-0.458614
-0.459913
-0.488934
-0.538669
-0.59824
-0.654664
-0.694935
-0.708127
-0.687189
-0.63017
-0.540648
-0.427194
-0.301853
-0.177822
-0.0668222
0.0232349
0.0897952
0.136208
0.171286
0.208014
0.261631
0.347338
0.47796
0.661897
0.901628
1.19304
1.52572
1.88431
2.2506
2.60603
2.93378
3.22016
3.4551
3.63191
3.74677
3.79823
3.78714
3.71688
3.59372
3.42686
3.22765
3.0083
-3.71977
-3.62043
-3.48004
-3.30926
-3.11943
-2.92071
-2.72066
-2.52363
-2.33095
-2.14186
-1.95473
-1.76839
-1.58308
-1.40112
-1.2268
-1.06588
-0.924542
-0.808145
-0.720149
-0.661313
-0.629418
-0.619485
-0.624449
-0.636164
-0.64659
-0.648966
-0.638819
-0.614615
-0.577964
-0.53328
-0.486946
-0.446084
-0.417188
-0.404881
-0.411069
-0.434589
-0.471406
-0.515275
-0.558761
-0.594447
-0.61616
-0.620001
-0.605036
-0.573509
-0.530503
-0.483069
-0.438951
-0.405163
-0.386697
-0.385639
-0.400813
-0.427985
-0.460568
-0.49069
-0.510475
-0.513317
-0.494968
-0.454259
-0.393308
-0.317152
-0.232813
-0.147947
-0.0693226
-0.00146612
0.0542755
0.100096
0.141491
0.186478
0.244413
0.32457
0.434694
0.579735
0.760937
0.975453
1.21654
1.47435
1.73716
1.99273
2.22966
2.4382
2.61079
2.74212
2.82899
2.87017
2.86629
2.81992
2.73553
2.61939
2.47902
2.32244
-2.61126
-2.5471
-2.45557
-2.34297
-2.21604
-2.08098
-1.94266
-1.80427
-1.66733
-1.53217
-1.39858
-1.26648
-1.13648
-1.01022
-0.890355
-0.780244
-0.683394
-0.602801
-0.540339
-0.49632
-0.46933
-0.456351
-0.453151
-0.454873
-0.456731
-0.454701
-0.446104
-0.42998
-0.407189
-0.380208
-0.352634
-0.328487
-0.311439
-0.304107
-0.307557
-0.321094
-0.342358
-0.367708
-0.392812
-0.413359
-0.425768
-0.427792
-0.418908
-0.400424
-0.375267
-0.347477
-0.321476
-0.301269
-0.289712
-0.287992
-0.295415
-0.309511
-0.326438
-0.341604
-0.350414
-0.34902
-0.334947
-0.307498
-0.267865
-0.218892
-0.164534
-0.109084
-0.0563173
-0.00872187
0.0330415
0.0703576
0.106524
0.146298
0.195194
0.258648
0.34115
0.445499
0.572274
0.719601
0.883277
1.05721
1.23412
1.4063
1.5664
1.70799
1.82589
1.91635
1.97703
2.00699
2.00664
1.97768
1.92307
1.84682
1.75371
1.64881
-1.54919
-1.51319
-1.46145
-1.39731
-1.32435
-1.24593
-1.16478
-1.08281
-1.00113
-0.92023
-0.840294
-0.761538
-0.684481
-0.610108
-0.539865
-0.475509
-0.418834
-0.371349
-0.33397
-0.306806
-0.289067
-0.279135
-0.274765
-0.273386
-0.272472
-0.269894
-0.264228
-0.254943
-0.24245
-0.227991
-0.213385
-0.200668
-0.1917
-0.187807
-0.189522
-0.196471
-0.207426
-0.220493
-0.233426
-0.24399
-0.250331
-0.251292
-0.246605
-0.236948
-0.223825
-0.209307
-0.195656
-0.184921
-0.178561
-0.177179
-0.180407
-0.186961
-0.194844
-0.201668
-0.205048
-0.202983
-0.194185
-0.178282
-0.15587
-0.128387
-0.0978287
-0.0663578
-0.0358653
-0.00757953
0.0182115
0.0422743
0.0663623
0.0929798
0.125015
0.165296
0.216144
0.278973
0.354016
0.440207
0.535239
0.635791
0.737877
0.837256
0.929817
1.0119
1.08052
1.13345
1.16929
1.18747
1.18818
1.17239
1.14177
1.09855
1.04537
0.985054
-31918.6
-31892.3
-31865.2
-31837.5
-31809.1
-31780.1
-31750.5
-31720.4
-31689.8
-31658.7
-31627.2
-31595.3
-31563.1
-31530.5
-31497.6
-31464.5
-31431.2
-31397.7
-31364
-31330.2
-31296.2
-31262.1
-31227.9
-31193.5
-31159
-31124.4
-31089.7
-31054.8
-31019.8
-30984.7
-30949.5
-30914.3
-30878.9
-30843.4
-30807.8
-30772.2
-30736.4
-30700.6
-30664.6
-30628.6
-30592.4
-30556.1
-30519.8
-30483.2
-30446.6
-30409.9
-30373.1
-30336.2
-30299.2
-30262.1
-30224.9
-30187.7
-30150.4
-30112.9
-30075.4
-30037.8
-30000.1
-29962.3
-29924.4
-29886.5
-29848.5
-29810.4
-29772.3
-29734.2
-29696.1
-29658
-29619.9
-29581.9
-29543.9
-29505.9
-29468.1
-29430.3
-29392.7
-29355.2
-29317.9
-29280.9
-29244.1
-29207.7
-29171.7
-29136.1
-29101
-29066.4
-29032.3
-28998.8
-28965.8
-28933.4
-28901.5
-28870.2
-28839.3
-28808.9
-4.60356
0.291584
2.76315
4.03632
4.60538
4.73454
4.58436
4.25625
3.8148
3.30129
2.74212
2.15429
1.5488
0.932885
0.311525
0.811312
1.8278
2.91113
3.64473
4.02204
4.11528
3.9994
3.73521
3.36803
2.93031
2.44481
1.92742
1.38925
0.838185
0.280132
3.76114
3.29717
3.40884
3.60943
3.72278
3.70514
3.56273
3.31716
2.99181
2.6071
2.1794
1.72135
1.24258
0.750476
0.250952
5.08322
4.19091
3.81761
3.66136
3.55452
3.41978
3.22923
2.97889
2.67495
2.32687
1.94434
1.536
1.10923
0.67019
0.224153
5.48737
4.56563
4.00935
3.66388
3.41416
3.19022
2.9555
2.69423
2.40222
2.08111
1.73507
1.3691
0.988155
0.596899
0.199625
5.3944
4.57488
3.99028
3.57067
3.248
2.97143
2.70833
2.44032
2.1586
1.86027
1.54575
1.21716
0.877393
0.529625
0.177072
5.0364
4.3492
3.80622
3.3805
3.03576
2.73918
2.46608
2.20011
1.93158
1.65562
1.37049
1.07639
0.774635
0.467137
0.156109
4.53941
3.9793
3.50489
3.10937
2.77535
2.48343
2.21672
1.96245
1.71199
1.46013
1.2042
0.943278
0.67762
0.408181
0.136335
3.97196
3.52371
3.12469
2.77672
2.47284
2.20248
1.95491
1.72098
1.49381
1.26872
1.04289
0.814906
0.584385
0.351632
0.117385
3.37135
3.01887
2.69346
2.39997
2.1368
1.89876
1.67945
1.47274
1.27354
1.07806
0.883736
0.689071
0.493382
0.296578
0.0989581
2.75757
2.48696
2.23029
1.99291
1.77562
1.57631
1.3914
1.217
1.04957
0.886237
0.724922
0.564259
0.403495
0.242341
0.0808269
2.14087
1.9411
1.74784
1.56576
1.39648
1.23944
1.09283
0.954289
0.821487
0.6924
0.565455
0.439549
0.313999
0.188462
0.0628358
1.52587
1.38874
1.25422
1.12581
1.00509
0.892161
0.786185
0.68584
0.589691
0.49642
0.404949
0.314482
0.22449
0.134672
0.0448904
0.91387
0.833768
0.754487
0.678169
0.605903
0.537928
0.473911
0.413196
0.355018
0.29864
0.24344
0.188939
0.134808
0.0808456
0.026944
-28776
-28740.8
-28706
-28671.8
-28638.1
-28604.7
-28571.7
-28539
-28506.6
-28474.4
-28442.4
-28410.6
-28378.9
-28347.3
-28315.8
)
;

boundaryField
{
    hot
    {
        type            calculated;
        value           nonuniform List<scalar> 
120
(
32284.1
0.0533457
0.0894625
0.126369
0.164296
0.203386
0.243656
0.284959
0.326949
0.369048
0.410424
0.449999
0.486491
0.518496
0.544626
0.562671
0.573069
0.577745
0.576725
0.570309
0.559036
0.543618
0.524862
0.503593
0.480582
0.456505
0.431915
0.407243
0.382812
0.358861
0.33557
0.313082
0.291522
0.271
0.251616
0.233451
0.216564
0.20098
0.186694
0.173662
0.161811
0.151042
0.141242
0.132291
0.124077
0.116498
0.109473
0.102938
0.0968498
0.0911789
0.0859043
0.0810078
0.0764678
0.072256
0.0683348
0.0646576
0.0611706
0.057816
0.0545365
0.0512788
0.0479974
0.0446564
0.0412298
0.0377008
0.0340591
0.030298
0.0264107
0.0223879
0.0182155
0.0138729
0.00933299
0.0045626
-0.000476776
-0.00582745
-0.0115341
-0.0176425
-0.0241977
-0.031243
-0.038818
-0.0469573
-0.0556889
-0.0650321
-0.074997
-0.0855838
-0.0967841
-0.108584
-0.120967
-0.133924
-0.147455
-0.161577
-0.176328
-0.191769
-0.207971
-0.225011
-0.242953
-0.261822
-0.281582
-0.302111
-0.323173
-0.344404
-0.365303
-0.38524
-0.403484
-0.419241
-0.431722
-0.440582
-0.444119
-0.440408
-0.429311
-0.411136
-0.386553
-0.356468
-0.321892
-0.283825
-0.243175
-0.200707
-0.157026
-0.112584
-0.0676991
-32289.4
)
;
    }
    cold
    {
        type            calculated;
        value           nonuniform List<scalar> 
120
(
28318.1
-0.0203853
-0.0353879
-0.052533
-0.0727147
-0.0968374
-0.12578
-0.160328
-0.201075
-0.24828
-0.301713
-0.360498
-0.423002
-0.486826
-0.548946
-0.601787
-0.643799
-0.678678
-0.705283
-0.723011
-0.731808
-0.73211
-0.724727
-0.710693
-0.691129
-0.66713
-0.639689
-0.609662
-0.577768
-0.544606
-0.510688
-0.476462
-0.442335
-0.408683
-0.37585
-0.344139
-0.313801
-0.285028
-0.257947
-0.232615
-0.209031
-0.187141
-0.166853
-0.14805
-0.1306
-0.114374
-0.0992465
-0.0851057
-0.0718532
-0.0594046
-0.0476872
-0.0366383
-0.0262025
-0.0163294
-0.00697135
0.00191784
0.0103854
0.0184815
0.0262613
0.0337867
0.0411281
0.0483641
0.0555807
0.0628692
0.0703221
0.0780298
0.0860755
0.0945327
0.103463
0.112916
0.122934
0.133553
0.144813
0.156762
0.169467
0.183008
0.197487
0.213016
0.229707
0.247654
0.266915
0.287492
0.309308
0.332197
0.35589
0.380018
0.404118
0.427652
0.450025
0.470618
0.488814
0.504019
0.515691
0.523358
0.526639
0.525271
0.519129
0.508263
0.492912
0.473518
0.450708
0.425261
0.398042
0.369932
0.341747
0.311525
0.280132
0.250952
0.224153
0.199625
0.177072
0.156109
0.136335
0.117385
0.0989581
0.0808269
0.0628358
0.0448904
0.026944
-28315.8
)
;
    }
    interface_left
    {
        type            calculated;
        value           nonuniform List<scalar> 
90
(
24.0266
60.1441
62.7049
35.961
26.0362
16.9026
12.6075
7.07787
8.47779
8.8185
9.1397
9.36227
9.95806
10.8233
13.5211
12.9933
8.55442
6.80173
5.08072
4.24355
3.20151
2.60095
1.61712
2.15623
2.3647
2.6487
2.83645
3.22067
3.63865
4.78832
4.69686
3.24939
2.67646
2.09633
1.80589
1.41773
1.18031
0.749364
1.06033
1.19311
1.37876
1.5008
1.73874
1.98337
2.63527
2.59239
1.8003
1.48261
1.15051
0.98058
0.747194
0.604467
0.352672
0.474915
0.505109
0.519909
0.507609
0.467085
0.42462
0.337811
0.230896
-0.0366914
-0.167379
-0.33436
-0.422355
-0.527284
-0.565426
-0.528327
-0.968883
-1.27723
-1.84962
-2.31458
-3.27293
-4.22458
-6.60408
-6.93184
-5.6461
-5.22824
-4.9263
-4.78285
-4.54468
-4.28491
-3.44743
-6.39176
-6.42546
-3.37767
-3.20175
-4.90159
-10.331
-27.5559
)
;
    }
    interface_right
    {
        type            calculated;
        value           nonuniform List<scalar> 
90
(
-11.2528
-111.01
-123.428
-67.7944
-47.8486
-30.3745
-22.4003
-12.4399
-14.9994
-15.6479
-16.2547
-16.6445
-17.6211
-19.0502
-23.5252
-22.4806
-14.5314
-11.3712
-8.22271
-6.7023
-4.83657
-3.80419
-2.23607
-2.74054
-2.84592
-2.90053
-2.90443
-2.93505
-3.04988
-3.51836
-3.25338
-1.90883
-1.36561
-0.826779
-0.571476
-0.285575
-0.147085
-0.0106185
0.161488
0.291994
0.52804
0.709708
1.06453
1.39286
2.182
2.28506
1.83481
1.67594
1.52717
1.44868
1.30932
1.1961
0.883972
1.43858
1.76321
2.31073
2.73197
3.58018
4.42043
6.53331
6.7197
5.21629
4.68831
4.22896
4.01109
3.67007
3.40197
2.629
4.31464
5.39231
7.31532
8.90756
12.2362
15.6783
24.4445
25.7417
21.3278
20.1477
19.969
20.2445
21.2517
21.7986
22.0847
51.5356
50.3439
17.1913
6.81663
2.81125
0.111576
-4.65081
)
;
    }
    interface_top
    {
        type            calculated;
        value           nonuniform List<scalar> 
90
(
-119.11
-196.565
106.535
-3.11014
56.743
-1.31417
32.9888
-0.801683
-32.3975
-0.47243
-44.0559
-0.440248
-57.0902
0.129792
-83.3409
80.2504
-2.6514
53.0675
-1.94142
39.0938
-1.8298
26.5427
-1.51971
-29.5702
-1.27893
-42.1467
-1.32601
-56.2014
-0.922152
-83.5907
79.3654
-3.814
53.2141
-2.75231
39.4807
-2.50496
26.8567
-2.09842
-31.1357
-1.81286
-44.288
-1.83142
-59.0556
-1.34817
-87.7972
82.8526
-4.26093
55.6467
-3.05198
41.3704
-2.71471
28.2203
-2.21266
-32.7701
-1.7956
-46.5906
-1.6335
-62.0783
-0.818775
-92.1359
88.3381
-3.52792
59.3784
-2.39757
44.4151
-2.02624
30.6802
-1.47234
-33.8933
-0.918922
-48.8612
-0.494546
-65.9445
0.774545
-99.5593
100.441
-1.97708
70.6625
-0.698559
57.631
-0.0151322
48.6743
2.00972
-58.8347
111.01
57.3283
32.8634
17.4281
3.35683
-16.1132
)
;
    }
    interface_bottom
    {
        type            calculated;
        value           nonuniform List<scalar> 
90
(
36.2502
112.438
-84.5514
2.64981
-51.8694
0.888229
-33.0998
-0.0821926
31.7715
-0.877457
44.2335
-1.34211
58.0138
-2.3902
85.4444
-87.1126
0.0735286
-58.5174
-0.891229
-43.8347
-1.1991
-30.735
-1.70344
27.1832
-2.22301
39.617
-2.58191
53.1453
-3.69037
79.1484
-83.4519
-1.16137
-56.2736
-1.81953
-42.2846
-1.9264
-29.8177
-2.28527
25.1326
-2.73731
36.9651
-3.04345
49.7915
-4.1487
74.1998
-79.2066
-1.4988
-53.3309
-1.91999
-40.0515
-1.91305
-28.2349
-2.18607
23.7675
-2.56164
35.0257
-2.7873
47.2446
-3.70601
70.5685
-74.9158
-1.16014
-50.4339
-1.57007
-37.8478
-1.56998
-26.597
-1.80795
22.8888
-2.07667
33.6956
-2.14559
45.5435
-2.68087
68.5304
-71.4761
-0.349071
-48.4636
-0.939763
-36.9493
-1.19759
-27.3433
-2.18634
24.8412
-28.7343
-4.61256
10.6798
25.8972
48.2157
93.8081
)
;
    }
    defaultFaces
    {
        type            empty;
    }
}


// ************************************************************************* //
