/*--------------------------------*- C++ -*----------------------------------*\
| =========                 |                                                 |
| \\      /  F ield         | OpenFOAM: The Open Source CFD Toolbox           |
|  \\    /   O peration     | Version:  5.x                                   |
|   \\  /    A nd           | Web:      www.OpenFOAM.org                      |
|    \\/     M anipulation  |                                                 |
\*---------------------------------------------------------------------------*/
FoamFile
{
    version     2.0;
    format      ascii;
    class       volScalarField;
    location    "10.2999";
    object      gradTy;
}
// * * * * * * * * * * * * * * * * * * * * * * * * * * * * * * * * * * * * * //

dimensions      [0 -1 0 1 0 0 0];

internalField   nonuniform List<scalar> 
6300
(
32284.1
32252.2
32220.2
32188.1
32155.7
32123
32089.9
32056.4
32022.4
31987.9
31952.8
31917.2
31880.9
31844
31806.6
0.0534008
0.159703
0.264476
0.366586
0.464742
0.557453
0.643005
0.719484
0.784838
0.837003
0.874088
0.89463
0.897873
0.884052
0.854581
0.0895545
0.267871
0.44375
0.615369
0.780622
0.937042
1.08176
1.2115
1.32271
1.41174
1.47517
1.51024
1.51538
1.49077
1.43876
0.126501
0.378478
0.627288
0.870522
1.10534
1.32835
1.53549
1.72205
1.88277
2.0121
2.10463
2.15579
2.16265
2.12491
2.04575
0.164474
0.492254
0.816405
1.13409
1.44189
1.73553
2.00981
2.25846
2.47425
2.64928
2.7755
2.84566
2.85454
2.80052
2.68717
0.203616
0.609662
1.01199
1.40757
1.79259
2.16209
2.50977
2.82774
3.10652
3.33529
3.50247
3.59685
3.60937
3.53551
3.37812
0.243945
0.730794
1.21432
1.69162
2.15881
2.6105
3.03946
3.43623
3.78884
4.08294
4.30227
4.42993
4.45062
4.35407
4.13979
0.285318
0.855255
1.42287
1.98581
2.54053
3.08165
3.60138
4.08889
4.5297
4.90538
5.19378
5.37004
5.40918
5.29041
5.00436
0.327389
0.982046
1.63609
2.28824
2.93586
3.5742
4.19555
4.78829
5.33572
5.81517
6.19746
6.44735
6.5257
6.39413
6.0237
0.369582
1.10945
1.8512
2.59522
3.34049
4.08374
4.81837
5.53301
6.20975
6.82217
7.3336
7.69628
7.85228
7.73686
7.28465
0.411069
1.23499
2.06406
2.90096
3.74715
4.60193
5.46121
6.31567
7.14813
7.9302
8.6186
9.15206
9.45062
9.41697
8.9327
0.450774
1.35539
2.26907
3.19744
4.14523
5.11562
6.1089
7.12037
8.13694
9.13199
10.0587
10.8431
11.3821
11.5496
11.1932
0.487416
1.46671
2.45942
3.47449
4.52073
5.60644
6.73841
7.92
9.1473
10.4022
11.6413
12.7806
13.6875
14.2121
14.3026
0.519594
1.56463
2.62741
3.72036
4.85677
6.051
7.31831
8.67392
10.13
11.6885
13.3241
14.952
16.3807
17.3249
17.9279
0.54592
1.64482
2.76524
3.92278
5.13501
6.42248
7.80992
9.32735
11.0105
12.8976
15.0149
17.3252
19.5686
20.8168
18.5282
31771.7
31739.7
31707.3
31674.5
31641.4
31608.1
31574.4
31540.6
31506.5
31472.2
31437.7
31403
31368.2
31333.3
31298.4
31263.3
31228.2
31193.1
31158.1
31123
31087.9
31052.9
31018
30983
30948.1
30913.3
30878.5
30843.8
30809.1
30774.5
30740
30705.5
30671.2
30636.9
30602.8
30568.7
30534.8
30501
30467.2
30433.6
30400
30366.6
30333.2
30299.9
30266.7
30233.6
30200.6
30167.8
30135
30102.4
30069.8
30037.4
30005.1
29972.9
29940.8
29908.8
29876.9
29845
29813.2
29781.6
29750
29718.5
29687.1
29655.9
29624.7
29593.6
29562.6
29531.8
29501
29470.2
29439.6
29409
29378.5
29348
29317.6
29287.3
29257
29226.8
29196.7
29166.6
29136.5
29106.5
29076.5
29046.4
29016.4
28986.2
28956.1
28925.8
28895.4
28865
0.815611
0.773391
0.726656
0.677618
0.628128
0.579423
0.532001
0.485634
0.439552
0.392726
0.344219
0.293509
0.240726
0.186749
0.133146
0.0819492
0.0353243
-0.00480869
-0.037124
-0.0611374
-0.077309
-0.0869855
-0.0921957
-0.0953362
-0.0987976
-0.104594
-0.114053
-0.127616
-0.144791
-0.164256
-0.184116
-0.202256
-0.216732
-0.226124
-0.22979
-0.227973
-0.221758
-0.212881
-0.203437
-0.195526
-0.190905
-0.190695
-0.195192
-0.203822
-0.215241
-0.227572
-0.238749
-0.246873
-0.250557
-0.249156
-0.242869
-0.2327
-0.220271
-0.207544
-0.196491
-0.188757
-0.185383
-0.186631
-0.191934
-0.199997
-0.20902
-0.217019
-0.222173
-0.223142
-0.219288
-0.210772
-0.19851
-0.183997
-0.169034
-0.15541
-0.144574
-0.137364
-0.13383
-0.133185
-0.13389
-0.133878
-0.130866
-0.122709
-0.107749
-0.0850865
-0.0547502
-0.0177557
0.023956
0.0676802
0.110197
0.148087
0.178086
0.197456
0.204322
0.197916
1.37021
1.29622
1.2148
1.13013
1.04567
0.963699
0.885009
0.808944
0.733758
0.657191
0.577165
0.492433
0.403056
0.310604
0.218037
0.12927
0.048515
-0.0204767
-0.0751024
-0.114392
-0.139204
-0.152107
-0.156983
-0.158418
-0.160986
-0.168537
-0.183597
-0.206984
-0.237704
-0.273153
-0.30961
-0.342929
-0.369309
-0.385983
-0.391706
-0.386956
-0.373839
-0.355718
-0.336641
-0.320665
-0.311185
-0.310363
-0.318772
-0.335288
-0.357293
-0.381131
-0.402768
-0.418515
-0.425679
-0.423024
-0.410956
-0.391431
-0.367597
-0.343256
-0.322222
-0.307676
-0.301639
-0.304617
-0.315512
-0.331805
-0.349994
-0.366216
-0.376936
-0.379563
-0.372882
-0.357237
-0.334429
-0.307378
-0.279603
-0.254597
-0.235208
-0.223114
-0.218479
-0.219846
-0.224308
-0.227917
-0.226299
-0.215339
-0.191835
-0.154011
-0.10183
-0.037079
0.0367491
0.114751
0.19106
0.259404
0.313758
0.349026
0.361689
0.350293
1.94164
1.82976
1.70767
1.58235
1.45965
1.34328
1.23426
1.13101
1.02997
0.926652
0.8169
0.698057
0.569823
0.434632
0.29746
0.165058
0.0447702
-0.0568292
-0.135162
-0.188493
-0.218246
-0.228786
-0.226724
-0.219866
-0.215998
-0.221665
-0.241148
-0.275792
-0.323805
-0.380597
-0.43962
-0.493593
-0.535862
-0.561611
-0.5687
-0.557985
-0.533125
-0.499931
-0.465378
-0.436451
-0.418994
-0.416739
-0.430673
-0.45885
-0.496706
-0.53786
-0.575269
-0.602513
-0.614939
-0.610445
-0.589782
-0.556365
-0.515652
-0.474207
-0.438607
-0.414344
-0.404913
-0.411202
-0.431317
-0.460883
-0.4938
-0.523336
-0.543353
-0.549385
-0.539387
-0.514018
-0.476456
-0.431803
-0.386185
-0.345695
-0.315337
-0.298124
-0.294483
-0.302054
-0.315953
-0.329484
-0.335187
-0.326033
-0.296541
-0.243612
-0.167013
-0.0694736
0.043531
0.16426
0.283389
0.390866
0.476912
0.533147
0.553698
0.536099
2.53792
2.37806
2.20521
2.03085
1.86457
1.71229
1.57522
1.44992
1.32948
1.20539
1.06974
0.917213
0.746612
0.561519
0.370017
0.183404
0.014114
-0.126686
-0.231227
-0.296546
-0.324954
-0.323617
-0.30337
-0.277009
-0.25728
-0.2549
-0.27687
-0.325348
-0.397266
-0.484828
-0.576902
-0.661113
-0.726203
-0.764112
-0.771332
-0.749382
-0.704414
-0.646102
-0.586015
-0.535722
-0.504913
-0.499803
-0.522067
-0.568475
-0.631369
-0.699981
-0.762408
-0.807851
-0.828566
-0.82115
-0.786973
-0.731807
-0.664761
-0.596743
-0.538666
-0.499657
-0.48555
-0.497876
-0.533513
-0.585137
-0.642472
-0.694166
-0.729909
-0.742292
-0.728027
-0.688356
-0.628695
-0.557617
-0.485382
-0.422205
-0.376536
-0.353591
-0.354342
-0.375147
-0.408128
-0.442324
-0.465467
-0.466016
-0.434993
-0.367298
-0.262349
-0.124138
0.0391903
0.216073
0.392501
0.553187
0.682994
0.768653
0.800645
0.774845
3.16906
2.94509
2.705
2.46774
2.24935
2.05944
1.89926
1.76186
1.63427
1.5008
1.34689
1.16241
0.94428
0.69764
0.435538
0.176806
-0.0575679
-0.248754
-0.383774
-0.457752
-0.474499
-0.445677
-0.388825
-0.324603
-0.273583
-0.253072
-0.274421
-0.341151
-0.4482
-0.582563
-0.725509
-0.856166
-0.955688
-1.0108
-1.01597
-0.973926
-0.894921
-0.794831
-0.692547
-0.606937
-0.553825
-0.543452
-0.578694
-0.654361
-0.757802
-0.871008
-0.974006
-1.0488
-1.0827
-1.07039
-1.01439
-0.924357
-0.815268
-0.704967
-0.611268
-0.549109
-0.528127
-0.550983
-0.612688
-0.701168
-0.799269
-0.887965
-0.950101
-0.973573
-0.95325
-0.891481
-0.797372
-0.685098
-0.571534
-0.473501
-0.405013
-0.374936
-0.385324
-0.430707
-0.498551
-0.571079
-0.628284
-0.651459
-0.626255
-0.544628
-0.405583
-0.214969
0.0153315
0.268542
0.52428
0.759975
0.952649
1.08144
1.13081
1.09368
3.84908
3.53538
3.20079
2.87749
2.59315
2.36384
2.19052
2.05971
1.94753
1.8257
1.66805
1.45608
1.18301
0.856036
0.49621
0.135134
-0.191439
-0.451701
-0.624224
-0.70137
-0.689665
-0.608101
-0.484895
-0.353187
-0.245954
-0.190968
-0.206626
-0.298894
-0.459804
-0.667941
-0.891815
-1.09605
-1.24912
-1.32943
-1.32858
-1.2517
-1.11579
-0.94672
-0.775073
-0.631354
-0.541197
-0.521415
-0.57711
-0.700255
-0.870173
-1.05674
-1.22622
-1.34862
-1.4034
-1.38254
-1.29083
-1.14434
-0.967524
-0.789283
-0.638456
-0.539266
-0.507577
-0.548151
-0.653305
-0.803347
-0.969611
-1.12001
-1.22597
-1.26792
-1.23815
-1.14118
-0.992207
-0.814435
-0.635323
-0.482252
-0.378178
-0.338008
-0.365913
-0.453925
-0.582226
-0.7219
-0.840102
-0.906568
-0.898764
-0.80464
-0.623074
-0.362949
-0.0415169
0.317373
0.684923
1.02871
1.31429
1.5086
1.58555
1.5323
4.60033
4.1558
3.68037
3.23121
2.85776
2.58767
2.42058
2.33079
2.27472
2.20218
2.06747
1.83775
1.49937
1.06175
0.558688
0.043779
-0.420796
-0.780994
-1.00202
-1.07294
-1.00543
-0.830491
-0.593208
-0.346528
-0.14309
-0.0271392
-0.0285148
-0.157796
-0.403402
-0.730656
-1.0864
-1.40963
-1.64732
-1.76493
-1.7507
-1.61445
-1.38442
-1.10232
-0.817384
-0.578642
-0.427231
-0.390695
-0.478399
-0.678798
-0.958579
-1.26706
-1.54624
-1.74582
-1.83302
-1.7967
-1.64613
-1.40802
-1.12183
-0.834124
-0.591288
-0.432224
-0.382967
-0.452326
-0.629284
-0.882168
-1.1628
-1.41604
-1.59403
-1.66552
-1.61985
-1.46574
-1.22852
-0.9457
-0.661613
-0.420448
-0.259318
-0.203053
-0.259948
-0.419124
-0.649523
-0.903641
-1.12642
-1.26862
-1.29557
-1.19057
-0.953688
-0.599211
-0.152303
0.353734
0.879783
1.38127
1.80736
2.10477
2.22776
2.15139
5.46285
4.82072
4.12216
3.47597
2.97364
2.66319
2.53938
2.55332
2.62566
2.66819
2.60374
2.37589
1.95868
1.36168
0.638236
-0.120053
-0.800452
-1.3107
-1.59596
-1.64383
-1.4759
-1.14266
-0.715056
-0.277603
0.0857521
0.305639
0.333779
0.15081
-0.229431
-0.752348
-1.32781
-1.84637
-2.21844
-2.39027
-2.34853
-2.11225
-1.72805
-1.262
-0.793177
-0.400179
-0.147845
-0.0810721
-0.217408
-0.543033
-1.00566
-1.51956
-1.9809
-2.30484
-2.44053
-2.37539
-2.12749
-1.74095
-1.2783
-0.814357
-0.423491
-0.167061
-0.0875529
-0.201557
-0.495932
-0.921032
-1.39543
-1.82045
-2.11541
-2.23186
-2.1577
-1.90996
-1.5305
-1.07879
-0.626091
-0.243395
0.0105481
0.0948529
-0.00669619
-0.28176
-0.682664
-1.13051
-1.52876
-1.79665
-1.88238
-1.7664
-1.45364
-0.968572
-0.348234
0.361277
1.11001
1.84242
2.48573
2.95211
3.15708
3.0481
6.51595
5.56676
4.4884
3.5136
2.81342
2.47007
2.45985
2.69178
3.01956
3.28829
3.37533
3.18672
2.67688
1.84373
0.767962
-0.39604
-1.42513
-2.16438
-2.53174
-2.5255
-2.18442
-1.59071
-0.851087
-0.101979
0.521188
0.91453
1.00007
0.743484
0.149995
-0.698375
-1.65117
-2.49405
-3.07792
-3.32317
-3.22648
-2.82308
-2.18952
-1.42568
-0.659785
-0.0191612
0.398745
0.521025
0.316158
-0.209985
-0.978923
-1.84775
-2.61343
-3.13496
-3.33721
-3.21724
-2.80851
-2.18347
-1.43665
-0.689358
-0.0621073
0.352869
0.486517
0.308942
-0.174337
-0.888916
-1.69914
-2.41215
-2.89387
-3.07268
-2.94549
-2.54387
-1.93652
-1.21331
-0.489764
0.119063
0.524695
0.660389
0.496417
0.0368164
-0.648212
-1.42879
-2.11882
-2.587
-2.75964
-2.62561
-2.20171
-1.53272
-0.672573
0.312345
1.36374
2.43185
3.41889
4.17587
4.53847
4.38717
7.93039
6.49862
4.70456
3.15503
2.13976
1.79756
2.03174
2.69226
3.49849
4.17006
4.54388
4.46013
3.86066
2.67515
1.02476
-0.866303
-2.46716
-3.55357
-4.00553
-3.88931
-3.25672
-2.24887
-1.00078
0.254999
1.28757
1.96665
2.15902
1.8213
0.896446
-0.494027
-2.13282
-3.51469
-4.42502
-4.74847
-4.54608
-3.86537
-2.83857
-1.59233
-0.346003
0.682567
1.37103
1.59421
1.31236
0.472684
-0.808347
-2.32447
-3.59753
-4.42483
-4.6979
-4.47491
-3.80102
-2.80136
-1.59567
-0.391505
0.604949
1.27791
1.50875
1.25965
0.480328
-0.719073
-2.14285
-3.33691
-4.10852
-4.35411
-4.12848
-3.47403
-2.50939
-1.34829
-0.188245
0.774121
1.42755
1.65745
1.42524
0.68001
-0.476172
-1.85745
-3.02834
-3.80293
-4.07851
-3.90222
-3.3027
-2.37213
-1.17658
0.167681
1.59342
3.13803
4.68334
5.96752
6.65989
6.47024
10.0995
7.95488
4.56658
2.02251
0.496139
0.295615
0.990086
2.4831
4.17139
5.48062
6.37133
6.47622
5.88835
4.17603
1.62811
-1.75446
-4.24997
-5.8564
-6.29746
-5.99672
-4.8694
-3.25299
-1.16154
0.933395
2.56297
3.71966
4.08128
3.74458
2.31339
0.0679068
-2.98446
-5.21436
-6.61721
-6.93098
-6.55447
-5.40603
-3.80362
-1.75911
0.28135
1.87404
3.01333
3.39464
3.11182
1.79091
-0.299243
-3.15121
-5.22352
-6.51279
-6.77292
-6.38189
-5.26265
-3.71592
-1.75249
0.205444
1.73783
2.83961
3.22207
2.9739
1.7399
-0.226135
-2.91733
-4.87003
-6.0806
-6.31413
-5.92897
-4.85086
-3.36516
-1.48176
0.397932
1.87405
2.94031
3.31993
3.0928
1.91498
0.0200041
-2.58906
-4.50853
-5.73743
-6.04807
-5.7883
-4.88041
-3.5931
-1.89474
-0.0943055
1.65191
3.84322
6.32382
8.61138
10.0514
9.91317
13.9504
11.2297
3.22353
-0.5893
-3.06438
-2.49713
-1.20187
1.99269
5.39018
7.39387
9.33041
9.4899
9.53526
6.88019
3.43336
-3.91996
-7.31306
-9.83735
-9.6576
-9.29438
-7.18637
-4.94118
-1.32731
2.28191
4.51933
6.61756
7.00911
7.24394
4.90291
1.79175
-5.02044
-8.10497
-10.3777
-10.1075
-9.67444
-7.60039
-5.40531
-1.92008
1.5535
3.71839
5.74715
6.15138
6.40614
4.21682
1.30687
-5.10065
-7.97711
-10.0827
-9.78564
-9.33747
-7.33987
-5.23055
-1.90139
1.41517
3.4908
5.4371
5.84351
6.10774
4.0536
1.31103
-4.75524
-7.4718
-9.45965
-9.16504
-8.72731
-6.8146
-4.79363
-1.60987
1.56526
3.56416
5.44183
5.85614
6.12937
4.18265
1.54446
-4.31367
-6.98313
-8.99421
-8.83905
-8.60764
-7.00449
-5.40597
-2.75989
-0.278216
1.06949
4.13182
8.24226
12.4757
15.7157
16.186
21.3592
22.2839
-4.00556
-5.10174
-11.0077
-6.33932
-6.12915
1.20991
8.61603
9.40382
14.8485
12.6679
17.0708
10.7245
10.864
-11.7882
-11.6272
-17.7121
-13.2819
-15.1045
-9.70089
-8.60026
-1.48639
5.6058
6.67613
11.9731
10.1626
14.4525
8.6014
8.84506
-12.4242
-12.1646
-17.8
-13.5185
-15.1575
-9.96902
-8.86484
-2.06425
4.71014
5.75879
10.8203
9.12339
13.2199
7.68044
7.9495
-12.1348
-11.8407
-17.1125
-13.0159
-14.5242
-9.57798
-8.50175
-2.03217
4.41185
5.43001
10.252
8.66967
12.58
7.35863
7.63432
-11.4167
-11.1229
-16.1254
-12.222
-13.6496
-8.93422
-7.89653
-1.72555
4.42636
5.42883
10.0506
8.5955
12.3627
7.44606
7.70564
-10.63
-10.4058
-15.3704
-11.7398
-13.4023
-9.1219
-8.72733
-3.38831
1.1708
-1.98199
2.91113
9.98365
17.7703
25.3686
29.6199
32.1507
72.5466
-47.4949
-2.67083
-34.1717
-3.76023
-21.3218
0.33061
21.3723
4.70786
31.3468
6.3658
40.0853
5.22915
51.1147
-52.5074
-6.9472
-40.7287
-7.90219
-31.3205
-6.01904
-20.9184
-1.61423
17.6012
2.74661
27.5634
4.53144
36.2644
3.52337
46.8771
-50.8297
-7.73529
-39.5028
-8.40379
-30.4721
-6.45627
-20.5272
-2.1707
16.1119
2.02073
25.6254
3.75291
33.9095
2.7798
43.901
-48.514
-7.6896
-37.6324
-8.17526
-29.0056
-6.24322
-19.5394
-2.12616
15.2218
1.89163
24.2893
3.58632
32.2021
2.74784
41.7881
-45.9348
-7.14743
-35.6157
-7.60243
-27.4179
-5.7579
-18.3914
-1.81375
14.7026
2.08174
23.41
3.81481
31.1005
3.25575
40.6439
-43.6725
-6.35667
-34.1234
-7.01878
-26.7545
-5.64379
-19.1687
-2.89364
13.7249
-16.6196
-1.44791
10.6966
23.3363
39.8412
66.3964
28831.4
28794.6
28757.7
28720.8
28683.8
28646.9
28610
28573.1
28536.4
28499.8
28463.3
28426.9
28390.6
28354.3
28318.1
0.176767
0.13779
0.0876133
0.0319902
-0.0232257
-0.0728764
-0.113012
-0.141099
-0.15598
-0.157681
-0.147152
-0.126004
-0.0962853
-0.0603067
-0.0205268
0.312221
0.24206
0.152072
0.0528903
-0.0448486
-0.13198
-0.20169
-0.249793
-0.274574
-0.276363
-0.257034
-0.21952
-0.167424
-0.104732
-0.0356259
0.476301
0.366158
0.225724
0.0723471
-0.0770792
-0.208507
-0.311974
-0.381811
-0.41616
-0.416165
-0.385101
-0.327618
-0.249159
-0.155571
-0.0528707
0.68529
0.520548
0.312317
0.0878541
-0.127307
-0.312995
-0.455889
-0.549315
-0.59209
-0.587035
-0.539588
-0.456691
-0.346023
-0.215523
-0.0731565
0.961323
0.718427
0.415144
0.09406
-0.207009
-0.460278
-0.64927
-0.76747
-0.815849
-0.800298
-0.729524
-0.613536
-0.462719
-0.28734
-0.0973889
1.33587
0.976694
0.535774
0.0802511
-0.33451
-0.671836
-0.913442
-1.05545
-1.10354
-1.06879
-0.964672
-0.805211
-0.603975
-0.37373
-0.126448
1.8553
1.31671
0.671006
0.0256817
-0.539445
-0.979113
-1.27721
-1.43734
-1.47406
-1.40663
-1.25517
-1.03866
-0.774241
-0.477156
-0.161121
2.59031
1.76384
0.80586
-0.109083
-0.86984
-1.42796
-1.77896
-1.94264
-1.94874
-1.82852
-1.61071
-1.32002
-0.977173
-0.599533
-0.202
3.6524
2.34247
0.897682
-0.398034
-1.40288
-2.08391
-2.46802
-2.60552
-2.54972
-2.34801
-2.03912
-1.65353
-1.2149
-0.741804
-0.249347
5.22284
3.05597
0.840431
-0.977859
-2.25972
-3.03678
-3.40371
-3.46168
-3.29663
-2.97466
-2.54423
-2.04008
-1.4871
-0.903433
-0.302931
7.59937
3.81813
0.385935
-2.09411
-3.62134
-4.3998
-4.64835
-4.54087
-4.20045
-3.70979
-3.12305
-2.47546
-1.78998
-1.0819
-0.361874
11.233
4.23124
-1.0207
-4.16319
-5.73174
-6.29271
-6.24903
-5.85298
-5.25453
-4.54098
-3.76274
-2.94873
-2.11547
-1.2723
-0.424541
16.4651
2.89455
-4.5368
-7.8062
-8.84971
-8.79028
-8.20209
-7.36748
-6.42369
-5.43688
-4.43818
-3.44124
-2.45086
-1.4673
-0.488532
20.9171
-4.58135
-12.2149
-13.6751
-13.0706
-11.8166
-10.4016
-8.99117
-7.63588
-6.34466
-5.11186
-3.9272
-2.77943
-1.6575
-0.550819
0.564165
1.70036
2.86063
4.06277
5.32746
6.68
8.15292
9.78972
11.6505
13.8197
16.4135
19.5679
23.3127
26.8219
24.2606
0.574765
1.73251
2.91548
4.14246
5.43561
6.82268
8.34047
10.0406
12
14.3405
17.2716
21.1931
26.9904
37.0737
59.792
0.579657
1.74715
2.93975
4.17618
5.47854
6.87458
8.40137
10.1115
12.0847
14.4508
17.4405
21.5096
27.678
38.5876
62.2609
0.578868
1.74436
2.93359
4.16412
5.45639
6.83567
8.33493
9.99974
11.8966
14.1281
16.8596
20.3622
25.0383
31.113
35.906
0.572695
1.72507
2.89874
4.10917
5.37383
6.71342
8.1535
9.72679
11.4763
13.4585
15.7442
18.4012
21.4131
24.4013
26.0704
0.561673
1.69098
2.83837
4.01655
5.23921
6.52137
7.87954
9.33145
10.8942
12.5783
14.3718
16.1981
17.8151
18.5875
16.9455
0.546509
1.64433
2.75661
3.89304
5.06327
6.2765
7.54048
8.85914
10.2277
11.6219
12.9763
14.1412
14.8093
14.4523
12.6529
0.528006
1.58765
2.65807
3.74604
4.85744
5.99639
7.16341
8.35218
9.54333
10.693
11.7121
12.4288
12.5169
11.3193
7.12083
0.506982
1.52347
2.54734
3.58275
4.63248
5.69676
6.77122
7.84356
8.88776
9.85475
10.6579
11.1528
11.1174
10.2703
8.56318
0.484201
1.45417
2.42858
3.40951
4.39742
5.39003
6.38048
7.35444
8.28579
9.13027
9.81765
10.2449
10.2815
9.81855
8.92832
0.460333
1.38178
2.3053
3.2314
4.15907
5.08479
6.00116
6.8949
7.7441
8.51487
9.15803
9.60825
9.79249
9.66348
9.29065
0.435923
1.30793
2.18022
3.05221
3.92206
4.78603
5.63755
6.46626
7.25685
7.98807
8.63235
9.15625
9.521
9.67768
9.53857
0.411396
1.2339
2.05535
2.87449
3.68914
4.49589
5.28976
6.06408
6.8108
7.52162
8.19024
8.81475
9.39396
9.89725
10.1787
0.387071
1.16058
1.93209
2.69987
3.46169
4.21469
4.95554
5.68106
6.38966
7.08444
7.77873
8.50468
9.3196
10.2708
11.0824
0.363182
1.08866
1.81141
2.5294
3.24036
3.94191
4.63196
5.30977
5.97811
6.64757
7.34521
8.13279
9.15054
10.7414
13.8727
0.339908
1.01863
1.69403
2.3638
3.02557
3.67711
4.31686
4.94504
5.56576
6.19113
6.8492
7.60103
8.5835
10.142
13.3416
0.317392
0.950903
1.58057
2.20376
2.81788
3.42049
4.00979
4.58547
5.15018
5.71197
6.28807
6.90909
7.61637
8.40313
8.79855
0.295762
0.885846
1.47159
2.05003
2.61818
3.1731
3.71218
4.23353
4.7366
5.22287
5.69573
6.15724
6.59401
6.93596
7.00363
0.275132
0.823806
1.36768
1.90344
2.42765
2.93671
3.42687
3.89426
4.3347
4.74306
5.11125
5.42255
5.6375
5.65924
5.23628
0.255605
0.7651
1.2694
1.76488
2.24765
2.71344
3.15739
3.57371
3.95506
4.29115
4.56627
4.75476
4.81514
4.69133
4.37566
0.237268
0.71
1.17725
1.63514
2.07945
2.50534
2.90708
3.27745
3.60684
3.88158
4.08145
4.17594
4.12066
3.85666
3.30095
0.220186
0.658706
1.0916
1.51485
1.92403
2.314
2.67854
3.00966
3.29656
3.52401
3.66979
3.70112
3.57114
3.22457
2.68117
0.20439
0.611323
1.01264
1.40432
1.78194
2.14033
2.47322
2.77256
3.02756
3.22316
3.33761
3.33831
3.17201
2.72915
1.66408
0.189878
0.567842
0.940359
1.30357
1.6532
1.98438
2.2912
2.56626
2.79981
2.97865
3.08443
3.09148
2.96493
2.66584
2.21857
0.176611
0.528142
0.874549
1.21223
1.53729
1.84533
2.13124
2.38877
2.61006
2.78489
2.89979
2.93742
2.87766
2.70542
2.43142
0.164518
0.492001
0.814797
1.12967
1.43319
1.72166
1.99098
2.23645
2.45257
2.63274
2.76882
2.85099
2.86851
2.81565
2.71856
0.153502
0.459116
0.76055
1.05498
1.33954
1.61129
1.86728
2.1045
2.32006
2.51119
2.67529
2.80945
2.90823
2.95659
2.9071
0.143451
0.429133
0.711165
0.987152
1.25478
1.51188
1.7566
1.9876
2.2045
2.4084
2.60256
2.79248
2.98296
3.16547
3.29195
0.134247
0.401684
0.665977
0.925129
1.17732
1.42107
1.65544
1.8805
2.09798
2.31238
2.53276
2.77512
3.06322
3.41325
3.71189
0.125777
0.376418
0.62436
0.867938
1.10573
1.33676
1.56074
1.77867
1.99359
2.2122
2.44771
2.72598
3.10048
3.69673
4.86971
0.11794
0.353026
0.585771
0.814763
1.03885
1.25733
1.47026
1.67891
1.88663
2.10028
2.33297
2.61
2.98373
3.57968
4.77038
0.110655
0.33126
0.549788
0.764991
0.975857
1.18177
1.38274
1.5798
1.77556
1.97512
2.18744
2.42687
2.71266
3.04962
3.28826
0.10386
0.310937
0.516114
0.718231
0.916304
1.10963
1.29794
1.48159
1.66184
1.84112
2.02306
2.21154
2.40605
2.58782
2.70104
0.0975113
0.291932
0.484565
0.67428
0.860046
1.04097
1.21636
1.38574
1.5488
1.70526
1.85415
1.99202
2.10829
2.17362
2.10605
0.0915806
0.274168
0.455041
0.633071
0.807148
0.976164
1.13897
1.29426
1.44034
1.57466
1.69289
1.78749
1.8459
1.85172
1.80866
0.0860482
0.257596
0.42749
0.594606
0.757763
0.915667
1.06679
1.20918
1.34006
1.45522
1.54804
1.6081
1.62002
1.56376
1.41285
0.0808969
0.24217
0.401869
0.55889
0.712025
0.859874
1.00069
1.1321
1.25069
1.3513
1.42592
1.46215
1.4415
1.34153
1.17233
0.0761067
0.227839
0.378108
0.525871
0.669958
0.808968
0.941107
1.06391
1.17381
1.26543
1.33047
1.35569
1.31805
1.16736
0.74033
0.0716507
0.214523
0.356088
0.495406
0.631415
0.762833
0.88801
1.00468
1.10962
1.19801
1.26268
1.29288
1.2731
1.18511
1.04002
0.0674928
0.202114
0.335627
0.46724
0.596061
0.721034
0.840817
0.953615
1.05691
1.14707
1.21883
1.26478
1.27551
1.24252
1.16562
0.063588
0.190475
0.316487
0.441011
0.56338
0.682838
0.798475
0.909146
1.01333
1.10891
1.19291
1.26114
1.3083
1.33043
1.33895
0.0598838
0.179444
0.298381
0.416279
0.532722
0.647295
0.759583
0.869184
0.975713
1.07879
1.17793
1.27214
1.35845
1.42781
1.45191
0.0563238
0.168845
0.280996
0.392558
0.503364
0.613339
0.722558
0.831358
0.940499
1.0514
1.16639
1.28862
1.42038
1.55661
1.67221
0.0528515
0.158504
0.26402
0.369362
0.474585
0.579908
0.685825
0.793297
0.904065
1.02118
1.14982
1.29847
1.47923
1.69974
1.89974
0.0494144
0.148258
0.247166
0.34625
0.445737
0.546065
0.648014
0.752949
0.863227
0.982943
1.11937
1.28603
1.51047
1.85712
2.50913
0.0459668
0.137968
0.230192
0.322857
0.416307
0.511097
0.60813
0.708892
0.815839
0.933112
1.06791
1.23349
1.45683
1.80245
2.46199
0.0424725
0.127524
0.21291
0.29892
0.385949
0.474573
0.56566
0.660541
0.761282
0.871114
0.99508
1.14083
1.31829
1.5298
1.69807
0.0389047
0.116846
0.195197
0.274277
0.354484
0.436339
0.520556
0.608123
0.700416
0.799303
0.907129
1.02615
1.15611
1.28718
1.39111
0.0352454
0.105885
0.176978
0.248853
0.321875
0.396469
0.473128
0.552425
0.634972
0.721289
0.811411
0.90387
0.993155
1.06343
1.07008
0.031483
0.0946094
0.158218
0.222632
0.288177
0.355164
0.423872
0.494474
0.566914
0.640635
0.714074
0.783802
0.843408
0.883869
0.906223
0.0276094
0.0829995
0.138899
0.195628
0.253477
0.312668
0.373301
0.435249
0.497969
0.56018
0.61932
0.670767
0.70696
0.716885
0.682842
0.0236171
0.0710367
0.119003
0.167849
0.217848
0.269173
0.32182
0.37549
0.429382
0.48186
0.529912
0.56833
0.588758
0.58044
0.547649
0.0194964
0.0586947
0.0984983
0.139269
0.1813
0.224761
0.269631
0.315579
0.36178
0.406619
0.447197
0.478391
0.490523
0.460994
0.313745
0.015233
0.0459329
0.0773224
0.109817
0.14376
0.179373
0.216697
0.255497
0.295127
0.33434
0.371003
0.401694
0.421224
0.423302
0.413346
0.0108073
0.032693
0.0553801
0.0793611
0.105061
0.132799
0.162741
0.194841
0.228768
0.263836
0.298962
0.332753
0.36405
0.393973
0.431976
0.00619346
0.0188971
0.0325401
0.047713
0.0649489
0.0846967
0.10729
0.13292
0.161619
0.193295
0.227852
0.26555
0.307834
0.359037
0.42882
0.00135998
0.00444946
0.00863899
0.0146336
0.0230946
0.0346208
0.0497331
0.0688694
0.0924088
0.120758
0.154565
0.195167
0.24543
0.311205
0.404188
-0.00372988
-0.0107615
-0.0165146
-0.0201569
-0.0208863
-0.0179429
-0.0106153
0.00176527
0.0198621
0.0444354
0.0765656
0.118082
0.172259
0.244486
0.339982
-0.00911682
-0.0268595
-0.0431328
-0.0569685
-0.0674158
-0.0735485
-0.0744694
-0.0693049
-0.0571778
-0.0371302
-0.00794677
0.0322106
0.0865625
0.161615
0.274827
-0.0148445
-0.0439773
-0.0714428
-0.0961316
-0.116939
-0.132771
-0.142546
-0.145206
-0.139714
-0.125035
-0.100074
-0.0635112
-0.0135019
0.0522528
0.130536
-0.020958
-0.0622523
-0.10168
-0.137988
-0.169916
-0.196196
-0.215561
-0.226766
-0.228625
-0.220075
-0.200253
-0.168564
-0.124492
-0.0657997
0.0239048
-0.0275029
-0.0818232
-0.134082
-0.182885
-0.226814
-0.264421
-0.294239
-0.314811
-0.324761
-0.322936
-0.308666
-0.282208
-0.245628
-0.205377
-0.185237
-0.0345235
-0.102825
-0.168882
-0.231165
-0.288099
-0.338053
-0.379336
-0.410229
-0.429068
-0.434436
-0.425538
-0.402873
-0.369305
-0.330978
-0.292673
-0.0420613
-0.125386
-0.206301
-0.283157
-0.35423
-0.417703
-0.471644
-0.514013
-0.542726
-0.555839
-0.551962
-0.531105
-0.496279
-0.456557
-0.435007
-0.0501533
-0.149618
-0.24654
-0.339163
-0.425637
-0.503971
-0.571986
-0.627277
-0.667214
-0.689036
-0.690174
-0.669032
-0.626647
-0.569508
-0.51027
-0.0588296
-0.175616
-0.289762
-0.399438
-0.502695
-0.597402
-0.68116
-0.7512
-0.804277
-0.836593
-0.843853
-0.821704
-0.767254
-0.683912
-0.596821
-0.068112
-0.203446
-0.336088
-0.464168
-0.585688
-0.698433
-0.799857
-0.886901
-0.955755
-1.00155
-1.01795
-0.996804
-0.927919
-0.800916
-0.623506
-0.0780124
-0.233145
-0.385581
-0.533454
-0.674772
-0.807325
-0.928538
-1.03523
-1.12325
-1.1869
-1.21812
-1.20505
-1.12894
-0.952919
-0.564669
-0.0885323
-0.264716
-0.438242
-0.607289
-0.76994
-0.924091
-1.0673
-1.19652
-1.30765
-1.39477
-1.44904
-1.45707
-1.39934
-1.2523
-1.02047
-0.0996639
-0.298131
-0.494012
-0.685566
-0.871008
-1.04845
-1.21578
-1.37038
-1.50872
-1.62546
-1.71208
-1.75476
-1.73174
-1.61056
-1.33539
-0.111393
-0.333342
-0.552786
-0.768085
-0.977631
-1.17984
-1.37308
-1.55553
-1.72479
-1.87705
-2.00562
-2.09806
-2.13231
-2.07576
-1.9167
-0.123704
-0.370291
-0.614438
-0.854598
-1.08935
-1.31745
-1.53788
-1.74985
-1.95265
-2.14511
-2.32425
-2.48178
-2.59593
-2.61214
-2.38897
-0.136585
-0.408934
-0.678858
-0.944866
-1.20568
-1.46038
-1.70855
-1.95054
-2.18768
-2.42241
-2.65787
-2.8956
-3.12758
-3.31474
-3.36362
-0.150035
-0.449261
-0.745996
-1.03874
-1.32627
-1.60784
-1.8835
-2.15459
-2.42438
-2.6992
-2.98992
-3.31342
-3.69033
-4.11337
-4.32938
-0.164072
-0.491317
-0.815907
-1.13623
-1.45098
-1.75939
-2.06164
-2.35953
-2.65758
-2.96496
-3.29919
-3.69415
-4.22105
-5.05575
-6.74365
-0.178733
-0.535215
-0.888778
-1.2376
-1.5801
-1.91522
-2.24281
-2.56436
-2.88429
-3.21207
-3.56628
-3.98325
-4.53802
-5.40564
-7.06907
-0.194077
-0.581141
-0.964942
-1.34335
-1.71435
-2.07629
-2.42815
-2.77032
-3.10556
-3.44081
-3.7898
-4.17665
-4.63773
-5.20287
-5.74064
-0.210178
-0.629332
-1.04485
-1.45423
-1.85491
-2.24433
-2.62024
-2.98108
-3.32682
-3.66
-3.98702
-4.31849
-4.66517
-5.01909
-5.30593
-0.227113
-0.680046
-1.12902
-1.57116
-2.00327
-2.42177
-2.82278
-3.20233
-3.5568
-3.88347
-4.18114
-4.44977
-4.68758
-4.88189
-4.98691
-0.244947
-0.733508
-1.21794
-1.69506
-2.16108
-2.61135
-3.04022
-3.44101
-3.80607
-4.12708
-4.39542
-4.60246
-4.74019
-4.80669
-4.83451
-0.263708
-0.789838
-1.31193
-1.82668
-2.32983
-2.81578
-3.27717
-3.7045
-4.08593
-4.40726
-4.65228
-4.80327
-4.84226
-4.75836
-4.58346
-0.28336
-0.848971
-1.41102
-1.96634
-2.51051
-3.03727
-3.53776
-3.99986
-4.40751
-4.74044
-4.97443
-5.08184
-5.02967
-4.77321
-4.31687
-0.303784
-0.910578
-1.51478
-2.11374
-2.7033
-3.27699
-3.82501
-4.33303
-4.78099
-5.14232
-5.38449
-5.47124
-5.35895
-4.92686
-3.46904
-0.324745
-0.973984
-1.62219
-2.26767
-2.90711
-3.53454
-4.14004
-4.70791
-5.21463
-5.62695
-5.90248
-5.99885
-5.91032
-5.79281
-6.42695
-0.34588
-1.03811
-1.73148
-2.4258
-3.11925
-3.80733
-4.48119
-5.12525
-5.71381
-6.20658
-6.54487
-6.65488
-6.48181
-6.1368
-6.45862
-0.36669
-1.10144
-1.84011
-2.58452
-3.33513
-4.08999
-4.84302
-5.58115
-6.27952
-6.89349
-7.34578
-7.50747
-7.17271
-6.0177
-3.39115
-0.386544
-1.16206
-1.94475
-2.73893
-3.54806
-4.37393
-5.2152
-6.06465
-6.90384
-7.69267
-8.3485
-8.70483
-8.43324
-6.9205
-3.20963
-0.40471
-1.2177
-2.04141
-2.88296
-3.74936
-4.64717
-5.58169
-6.55527
-7.56314
-8.58421
-9.5592
-10.3382
-10.5557
-9.34977
-4.90893
-0.420397
-1.2659
-2.12568
-3.00974
-3.92886
-4.8949
-5.92108
-7.02206
-8.21326
-9.50777
-10.906
-12.3616
-13.6665
-14.0255
-10.3423
-0.432813
-1.30418
-2.19308
-3.11217
-4.07578
-5.10086
-6.20851
-7.42621
-8.79165
-10.3593
-12.2128
-14.4898
-17.4342
-21.5085
-27.582
-11.3044
-25.8028
-24.3842
-20.8243
-17.5182
-14.747
-12.4265
-10.4408
-8.69789
-7.13064
-5.69082
-4.34288
-3.05966
-1.81944
-0.60381
-111.189
-57.9736
-37.4141
-27.2593
-21.2056
-17.0901
-14.0229
-11.5795
-9.53265
-7.74995
-6.14829
-4.67215
-3.28208
-1.94815
-0.645955
-123.621
-67.4668
-43.2184
-30.8463
-23.5471
-18.7051
-15.1862
-12.4426
-10.184
-8.24354
-6.51858
-4.94165
-3.46553
-2.05481
-0.680961
-67.9088
-54.8033
-40.7753
-30.9105
-24.1822
-19.4012
-15.811
-12.9691
-10.6144
-8.58748
-6.78606
-5.14116
-3.60355
-2.13586
-0.707688
-47.9357
-42.7805
-35.441
-28.7966
-23.4649
-19.2704
-15.9163
-13.1571
-10.8172
-8.77481
-6.94485
-5.26616
-3.69301
-2.18946
-0.72553
-30.4404
-32.2746
-29.6239
-25.7712
-21.9578
-18.5561
-15.6084
-13.054
-10.8134
-8.81463
-6.99858
-5.31787
-3.73414
-2.21555
-0.734436
-22.4549
-24.8834
-24.6413
-22.7187
-20.1647
-17.5265
-15.0274
-12.7329
-10.6416
-8.72755
-6.95834
-5.30221
-3.73005
-2.2156
-0.734842
-12.4756
-19.3466
-20.8259
-20.1046
-18.43
-16.4003
-14.3043
-12.2708
-10.3468
-8.53987
-6.83957
-5.22824
-3.68588
-2.19226
-0.727557
-15.0521
-17.5542
-18.5388
-18.1524
-16.9421
-15.32
-13.5378
-11.7326
-9.97071
-8.27813
-6.65901
-5.10638
-3.60787
-2.14882
-0.713617
-15.7099
-16.8155
-17.2037
-16.7723
-15.74
-14.351
-12.7874
-11.1643
-9.54646
-7.96536
-6.43229
-4.94691
-3.50247
-2.08882
-0.694143
-16.3325
-16.5749
-16.4378
-15.8096
-14.7858
-13.5032
-12.0782
-10.5924
-9.09672
-7.61924
-6.17244
-4.75902
-3.37568
-2.01565
-0.670229
-16.733
-16.5979
-16.0131
-15.1215
-14.0112
-12.7544
-11.4111
-10.0272
-8.63435
-7.2518
-5.88942
-4.55024
-3.23271
-1.93233
-0.642867
-17.7299
-16.9331
-15.8015
-14.5852
-13.3383
-12.0656
-10.7723
-9.46838
-8.16481
-6.87036
-5.59028
-4.32642
-3.07782
-1.84144
-0.612915
-19.1789
-17.5008
-15.6485
-14.0703
-12.6832
-11.3912
-10.1409
-8.90926
-7.68894
-6.47893
-5.27988
-4.09201
-2.91443
-1.7451
-0.581088
-23.7047
-18.1895
-15.3053
-13.4226
-11.9621
-10.6878
-9.49645
-8.34228
-7.20591
-6.07989
-4.96171
-3.85045
-2.74531
-1.64506
-0.547987
-22.661
-17.051
-14.2667
-12.4819
-11.1115
-9.92678
-8.82621
-7.76295
-6.71569
-5.6754
-4.63873
-3.60464
-2.57279
-1.54282
-0.514122
-14.6642
-13.9501
-12.534
-11.2532
-10.1322
-9.10731
-8.13007
-7.17251
-6.22062
-5.2684
-4.31396
-3.35728
-2.39897
-1.43969
-0.479941
-11.4863
-11.3366
-10.7074
-9.91358
-9.086
-8.25477
-7.42024
-6.57811
-5.72579
-4.86294
-3.99075
-3.11104
-2.22581
-1.33688
-0.445854
-8.32173
-9.05619
-8.99512
-8.59739
-8.04236
-7.40452
-6.71569
-5.9908
-5.23825
-4.46397
-3.67274
-2.86865
-2.05523
-1.23553
-0.412236
-6.79278
-7.32819
-7.51663
-7.39043
-7.05623
-6.58967
-6.03619
-5.42267
-4.7658
-4.07677
-3.36366
-2.63273
-1.889
-1.13669
-0.379433
-4.91415
-5.84115
-6.25663
-6.32791
-6.162
-5.83518
-5.39838
-4.88466
-4.3157
-3.70628
-3.06696
-2.40569
-1.72874
-1.04127
-0.347749
-3.87219
-4.70931
-5.23565
-5.43011
-5.37951
-5.15705
-4.81398
-4.38499
-3.89368
-3.35654
-2.7855
-2.18955
-1.57578
-0.950054
-0.317435
-2.28217
-3.79329
-4.44512
-4.70249
-4.71635
-4.56268
-4.28926
-3.92859
-3.50349
-3.03035
-2.52133
-1.98577
-1.43113
-0.863623
-0.288685
-2.81242
-3.474
-3.92854
-4.14395
-4.16955
-4.05145
-3.82511
-3.51695
-3.14666
-2.72907
-2.27559
-1.79525
-1.29541
-0.782351
-0.261622
-2.93055
-3.29849
-3.578
-3.71722
-3.72253
-3.61539
-3.41777
-3.14844
-2.82266
-2.45271
-2.04851
-1.61826
-1.16887
-0.706405
-0.236304
-3.00454
-3.18439
-3.32487
-3.38348
-3.35359
-3.24217
-3.06022
-2.81913
-2.52935
-2.20013
-1.83952
-1.45454
-1.05142
-0.635757
-0.212728
-3.02146
-3.09761
-3.1286
-3.1112
-3.04126
-2.91791
-2.74375
-2.52362
-2.26342
-1.96935
-1.64744
-1.30343
-0.942682
-0.570221
-0.190837
-3.07684
-3.04218
-2.96593
-2.87541
-2.766
-2.62892
-2.45919
-2.25593
-2.02101
-1.75788
-1.47071
-1.16395
-0.842071
-0.509492
-0.170536
-3.21545
-3.01564
-2.81314
-2.65272
-2.50995
-2.36261
-2.19792
-2.01021
-1.7982
-1.56311
-1.30759
-1.03496
-0.74889
-0.453189
-0.151706
-3.74453
-2.99094
-2.63113
-2.41778
-2.25707
-2.10834
-1.95264
-1.78137
-1.59139
-1.38254
-1.15635
-0.9153
-0.662397
-0.400902
-0.134213
-3.47803
-2.69277
-2.34741
-2.14626
-1.99587
-1.85889
-1.71815
-1.56553
-1.39769
-1.21399
-1.01541
-0.803872
-0.581868
-0.35222
-0.117926
-2.06782
-2.08912
-1.96351
-1.83949
-1.72534
-1.61206
-1.4919
-1.36026
-1.215
-1.05579
-0.883475
-0.69971
-0.506648
-0.306763
-0.10272
-1.49845
-1.58747
-1.57851
-1.52586
-1.4542
-1.36998
-1.27364
-1.16443
-1.04199
-0.906672
-0.759489
-0.602002
-0.436163
-0.264193
-0.0884834
-0.932138
-1.15386
-1.22383
-1.22543
-1.19178
-1.13633
-1.06429
-0.977783
-0.877931
-0.765793
-0.642655
-0.510091
-0.369935
-0.22422
-0.0751194
-0.662731
-0.825641
-0.916609
-0.949468
-0.944506
-0.914171
-0.864999
-0.800398
-0.722396
-0.632551
-0.532366
-0.423451
-0.307565
-0.186599
-0.062545
-0.356902
-0.547372
-0.649738
-0.699765
-0.714843
-0.705094
-0.676416
-0.632316
-0.575083
-0.506486
-0.428136
-0.34165
-0.248721
-0.151121
-0.0506898
-0.206082
-0.330279
-0.419209
-0.474326
-0.502417
-0.509155
-0.498539
-0.473349
-0.435658
-0.387193
-0.329553
-0.264323
-0.19312
-0.117608
-0.0394931
-0.0468248
-0.137673
-0.212156
-0.267649
-0.304813
-0.325265
-0.330779
-0.323061
-0.303712
-0.274268
-0.23624
-0.191142
-0.14051
-0.0859028
-0.0289009
0.11049
0.0435711
-0.0182849
-0.0736953
-0.118812
-0.151742
-0.172205
-0.180846
-0.178774
-0.167302
-0.147834
-0.121803
-0.0906596
-0.0558597
-0.018864
0.235433
0.221304
0.171115
0.113115
0.0587295
0.0131256
-0.0218369
-0.0460692
-0.0603597
-0.0658879
-0.0639825
-0.0560129
-0.0433475
-0.027341
-0.00933549
0.464877
0.424083
0.365943
0.297419
0.230177
0.170607
0.121083
0.0818069
0.0519718
0.0303663
0.0156591
0.00651721
0.00164536
-0.000209925
-0.000268839
0.642963
0.638912
0.567986
0.480836
0.396301
0.321117
0.256889
0.203129
0.158591
0.121832
0.0914372
0.0660832
0.0445442
0.0256741
0.00838371
0.991515
0.900187
0.781301
0.66244
0.555935
0.46402
0.385428
0.31805
0.259808
0.208879
0.163716
0.123001
0.0855902
0.0504617
0.0166732
1.31354
1.1806
0.994604
0.835468
0.70544
0.597675
0.506181
0.42663
0.355949
0.291925
0.232907
0.177625
0.125052
0.074319
0.024656
2.08521
1.49787
1.18926
0.988286
0.839489
0.720032
0.618644
0.52905
0.44747
0.371494
0.299506
0.230369
0.163236
0.0974338
0.032395
2.19368
1.62157
1.30916
1.10488
0.953164
0.829843
0.722919
0.625908
0.535101
0.448294
0.364125
0.281722
0.200495
0.120019
0.0399613
1.77903
1.56493
1.35398
1.18497
1.04713
0.928268
0.820312
0.718457
0.619955
0.523262
0.427519
0.33226
0.237234
0.142313
0.0474341
1.63506
1.50611
1.36967
1.24341
1.12791
1.01912
0.913469
0.808679
0.703555
0.59757
0.490578
0.382636
0.2739
0.164578
0.0548995
1.50269
1.4525
1.37829
1.29438
1.20402
1.10781
1.00603
0.899133
0.787753
0.672578
0.554298
0.433562
0.310973
0.187092
0.0624481
1.4324
1.41556
1.39364
1.34984
1.2842
1.20036
1.10213
0.992704
0.874586
0.749743
0.619723
0.485775
0.348944
0.210135
0.0701719
1.30342
1.38216
1.42419
1.42048
1.37701
1.3029
1.20602
1.09231
0.966089
0.830503
0.687875
0.539991
0.388287
0.233981
0.0781597
1.19542
1.37425
1.48651
1.51871
1.49111
1.42126
1.32159
1.2006
1.0641
0.916153
0.759677
0.596858
0.429437
0.258879
0.0864933
0.888925
1.41256
1.60443
1.65847
1.63453
1.56034
1.45197
1.31965
1.17005
1.00773
0.835883
0.656922
0.472764
0.285046
0.095244
1.45341
1.68125
1.81807
1.85237
1.81286
1.72313
1.599
1.45069
1.28485
1.10591
0.91703
0.720594
0.518564
0.312659
0.104471
1.78604
2.01317
2.10289
2.09752
2.02607
1.90981
1.76281
1.59391
1.40873
1.211
1.00342
0.788151
0.567053
0.341858
0.114223
2.34928
2.4405
2.45374
2.38856
2.27039
2.11785
1.94182
1.74844
1.54133
1.32293
1.09516
0.859751
0.618388
0.372749
0.124537
2.78329
2.92199
2.85905
2.71639
2.53858
2.34218
2.13288
1.91249
1.68176
1.44135
1.19219
0.935489
0.67269
0.405429
0.135447
3.65792
3.5435
3.31971
3.06861
2.81969
2.57548
2.33163
2.08373
1.82891
1.56586
1.29447
1.01546
0.730092
0.439996
0.146992
4.52331
4.24096
3.79933
3.41931
3.09751
2.80852
2.53319
2.25976
1.98177
1.69616
1.40204
1.09983
0.790777
0.476583
0.159218
6.69804
5.04902
4.23617
3.72957
3.35254
3.03208
2.73343
2.43897
2.13992
1.83237
1.51521
1.18896
0.855032
0.515372
0.172186
6.8933
5.27639
4.46033
3.94984
3.56828
3.24049
2.93074
2.62136
2.30396
1.97524
1.63471
1.28341
0.923267
0.556607
0.185979
5.358
4.94759
4.47227
4.08058
3.74666
3.43638
3.1278
2.80931
2.47587
2.12632
1.76167
1.38401
0.996026
0.600598
0.200696
4.81881
4.66387
4.42611
4.1712
3.90861
3.63107
3.33174
3.00763
2.65895
2.28789
1.89765
1.49179
1.07395
0.647694
0.216448
4.34942
4.43766
4.39186
4.26714
4.08094
3.8409
3.55289
3.223
2.85757
2.46279
2.04447
1.60787
1.15772
0.698254
0.233347
4.12563
4.30452
4.41241
4.40575
4.29066
4.08402
3.80311
3.46306
3.07656
2.65403
2.20398
1.73337
1.24796
0.752589
0.251487
3.77366
4.22069
4.51249
4.61966
4.56395
4.37872
4.09438
3.73537
3.32057
2.86438
2.37776
1.86915
1.34511
0.810904
0.270925
3.49557
4.24465
4.74077
4.94667
4.92718
4.74225
4.4375
4.04641
3.59332
3.09585
2.56682
2.01564
1.44932
0.873226
0.291662
2.69539
4.44428
5.17059
5.43019
5.40529
5.18898
4.84057
4.40052
3.89688
3.34923
2.77126
2.17265
1.56032
0.939345
0.31362
4.4243
5.35402
5.9245
6.11128
6.01633
5.72743
5.30726
4.79877
4.23101
3.62366
2.99002
2.33917
1.67732
1.00876
0.336629
5.52472
6.51322
6.94486
6.988
6.76204
6.35703
5.8353
5.23817
4.59264
3.91633
3.22074
2.51335
1.79896
1.08067
0.360417
7.4842
8.05913
8.23501
8.05159
7.63209
7.06767
6.41569
5.71118
4.97564
4.22239
3.45965
2.69236
1.92333
1.15392
0.384611
9.10016
9.88213
9.77466
9.2791
8.60277
7.8391
7.03255
6.20573
5.37093
4.53503
3.70171
2.8726
2.04796
1.2271
0.408745
12.4732
12.3228
11.5838
10.6322
9.63408
8.64031
7.66347
6.70581
5.76699
4.84587
3.94083
3.04973
2.16996
1.29855
0.432276
15.9533
15.1722
13.5406
12.0174
10.6624
9.42975
8.28108
7.19281
6.15074
5.14555
4.17028
3.21898
2.28614
1.36644
0.454607
24.8118
18.6123
15.4221
13.2859
11.6057
10.1609
8.85673
7.64772
6.50887
5.42446
4.38308
3.3754
2.39321
1.42887
0.475119
26.098
19.9624
16.5718
14.2376
12.3857
10.7942
9.36632
8.0539
6.82918
5.67348
4.57247
3.51413
2.48787
1.48394
0.493192
21.5537
19.4064
16.9878
14.8543
12.9848
11.314
9.79572
8.39916
7.10156
5.88453
4.73221
3.63059
2.56701
1.52985
0.508237
20.319
19.0388
17.2058
15.2877
13.4458
11.7278
10.1406
8.67569
7.318
6.05062
4.85675
3.72064
2.6278
1.56495
0.519716
20.0768
19.0549
17.483
15.6682
13.8209
12.0507
10.4006
8.87773
7.47171
6.16565
4.94118
3.78063
2.66777
1.58783
0.527162
20.3246
19.4529
17.929
16.0712
14.1425
12.29
10.5724
8.99862
7.55599
6.22403
4.98122
3.8075
2.68488
1.59732
0.530203
21.3023
20.3038
18.6067
16.5236
14.411
12.4358
10.6441
9.02845
7.56343
6.22049
4.97327
3.79887
2.67765
1.59262
0.528579
21.8344
21.6398
19.5523
16.9965
14.584
12.4542
10.5936
8.95367
7.48607
6.15048
4.91476
3.7533
2.6453
1.57333
0.522177
22.1016
24.2902
20.8233
17.37
14.5606
12.2857
10.3899
8.75921
7.31703
6.01112
4.80469
3.6706
2.58791
1.5396
0.511051
51.5455
30.868
22.0848
17.2963
14.166
11.8541
10.002
8.43384
7.05334
5.80269
4.64437
3.5522
2.50665
1.49215
0.495446
50.3508
29.1861
20.5721
16.0712
13.2031
11.103
9.41687
7.97818
6.69948
5.53013
4.4381
3.40143
2.40383
1.43232
0.475809
17.1967
18.7883
16.203
13.7122
11.7067
10.0646
8.65991
7.41141
6.26969
5.20387
4.19339
3.22352
2.2829
1.36209
0.452771
6.82151
11.2911
11.7684
11.0162
9.95805
8.86126
7.79448
6.77048
5.7872
4.83918
3.92047
3.02531
2.14821
1.28386
0.427112
2.81679
6.56634
8.18757
8.53257
8.23622
7.63707
6.89936
6.10126
5.28021
4.45412
3.63119
2.81457
2.00466
1.20036
0.3997
0.120433
3.3196
5.49301
6.49436
6.72467
6.50911
6.04617
5.44798
4.77673
4.06688
3.33753
2.59915
1.85722
1.11432
0.371413
-4.6303
0.785171
3.6124
4.9916
5.52276
5.55294
5.28689
4.84545
4.30006
3.69317
3.05015
2.3862
1.71044
1.0283
0.34307
-0.441605
-1.33146
-2.24164
-3.18711
-4.18521
-5.25725
-6.43093
-7.74453
-9.25425
-11.0487
-13.2794
-16.2313
-20.5085
-27.5867
-41.7232
-0.445074
-1.34247
-2.26206
-3.22029
-4.23634
-5.33395
-6.54423
-7.91025
-9.49504
-11.3962
-13.7734
-16.9035
-21.2871
-27.842
-38.1045
-0.441297
-1.33128
-2.24386
-3.19566
-4.20591
-5.29798
-6.50178
-7.85721
-9.41951
-11.2674
-13.5147
-16.3223
-19.8945
-24.3896
-29.4917
-0.430135
-1.29748
-2.18642
-3.1126
-4.09364
-5.15028
-6.30771
-7.59729
-9.05835
-10.7394
-12.6957
-14.9763
-17.579
-20.3302
-22.608
-0.411896
-1.2421
-2.09176
-2.97466
-3.90577
-4.90179
-5.9815
-7.16588
-8.47721
-9.93598
-11.5526
-13.3082
-15.115
-16.7444
-17.7288
-0.387248
-1.16725
-1.96386
-2.7885
-3.653
-4.5696
-5.55063
-6.60752
-7.74864
-8.97475
-10.2704
-11.5888
-12.8284
-13.8034
-14.2304
-0.357097
-1.07578
-1.80794
-2.56249
-3.34813
-4.17299
-5.04389
-5.96494
-6.93508
-7.94396
-8.96543
-9.9484
-10.8063
-11.4105
-11.6024
-0.322453
-0.970851
-1.62963
-2.30538
-3.00403
-3.73033
-4.48699
-5.27326
-6.08279
-6.90059
-7.69898
-8.43307
-9.03774
-9.42998
-9.52343
-0.284315
-0.855531
-1.43436
-2.02537
-2.63228
-3.25733
-3.9005
-4.55831
-5.22222
-5.87664
-6.49681
-7.04716
-7.48164
-7.74823
-7.80015
-0.243593
-0.732598
-1.2269
-1.72948
-2.24238
-2.76619
-3.29936
-3.83726
-4.37113
-4.88694
-5.36446
-5.77712
-6.09343
-6.28116
-6.31476
-0.201051
-0.604368
-1.01117
-1.42325
-1.84156
-2.26571
-2.6935
-3.12024
-3.5381
-3.93552
-4.29699
-4.60342
-4.83379
-4.96821
-4.99254
-0.157296
-0.472651
-0.790161
-1.11081
-1.43488
-1.76158
-2.08869
-2.41211
-2.72551
-3.02007
-3.28454
-3.50579
-3.67011
-3.76534
-3.7836
-0.112778
-0.338778
-0.56601
-0.794957
-1.02558
-1.25706
-1.48756
-1.71399
-1.93175
-2.13471
-2.31531
-2.46508
-2.57552
-2.63944
-2.6525
-0.0678155
-0.203672
-0.340142
-0.477428
-0.615409
-0.753503
-0.890522
-1.02454
-1.1528
-1.2717
-1.37691
-1.46371
-1.52746
-1.56439
-1.57231
-32289.4
-32268.1
-32246.7
-32225.1
-32203.2
-32180.8
-32158
-32134.6
-32110.4
-32085.5
-32059.8
-32033.1
-32005.5
-31976.8
-31947.1
-92.2275
-131.635
53.0969
-0.456592
35.4203
2.46179
20.3674
-1.65123
-22.5154
-6.16796
-31.9431
-7.99458
-40.2659
-7.20486
-50.9594
47.5381
4.06049
36.2513
4.79965
27.2288
2.84266
17.1808
-1.57257
-20.3275
-6.04335
-30.4377
-8.13866
-39.5938
-7.65635
-51.126
47.1136
3.40449
36.354
4.3546
27.464
2.4522
17.3063
-2.04196
-21.4489
-6.64363
-31.9871
-8.80054
-41.5765
-8.25125
-53.6498
49.113
3.40892
37.9691
4.47521
28.7511
2.54821
18.1842
-2.10235
-22.4683
-6.84265
-33.4869
-8.96956
-43.4742
-8.16584
-55.9747
52.478
4.3994
40.6622
5.47367
31.0471
3.493
20.0438
-1.35118
-22.907
-6.23843
-34.6819
-8.28588
-45.5362
-7.00601
-59.3458
60.9798
7.61949
49.8215
9.65827
42.2757
9.08344
35.5753
7.10071
-26.0492
75.6324
46.8076
29.6193
16.9531
5.32751
-8.26959
-52.0898
-50.4763
-7.69264
-1.83917
7.14612
3.3428
3.7328
-3.31359
-10.4774
-11.1344
-16.3449
-14.2382
-18.4636
-12.4715
-12.6572
8.83705
8.62187
14.3724
10.0791
11.7749
6.51861
5.39369
-1.57041
-8.5447
-9.70527
-15.0103
-13.3986
-17.78
-12.1691
-12.5014
8.83381
8.52683
14.3697
9.99688
11.7596
6.37236
5.23074
-1.9575
-9.17085
-10.373
-15.8818
-14.203
-18.7599
-12.8912
-13.2159
9.1191
8.82245
14.973
10.4224
12.3051
6.68749
5.52545
-1.98796
-9.52765
-10.7425
-16.4874
-14.6499
-19.382
-13.1
-13.3661
10.258
10.0042
16.4959
11.7502
13.7771
7.91506
6.75257
-1.11948
-9.02133
-10.206
-16.2129
-14.0728
-18.9699
-11.8436
-11.7462
14.8497
15.1155
23.3218
18.8998
22.9959
17.8844
19.981
13.8331
11.4179
31.9372
30.0511
23.1077
15.4544
8.16658
2.16396
-32.5836
-28.6023
-15.3027
-7.73157
-2.71251
-1.81457
-2.19339
-4.80695
-7.80894
-9.54395
-11.2837
-11.3635
-11.3745
-8.84204
-5.57421
1.39762
4.59261
6.95662
6.73434
6.33204
4.24535
2.01503
-1.55357
-5.1337
-7.39914
-9.54317
-10.0283
-10.3553
-8.12372
-5.07804
1.71883
4.7934
7.09604
6.80393
6.35128
4.17881
1.8623
-1.83686
-5.54898
-7.90072
-10.1265
-10.626
-10.9563
-8.61266
-5.41203
1.71482
4.95209
7.38639
7.10572
6.65938
4.41082
2.01268
-1.83571
-5.69466
-8.11923
-10.4067
-10.8699
-11.1499
-8.60507
-5.15954
2.4222
5.89536
8.51159
8.27413
7.86704
5.56979
3.12313
-0.844857
-4.80841
-7.22935
-9.47582
-9.7261
-9.71735
-6.55933
-2.30457
6.63518
11.1772
15.0069
15.8751
16.9751
16.3057
16.2587
15.1906
15.8593
20.5058
20.577
17.6183
13.4295
9.15494
5.69553
-22.8583
-20.1465
-14.6638
-9.94898
-6.63674
-5.13342
-4.90154
-5.74096
-6.96497
-7.94665
-8.61283
-8.58779
-7.94796
-6.27153
-3.82496
-0.603181
1.75995
3.2651
3.64879
3.31471
2.17891
0.563471
-1.52012
-3.61585
-5.26784
-6.46481
-6.88572
-6.61494
-5.2506
-3.05639
-0.0360344
2.17154
3.5588
3.84217
3.41948
2.19268
0.484874
-1.69758
-3.88606
-5.60988
-6.85699
-7.29274
-7.00318
-5.56814
-3.26189
-0.0884522
2.23803
3.70936
4.02763
3.60887
2.34954
0.588269
-1.66824
-3.92721
-5.69326
-6.95307
-7.35364
-6.98577
-5.40705
-2.90909
0.502799
3.02052
4.63658
5.04237
4.67881
3.43971
1.68437
-0.576617
-2.81683
-4.50399
-5.61321
-5.75241
-4.99975
-2.85441
0.390693
4.75336
8.26456
10.9566
12.5167
13.5024
13.8307
14.0067
14.047
14.5729
15.6625
15.4663
13.9
11.5282
8.96946
6.75531
-17.3656
-15.6806
-12.9192
-10.1467
-7.95613
-6.62136
-6.06704
-6.12117
-6.46993
-6.80367
-6.93731
-6.69738
-6.01416
-4.81001
-3.19203
-1.36752
0.162803
1.18849
1.59682
1.45187
0.803147
-0.213935
-1.4692
-2.73698
-3.79178
-4.50397
-4.73918
-4.44931
-3.57249
-2.22438
-0.620509
0.730949
1.61116
1.89715
1.64558
0.899195
-0.209063
-1.5496
-2.89226
-4.0055
-4.75584
-5.00391
-4.69955
-3.77815
-2.36051
-0.672111
0.755363
1.69272
2.01086
1.76879
1.01105
-0.123004
-1.49723
-2.86955
-3.9963
-4.73672
-4.94394
-4.56519
-3.53276
-1.97469
-0.129004
1.44408
2.50434
2.91847
2.75136
2.05301
0.973766
-0.338307
-1.62162
-2.61088
-3.14741
-3.06302
-2.28761
-0.733155
1.47667
4.09765
6.53156
8.53612
9.9855
10.9761
11.5753
11.95
12.2041
12.4748
12.6708
12.3286
11.3414
9.89631
8.28774
6.7979
-13.8239
-12.7649
-11.1906
-9.50629
-8.04319
-6.98548
-6.35635
-6.0771
-5.99653
-5.94882
-5.79976
-5.44528
-4.83052
-3.94438
-2.85651
-1.70824
-0.707674
0.000886994
0.341579
0.314448
-0.0421746
-0.648354
-1.40026
-2.1648
-2.80908
-3.22997
-3.34875
-3.1289
-2.57302
-1.76068
-0.84151
-0.0310497
0.519182
0.726223
0.584193
0.12681
-0.568516
-1.39859
-2.2288
-2.92373
-3.37793
-3.51061
-3.28446
-2.70275
-1.84902
-0.880046
-0.0215342
0.56776
0.800795
0.671271
0.214454
-0.488436
-1.32896
-2.16554
-2.85564
-3.28818
-3.37804
-3.08593
-2.41537
-1.45447
-0.368252
0.606078
1.30256
1.63153
1.58889
1.21479
0.598435
-0.14141
-0.849852
-1.36972
-1.57572
-1.36868
-0.697294
0.444372
1.97058
3.71131
5.41685
6.91512
8.11494
9.0135
9.64306
10.0669
10.3374
10.484
10.4543
10.1196
9.44215
8.4998
7.43503
6.39656
-11.2751
-10.5909
-9.62055
-8.54734
-7.5465
-6.73244
-6.14182
-5.74694
-5.47582
-5.23991
-4.95798
-4.56802
-4.03764
-3.36925
-2.60795
-1.83625
-1.15767
-0.656987
-0.383998
-0.348502
-0.528133
-0.872918
-1.31314
-1.76579
-2.14807
-2.39102
-2.44593
-2.29238
-1.94285
-1.4508
-0.905975
-0.418321
-0.0786002
0.0579552
-0.0230846
-0.302938
-0.733932
-1.24738
-1.76014
-2.18863
-2.46301
-2.53401
-2.3814
-2.01906
-1.50347
-0.928923
-0.410761
-0.0441907
0.112811
0.0450494
-0.227799
-0.655676
-1.16638
-1.67244
-2.08587
-2.33309
-2.36215
-2.15165
-1.71608
-1.11471
-0.44638
0.168184
0.62998
0.879735
0.903719
0.725429
0.400926
0.0102689
-0.349627
-0.580548
-0.598784
-0.34301
0.215821
1.06816
2.15557
3.37564
4.60059
5.72392
6.67819
7.43825
8.00712
8.40448
8.64929
8.74708
8.6771
8.40424
7.92433
7.2796
6.54444
5.80022
-9.28302
-8.82921
-8.19852
-7.48417
-6.78085
-6.15764
-5.64542
-5.23857
-4.90442
-4.59726
-4.27176
-3.89296
-3.44349
-2.92792
-2.37435
-1.83019
-1.35147
-0.986986
-0.767584
-0.701669
-0.77627
-0.960044
-1.20814
-1.4681
-1.6877
-1.82282
-1.84332
-1.73806
-1.5179
-1.21694
-0.888108
-0.59257
-0.383826
-0.296977
-0.344072
-0.515044
-0.780614
-1.09718
-1.41283
-1.67546
-1.84095
-1.8794
-1.78034
-1.55604
-1.24284
-0.896603
-0.581697
-0.354365
-0.251517
-0.285849
-0.446812
-0.703646
-1.01049
-1.31272
-1.55546
-1.69217
-1.69124
-1.54148
-1.25555
-0.871347
-0.447093
-0.049726
0.262741
0.453044
0.509823
0.446613
0.298677
0.117652
-0.0351242
-0.0976403
-0.0164286
0.24626
0.706282
1.35345
2.14954
3.03297
3.93065
4.77617
5.52109
6.13833
6.61816
6.96173
7.17287
7.25175
7.192
6.98701
6.64384
6.18962
5.66688
5.12274
-7.62968
-7.32219
-6.89696
-6.40512
-5.89984
-5.42299
-4.99732
-4.62549
-4.29416
-3.98099
-3.66232
-3.31965
-2.94454
-2.54128
-2.12724
-1.72986
-1.38078
-1.10807
-0.930147
-0.85249
-0.867197
-0.954547
-1.08605
-1.22852
-1.34901
-1.41965
-1.42182
-1.34918
-1.2093
-1.02323
-0.822292
-0.641839
-0.513523
-0.45903
-0.48668
-0.590929
-0.753869
-0.948288
-1.14186
-1.30217
-1.40184
-1.42282
-1.35962
-1.22104
-1.0298
-0.819163
-0.626528
-0.485284
-0.418308
-0.434403
-0.527772
-0.679599
-0.861253
-1.03868
-1.17772
-1.24943
-1.23465
-1.12738
-0.936555
-0.685655
-0.409088
-0.145381
0.0714169
0.218629
0.28871
0.289801
0.244079
0.184354
0.149405
0.1783
0.304601
0.551369
0.927258
1.42427
2.01775
2.66977
3.33581
3.97328
4.54786
5.03627
5.42544
5.70966
5.88691
5.95604
5.91605
5.76874
5.52326
5.19832
4.82015
4.41764
-6.19597
-5.9847
-5.69134
-5.3454
-4.9779
-4.61464
-4.27167
-3.9541
-3.65774
-3.37266
-3.08742
-2.79307
-2.48611
-2.17019
-1.8561
-1.56001
-1.30012
-1.09264
-0.94833
-0.870309
-0.853516
-0.885474
-0.948152
-1.02061
-1.08209
-1.11509
-1.10804
-1.05714
-0.967194
-0.85095
-0.726971
-0.616032
-0.536917
-0.502796
-0.518987
-0.582302
-0.681793
-0.800626
-0.918774
-1.0162
-1.07605
-1.08746
-1.04746
-0.961872
-0.844681
-0.715805
-0.597356
-0.509259
-0.465479
-0.471681
-0.524556
-0.612602
-0.718099
-0.81993
-0.89693
-0.93125
-0.911259
-0.833601
-0.704061
-0.536925
-0.352564
-0.17349
-0.0197042
0.0952844
0.166939
0.200401
0.209645
0.215378
0.241997
0.313974
0.452161
0.670542
0.973815
1.35618
1.80168
2.28638
2.78212
3.26094
3.69872
4.07712
4.38385
4.61162
4.75665
4.81745
4.79464
4.69183
4.51713
4.28365
4.00845
3.71005
-4.91101
-4.7654
-4.56143
-4.31671
-4.04987
-3.77707
-3.50944
-3.25216
-3.00508
-2.76454
-2.52565
-2.28463
-2.04058
-1.79645
-1.55905
-1.33803
-1.14398
-0.986265
-0.871051
-0.799958
-0.769635
-0.772162
-0.796173
-0.828514
-0.856169
-0.868198
-0.857384
-0.82135
-0.762955
-0.689804
-0.612872
-0.544401
-0.495518
-0.474114
-0.483437
-0.521582
-0.581866
-0.653953
-0.725536
-0.784322
-0.820035
-0.826127
-0.800957
-0.748207
-0.676392
-0.597433
-0.524479
-0.469418
-0.440676
-0.441754
-0.470693
-0.520479
-0.580224
-0.636936
-0.677599
-0.691276
-0.670907
-0.614529
-0.525707
-0.412999
-0.28843
-0.165181
-0.0549586
0.0343398
0.100167
0.145874
0.180267
0.216326
0.269276
0.354307
0.48424
0.66747
0.906482
1.19717
1.52916
1.88709
2.25279
2.60771
2.93507
3.22118
3.45596
3.63273
3.74766
3.79929
3.78843
3.71845
3.59561
3.42908
3.23017
3.0111
-3.72899
-3.63013
-3.49021
-3.31987
-3.13043
-2.93206
-2.73231
-2.53552
-2.34302
-2.15404
-1.96695
-1.78057
-1.59515
-1.413
-1.23843
-1.07721
-0.9355
-0.818691
-0.730237
-0.670898
-0.638452
-0.62791
-0.632199
-0.643163
-0.652752
-0.654204
-0.643046
-0.617758
-0.579964
-0.534105
-0.486588
-0.444565
-0.41455
-0.401186
-0.406384
-0.428984
-0.464943
-0.508007
-0.550726
-0.585674
-0.60667
-0.609811
-0.594168
-0.561996
-0.51839
-0.470417
-0.425837
-0.391676
-0.372936
-0.371707
-0.386812
-0.414014
-0.44672
-0.477053
-0.497127
-0.500331
-0.482407
-0.442178
-0.381751
-0.306153
-0.222394
-0.138117
-0.0600821
0.00719363
0.062368
0.107637
0.148492
0.192949
0.250356
0.329983
0.439572
0.58407
0.764729
0.978708
1.21928
1.47661
1.73898
1.99418
2.23081
2.43914
2.61161
2.7429
2.82981
2.87109
2.86737
2.82118
2.73702
2.6211
2.48094
2.32457
-2.61782
-2.55401
-2.46281
-2.35051
-2.22385
-2.08904
-1.95093
-1.8127
-1.67588
-1.5408
-1.40724
-1.27511
-1.14503
-1.01864
-0.898605
-0.788277
-0.69117
-0.610285
-0.547495
-0.503114
-0.475724
-0.462303
-0.458613
-0.459793
-0.461053
-0.458366
-0.449057
-0.432174
-0.408589
-0.380791
-0.352395
-0.327438
-0.309607
-0.301527
-0.304272
-0.317148
-0.337792
-0.362557
-0.387106
-0.40712
-0.419015
-0.420543
-0.411183
-0.392249
-0.366677
-0.338514
-0.312194
-0.29173
-0.279981
-0.278139
-0.285511
-0.299624
-0.316633
-0.331942
-0.340952
-0.339808
-0.326028
-0.298912
-0.259643
-0.211058
-0.157104
-0.102065
-0.0497122
-0.00252689
0.0388331
0.0757539
0.111532
0.150923
0.19944
0.262513
0.344633
0.448601
0.574995
0.721949
0.885268
1.05887
1.23548
1.40741
1.56731
1.70875
1.82656
1.91698
1.97767
2.0077
2.00745
1.97861
1.92414
1.84804
1.75507
1.6503
-1.55312
-1.51732
-1.46578
-1.40182
-1.32903
-1.25075
-1.16972
-1.08785
-1.00624
-0.925384
-0.845462
-0.76669
-0.689587
-0.615139
-0.544794
-0.480308
-0.423481
-0.375821
-0.338246
-0.310862
-0.292881
-0.282681
-0.278014
-0.276309
-0.275035
-0.272065
-0.265976
-0.256241
-0.243279
-0.228339
-0.213248
-0.200052
-0.19062
-0.186282
-0.187574
-0.194126
-0.204706
-0.21742
-0.230016
-0.240258
-0.24629
-0.246955
-0.241986
-0.232063
-0.218695
-0.203958
-0.19012
-0.179234
-0.17276
-0.171305
-0.174502
-0.181065
-0.188994
-0.195902
-0.199398
-0.19748
-0.188855
-0.173147
-0.15095
-0.123695
-0.093375
-0.0621477
-0.0319006
-0.00385916
0.0216906
0.045516
0.0693704
0.0957571
0.127563
0.167616
0.218235
0.280836
0.355654
0.441626
0.536448
0.636806
0.738719
0.837949
0.93039
1.01239
1.08095
1.13385
1.16971
1.18791
1.18868
1.17296
1.14242
1.09928
1.04618
0.985941
-31918.9
-31892.6
-31865.5
-31837.7
-31809.4
-31780.4
-31750.8
-31720.6
-31690
-31658.9
-31627.4
-31595.5
-31563.2
-31530.6
-31497.7
-31464.6
-31431.3
-31397.7
-31364
-31330.1
-31296.1
-31262
-31227.7
-31193.3
-31158.7
-31124.1
-31089.3
-31054.4
-31019.3
-30984.2
-30949
-30913.6
-30878.2
-30842.6
-30807
-30771.3
-30735.5
-30699.6
-30663.7
-30627.6
-30591.4
-30555
-30518.6
-30482.1
-30445.4
-30408.7
-30371.8
-30334.9
-30297.9
-30260.8
-30223.6
-30186.3
-30149
-30111.5
-30074
-30036.4
-29998.7
-29960.9
-29923
-29885.1
-29847.1
-29809
-29771
-29732.9
-29694.8
-29656.7
-29618.7
-29580.6
-29542.6
-29504.7
-29466.9
-29429.1
-29391.5
-29354
-29316.8
-29279.8
-29243.1
-29206.7
-29170.7
-29135.2
-29100.1
-29065.5
-29031.5
-28998
-28965
-28932.6
-28900.8
-28869.4
-28838.6
-28808.3
-4.57634
0.312056
2.7813
4.0536
4.62217
4.75081
4.5999
4.27078
3.82803
3.31295
2.75198
2.16216
1.55453
0.936365
0.312692
0.83342
1.84676
2.92819
3.66071
4.03727
4.12982
4.01313
3.74797
3.37961
2.94049
2.45341
1.93428
1.39424
0.841215
0.281149
3.77834
3.31338
3.42401
3.62375
3.73639
3.71805
3.57485
3.32836
3.00193
2.61598
2.18689
1.72732
1.24692
0.753112
0.251836
5.09676
4.2044
3.83069
3.67391
3.5665
3.43112
3.23985
2.98869
2.68378
2.33461
1.95085
1.54119
1.113
0.672479
0.224921
5.4982
4.57679
4.02045
3.6747
3.42456
3.2001
2.96476
2.70275
2.40989
2.08782
1.74072
1.37359
0.991419
0.59888
0.200289
5.40318
4.5841
3.99961
3.57988
3.25693
2.97995
2.71633
2.44768
2.16522
1.86606
1.55062
1.22103
0.880205
0.531332
0.177644
5.04358
4.35682
3.81402
3.38828
3.04334
2.74644
2.47292
2.20641
1.93725
1.66057
1.37466
1.0797
0.777041
0.468597
0.156598
4.54529
3.98558
3.51137
3.11586
2.78172
2.48956
2.22249
1.96778
1.7168
1.46433
1.20773
0.946087
0.679659
0.409418
0.13675
3.97677
3.52884
3.13001
2.78208
2.47812
2.20758
1.95972
1.72543
1.49782
1.27224
1.04584
0.817255
0.586091
0.352667
0.117732
3.37522
3.02301
2.69775
2.40432
2.14109
1.90291
1.68338
1.47638
1.27683
1.08094
0.886158
0.690997
0.494781
0.297427
0.0992424
2.76062
2.49022
2.23368
1.99634
1.77902
1.5796
1.39452
1.21989
1.05218
0.888528
0.72685
0.565793
0.404609
0.243017
0.0810534
2.14318
1.94357
1.7504
1.56836
1.39905
1.24194
1.0952
0.956487
0.823475
0.694142
0.566922
0.440716
0.314847
0.188976
0.0630083
1.52749
1.39046
1.25601
1.12762
1.00689
0.893909
0.787846
0.687383
0.591087
0.497644
0.40598
0.315302
0.225086
0.135034
0.0450116
0.914829
0.834788
0.755545
0.679243
0.606968
0.538964
0.474895
0.414111
0.355846
0.299367
0.244052
0.189426
0.135162
0.0810603
0.0270159
-28775.4
-28740.2
-28705.5
-28671.3
-28637.6
-28604.3
-28571.3
-28538.7
-28506.3
-28474.2
-28442.2
-28410.4
-28378.8
-28347.2
-28315.7
)
;

boundaryField
{
    hot
    {
        type            calculated;
        value           nonuniform List<scalar> 
120
(
32284.1
0.0534008
0.0895545
0.126501
0.164474
0.203616
0.243945
0.285318
0.327389
0.369582
0.411069
0.450774
0.487416
0.519594
0.54592
0.564165
0.574765
0.579657
0.578868
0.572695
0.561673
0.546509
0.528006
0.506982
0.484201
0.460333
0.435923
0.411396
0.387071
0.363182
0.339908
0.317392
0.295762
0.275132
0.255605
0.237268
0.220186
0.20439
0.189878
0.176611
0.164518
0.153502
0.143451
0.134247
0.125777
0.11794
0.110655
0.10386
0.0975113
0.0915806
0.0860482
0.0808969
0.0761067
0.0716507
0.0674928
0.063588
0.0598838
0.0563238
0.0528515
0.0494144
0.0459668
0.0424725
0.0389047
0.0352454
0.031483
0.0276094
0.0236171
0.0194964
0.015233
0.0108073
0.00619346
0.00135998
-0.00372988
-0.00911682
-0.0148445
-0.020958
-0.0275029
-0.0345235
-0.0420613
-0.0501533
-0.0588296
-0.068112
-0.0780124
-0.0885323
-0.0996639
-0.111393
-0.123704
-0.136585
-0.150035
-0.164072
-0.178733
-0.194077
-0.210178
-0.227113
-0.244947
-0.263708
-0.28336
-0.303784
-0.324745
-0.34588
-0.36669
-0.386544
-0.40471
-0.420397
-0.432813
-0.441605
-0.445074
-0.441297
-0.430135
-0.411896
-0.387248
-0.357097
-0.322453
-0.284315
-0.243593
-0.201051
-0.157296
-0.112778
-0.0678155
-32289.4
)
;
    }
    cold
    {
        type            calculated;
        value           nonuniform List<scalar> 
120
(
28318.1
-0.0205268
-0.0356259
-0.0528707
-0.0731565
-0.0973889
-0.126448
-0.161121
-0.202
-0.249347
-0.302931
-0.361874
-0.424541
-0.488532
-0.550819
-0.60381
-0.645955
-0.680961
-0.707688
-0.72553
-0.734436
-0.734842
-0.727557
-0.713617
-0.694143
-0.670229
-0.642867
-0.612915
-0.581088
-0.547987
-0.514122
-0.479941
-0.445854
-0.412236
-0.379433
-0.347749
-0.317435
-0.288685
-0.261622
-0.236304
-0.212728
-0.190837
-0.170536
-0.151706
-0.134213
-0.117926
-0.10272
-0.0884834
-0.0751194
-0.062545
-0.0506898
-0.0394931
-0.0289009
-0.018864
-0.00933549
-0.000268839
0.00838371
0.0166732
0.024656
0.032395
0.0399613
0.0474341
0.0548995
0.0624481
0.0701719
0.0781597
0.0864933
0.095244
0.104471
0.114223
0.124537
0.135447
0.146992
0.159218
0.172186
0.185979
0.200696
0.216448
0.233347
0.251487
0.270925
0.291662
0.31362
0.336629
0.360417
0.384611
0.408745
0.432276
0.454607
0.475119
0.493192
0.508237
0.519716
0.527162
0.530203
0.528579
0.522177
0.511051
0.495446
0.475809
0.452771
0.427112
0.3997
0.371413
0.34307
0.312692
0.281149
0.251836
0.224921
0.200289
0.177644
0.156598
0.13675
0.117732
0.0992424
0.0810534
0.0630083
0.0450116
0.0270159
-28315.7
)
;
    }
    interface_left
    {
        type            calculated;
        value           nonuniform List<scalar> 
90
(
24.2606
59.792
62.2609
35.906
26.0704
16.9455
12.6529
7.12083
8.56318
8.92832
9.29065
9.53857
10.1787
11.0824
13.8727
13.3416
8.79855
7.00363
5.23628
4.37566
3.30095
2.68117
1.66408
2.21857
2.43142
2.71856
2.9071
3.29195
3.71189
4.86971
4.77038
3.28826
2.70104
2.10605
1.80866
1.41285
1.17233
0.74033
1.04002
1.16562
1.33895
1.45191
1.67221
1.89974
2.50913
2.46199
1.69807
1.39111
1.07008
0.906223
0.682842
0.547649
0.313745
0.413346
0.431976
0.42882
0.404188
0.339982
0.274827
0.130536
0.0239048
-0.185237
-0.292673
-0.435007
-0.51027
-0.596821
-0.623506
-0.564669
-1.02047
-1.33539
-1.9167
-2.38897
-3.36362
-4.32938
-6.74365
-7.06907
-5.74064
-5.30593
-4.98691
-4.83451
-4.58346
-4.31687
-3.46904
-6.42695
-6.45862
-3.39115
-3.20963
-4.90893
-10.3423
-27.582
)
;
    }
    interface_right
    {
        type            calculated;
        value           nonuniform List<scalar> 
90
(
-11.3044
-111.189
-123.621
-67.9088
-47.9357
-30.4404
-22.4549
-12.4756
-15.0521
-15.7099
-16.3325
-16.733
-17.7299
-19.1789
-23.7047
-22.661
-14.6642
-11.4863
-8.32173
-6.79278
-4.91415
-3.87219
-2.28217
-2.81242
-2.93055
-3.00454
-3.02146
-3.07684
-3.21545
-3.74453
-3.47803
-2.06782
-1.49845
-0.932138
-0.662731
-0.356902
-0.206082
-0.0468248
0.11049
0.235433
0.464877
0.642963
0.991515
1.31354
2.08521
2.19368
1.77903
1.63506
1.50269
1.4324
1.30342
1.19542
0.888925
1.45341
1.78604
2.34928
2.78329
3.65792
4.52331
6.69804
6.8933
5.358
4.81881
4.34942
4.12563
3.77366
3.49557
2.69539
4.4243
5.52472
7.4842
9.10016
12.4732
15.9533
24.8118
26.098
21.5537
20.319
20.0768
20.3246
21.3023
21.8344
22.1016
51.5455
50.3508
17.1967
6.82151
2.81679
0.120433
-4.6303
)
;
    }
    interface_top
    {
        type            calculated;
        value           nonuniform List<scalar> 
90
(
-119.184
-196.61
106.479
-3.14932
56.6831
-1.36185
32.9239
-0.863121
-32.461
-0.54241
-44.1403
-0.508344
-57.1925
0.0507701
-83.4973
80.273
-2.72771
53.0874
-2.00258
39.1064
-1.88516
26.5443
-1.57035
-29.6788
-1.32051
-42.2861
-1.35008
-56.3707
-0.91196
-83.8007
79.6113
-3.76904
53.3557
-2.72399
39.5876
-2.47819
26.937
-2.07234
-31.166
-1.77477
-44.3359
-1.77096
-59.1078
-1.25075
-87.8399
83.0795
-4.13063
55.7633
-2.96161
41.4552
-2.6383
28.288
-2.1463
-32.7026
-1.73121
-46.5177
-1.56741
-61.989
-0.752825
-92.0125
88.3242
-3.46745
59.3557
-2.36183
44.3968
-2.00366
30.679
-1.44783
-33.8431
-0.881698
-48.775
-0.485807
-65.8598
0.770486
-99.4566
100.339
-1.97731
70.5848
-0.713187
57.576
-0.0307974
48.6369
1.99497
-58.8296
110.99
57.3239
32.8699
17.4453
3.38813
-16.0562
)
;
    }
    interface_bottom
    {
        type            calculated;
        value           nonuniform List<scalar> 
90
(
38.042
114.105
-84.9022
2.48363
-51.8132
0.880718
-33.0624
-0.0894363
31.7166
-0.872316
44.1671
-1.33516
57.9248
-2.37666
85.3103
-86.9335
0.113338
-58.4106
-0.867448
-43.7449
-1.17289
-30.6546
-1.66611
27.1784
-2.17407
39.6053
-2.51632
53.1357
-3.5893
79.1704
-83.3094
-1.06729
-56.1786
-1.73596
-42.2099
-1.85036
-29.7489
-2.21102
25.215
-2.65599
37.0655
-2.95173
49.9241
-4.02325
74.4404
-79.2698
-1.40741
-53.3945
-1.86488
-40.1046
-1.87686
-28.2689
-2.1609
23.8506
-2.53903
35.1341
-2.76619
47.3854
-3.67969
70.7938
-75.1236
-1.15887
-50.5919
-1.59283
-37.974
-1.60402
-26.694
-1.84837
22.9011
-2.12305
33.7199
-2.20024
45.5728
-2.73924
68.5817
-71.6489
-0.435403
-48.5628
-1.0108
-37.0077
-1.24814
-27.3804
-2.22111
24.8063
-28.747
-4.62521
10.6707
25.8947
48.2254
93.8457
)
;
    }
    defaultFaces
    {
        type            empty;
    }
}


// ************************************************************************* //
