/*--------------------------------*- C++ -*----------------------------------*\
| =========                 |                                                 |
| \\      /  F ield         | OpenFOAM: The Open Source CFD Toolbox           |
|  \\    /   O peration     | Version:  5.x                                   |
|   \\  /    A nd           | Web:      www.OpenFOAM.org                      |
|    \\/     M anipulation  |                                                 |
\*---------------------------------------------------------------------------*/
FoamFile
{
    version     2.0;
    format      ascii;
    class       volScalarField;
    location    "3.6999";
    object      gradTx;
}
// * * * * * * * * * * * * * * * * * * * * * * * * * * * * * * * * * * * * * //

dimensions      [0 -1 0 1 0 0 0];

internalField   nonuniform List<scalar> 
6300
(
-30.374
-30.4438
-30.5827
-30.7894
-31.0616
-31.3962
-31.7891
-32.235
-32.7274
-33.2583
-33.8187
-34.3985
-34.9869
-35.5731
-36.1468
-30.3043
-30.3748
-30.5151
-30.7239
-30.9992
-31.338
-31.7362
-32.1887
-32.6889
-33.2289
-33.7994
-34.39
-34.9893
-35.5857
-36.1684
-30.1642
-30.2359
-30.379
-30.5921
-30.8735
-31.2204
-31.6291
-32.0947
-32.6107
-33.1691
-33.7602
-34.3728
-34.9945
-35.6123
-36.2136
-29.9524
-30.026
-30.1729
-30.3921
-30.6823
-31.0411
-31.4653
-31.9504
-32.4902
-33.0766
-33.6995
-34.3466
-35.0037
-35.6555
-36.2866
-29.667
-29.7429
-29.8945
-30.1213
-30.4225
-30.7964
-31.2407
-31.7515
-32.3232
-32.9478
-33.6148
-34.3105
-35.0183
-35.7194
-36.394
-29.3058
-29.3842
-29.541
-29.7763
-30.09
-30.4816
-30.9497
-31.4918
-32.1033
-32.7768
-33.5015
-34.2624
-35.0398
-35.8098
-36.5461
-28.8664
-28.9472
-29.1091
-29.3529
-29.6797
-30.0902
-30.5849
-31.1629
-31.8214
-32.5546
-33.3522
-34.1979
-35.0687
-35.9342
-36.7579
-28.3463
-28.429
-28.5953
-28.8467
-29.1857
-29.6148
-30.1368
-30.7535
-31.465
-32.2682
-33.1547
-34.1083
-35.1031
-36.1006
-37.0501
-27.7437
-27.8275
-27.9964
-28.2532
-28.6016
-29.0467
-29.594
-30.2493
-31.017
-31.8987
-32.8901
-33.9779
-35.1347
-36.3151
-37.4501
-27.0572
-27.1408
-27.3098
-27.568
-27.921
-28.3763
-28.9434
-29.6328
-30.4552
-31.4195
-32.5294
-33.7783
-35.143
-36.5751
-37.989
-26.2873
-26.3688
-26.5342
-26.7881
-27.138
-27.5944
-28.1706
-28.8833
-29.7515
-30.7949
-32.0298
-33.4631
-35.0839
-36.8534
-38.6875
-25.436
-25.5131
-25.67
-25.9122
-26.2488
-26.6926
-27.2614
-27.9784
-28.8729
-29.9788
-31.3317
-32.9604
-34.8762
-37.0669
-39.5045
-24.5077
-24.5777
-24.7205
-24.9421
-25.2524
-25.666
-26.2041
-26.8962
-27.7827
-28.9159
-30.3579
-32.1705
-34.3933
-37.0334
-40.1808
-23.5095
-23.5695
-23.6923
-23.8834
-24.1527
-24.5149
-24.9927
-25.6198
-26.446
-27.5441
-29.0134
-30.9702
-33.4925
-36.4921
-39.8195
-22.4514
-22.4987
-22.5956
-22.7467
-22.9601
-23.2484
-23.6323
-24.1442
-24.8376
-25.8011
-27.1812
-29.2038
-32.1137
-35.6226
-36.1926
-36.6549
-37.0955
-37.5134
-37.907
-38.2753
-38.6183
-38.9365
-39.2304
-39.5005
-39.7465
-39.9682
-40.1645
-40.3347
-40.4781
-40.5946
-40.6853
-40.7519
-40.7973
-40.8253
-40.8399
-40.8451
-40.8447
-40.8413
-40.8366
-40.8309
-40.8237
-40.8134
-40.798
-40.7755
-40.7445
-40.7044
-40.6553
-40.5986
-40.5365
-40.4716
-40.4067
-40.3441
-40.2856
-40.2318
-40.1823
-40.1357
-40.09
-40.0428
-39.9915
-39.9344
-39.8705
-39.7997
-39.723
-39.6424
-39.5603
-39.4792
-39.4012
-39.3279
-39.2598
-39.1966
-39.1366
-39.078
-39.0181
-38.9548
-38.8861
-38.811
-38.7295
-38.6426
-38.5522
-38.4607
-38.3705
-38.2838
-38.2023
-38.1267
-38.0567
-37.9913
-37.9288
-37.8673
-37.8051
-37.7414
-37.676
-37.6102
-37.5463
-37.4878
-37.4388
-37.4036
-37.3863
-37.3901
-37.4168
-37.4668
-37.5386
-37.6286
-37.7319
-37.842
-37.952
-36.6832
-37.1281
-37.5487
-37.9434
-38.3117
-38.6541
-38.9715
-39.2649
-39.535
-39.7818
-40.0046
-40.2023
-40.3733
-40.5167
-40.6321
-40.72
-40.7824
-40.8226
-40.8446
-40.8533
-40.8534
-40.849
-40.8433
-40.8379
-40.8333
-40.8283
-40.8207
-40.8081
-40.7878
-40.7579
-40.7172
-40.6662
-40.6065
-40.5405
-40.4717
-40.4033
-40.3383
-40.2788
-40.2256
-40.178
-40.1345
-40.0924
-40.0485
-39.9999
-39.9443
-39.8803
-39.808
-39.7287
-39.6447
-39.5589
-39.4746
-39.3945
-39.3203
-39.2529
-39.1917
-39.1348
-39.0796
-39.0232
-38.9625
-38.8952
-38.8201
-38.7372
-38.6477
-38.5539
-38.4587
-38.3653
-38.2764
-38.1938
-38.1185
-38.0501
-37.9871
-37.9272
-37.8681
-37.8074
-37.7437
-37.6766
-37.6073
-37.5385
-37.4741
-37.4188
-37.3778
-37.3559
-37.3569
-37.3832
-37.4355
-37.5121
-37.6095
-37.7218
-37.8422
-37.9625
-36.7422
-37.1958
-37.6215
-38.018
-38.3857
-38.726
-39.0411
-39.3332
-39.6033
-39.8518
-40.0775
-40.2784
-40.452
-40.596
-40.7091
-40.7915
-40.8451
-40.874
-40.8833
-40.8794
-40.8682
-40.8554
-40.8448
-40.8384
-40.8363
-40.8364
-40.8355
-40.8294
-40.8142
-40.7866
-40.7451
-40.6899
-40.6233
-40.5488
-40.4711
-40.395
-40.3248
-40.2631
-40.2111
-40.1681
-40.1314
-40.0972
-40.061
-40.0185
-39.9662
-39.9022
-39.8266
-39.7411
-39.6493
-39.5554
-39.464
-39.379
-39.3031
-39.2372
-39.1805
-39.1304
-39.0831
-39.0343
-38.9795
-38.9156
-38.8405
-38.7543
-38.6588
-38.5573
-38.4541
-38.3536
-38.2596
-38.1748
-38.1004
-38.0356
-37.9781
-37.9246
-37.8711
-37.814
-37.7506
-37.6801
-37.6036
-37.5242
-37.447
-37.3781
-37.3244
-37.2923
-37.287
-37.3122
-37.369
-37.4558
-37.5685
-37.7003
-37.8422
-37.9844
-36.8368
-37.3037
-37.7364
-38.1343
-38.4991
-38.8342
-39.1442
-39.433
-39.703
-39.9546
-40.1862
-40.3939
-40.5733
-40.7199
-40.8305
-40.9044
-40.9437
-40.9536
-40.9413
-40.9158
-40.8857
-40.8587
-40.8402
-40.8329
-40.8361
-40.8463
-40.8578
-40.864
-40.8583
-40.8354
-40.7927
-40.7303
-40.6514
-40.5617
-40.4683
-40.3786
-40.2988
-40.2334
-40.1839
-40.149
-40.1247
-40.1049
-40.0827
-40.0511
-40.0048
-39.9409
-39.8592
-39.7628
-39.6569
-39.5484
-39.4442
-39.3505
-39.2713
-39.2081
-39.1597
-39.1219
-39.0889
-39.0538
-39.0098
-38.9518
-38.8768
-38.7848
-38.6785
-38.5633
-38.4456
-38.3323
-38.2294
-38.1409
-38.0683
-38.0103
-37.9634
-37.9218
-37.8792
-37.8294
-37.7678
-37.6923
-37.604
-37.5068
-37.4078
-37.3156
-37.2399
-37.1898
-37.1732
-37.1955
-37.259
-37.3622
-37.5001
-37.6638
-37.8418
-38.0205
-36.9756
-37.4607
-37.9017
-38.2985
-38.6552
-38.9789
-39.278
-39.5599
-39.8291
-40.0866
-40.3292
-40.5505
-40.7421
-40.8956
-41.0048
-41.0671
-41.0849
-41.0651
-41.0187
-40.9588
-40.8987
-40.8497
-40.8198
-40.8124
-40.8258
-40.8542
-40.8879
-40.9159
-40.9272
-40.913
-40.8687
-40.7943
-40.6951
-40.5799
-40.4603
-40.3477
-40.2523
-40.1808
-40.1356
-40.1147
-40.1115
-40.1163
-40.1177
-40.1049
-40.069
-40.0051
-39.9132
-39.798
-39.6683
-39.535
-39.4093
-39.3009
-39.2164
-39.1579
-39.1234
-39.1065
-39.0977
-39.0859
-39.0604
-39.0125
-38.9377
-38.8357
-38.7112
-38.5726
-38.4306
-38.2961
-38.1784
-38.0839
-38.0149
-37.9693
-37.9408
-37.9205
-37.8975
-37.8616
-37.8048
-37.723
-37.6168
-37.492
-37.3586
-37.2293
-37.1182
-37.0391
-37.0034
-37.0195
-37.0916
-37.2186
-37.3942
-37.6068
-37.84
-38.075
-37.172
-37.6816
-38.1308
-38.5204
-38.8588
-39.1592
-39.4368
-39.705
-39.9723
-40.2401
-40.5031
-40.7499
-40.9657
-41.1353
-41.2467
-41.2942
-41.2801
-41.2149
-41.1155
-41.0023
-40.8957
-40.8133
-40.7671
-40.7618
-40.7943
-40.8544
-40.9264
-40.992
-41.0327
-41.0341
-40.9879
-40.8944
-40.7617
-40.6048
-40.4421
-40.2922
-40.1714
-40.0902
-40.0526
-40.0549
-40.0867
-40.1324
-40.1735
-40.192
-40.1734
-40.1096
-40.0005
-39.8542
-39.685
-39.5107
-39.3496
-39.2171
-39.1238
-39.0732
-39.0618
-39.0794
-39.1107
-39.1377
-39.1429
-39.1121
-39.0375
-38.9188
-38.764
-38.5869
-38.4048
-38.2355
-38.0939
-37.9902
-37.9278
-37.9033
-37.9066
-37.9228
-37.9343
-37.9239
-37.8778
-37.7886
-37.6564
-37.4896
-37.3032
-37.1165
-36.9506
-36.8256
-36.7587
-36.7629
-36.845
-37.0049
-37.2351
-37.5198
-37.8357
-38.155
-37.4469
-37.9897
-38.4455
-38.8164
-39.1172
-39.3724
-39.6093
-39.8517
-40.1146
-40.4007
-40.7004
-40.9942
-41.2559
-41.4588
-41.5808
-41.6101
-41.5492
-41.4142
-41.2324
-41.0362
-40.8579
-40.725
-40.6557
-40.6568
-40.723
-40.8374
-40.9744
-41.1037
-41.1951
-41.2236
-41.1755
-41.0508
-40.8634
-40.6381
-40.4053
-40.1951
-40.0334
-39.937
-39.912
-39.9526
-40.0421
-40.1551
-40.2618
-40.3324
-40.3428
-40.2792
-40.1415
-39.9434
-39.7089
-39.4674
-39.2485
-39.077
-38.9695
-38.9319
-38.9584
-39.0325
-39.1298
-39.221
-39.2772
-39.2749
-39.2005
-39.0541
-38.8489
-38.6082
-38.3606
-38.1348
-37.9548
-37.8368
-37.7861
-37.7972
-37.8538
-37.9317
-38.0024
-38.0373
-38.013
-37.9159
-37.7457
-37.5154
-37.2482
-36.9739
-36.7239
-36.5281
-36.4118
-36.394
-36.486
-36.69
-36.9975
-37.3875
-37.8266
-38.2721
-37.8325
-38.4232
-38.8827
-39.2133
-39.4416
-39.612
-39.7738
-39.9692
-40.2238
-40.5418
-40.9066
-41.2845
-41.631
-41.899
-42.0483
-42.0562
-41.9248
-41.6812
-41.3701
-41.0443
-40.7551
-40.5452
-40.4428
-40.4583
-40.5824
-40.7878
-41.0336
-41.2704
-41.4478
-41.5237
-41.4736
-41.2974
-41.0196
-40.6824
-40.3358
-40.0285
-39.8012
-39.6809
-39.677
-39.7801
-39.9635
-40.1869
-40.402
-40.5597
-40.6189
-40.5555
-40.3696
-40.085
-39.7428
-39.3916
-39.079
-38.8447
-38.7147
-38.6983
-38.7863
-38.9524
-39.1575
-39.3546
-39.4959
-39.5412
-39.4672
-39.274
-38.9847
-38.6393
-38.285
-37.9679
-37.7266
-37.5862
-37.5555
-37.6254
-37.7701
-37.9511
-38.1221
-38.236
-38.2527
-38.1483
-37.9217
-37.5941
-37.2034
-36.796
-36.4191
-36.1161
-35.9229
-35.8669
-35.9656
-36.226
-36.641
-37.1845
-37.8079
-38.4447
-38.378
-39.0456
-39.5059
-39.7574
-39.8495
-39.864
-39.89
-40.0015
-40.2416
-40.6156
-41.094
-41.6201
-42.1194
-42.5103
-42.7195
-42.7029
-42.4622
-42.0453
-41.5291
-40.9998
-40.5383
-40.2105
-40.0604
-40.1036
-40.3246
-40.6803
-41.1058
-41.5224
-41.8468
-42.0054
-41.9532
-41.6902
-41.2615
-40.7405
-40.2096
-39.7466
-39.4151
-39.2572
-39.288
-39.4921
-39.8273
-40.2305
-40.6248
-40.929
-41.0715
-41.0083
-40.7397
-40.3096
-39.7896
-39.2601
-38.797
-38.462
-38.2963
-38.3145
-38.5015
-38.8161
-39.1967
-39.5686
-39.8527
-39.9792
-39.9056
-39.6321
-39.2014
-38.6831
-38.1555
-37.6921
-37.3528
-37.1775
-37.1801
-37.3457
-37.634
-37.9846
-38.324
-38.5744
-38.6665
-38.5568
-38.2429
-37.7634
-37.1826
-36.5739
-36.0078
-35.5457
-35.2366
-35.117
-35.2122
-35.539
-36.0995
-36.8661
-37.77
-38.7032
-39.1579
-39.9668
-40.4299
-40.5314
-40.3691
-40.0993
-39.8833
-39.8488
-40.0668
-40.5392
-41.2127
-41.9945
-42.7642
-43.383
-43.7162
-43.6725
-43.2534
-42.5525
-41.707
-40.8578
-40.1289
-39.6202
-39.3996
-39.4928
-39.8732
-40.4723
-41.191
-41.9074
-42.4847
-42.7908
-42.7363
-42.3217
-41.6366
-40.8126
-39.9857
-39.2755
-38.779
-38.562
-38.6494
-39.0153
-39.5934
-40.287
-40.9774
-41.5313
-41.8201
-41.7569
-41.3423
-40.6638
-39.8499
-39.0331
-38.3303
-37.8356
-37.6133
-37.6875
-38.0329
-38.5846
-39.2485
-39.909
-40.4363
-40.7054
-40.6318
-40.2163
-39.5442
-38.7404
-37.9336
-37.2373
-36.7429
-36.5127
-36.5697
-36.8893
-37.4081
-38.034
-38.6541
-39.1408
-39.3708
-39.2592
-38.8025
-38.0784
-37.2019
-36.2905
-35.4469
-34.7547
-34.2771
-34.0575
-34.1253
-34.5155
-35.2611
-36.3501
-37.6897
-39.0995
-40.2788
-41.386
-41.8748
-41.6856
-41.0436
-40.2573
-39.6152
-39.3325
-39.5258
-40.1733
-41.1754
-42.3866
-43.6264
-44.6672
-45.2557
-45.1829
-44.4502
-43.2683
-41.8905
-40.5426
-39.4025
-38.6149
-38.2871
-38.4686
-39.1068
-40.0921
-41.2794
-42.493
-43.5131
-44.0953
-44.0382
-43.3428
-42.2116
-40.8893
-39.5936
-38.497
-37.7404
-37.4283
-37.6096
-38.2332
-39.1931
-40.3479
-41.5266
-42.5152
-43.0756
-43.0117
-42.3248
-41.2129
-39.9145
-38.6421
-37.5638
-36.8169
-36.5032
-36.6698
-37.2672
-38.1915
-39.3051
-40.4412
-41.3916
-41.9248
-41.8504
-41.1701
-40.0766
-38.8018
-37.5524
-36.4917
-35.7526
-35.4339
-35.5813
-36.1462
-37.0277
-38.0918
-39.176
-40.0767
-40.567
-40.4584
-39.747
-38.6128
-37.2712
-35.9092
-34.6677
-33.6546
-32.9461
-32.5843
-32.5738
-32.9801
-33.9282
-35.4729
-37.5081
-39.7246
-41.8638
-43.6958
-44.2964
-43.4925
-41.9264
-40.2078
-38.8298
-38.1307
-38.3308
-39.2969
-40.8371
-42.7378
-44.775
-46.6031
-47.7473
-47.6438
-46.2942
-44.266
-42.0311
-39.9284
-38.1684
-36.9478
-36.4414
-36.787
-37.8405
-39.4212
-41.3301
-43.3571
-45.1722
-46.3204
-46.2595
-44.9913
-43.0622
-40.9275
-38.9148
-37.2288
-36.0616
-35.5845
-35.9327
-36.967
-38.5121
-40.3745
-42.3497
-44.1159
-45.23
-45.1637
-43.9194
-42.0306
-39.9415
-37.9715
-36.3202
-35.1745
-34.7012
-35.032
-36.0306
-37.5259
-39.3291
-41.2407
-42.9476
-44.0189
-43.9417
-42.7188
-40.8698
-38.8266
-36.8996
-35.2827
-34.1569
-33.684
-33.9914
-34.9469
-36.3844
-38.1205
-39.9618
-41.6036
-42.6256
-42.5254
-41.3002
-39.4458
-37.3696
-35.3545
-33.5596
-32.1157
-31.1159
-30.6051
-30.4218
-30.6643
-31.7363
-33.8892
-37.0654
-40.7499
-43.9042
-47.7788
-48.7409
-46.3976
-43.0301
-39.6686
-37.0669
-35.634
-36.0329
-37.594
-39.9798
-42.8924
-46.2251
-49.5237
-52.0356
-51.8994
-49.1155
-45.5614
-41.9815
-38.8207
-36.1578
-34.2523
-33.3687
-34.0861
-35.8149
-38.278
-41.2108
-44.5266
-47.7916
-50.2869
-50.2193
-47.5915
-44.2088
-40.7901
-37.7654
-35.2139
-33.3892
-32.5521
-33.2682
-34.965
-37.3744
-40.2386
-43.4736
-46.6557
-49.0842
-49.0118
-46.442
-43.1367
-39.7969
-36.8419
-34.3485
-32.5638
-31.7414
-32.4325
-34.0785
-36.4172
-39.1969
-42.335
-45.4188
-47.767
-47.6824
-45.1692
-41.9424
-38.6838
-35.8004
-33.3663
-31.621
-30.8101
-31.4684
-33.0534
-35.3109
-37.9978
-41.0348
-44.023
-46.3
-46.2122
-43.7594
-40.5978
-37.3802
-34.4825
-31.946
-29.9372
-28.5814
-28.154
-27.6568
-27.154
-27.9877
-30.832
-35.8904
-42.5204
-45.387
-56.0561
-57.945
-50.7783
-44.127
-38.0362
-33.6213
-30.4994
-32.0617
-34.7033
-38.3641
-42.4421
-47.7246
-53.5774
-60.1373
-59.9678
-53.0461
-46.8942
-41.3284
-36.996
-33.0568
-30.0852
-27.9906
-29.9291
-32.7319
-36.4586
-40.5399
-45.7692
-51.5195
-57.944
-57.8661
-51.2786
-45.4075
-40.0855
-35.9349
-32.1521
-29.2948
-27.283
-29.1914
-31.937
-35.5816
-39.5689
-44.6737
-50.2806
-56.5396
-56.4563
-50.0238
-44.2924
-39.0984
-35.0477
-31.3564
-28.5672
-26.602
-28.4582
-31.1288
-34.6732
-38.5485
-43.5076
-48.9493
-55.0181
-54.9201
-48.6472
-43.0609
-38.0005
-34.0541
-30.4581
-27.7394
-25.8206
-27.6107
-30.1913
-33.6191
-37.3707
-42.1779
-47.4665
-53.3793
-53.3046
-47.239
-41.8303
-36.93
-33.0902
-29.5723
-26.8183
-24.7098
-25.8036
-24.9
-21.719
-21.3438
-24.5866
-32.452
-45.7796
-39.4237
-76.9794
-80.1857
-54.4137
-44.4177
-33.9922
-28.3141
-18.6197
-26.5361
-30.3451
-36.148
-40.2574
-48.4028
-56.6132
-77.9294
-77.7597
-55.8684
-47.3833
-38.8992
-34.605
-28.5628
-24.6552
-16.8051
-24.5276
-28.3184
-34.1287
-38.2161
-46.2618
-54.2766
-74.9647
-74.8867
-53.9342
-45.8156
-37.694
-33.5747
-27.7579
-23.9828
-16.3686
-23.9094
-27.6143
-33.2955
-37.29
-45.1506
-52.9666
-73.128
-73.0437
-52.5962
-44.6741
-36.7533
-32.7359
-27.0653
-23.384
-15.9597
-23.3112
-26.9206
-32.4529
-36.3393
-43.9852
-51.5765
-71.1496
-71.0496
-51.1363
-43.4217
-35.7132
-31.8032
-26.2865
-22.706
-15.4902
-22.6148
-26.1091
-31.461
-35.2231
-42.6279
-50.0109
-69.0807
-69.0236
-49.7723
-42.3309
-34.9522
-31.2344
-26.0984
-22.7698
-16.2267
-26.3298
-25.4228
-12.2437
-9.48988
-11.6845
-21.1479
-52.1332
-38.0637
-38.1659
-38.2384
-38.2755
-38.2755
-38.2405
-38.1753
-38.0871
-37.9846
-37.8765
-37.7716
-37.6775
-37.6011
-37.5472
-37.5194
-38.0844
-38.1956
-38.2736
-38.3125
-38.3106
-38.2705
-38.1981
-38.1015
-37.99
-37.8733
-37.7605
-37.66
-37.5784
-37.521
-37.4914
-38.1283
-38.2584
-38.3479
-38.3901
-38.3837
-38.3328
-38.2451
-38.1306
-38.0005
-37.866
-37.7372
-37.6233
-37.5313
-37.467
-37.4339
-38.2007
-38.3617
-38.4695
-38.516
-38.5013
-38.4319
-38.3187
-38.1752
-38.0154
-37.8528
-37.6991
-37.5644
-37.4566
-37.3815
-37.3431
-38.3107
-38.5183
-38.6521
-38.7031
-38.6735
-38.5745
-38.4225
-38.236
-38.0331
-37.8305
-37.6419
-37.4785
-37.349
-37.2594
-37.2137
-38.4734
-38.7484
-38.9175
-38.9706
-38.9151
-38.7701
-38.5607
-38.3129
-38.0506
-37.794
-37.5593
-37.3588
-37.2014
-37.0934
-37.0384
-38.7128
-39.0845
-39.2987
-39.3467
-39.246
-39.03
-38.7372
-38.4043
-38.0622
-37.7355
-37.4424
-37.1957
-37.0044
-36.8741
-36.8082
-39.0686
-39.578
-39.8461
-39.8712
-39.6921
-39.3667
-38.9539
-38.5046
-38.0583
-37.6433
-37.2789
-36.9773
-36.7463
-36.5904
-36.5119
-39.607
-40.3126
-40.6365
-40.5997
-40.2846
-39.7905
-39.2068
-38.6018
-38.023
-37.5006
-37.0524
-36.6882
-36.4131
-36.2291
-36.137
-40.4447
-41.4288
-41.7875
-41.6065
-41.0558
-40.304
-39.4808
-38.6728
-37.9313
-37.2834
-36.7417
-36.3101
-35.9886
-35.7757
-35.6698
-41.7987
-43.1705
-43.4779
-42.9828
-42.0282
-40.8886
-39.7396
-38.6773
-37.7458
-36.9601
-36.3207
-35.8216
-35.4554
-35.2154
-35.0967
-44.1069
-45.9764
-45.9709
-44.8186
-43.1853
-41.4824
-39.9118
-38.5508
-37.4143
-36.4905
-35.7593
-35.2002
-34.796
-34.5337
-34.4047
-48.3455
-50.6571
-49.6106
-47.1352
-44.4121
-41.9437
-39.8741
-38.1997
-36.87
-35.8282
-35.0256
-34.4238
-33.9946
-33.7186
-33.5836
-56.9873
-58.6956
-54.6791
-49.6994
-45.384
-42.0061
-39.4413
-37.5039
-36.0375
-34.9268
-34.091
-33.4746
-33.04
-32.7625
-32.6273
-77.3347
-72.4585
-60.7104
-51.5991
-45.4183
-41.2553
-38.3808
-36.3371
-34.8492
-33.7503
-32.9369
-32.3435
-31.9281
-31.6641
-31.5357
-21.4381
-21.4719
-21.5408
-21.6478
-21.7981
-22.0001
-22.2678
-22.6254
-23.1157
-23.8212
-24.9122
-26.7705
-30.3002
-37.5213
-50.5869
-20.4935
-20.514
-20.5555
-20.6188
-20.7059
-20.8196
-20.9652
-21.1524
-21.4009
-21.7535
-22.3161
-23.3969
-26.0888
-35.1865
-75.8503
-19.5347
-19.5416
-19.5549
-19.5735
-19.5953
-19.617
-19.6337
-19.6371
-19.6138
-19.5396
-19.3597
-18.904
-17.4312
-10.9257
24.9736
-18.5712
-18.5649
-18.5508
-18.5259
-18.4847
-18.4181
-18.3114
-18.1403
-17.8623
-17.3988
-16.5941
-15.1168
-12.2705
-7.07938
-3.59887
-17.612
-17.5935
-17.5544
-17.4898
-17.3918
-17.2469
-17.034
-16.7179
-16.2395
-15.495
-14.2948
-12.2797
-8.73815
-2.04729
13.6208
-16.6658
-16.6366
-16.5756
-16.477
-16.3314
-16.1232
-15.8283
-15.4083
-14.8017
-13.9077
-12.5612
-10.5019
-7.39246
-3.24877
-1.65407
-15.7399
-15.7018
-15.6228
-15.497
-15.3144
-15.0597
-14.7095
-14.2285
-13.5636
-12.6347
-11.3225
-9.45334
-6.76498
-2.67924
5.51583
-14.8406
-14.7955
-14.7026
-14.5564
-14.3476
-14.0626
-13.6815
-13.1765
-12.509
-11.6279
-10.4706
-8.97364
-7.10793
-4.96304
-2.96075
-13.9726
-13.9224
-13.8196
-13.6593
-13.4339
-13.1322
-12.7396
-12.2373
-11.6027
-10.8132
-9.85469
-8.75002
-7.64477
-7.14739
-10.0466
-13.1395
-13.0858
-12.9765
-12.8075
-12.573
-12.265
-11.8741
-11.3899
-10.8042
-10.1157
-9.34036
-8.52684
-7.75949
-6.97257
-4.24175
-12.3438
-12.288
-12.1748
-12.0013
-11.7632
-11.4556
-11.0732
-10.613
-10.0771
-9.47867
-8.85255
-8.27165
-7.88782
-8.14731
-11.4443
-11.5869
-11.53
-11.415
-11.2399
-11.0019
-10.698
-10.3265
-9.88884
-9.39334
-8.86092
-8.33339
-7.87965
-7.56943
-7.21232
-4.446
-10.8696
-10.8123
-10.6971
-10.5223
-10.2862
-9.98736
-9.62572
-9.20488
-8.73528
-8.23982
-7.76303
-7.38803
-7.28363
-7.94995
-12.0168
-10.192
-10.135
-10.0205
-9.84737
-9.61428
-9.32037
-8.96611
-8.5548
-8.09522
-7.60579
-7.12201
-6.70854
-6.46264
-6.32567
-4.03254
-9.554
-9.49775
-9.38474
-9.21406
-8.98457
-8.69534
-8.34614
-7.93829
-7.47592
-6.96786
-6.4322
-5.91273
-5.56606
-6.19833
-12.8349
-8.95511
-8.89991
-8.78905
-8.62162
-8.39641
-8.112
-7.76693
-7.35969
-6.88837
-6.34915
-5.73119
-4.99697
-3.98969
-1.90097
6.16886
-8.39459
-8.34078
-8.23267
-8.06934
-7.84938
-7.57082
-7.23094
-6.82563
-6.348
-5.78516
-5.11094
-4.27088
-3.16436
-1.75678
-1.63793
-7.87149
-7.81937
-7.71468
-7.55643
-7.34308
-7.07227
-6.74042
-6.34182
-5.86685
-5.29856
-4.60588
-3.72987
-2.54813
-0.717283
3.43126
-7.38461
-7.33452
-7.23391
-7.08183
-6.87672
-6.61614
-6.29629
-5.91107
-5.45055
-4.89838
-4.22817
-3.40122
-2.3827
-1.28694
-1.41185
-6.93254
-6.88479
-6.78891
-6.64408
-6.44891
-6.20121
-5.89758
-5.53264
-5.09792
-4.58021
-3.95934
-3.20563
-2.27095
-1.00856
1.53742
-6.51367
-6.46853
-6.37795
-6.24132
-6.05761
-5.82517
-5.54148
-5.2027
-4.80298
-4.3337
-3.78279
-3.13575
-2.38681
-1.62122
-1.62418
-6.12618
-6.08384
-5.999
-5.8713
-5.70018
-5.48474
-5.22368
-4.91511
-4.55636
-4.1439
-3.67305
-3.13666
-2.51426
-1.69984
-0.0336945
-5.76813
-5.72871
-5.64984
-5.53148
-5.37356
-5.17603
-4.93891
-4.66238
-4.34709
-3.99468
-3.60885
-3.19735
-2.77508
-2.3696
-2.04012
-5.43748
-5.401
-5.32814
-5.21915
-5.07447
-4.89485
-4.68153
-4.43661
-4.16364
-3.86869
-3.56252
-3.26555
-3.02428
-2.98627
-3.81764
-5.1322
-5.09858
-5.03156
-4.93163
-4.79968
-4.6371
-4.44613
-4.23036
-3.99547
-3.75052
-3.50984
-3.29511
-3.13235
-2.99888
-2.37931
-4.8503
-4.81938
-4.75785
-4.6664
-4.54619
-4.39908
-4.22799
-4.03741
-3.83431
-3.62942
-3.43916
-3.28861
-3.22013
-3.34875
-4.30373
-4.5899
-4.56147
-4.50496
-4.42116
-4.3114
-4.17776
-4.02341
-3.85318
-3.67442
-3.4982
-3.34094
-3.22515
-3.17106
-3.12445
-2.43371
-4.34928
-4.32308
-4.27104
-4.19398
-4.09323
-3.97084
-3.82988
-3.67492
-3.5128
-3.35383
-3.21395
-3.11887
-3.11684
-3.34717
-4.54146
-4.12688
-4.10265
-4.05453
-3.98328
-3.89011
-3.77684
-3.64609
-3.50166
-3.34901
-3.19625
-3.05588
-2.948
-2.90129
-2.90016
-2.30302
-3.92134
-3.89883
-3.85412
-3.78784
-3.70098
-3.595
-3.47185
-3.33413
-3.18533
-3.03007
-2.87528
-2.7347
-2.6541
-2.86677
-4.82532
-3.73146
-3.71046
-3.66871
-3.6067
-3.52517
-3.42511
-3.30773
-3.17434
-3.02614
-2.86361
-2.68484
-2.47978
-2.2033
-1.62067
0.692965
-3.55618
-3.53652
-3.49739
-3.43913
-3.36224
-3.26728
-3.15475
-3.02486
-2.87694
-2.70844
-2.51269
-2.27449
-1.96512
-1.57642
-1.5826
-3.39458
-3.37614
-3.33938
-3.28454
-3.21189
-3.12167
-3.01387
-2.88791
-2.74204
-2.57222
-2.37004
-2.11864
-1.78205
-1.2577
-0.0430125
-3.2458
-3.22849
-3.19395
-3.14233
-3.07376
-2.98829
-2.88561
-2.76482
-2.62381
-2.45849
-2.26159
-2.02197
-1.7294
-1.41815
-1.4792
-3.10907
-3.09283
-3.06041
-3.0119
-2.94741
-2.86687
-2.76996
-2.65578
-2.52249
-2.36671
-2.18283
-1.96211
-1.68973
-1.31984
-0.557379
-2.98364
-2.96842
-2.93805
-2.89261
-2.83221
-2.75684
-2.66632
-2.56004
-2.4368
-2.29446
-2.12968
-1.93814
-1.7178
-1.49395
-1.50635
-2.8688
-2.85457
-2.82617
-2.78373
-2.72742
-2.65737
-2.57363
-2.4761
-2.3644
-2.23781
-2.09514
-1.9342
-1.74832
-1.5038
-0.994443
-2.76386
-2.75056
-2.72405
-2.68451
-2.6322
-2.56742
-2.49055
-2.40201
-2.30236
-2.19235
-2.0733
-1.94758
-1.8196
-1.69737
-1.59819
-2.66818
-2.65575
-2.63101
-2.59418
-2.54564
-2.48588
-2.41558
-2.33567
-2.24752
-2.15319
-2.0561
-1.96257
-1.88689
-1.87475
-2.133
-2.58114
-2.5695
-2.54636
-2.51201
-2.46689
-2.41168
-2.34729
-2.27508
-2.19699
-2.11595
-2.03646
-1.96517
-1.91009
-1.86416
-1.6676
-2.50221
-2.49126
-2.46953
-2.43733
-2.39518
-2.34386
-2.28446
-2.21858
-2.14851
-2.07767
-2.01113
-1.95655
-1.92694
-1.95802
-2.24515
-2.43089
-2.42053
-2.39997
-2.36956
-2.32985
-2.28166
-2.22615
-2.165
-2.10059
-2.03642
-1.97751
-1.93061
-1.90166
-1.8739
-1.64808
-2.36678
-2.35689
-2.33727
-2.30827
-2.27043
-2.22456
-2.17178
-2.11369
-2.05252
-1.99154
-1.93557
-1.89221
-1.87559
-1.92715
-2.26814
-2.30956
-2.30002
-2.2811
-2.25313
-2.21661
-2.17227
-2.12112
-2.06452
-2.00434
-1.94319
-1.88489
-1.83527
-1.80217
-1.77925
-1.57346
-2.25897
-2.24968
-2.23123
-2.20393
-2.16822
-2.12472
-2.07425
-2.01785
-1.95684
-1.89288
-1.8282
-1.76687
-1.72171
-1.75821
-2.28734
-2.21484
-2.2057
-2.18753
-2.16059
-2.12526
-2.08202
-2.0315
-1.9744
-1.91141
-1.84306
-1.7692
-1.68725
-1.58456
-1.39492
-0.718658
-2.17708
-2.168
-2.14993
-2.12309
-2.08779
-2.04439
-1.99334
-1.93504
-1.8697
-1.79709
-1.71582
-1.62204
-1.50781
-1.36947
-1.3303
-2.14564
-2.13654
-2.11843
-2.09148
-2.05594
-2.01209
-1.96023
-1.90057
-1.83306
-1.75715
-1.67113
-1.57106
-1.4478
-1.27507
-0.926571
-2.12052
-2.11135
-2.09307
-2.06585
-2.02987
-1.98536
-1.93255
-1.87155
-1.80227
-1.72423
-1.63622
-1.53617
-1.42217
-1.30264
-1.26894
-2.10178
-2.09248
-2.07395
-2.0463
-2.00973
-1.96441
-1.91056
-1.84828
-1.77758
-1.69823
-1.60968
-1.51097
-1.40037
-1.27054
-1.06393
-2.08951
-2.08004
-2.06115
-2.03297
-1.99565
-1.94941
-1.89442
-1.83087
-1.75891
-1.67863
-1.59018
-1.49403
-1.39193
-1.29172
-1.23937
-2.08382
-2.07413
-2.05481
-2.02598
-1.9878
-1.94047
-1.88423
-1.81931
-1.74601
-1.6647
-1.57605
-1.48124
-1.38217
-1.27962
-1.15527
-2.08487
-2.07492
-2.05508
-2.02548
-1.98629
-1.93773
-1.88006
-1.81358
-1.73867
-1.65588
-1.56619
-1.4714
-1.37484
-1.28261
-1.20798
-2.09284
-2.08258
-2.06214
-2.03165
-1.9913
-1.94133
-1.88202
-1.81371
-1.73679
-1.65185
-1.55989
-1.4628
-1.3645
-1.27336
-1.20884
-2.10793
-2.09732
-2.07618
-2.04466
-2.00298
-1.95141
-1.89024
-1.81982
-1.7405
-1.65271
-1.55713
-1.45504
-1.3492
-1.24557
-1.15871
-2.13039
-2.11937
-2.09743
-2.06474
-2.02154
-1.96815
-1.90489
-1.83211
-1.75008
-1.65899
-1.5589
-1.4499
-1.33236
-1.20611
-1.05445
-2.1605
-2.14901
-2.12615
-2.09211
-2.04719
-1.99174
-1.92616
-1.85082
-1.76596
-1.67151
-1.56686
-1.45069
-1.32157
-1.18428
-1.09238
-2.19858
-2.18656
-2.16263
-2.12704
-2.08014
-2.02236
-1.9542
-1.87615
-1.78849
-1.6911
-1.58283
-1.46046
-1.31646
-1.13093
-0.818975
-2.24502
-2.23237
-2.20721
-2.16983
-2.12064
-2.06019
-1.98912
-1.90813
-1.81779
-1.71826
-1.60858
-1.48527
-1.34017
-1.16537
-1.04932
-2.30023
-2.28686
-2.26029
-2.22082
-2.16896
-2.10539
-2.03093
-1.94661
-1.85347
-1.75246
-1.64379
-1.52521
-1.38452
-1.15902
-0.478706
-2.36473
-2.35053
-2.3223
-2.28041
-2.22542
-2.15813
-2.0796
-1.9912
-1.89462
-1.79198
-1.68589
-1.58051
-1.48776
-1.46854
-1.91144
-2.43909
-2.42394
-2.39381
-2.34909
-2.29042
-2.21868
-2.13512
-2.04146
-1.93999
-1.83388
-1.72749
-1.62702
-1.53992
-1.45719
-1.17596
-2.52398
-2.50773
-2.47543
-2.42747
-2.36449
-2.28743
-2.19766
-2.09713
-1.98858
-1.87596
-1.76498
-1.66425
-1.58904
-1.58373
-1.88924
-2.62014
-2.60268
-2.56793
-2.51628
-2.44832
-2.365
-2.26767
-2.15835
-2.03999
-1.9169
-1.79535
-1.68373
-1.58962
-1.49448
-1.17065
-2.72842
-2.70962
-2.67217
-2.61639
-2.54283
-2.45229
-2.34601
-2.22586
-2.09466
-1.95677
-1.81881
-1.69105
-1.59089
-1.56411
-1.85077
-2.84975
-2.8295
-2.78913
-2.72886
-2.64911
-2.5505
-2.43398
-2.30102
-2.15399
-1.99666
-1.83519
-1.67921
-1.54119
-1.41615
-1.10641
-2.98513
-2.96336
-2.91989
-2.85485
-2.76849
-2.66114
-2.53335
-2.38596
-2.22045
-2.03944
-1.84774
-1.65487
-1.48247
-1.39653
-1.68142
-3.13563
-3.11229
-3.06561
-2.99565
-2.90243
-2.78598
-2.64631
-2.48348
-2.29768
-2.08961
-1.8611
-1.6163
-1.36369
-1.11948
-0.919843
-3.30234
-3.2774
-3.22751
-3.15258
-3.05249
-2.92693
-2.77536
-2.59693
-2.39037
-2.15398
-1.88575
-1.58315
-1.23907
-0.811569
-0.0196555
-3.48635
-3.45984
-3.40677
-3.32699
-3.22023
-3.08592
-2.92306
-2.72992
-2.50376
-2.24044
-1.93428
-1.57877
-1.17238
-0.756811
-0.69466
-3.68877
-3.66072
-3.60456
-3.52014
-3.4071
-3.26474
-3.09177
-2.88582
-2.64294
-2.35665
-2.01706
-1.60973
-1.11204
-0.45672
0.798573
-3.91066
-3.88111
-3.82198
-3.73314
-3.6143
-3.46482
-3.28336
-3.06738
-2.81224
-2.50987
-2.14688
-1.70343
-1.16116
-0.573372
-0.56306
-4.15306
-4.12203
-4.06001
-3.96696
-3.84279
-3.6871
-3.49891
-3.27611
-3.01434
-2.70518
-2.33255
-1.86576
-1.24186
-0.289106
1.809
-4.41698
-4.38448
-4.31957
-4.22239
-4.09315
-3.93192
-3.7385
-3.51188
-3.24934
-2.94455
-2.5836
-2.13717
-1.55094
-0.800327
-0.666001
-4.70347
-4.66943
-4.60151
-4.50009
-4.3657
-4.1991
-4.00114
-3.77259
-3.51368
-3.2229
-2.894
-2.50564
-1.97416
-0.883681
3.2563
-5.01359
-4.97788
-4.90672
-4.80066
-4.66062
-4.48804
-4.28499
-4.05438
-3.80014
-3.52772
-3.24569
-2.9735
-2.78556
-3.08485
-6.42432
-5.34849
-5.31095
-5.23616
-5.12481
-4.97813
-4.79813
-4.58799
-4.35256
-4.09921
-3.83921
-3.59052
-3.38285
-3.25858
-3.17492
-1.94618
-5.70946
-5.66986
-5.59097
-5.47349
-5.31876
-5.12914
-4.90852
-4.66317
-4.40288
-4.14284
-3.90684
-3.73429
-3.70337
-4.06032
-6.16342
-6.0979
-6.05605
-5.97256
-5.84801
-5.68361
-5.48166
-5.24623
-4.98414
-4.70636
-4.42975
-4.17911
-3.98734
-3.87881
-3.73323
-2.29255
-6.5154
-6.47113
-6.38265
-6.2502
-6.07453
-5.85742
-5.60242
-5.316
-5.00902
-4.69861
-4.41048
-4.18257
-4.07998
-4.30564
-6.08167
-6.96362
-6.91691
-6.82326
-6.68238
-6.49422
-6.25947
-5.98042
-5.66213
-5.31406
-4.95199
-4.60003
-4.29076
-4.05318
-3.80154
-2.44376
-7.44427
-7.39526
-7.29665
-7.14739
-6.94624
-6.69227
-6.38566
-6.02893
-5.62879
-5.19835
-4.7599
-4.34917
-4.03614
-4.06573
-5.76473
-7.95894
-7.90804
-7.80519
-7.64841
-7.43493
-7.16162
-6.82567
-6.42587
-5.96454
-5.45027
-4.90051
-4.33972
-3.78115
-3.17072
-2.36389
-8.50895
-8.45687
-8.35118
-8.18878
-7.96515
-7.67444
-7.31002
-6.86553
-6.33703
-5.72683
-5.04876
-4.32872
-3.56217
-2.41225
1.5972
-9.0951
-9.04292
-8.93651
-8.77167
-8.54193
-8.23843
-7.84995
-7.36351
-6.76625
-6.05052
-5.22613
-4.35001
-3.60939
-3.63968
-7.19689
-9.71746
-9.66661
-9.5624
-9.3996
-9.16991
-8.86141
-8.4579
-7.93843
-7.27772
-6.44966
-5.43941
-4.27718
-3.12125
-2.41809
-2.92183
-10.3751
-10.3273
-10.229
-10.074
-9.8526
-9.55034
-9.14636
-8.61143
-7.90538
-6.97531
-5.75822
-4.19997
-2.31863
-0.358643
1.00339
-11.0659
-11.0232
-10.9348
-10.7944
-10.5915
-10.3099
-9.92575
-9.40323
-8.68861
-7.70025
-6.31394
-4.34708
-1.57059
2.1158
5.87443
-11.7863
-11.7508
-11.6768
-11.5582
-11.3849
-11.1407
-10.8012
-10.3284
-9.66192
-8.70153
-7.27281
-5.05642
-1.45437
4.53982
13.3556
-12.5314
-12.505
-12.4497
-12.3601
-12.2274
-12.0376
-11.7692
-11.3881
-10.8393
-10.028
-8.77865
-6.72797
-2.99934
5.00415
26.9587
-152.165
-91.3738
-63.8216
-50.654
-43.6
-39.386
-36.6471
-34.758
-33.4032
-32.41
-31.6773
-31.1436
-30.7701
-30.5327
-30.4173
-189.446
-85.4888
-56.6603
-45.5491
-39.9747
-36.662
-34.4808
-32.9513
-31.8376
-31.0104
-30.394
-29.9413
-29.6227
-29.4194
-29.3203
49.1978
-27.4322
-37.1953
-36.599
-34.7787
-33.1523
-31.8617
-30.8559
-30.0729
-29.4645
-28.9968
-28.6459
-28.3952
-28.2337
-28.1545
-7.06147
-15.8114
-24.9242
-28.4989
-29.4479
-29.4092
-29.0447
-28.6059
-28.1867
-27.8209
-27.5185
-27.2808
-27.1057
-26.9907
-26.9337
27.2588
-3.9392
-16.499
-22.2221
-24.8028
-25.8924
-26.2794
-26.342
-26.2634
-26.1331
-25.9953
-25.8721
-25.7744
-25.7073
-25.6733
-1.25931
-5.01068
-12.8215
-18.1276
-21.1932
-22.8636
-23.7391
-24.1763
-24.3761
-24.4504
-24.4619
-24.4457
-24.4217
-24.4009
-24.3892
12.1693
-3.2636
-10.8833
-15.5888
-18.5525
-20.3865
-21.5033
-22.1753
-22.5757
-22.8113
-22.9477
-23.0248
-23.0667
-23.0881
-23.097
-3.02667
-6.94283
-10.9688
-14.2596
-16.6963
-18.4076
-19.5761
-20.363
-20.8897
-21.2411
-21.4746
-21.6281
-21.7261
-21.784
-21.8108
-15.5032
-10.5462
-11.5648
-13.5236
-15.3438
-16.8056
-17.914
-18.7314
-19.3253
-19.7527
-20.0571
-20.2699
-20.4131
-20.5013
-20.5433
-5.00592
-10.0004
-11.508
-12.8837
-14.2401
-15.449
-16.4539
-17.2548
-17.8765
-18.3498
-18.7031
-18.9601
-19.1384
-19.2506
-19.3049
-17.4566
-11.8765
-11.5426
-12.2573
-13.2387
-14.234
-15.1354
-15.9027
-16.5308
-17.03
-17.4161
-17.7047
-17.9094
-18.0403
-18.1041
-5.15958
-10.1097
-10.8492
-11.4455
-12.2277
-13.0843
-13.9098
-14.6473
-15.2745
-15.7888
-16.1966
-16.5077
-16.7317
-16.8765
-16.9475
-18.0479
-11.2673
-10.2551
-10.5047
-11.1651
-11.956
-12.7455
-13.4685
-14.0966
-14.6214
-15.0442
-15.3712
-15.609
-15.7639
-15.8402
-4.32603
-8.41937
-8.78489
-9.27849
-10.0118
-10.8286
-11.6272
-12.3556
-12.9906
-13.5246
-13.9585
-14.2964
-14.5439
-14.7058
-14.7858
-19.0806
-8.16053
-7.2257
-7.88577
-8.80058
-9.71381
-10.5576
-11.3075
-11.9545
-12.4975
-12.9393
-13.2845
-13.5381
-13.7045
-13.7869
12.6117
-0.967803
-4.55892
-6.31615
-7.5904
-8.64723
-9.55321
-10.3308
-10.9907
-11.5406
-11.9871
-12.3361
-12.5929
-12.7616
-12.8452
-0.296141
-0.711709
-3.16567
-5.08189
-6.5312
-7.68537
-8.63799
-9.4357
-10.1033
-10.6556
-11.1026
-11.4518
-11.7088
-11.8778
-11.9616
7.82894
0.9597
-2.14585
-4.17186
-5.67694
-6.86345
-7.83032
-8.63098
-9.29591
-9.84359
-10.286
-10.6315
-10.8858
-11.0531
-11.1361
-0.0201329
0.017231
-1.87571
-3.62357
-5.0439
-6.19404
-7.13805
-7.92049
-8.56993
-9.10468
-9.53676
-9.87436
-10.1231
-10.287
-10.3683
4.54561
0.415052
-1.70632
-3.30272
-4.59846
-5.66775
-6.55797
-7.30233
-7.92358
-8.43704
-8.8531
-9.17892
-9.41946
-9.57807
-9.65687
-0.46107
-0.582567
-1.9015
-3.19065
-4.31026
-5.26582
-6.07915
-6.76966
-7.35206
-7.83701
-8.23208
-8.54269
-8.77266
-8.9246
-9.00017
1.89057
-0.748807
-2.11735
-3.1963
-4.13596
-4.96264
-5.68562
-6.31204
-6.84821
-7.29937
-7.66971
-7.96245
-8.18002
-8.32414
-8.39593
-1.19892
-1.79772
-2.5343
-3.29867
-4.0401
-4.73146
-5.35912
-5.91709
-6.40337
-6.81784
-7.16119
-7.4344
-7.63837
-7.7739
-7.84152
-3.8726
-2.75112
-2.93193
-3.41696
-3.97901
-4.54449
-5.08099
-5.57192
-6.00838
-6.38567
-6.70139
-6.9544
-7.14424
-7.27079
-7.33406
-1.79611
-2.8003
-3.11831
-3.48174
-3.91553
-4.37764
-4.83451
-5.26455
-5.65448
-5.99626
-6.28512
-6.51825
-6.69405
-6.81163
-6.87051
-4.55128
-3.32611
-3.27313
-3.49766
-3.83237
-4.2144
-4.60665
-4.98503
-5.33399
-5.64358
-5.90753
-6.12191
-6.28428
-6.3932
-6.44785
-1.9562
-3.03803
-3.23521
-3.43706
-3.71632
-4.04407
-4.38841
-4.72594
-5.04083
-5.32259
-5.56436
-5.76166
-5.91163
-6.01246
-6.06312
-4.81094
-3.36439
-3.19405
-3.32269
-3.5666
-3.86221
-4.17488
-4.48257
-4.77066
-5.02936
-5.25205
-5.43428
-5.57309
-5.66656
-5.71356
-1.8641
-2.80459
-2.94527
-3.12825
-3.38096
-3.6685
-3.96481
-4.25279
-4.5209
-4.76114
-4.96784
-5.13705
-5.26602
-5.35292
-5.39663
-5.07029
-2.80027
-2.66711
-2.88538
-3.17112
-3.4687
-3.76051
-4.0368
-4.2905
-4.51619
-4.70966
-4.86775
-4.98816
-5.06926
-5.11006
1.63534
-1.31208
-2.14489
-2.59566
-2.95305
-3.27291
-3.56699
-3.83648
-4.07956
-4.29361
-4.47604
-4.62463
-4.73758
-4.81359
-4.85181
-1.10044
-1.29238
-1.88796
-2.3708
-2.76105
-3.09502
-3.39054
-3.65451
-3.88877
-4.09298
-4.26593
-4.40624
-4.51266
-4.58417
-4.6201
0.473263
-0.992354
-1.70934
-2.21023
-2.60813
-2.94384
-3.23599
-3.49316
-3.71886
-3.91405
-4.07847
-4.21139
-4.31197
-4.37946
-4.41335
-1.11146
-1.21218
-1.6808
-2.12118
-2.49841
-2.82291
-3.10573
-3.35367
-3.57015
-3.75649
-3.9129
-4.039
-4.13425
-4.19809
-4.23012
-0.33011
-1.17647
-1.67187
-2.076
-2.42531
-2.73092
-2.9997
-3.23604
-3.44236
-3.61973
-3.76837
-3.88804
-3.97834
-4.03881
-4.06914
-1.25715
-1.38442
-1.72631
-2.06891
-2.38256
-2.66452
-2.91621
-3.13925
-3.33467
-3.50292
-3.64396
-3.75749
-3.84313
-3.90048
-3.92923
-0.937703
-1.44326
-1.78028
-2.08192
-2.36182
-2.61915
-2.85262
-3.06163
-3.24587
-3.40501
-3.53865
-3.64633
-3.72758
-3.782
-3.80929
-1.42527
-1.61907
-1.85882
-2.11003
-2.35678
-2.59035
-2.80602
-3.00123
-3.1745
-3.32481
-3.45137
-3.55351
-3.63067
-3.68237
-3.7083
-1.77824
-1.76289
-1.92941
-2.14125
-2.36089
-2.57399
-2.77363
-2.95609
-3.11908
-3.26111
-3.38106
-3.47806
-3.55143
-3.60064
-3.62534
-1.54563
-1.78032
-1.96852
-2.16706
-2.36957
-2.56697
-2.7532
-2.92446
-3.07823
-3.21274
-3.32669
-3.41904
-3.48899
-3.53595
-3.55953
-1.74625
-1.82994
-2.00044
-2.19013
-2.38179
-2.56771
-2.74318
-2.90498
-3.05075
-3.17868
-3.28733
-3.37557
-3.44251
-3.48751
-3.51011
-1.59222
-1.81916
-2.01905
-2.21182
-2.39802
-2.57573
-2.74267
-2.89665
-3.03568
-3.15801
-3.26215
-3.3469
-3.4113
-3.45462
-3.4764
-1.57707
-1.82705
-2.04259
-2.2381
-2.42017
-2.59122
-2.75116
-2.89872
-3.03222
-3.14997
-3.25046
-3.33238
-3.39472
-3.43671
-3.45782
-1.64198
-1.85871
-2.08005
-2.27373
-2.44998
-2.61445
-2.76827
-2.91057
-3.03971
-3.15395
-3.25167
-3.33148
-3.3923
-3.4333
-3.45393
-1.30267
-1.88699
-2.13674
-2.32147
-2.488
-2.64507
-2.7934
-2.93157
-3.05757
-3.16941
-3.26532
-3.34379
-3.40366
-3.44404
-3.46437
-2.40332
-2.14746
-2.23857
-2.38188
-2.53259
-2.68178
-2.82562
-2.96103
-3.08527
-3.19596
-3.29109
-3.36904
-3.42856
-3.46873
-3.48896
-1.83585
-2.16675
-2.30417
-2.43718
-2.57826
-2.72223
-2.86369
-2.99826
-3.12241
-3.23333
-3.32881
-3.4071
-3.46691
-3.50728
-3.52761
-2.5564
-2.32018
-2.37285
-2.4869
-2.62193
-2.76445
-2.90659
-3.04274
-3.16874
-3.28145
-3.37848
-3.45803
-3.51877
-3.55976
-3.58041
-1.92314
-2.27274
-2.39892
-2.52208
-2.66042
-2.80696
-2.95365
-3.09429
-3.22434
-3.34048
-3.44031
-3.52204
-3.58437
-3.6264
-3.64756
-2.64567
-2.38022
-2.42709
-2.54675
-2.69326
-2.84937
-3.00494
-3.15322
-3.2896
-3.41087
-3.51473
-3.59953
-3.66408
-3.70756
-3.72942
-1.95389
-2.27053
-2.40473
-2.5528
-2.71945
-2.8922
-3.06132
-3.22044
-3.36539
-3.49336
-3.6024
-3.69111
-3.75846
-3.80374
-3.82649
-2.57182
-2.28727
-2.37275
-2.54597
-2.74143
-2.93756
-3.12467
-3.29752
-3.45298
-3.58903
-3.70423
-3.79754
-3.86818
-3.91559
-3.93939
-1.85767
-2.04677
-2.27987
-2.52372
-2.76297
-2.98922
-3.19794
-3.3867
-3.55409
-3.69919
-3.82128
-3.91974
-3.99407
-4.04386
-4.06883
-1.01216
-1.77544
-2.17952
-2.5047
-2.79357
-3.05308
-3.28511
-3.49074
-3.67071
-3.82536
-3.95475
-4.05872
-4.13702
-4.1894
-4.21564
-1.71796
-1.75326
-2.13397
-2.51094
-2.84459
-3.13605
-3.39062
-3.61264
-3.80494
-3.96911
-4.1059
-4.21555
-4.29801
-4.35311
-4.38071
-0.317774
-1.49092
-2.09102
-2.54729
-2.92494
-3.24466
-3.51877
-3.75521
-3.95872
-4.13189
-4.27594
-4.3913
-4.47801
-4.53595
-4.56496
-1.66014
-1.62621
-2.14796
-2.63828
-3.04554
-3.38497
-3.67312
-3.92067
-4.13361
-4.31493
-4.46592
-4.58697
-4.67803
-4.73891
-4.7694
0.531289
-1.37531
-2.22673
-2.78699
-3.21328
-3.56092
-3.85568
-4.11021
-4.33049
-4.51905
-4.67672
-4.80349
-4.89904
-4.96299
-4.99505
-1.8025
-1.85684
-2.50771
-3.02878
-3.43566
-3.77363
-4.06622
-4.32356
-4.54941
-4.74467
-4.90901
-5.04172
-5.14201
-5.20925
-5.24298
1.75081
-1.92379
-2.87883
-3.34989
-3.70594
-4.01788
-4.30126
-4.55881
-4.78962
-4.99178
-5.1633
-5.30248
-5.40798
-5.47882
-5.51438
-6.91594
-3.87896
-3.58607
-3.75091
-4.0069
-4.28198
-4.55427
-4.81267
-5.04976
-5.2602
-5.44009
-5.58668
-5.69804
-5.77291
-5.81051
-2.91972
-3.92814
-3.97546
-4.08867
-4.29462
-4.54807
-4.81697
-5.08136
-5.32845
-5.54986
-5.74005
-5.89537
-6.01347
-6.0929
-6.1328
-6.51563
-4.64436
-4.31912
-4.36208
-4.5494
-4.80345
-5.08284
-5.36209
-5.625
-5.86124
-6.06425
-6.22994
-6.3558
-6.44037
-6.48283
-3.11849
-4.28654
-4.40711
-4.53528
-4.75786
-5.04129
-5.34885
-5.6542
-5.94011
-6.19572
-6.4144
-6.5922
-6.72685
-6.81712
-6.86238
-6.17425
-4.65573
-4.48983
-4.64297
-4.92411
-5.2624
-5.61642
-5.95985
-6.2763
-6.5559
-6.79298
-6.98445
-7.12875
-7.22516
-7.27341
-3.02037
-4.08518
-4.35101
-4.66182
-5.05072
-5.47262
-5.89138
-6.28428
-6.6381
-6.94563
-7.20327
-7.40951
-7.56395
-7.66669
-7.71797
-5.40777
-4.06905
-4.18098
-4.62648
-5.15445
-5.68507
-6.18433
-6.63588
-7.0321
-7.37005
-7.64929
-7.87057
-8.03508
-8.14398
-8.19819
-2.44397
-3.04512
-3.77931
-4.53392
-5.25637
-5.91935
-6.51046
-7.02595
-7.4666
-7.83529
-8.13561
-8.3711
-8.54485
-8.6593
-8.7161
0.93736
-1.92836
-3.3635
-4.46373
-5.39964
-6.20356
-6.88914
-7.46803
-7.95111
-8.34804
-8.66698
-8.91454
-9.09585
-9.21469
-9.27349
-1.73105
-1.80464
-3.18028
-4.50769
-5.63461
-6.57
-7.34195
-7.97668
-8.49548
-8.915
-9.24796
-9.50401
-9.69028
-9.8118
-9.87177
3.69161
-0.776279
-3.03056
-4.69093
-6.00263
-7.04997
-7.8901
-8.56587
-9.10886
-9.54209
-9.88239
-10.142
-10.3297
-10.4517
-10.5117
-1.35897
-1.28472
-3.29328
-5.11636
-6.55428
-7.67388
-8.55243
-9.24732
-9.79848
-10.2338
-10.5729
-10.8299
-11.0149
-11.1346
-11.1934
7.11499
-0.346301
-3.68485
-5.80929
-7.32703
-8.46521
-9.34235
-10.0286
-10.5686
-10.9923
-11.3204
-11.568
-11.7454
-11.8599
-11.916
-1.78874
-2.27046
-4.91956
-6.92358
-8.3634
-9.43789
-10.2649
-10.9115
-11.4196
-11.8171
-12.1241
-12.3547
-12.5196
-12.6257
-12.6777
12.2013
-2.689
-6.60224
-8.42972
-9.65352
-10.5825
-11.3126
-11.8907
-12.3474
-12.705
-12.9806
-13.1873
-13.3346
-13.4292
-13.4755
-22.5397
-10.73
-9.73336
-10.3551
-11.1484
-11.8652
-12.466
-12.9543
-13.3439
-13.6498
-13.8852
-14.0612
-14.1862
-14.2663
-14.3054
-6.41003
-11.2618
-11.7406
-12.1614
-12.6964
-13.2286
-13.6974
-14.0865
-14.3988
-14.6435
-14.831
-14.9705
-15.069
-15.1319
-15.1626
-22.1131
-14.8303
-13.788
-13.8884
-14.2466
-14.636
-14.9843
-15.2722
-15.5005
-15.677
-15.8103
-15.9082
-15.9767
-16.02
-16.041
-7.6713
-14.0642
-15.042
-15.4365
-15.775
-16.072
-16.3132
-16.4992
-16.6383
-16.7405
-16.8143
-16.8664
-16.9018
-16.9237
-16.9342
-23.104
-17.0579
-16.7009
-17.0236
-17.3325
-17.5467
-17.6805
-17.7588
-17.8019
-17.8237
-17.8333
-17.8363
-17.8363
-17.8354
-17.8346
-8.42176
-16.1
-17.8879
-18.6203
-18.9556
-19.0772
-19.0864
-19.0431
-18.9803
-18.9155
-18.8569
-18.8084
-18.7715
-18.7469
-18.7346
-25.063
-19.2322
-19.8076
-20.4928
-20.7269
-20.6858
-20.5288
-20.3408
-20.1603
-20.003
-19.8735
-19.7724
-19.6983
-19.65
-19.6261
-9.09717
-17.9166
-21.6511
-22.6787
-22.689
-22.3748
-21.9928
-21.6333
-21.3244
-21.0711
-20.8705
-20.7176
-20.6074
-20.5361
-20.501
12.9951
-20.1332
-25.3749
-25.5713
-24.8762
-24.1107
-23.4411
-22.8907
-22.4499
-22.1028
-21.8345
-21.6331
-21.4894
-21.397
-21.3518
-78.3
-41.7164
-32.605
-29.084
-27.1124
-25.7798
-24.8065
-24.0721
-23.5104
-23.0797
-22.7522
-22.5087
-22.3359
-22.2252
-22.1711
-58.6101
-44.2088
-35.9565
-31.5223
-28.9049
-27.1991
-26.0058
-25.1336
-24.48
-23.9852
-23.6116
-23.3351
-23.1394
-23.0141
-22.953
-48.9268
-42.4188
-36.6608
-32.7009
-30.0647
-28.2622
-26.9821
-26.0432
-25.3394
-24.8064
-24.4038
-24.1054
-23.894
-23.7586
-23.6924
-43.7677
-40.0963
-36.1211
-32.9622
-30.6457
-28.9623
-27.7213
-26.7895
-26.0802
-25.5371
-25.1236
-24.8153
-24.596
-24.455
-24.386
-41.1631
-37.973
-35.019
-32.6405
-30.7873
-29.3551
-28.2457
-27.3814
-26.7055
-26.178
-25.7705
-25.4636
-25.2435
-25.1014
-25.0317
-40.779
-35.6741
-33.5217
-31.9558
-30.6367
-29.5237
-28.5997
-27.8424
-27.228
-26.7355
-26.3477
-26.0515
-25.8371
-25.6977
-25.6291
-13.3712
-13.3567
-13.3259
-13.2751
-13.1978
-13.0844
-12.9199
-12.6819
-12.3349
-11.8218
-11.0472
-9.84843
-7.96426
-5.14249
-2.46729
-14.3018
-14.3021
-14.3019
-14.2996
-14.2926
-14.2772
-14.2489
-14.2022
-14.1325
-14.0401
-13.946
-13.938
-14.3181
-16.065
-22.2222
-15.232
-15.2479
-15.28
-15.3288
-15.3956
-15.483
-15.5962
-15.7457
-15.9526
-16.2602
-16.7588
-17.6392
-19.305
-22.5772
-28.9185
-16.1462
-16.1775
-16.2413
-16.34
-16.478
-16.6629
-16.9071
-17.2316
-17.6719
-18.2892
-19.1896
-20.5552
-22.6855
-26.0203
-31.0192
-17.0291
-17.0747
-17.1676
-17.3117
-17.5135
-17.7835
-18.1378
-18.6017
-19.2142
-20.0351
-21.1553
-22.7063
-24.8613
-27.7992
-31.5765
-17.8664
-17.9244
-18.0427
-18.2257
-18.4808
-18.8196
-19.2588
-19.8232
-20.5479
-21.4817
-22.6901
-24.2535
-26.2542
-28.7386
-31.6409
-18.6455
-18.714
-18.8531
-19.0674
-19.3645
-19.7551
-20.2547
-20.8845
-21.6723
-22.6536
-23.8698
-25.3633
-27.1632
-29.2601
-31.5686
-19.3561
-19.4328
-19.5882
-19.8265
-20.1544
-20.5815
-21.1204
-21.7877
-22.6033
-23.5905
-24.7723
-26.1665
-27.7752
-29.5699
-31.4763
-19.99
-20.0728
-20.2403
-20.4959
-20.8453
-21.296
-21.8577
-22.5423
-23.3629
-24.3326
-25.4622
-26.7551
-28.2009
-29.7681
-31.3981
-20.541
-20.6282
-20.8041
-21.0715
-21.4347
-21.8993
-22.4722
-23.1609
-23.9731
-24.9149
-25.9889
-27.1907
-28.5053
-29.9034
-31.3403
-21.0047
-21.0949
-21.2764
-21.5513
-21.9226
-22.3943
-22.9707
-23.6559
-24.4536
-25.365
-26.3877
-27.5134
-28.726
-29.9999
-31.3005
-21.3782
-21.4703
-21.6552
-21.9345
-22.3102
-22.7846
-23.3601
-24.0386
-24.8204
-25.7037
-26.6833
-27.7491
-28.8853
-30.0695
-31.2744
-21.6595
-21.7527
-21.9397
-22.2213
-22.5989
-23.0738
-23.6467
-24.3177
-25.0855
-25.9461
-26.8927
-27.9145
-28.9963
-30.1185
-31.2582
-21.8475
-21.9413
-22.1294
-22.4121
-22.7904
-23.2647
-23.835
-24.5002
-25.2576
-26.1024
-27.0269
-28.0198
-29.0668
-30.1499
-31.249
-21.9417
-22.0357
-22.2242
-22.5074
-22.8858
-23.3596
-23.9283
-24.5903
-25.3423
-26.1791
-27.0924
-28.0711
-29.1011
-30.1653
-31.2448
-24.7345
-104.023
-114.036
-70.3647
-54.3743
-39.3751
-31.8563
-20.3451
-28.2941
-32.0469
-37.7542
-41.8467
-50.0469
-58.4482
-80.4102
-80.253
-57.7645
-49.043
-40.3026
-35.8816
-29.654
-25.6223
-17.4944
-25.5645
-29.5516
-35.6841
-40.0292
-48.6022
-57.193
-79.3891
-79.4717
-57.5593
-49.0594
-40.5014
-36.1536
-29.973
-25.9453
-17.7559
-26.0013
-30.0863
-36.377
-40.8324
-49.6174
-58.4048
-81.0896
-81.1744
-58.7784
-50.0968
-41.3696
-36.9354
-30.6312
-26.5209
-18.1573
-26.6044
-30.7945
-37.2537
-41.8308
-50.8586
-59.8847
-83.1793
-83.2806
-60.3289
-51.4448
-42.5406
-38.0207
-31.5978
-27.402
-18.8246
-27.7142
-32.1939
-39.1914
-44.2298
-54.2558
-64.3371
-90.3587
-90.9669
-67.0306
-58.0466
-49.6788
-45.717
-40.76
-37.6022
-31.2422
-61.9139
-59.8361
-22.7262
-11.5831
-8.53946
-9.66853
-17.4114
-38.3539
-63.6913
-71.2777
-61.3996
-51.8619
-43.3023
-37.2664
-33.0128
-34.0919
-36.4929
-40.0253
-44.0626
-49.3799
-55.3455
-62.0844
-61.9179
-54.815
-48.5022
-42.789
-38.3471
-34.3119
-31.2779
-29.158
-31.2387
-34.2309
-38.2083
-42.5815
-48.1984
-54.4049
-61.3761
-61.4534
-54.6422
-48.5398
-42.9821
-38.6407
-34.6727
-31.683
-29.6018
-31.7725
-34.8605
-38.9504
-43.4393
-49.1966
-55.5502
-62.6806
-62.7635
-55.8059
-49.5752
-43.9046
-39.4762
-35.4297
-32.3821
-30.2644
-32.4966
-35.6686
-39.8699
-44.4821
-50.3986
-56.9283
-64.2585
-64.36
-57.2433
-50.8769
-45.0939
-40.5881
-36.4828
-33.4114
-31.3214
-33.7708
-37.2341
-41.8428
-46.9546
-53.5677
-60.937
-69.3187
-69.8919
-62.7525
-56.445
-50.9189
-46.8118
-43.3696
-41.0981
-40.3999
-45.5267
-42.5795
-30.7834
-23.0852
-19.6096
-19.4826
-22.2894
-38.5461
-48.9204
-53.6678
-51.9442
-47.941
-43.5951
-40.1099
-38.0012
-37.986
-39.3094
-41.5695
-44.435
-47.779
-51.1293
-53.7023
-53.571
-50.7277
-47.0976
-43.4445
-40.2271
-37.5279
-35.617
-34.7726
-35.6004
-37.4913
-40.1626
-43.3426
-46.9455
-50.5156
-53.2902
-53.3546
-50.704
-47.236
-43.7111
-40.59
-37.9639
-36.1121
-35.3249
-36.2228
-38.1919
-40.9492
-44.2196
-47.9173
-51.5769
-54.4199
-54.491
-51.7866
-48.2472
-44.6508
-41.4672
-38.7897
-36.9041
-36.1077
-37.0356
-39.0608
-41.8943
-45.2551
-49.0558
-52.8191
-55.7471
-55.8339
-53.0773
-49.4688
-45.8084
-42.5787
-39.8791
-38.0079
-37.2815
-38.3673
-40.625
-43.7697
-47.5177
-51.7908
-56.0792
-59.5232
-59.9231
-57.2763
-53.7182
-50.1161
-46.9497
-44.2939
-42.3275
-41.1655
-40.7603
-38.0619
-32.938
-28.5063
-25.8581
-25.075
-25.8244
-36.9232
-42.2519
-45.3761
-45.7714
-44.5132
-42.6485
-40.9712
-39.9749
-39.9526
-40.7768
-42.2416
-44.1183
-46.1688
-48.0321
-49.2143
-49.1291
-47.773
-45.7262
-43.4726
-41.3607
-39.6085
-38.4203
-37.9794
-38.4311
-39.6278
-41.3843
-43.4945
-45.7397
-47.7717
-49.107
-49.1652
-47.9431
-46.0138
-43.8585
-41.8266
-40.1399
-39.0083
-38.6215
-39.1305
-40.3884
-42.2091
-44.3846
-46.693
-48.7794
-50.1508
-50.2151
-48.9698
-47.0015
-44.8023
-42.7295
-41.0096
-39.8577
-39.4678
-39.9948
-41.2887
-43.1596
-45.3947
-47.767
-49.9129
-51.327
-51.4026
-50.1379
-48.1358
-45.9025
-43.8062
-42.0824
-40.9559
-40.632
-41.2764
-42.7389
-44.8279
-47.3249
-49.992
-52.4378
-54.1112
-54.3416
-53.1127
-51.0547
-48.6862
-46.3527
-44.2261
-42.3981
-40.8397
-39.2944
-37.0358
-34.0953
-31.3591
-29.4214
-28.4619
-28.3551
-35.4775
-38.7579
-41.0138
-41.9796
-41.9585
-41.4321
-40.8516
-40.5461
-40.7
-41.3216
-42.3206
-43.5513
-44.8279
-45.9155
-46.5512
-46.5174
-45.8129
-44.6526
-43.2964
-41.9765
-40.8767
-40.1474
-39.9006
-40.1888
-40.9584
-42.0965
-43.452
-44.8408
-46.031
-46.7625
-46.8196
-46.2003
-45.1171
-43.8283
-42.5662
-41.5164
-40.832
-40.6281
-40.9599
-41.7743
-42.958
-44.3583
-45.7882
-47.0117
-47.7639
-47.8251
-47.194
-46.0882
-44.7721
-43.4834
-42.4117
-41.7139
-41.5077
-41.8497
-42.6859
-43.9004
-45.3369
-46.8042
-48.0605
-48.8345
-48.9013
-48.2603
-47.1356
-45.7996
-44.4974
-43.4258
-42.7482
-42.5885
-43.0074
-43.9507
-45.2987
-46.8873
-48.5118
-49.9086
-50.7773
-50.8617
-50.1431
-48.8384
-47.2062
-45.4582
-43.7289
-42.0811
-40.4949
-38.8554
-36.9913
-34.9585
-33.0621
-31.5758
-30.6211
-30.1635
-34.432
-36.7389
-38.509
-39.6088
-40.1312
-40.2935
-40.3359
-40.4555
-40.7737
-41.3228
-42.066
-42.9178
-43.7591
-44.4498
-44.8518
-44.8712
-44.5089
-43.8608
-43.0678
-42.2752
-41.6112
-41.1796
-41.0513
-41.2532
-41.7582
-42.4955
-43.3614
-44.228
-44.9507
-45.3892
-45.4478
-45.1254
-44.5163
-43.7596
-43.0001
-42.3666
-41.9636
-41.8635
-42.0941
-42.6285
-43.3951
-44.2891
-45.1807
-45.9226
-46.3721
-46.432
-46.1017
-45.4777
-44.7026
-43.9247
-43.2755
-42.8621
-42.7584
-42.993
-43.5384
-44.3214
-45.2348
-46.1454
-46.9027
-47.3605
-47.4194
-47.0794
-46.4399
-45.648
-44.8566
-44.2018
-43.7947
-43.7119
-43.9834
-44.5797
-45.4232
-46.3982
-47.3597
-48.1401
-48.5731
-48.5383
-48.0174
-47.0938
-45.8933
-44.537
-43.1147
-41.6759
-40.227
-38.7403
-37.1898
-35.6253
-34.1744
-32.9646
-32.0646
-31.4696
-33.7109
-35.4929
-36.9693
-38.0695
-38.8224
-39.3273
-39.7087
-40.0791
-40.5146
-41.0444
-41.655
-42.2991
-42.9072
-43.3994
-43.7034
-43.7747
-43.6162
-43.2776
-42.8387
-42.3885
-42.0111
-41.7751
-41.7262
-41.881
-42.2237
-42.7091
-43.2696
-43.8224
-44.2795
-44.5629
-44.6244
-44.4636
-44.1278
-43.6948
-43.2526
-42.8846
-42.6593
-42.6225
-42.7909
-43.1482
-43.6487
-44.2236
-44.7887
-45.2544
-45.5414
-45.6007
-45.4323
-45.0847
-44.6374
-44.1806
-43.7996
-43.5644
-43.5218
-43.6888
-44.0488
-44.5549
-45.1365
-45.7075
-46.1761
-46.461
-46.5121
-46.3296
-45.9636
-45.4959
-45.0192
-44.6214
-44.3742
-44.3255
-44.4915
-44.853
-45.3582
-45.9289
-46.4683
-46.8718
-47.0427
-46.9148
-46.472
-45.7478
-44.8047
-43.7109
-42.5247
-41.2855
-40.0137
-38.7171
-37.409
-36.1285
-34.9399
-33.9071
-33.0687
-32.428
-33.2175
-34.6868
-35.9712
-37.0302
-37.8708
-38.5386
-39.0973
-39.6091
-40.1194
-40.6495
-41.1954
-41.7324
-42.2219
-42.6202
-42.8897
-43.0092
-42.9826
-42.839
-42.6254
-42.397
-42.2073
-42.101
-42.1077
-42.2383
-42.4834
-42.8145
-43.1889
-43.5545
-43.8585
-44.056
-44.1211
-44.0536
-43.8793
-43.6431
-43.3983
-43.1971
-43.0833
-43.0861
-43.2156
-43.4617
-43.7952
-44.1722
-44.5397
-44.8436
-45.0385
-45.0976
-45.0209
-44.8351
-44.5858
-44.3276
-44.1139
-43.9893
-43.9835
-44.1069
-44.3489
-44.6796
-45.0538
-45.4171
-45.7141
-45.898
-45.9414
-45.8443
-45.6338
-45.3566
-45.0685
-44.824
-44.668
-44.6298
-44.7182
-44.9196
-45.199
-45.5045
-45.773
-45.9386
-45.9425
-45.7448
-45.3319
-44.7174
-43.933
-43.0181
-42.0109
-40.9424
-39.836
-38.7108
-37.5885
-36.4994
-35.4813
-34.5699
-33.7882
-33.1413
-32.8787
-34.147
-35.2976
-36.305
-37.1681
-37.9069
-38.5533
-39.1409
-39.6958
-40.2318
-40.7486
-41.234
-41.6676
-42.0265
-42.2917
-42.4539
-42.5175
-42.5009
-42.4335
-42.3495
-42.2834
-42.264
-42.3106
-42.4308
-42.619
-42.8578
-43.1205
-43.3754
-43.5905
-43.7399
-43.8087
-43.7971
-43.7201
-43.6039
-43.4809
-43.3837
-43.3396
-43.3671
-43.4724
-43.6492
-43.879
-44.1343
-44.3822
-44.59
-44.731
-44.7899
-44.7668
-44.677
-44.5472
-44.4104
-44.2998
-44.2431
-44.2591
-44.3541
-44.5213
-44.7416
-44.9866
-45.2224
-45.4152
-45.5374
-45.5732
-45.5223
-45.4
-45.2332
-45.0553
-44.8991
-44.7922
-44.7519
-44.7825
-44.8738
-45.0023
-45.1334
-45.2261
-45.2383
-45.133
-44.8845
-44.4824
-43.9316
-43.2491
-42.4586
-41.5855
-40.654
-39.6856
-38.7006
-37.7202
-36.7681
-35.8692
-35.046
-34.3136
-33.6773
-32.6446
-33.7767
-34.8302
-35.7875
-36.6442
-37.408
-38.094
-38.7196
-39.2993
-39.8414
-40.3469
-40.8101
-41.2208
-41.5677
-41.842
-42.0404
-42.1676
-42.2362
-42.265
-42.2764
-42.2923
-42.3317
-42.4076
-42.5252
-42.6816
-42.8664
-43.0634
-43.2534
-43.4172
-43.5396
-43.6121
-43.6349
-43.617
-43.5744
-43.5265
-43.4937
-43.493
-43.5358
-43.6263
-43.7603
-43.9263
-44.1071
-44.2825
-44.4327
-44.5415
-44.6003
-44.6089
-44.5763
-44.5186
-44.4556
-44.4079
-44.3925
-44.4211
-44.4975
-44.6172
-44.7683
-44.9328
-45.0895
-45.2179
-45.3012
-45.3298
-45.3033
-45.2301
-45.1261
-45.0106
-44.9034
-44.8206
-44.7721
-44.7594
-44.7747
-44.8018
-44.8177
-44.7953
-44.7073
-44.5298
-44.2456
-43.847
-43.3356
-42.7209
-42.0179
-41.2443
-40.4186
-39.5591
-38.684
-37.8114
-36.9601
-36.1483
-35.3914
-34.7007
-34.0812
-32.4827
-33.5195
-34.5012
-35.4146
-36.2541
-37.021
-37.7217
-38.3644
-38.9568
-39.5037
-40.006
-40.4616
-40.8657
-41.2134
-41.5013
-41.7293
-41.902
-42.0285
-42.1217
-42.1964
-42.2673
-42.347
-42.4444
-42.5635
-42.7032
-42.8574
-43.0165
-43.169
-43.3035
-43.411
-43.4868
-43.5312
-43.5498
-43.5521
-43.5505
-43.5574
-43.5835
-43.636
-43.7174
-43.8252
-43.9522
-44.0877
-44.2193
-44.3347
-44.4243
-44.4828
-44.5103
-44.5119
-44.4975
-44.4791
-44.4693
-44.4786
-44.5142
-44.5784
-44.6681
-44.7758
-44.89
-44.9976
-45.0856
-45.1438
-45.1659
-45.1514
-45.105
-45.0354
-44.9542
-44.8726
-44.7998
-44.7409
-44.6959
-44.6586
-44.6176
-44.5572
-44.4592
-44.3055
-44.0801
-43.7716
-43.3743
-42.8885
-42.32
-41.679
-40.9782
-40.232
-39.4554
-38.6636
-37.872
-37.0955
-36.3481
-35.6418
-34.9853
-34.3837
-32.3717
-33.3414
-34.2705
-35.1482
-35.9684
-36.7293
-37.4326
-38.0816
-38.6798
-39.2298
-39.7324
-40.187
-40.5918
-40.9452
-41.2467
-41.4977
-41.7028
-41.8688
-42.005
-42.1218
-42.2294
-42.3366
-42.4498
-42.5723
-42.7038
-42.8413
-42.979
-43.1103
-43.2284
-43.3281
-43.4068
-43.4648
-43.5057
-43.5356
-43.5622
-43.5934
-43.636
-43.6945
-43.7705
-43.8624
-43.9659
-44.074
-44.1792
-44.2738
-44.3519
-44.4102
-44.4487
-44.4707
-44.4821
-44.4903
-44.5031
-44.5269
-44.5663
-44.6224
-44.6932
-44.7738
-44.8569
-44.9338
-44.9965
-45.0382
-45.0549
-45.0457
-45.013
-44.9618
-44.8983
-44.8291
-44.7589
-44.69
-44.6214
-44.548
-44.4615
-44.3508
-44.2034
-44.0068
-43.7502
-43.4257
-43.0291
-42.5604
-42.0237
-41.4262
-40.7777
-40.0894
-39.3736
-38.6432
-37.9109
-37.189
-36.489
-35.8206
-35.1911
-34.6056
-32.2979
-33.2217
-34.1137
-34.9644
-35.7678
-36.5205
-37.2216
-37.8717
-38.4722
-39.024
-39.528
-39.984
-40.3919
-40.7518
-41.0645
-41.3324
-41.5596
-41.7519
-41.9162
-42.0604
-42.1919
-42.3174
-42.4418
-42.5678
-42.6959
-42.8246
-42.9508
-43.0705
-43.1798
-43.2756
-43.3564
-43.4229
-43.4773
-43.5238
-43.5673
-43.6131
-43.6655
-43.7277
-43.8005
-43.8831
-43.9726
-44.0647
-44.1543
-44.2366
-44.3079
-44.3661
-44.411
-44.4449
-44.4713
-44.495
-44.5208
-44.5531
-44.5943
-44.6452
-44.7044
-44.7685
-44.8324
-44.8907
-44.9377
-44.9688
-44.9812
-44.9738
-44.9478
-44.9057
-44.851
-44.787
-44.7161
-44.6389
-44.5537
-44.4563
-44.3403
-44.1973
-44.0185
-43.7947
-43.5183
-43.1836
-42.7877
-42.3305
-41.8151
-41.2471
-40.6345
-39.9863
-39.3131
-38.6256
-37.9348
-37.2512
-36.5846
-35.9433
-35.3339
-34.7612
-32.2529
-33.1479
-34.016
-34.8489
-35.6402
-36.3859
-37.0839
-37.7333
-38.3343
-38.8872
-39.3924
-39.8502
-40.2611
-40.626
-40.9466
-41.2256
-41.4667
-41.675
-41.8564
-42.0171
-42.1631
-42.2998
-42.4313
-42.5601
-42.6871
-42.8116
-42.9319
-43.0457
-43.1505
-43.2444
-43.3268
-43.3981
-43.4603
-43.5161
-43.5691
-43.6231
-43.6811
-43.7453
-43.8165
-43.894
-43.9757
-44.0588
-44.1398
-44.2154
-44.2829
-44.3409
-44.3894
-44.4297
-44.4643
-44.4965
-44.5296
-44.5662
-44.6083
-44.6561
-44.7086
-44.7632
-44.8163
-44.8638
-44.9017
-44.9265
-44.9359
-44.9289
-44.9059
-44.868
-44.8171
-44.755
-44.6825
-44.5994
-44.5037
-44.3916
-44.2578
-44.0957
-43.8983
-43.6585
-43.3705
-43.0299
-42.6345
-42.1844
-41.6822
-41.1326
-40.5424
-39.9195
-39.2731
-38.6128
-37.9483
-37.2891
-36.6438
-36.02
-35.4239
-34.8602
-32.2315
-33.1126
-33.9691
-34.793
-35.578
-36.3199
-37.0159
-37.6647
-38.2657
-38.819
-39.3248
-39.7837
-40.1964
-40.5641
-40.8887
-41.173
-41.4209
-41.6368
-41.8263
-41.9947
-42.1476
-42.2897
-42.4246
-42.5549
-42.6816
-42.8045
-42.9224
-43.0337
-43.1366
-43.2299
-43.3131
-43.3867
-43.4523
-43.5123
-43.5696
-43.6273
-43.6878
-43.7529
-43.8234
-43.8985
-43.9769
-44.056
-44.1332
-44.2057
-44.2715
-44.3295
-44.3795
-44.4226
-44.4609
-44.4969
-44.533
-44.5717
-44.614
-44.6605
-44.7099
-44.7601
-44.8083
-44.8509
-44.8846
-44.9064
-44.9144
-44.9073
-44.8853
-44.849
-44.7995
-44.7378
-44.6643
-44.5782
-44.4774
-44.3583
-44.2162
-44.0452
-43.8391
-43.5919
-43.2986
-42.9552
-42.5601
-42.1135
-41.6175
-41.0768
-40.4974
-39.8867
-39.2533
-38.6062
-37.9545
-37.307
-36.6721
-36.0569
-35.4675
-34.9083
-26.9244
-30.8775
-31.4297
-31.0153
-30.3138
-29.5646
-28.8618
-28.2403
-27.7096
-27.2687
-26.9127
-26.6357
-26.4327
-26.2996
-26.2338
-26.3034
-29.0503
-30.1165
-30.2772
-30.0092
-29.563
-29.0664
-28.5835
-28.1453
-27.7658
-27.45
-27.1992
-27.0126
-26.8891
-26.8277
-27.4301
-28.9059
-29.7098
-29.968
-29.8828
-29.6116
-29.2572
-28.8821
-28.5226
-28.1991
-27.9226
-27.6985
-27.5295
-27.4166
-27.3602
-28.8204
-29.434
-29.8492
-30.0022
-29.9425
-29.7435
-29.4688
-29.165
-28.8638
-28.5855
-28.3427
-28.1429
-27.9905
-27.8878
-27.8363
-30.0715
-30.1606
-30.2509
-30.2489
-30.1416
-29.9512
-29.7095
-29.4455
-29.1823
-28.9365
-28.7198
-28.5399
-28.4016
-28.3081
-28.2609
-31.1028
-30.8861
-30.7448
-30.601
-30.4236
-30.2104
-29.9725
-29.7253
-29.4833
-29.2585
-29.0603
-28.8953
-28.7682
-28.6819
-28.6384
-31.927
-31.5361
-31.2413
-30.9868
-30.7416
-30.4942
-30.245
-30
-29.7671
-29.5541
-29.3677
-29.213
-29.094
-29.0132
-28.9724
-32.5778
-32.0899
-31.6976
-31.3632
-31.0618
-30.78
-30.5133
-30.2626
-30.0311
-29.8232
-29.6434
-29.4951
-29.3815
-29.3046
-29.2658
-33.0881
-32.5482
-32.0959
-31.7068
-31.3624
-31.0508
-30.7659
-30.5059
-30.2714
-30.0645
-29.8875
-29.7427
-29.6324
-29.5579
-29.5204
-33.4851
-32.9191
-32.4312
-32.0059
-31.6303
-31.2949
-30.9937
-30.7238
-30.4844
-30.2759
-30.0993
-29.9561
-29.8474
-29.7744
-29.7376
-33.7897
-33.2121
-32.7038
-32.2554
-31.8581
-31.5048
-31.1902
-30.9114
-30.6666
-30.4554
-30.278
-30.135
-30.0269
-29.9545
-29.9182
-34.0173
-33.4358
-32.9165
-32.4539
-32.0421
-31.6759
-31.3512
-31.0649
-30.8152
-30.6011
-30.4224
-30.2789
-30.1709
-30.0987
-30.0625
-34.1791
-33.5975
-33.0726
-32.6016
-32.1806
-31.8058
-31.4737
-31.1819
-30.9283
-30.7117
-30.5315
-30.3874
-30.2792
-30.2069
-30.1708
-34.283
-33.7023
-33.175
-32.6994
-32.273
-31.8929
-31.5562
-31.2607
-31.0044
-30.786
-30.6047
-30.46
-30.3515
-30.2792
-30.243
-34.3338
-33.7539
-33.2256
-32.748
-32.3192
-31.9366
-31.5977
-31.3003
-31.0427
-30.8234
-30.6415
-30.4964
-30.3877
-30.3153
-30.2792
)
;

boundaryField
{
    hot
    {
        type            calculated;
        value           nonuniform List<scalar> 
120
(
-30.3565
-30.2866
-30.1462
-29.9339
-29.648
-29.2863
-28.8463
-28.3257
-27.7228
-27.0365
-26.2671
-25.4169
-24.4904
-23.4947
-22.4397
-21.4297
-20.4884
-19.5329
-18.5726
-17.6165
-16.673
-15.7493
-14.8517
-13.985
-13.1528
-12.3577
-11.6011
-10.8838
-10.2062
-9.56802
-8.96888
-8.40802
-7.88448
-7.3971
-6.94445
-6.52494
-6.13675
-5.77798
-5.44661
-5.14062
-4.85805
-4.59703
-4.35585
-4.13296
-3.92699
-3.73672
-3.5611
-3.39919
-3.25013
-3.11313
-2.98745
-2.87236
-2.76719
-2.67129
-2.58406
-2.50495
-2.43349
-2.36927
-2.31195
-2.2613
-2.21714
-2.17936
-2.14792
-2.12282
-2.10411
-2.09188
-2.08625
-2.08737
-2.09541
-2.11059
-2.13315
-2.16338
-2.2016
-2.24819
-2.30359
-2.3683
-2.44289
-2.52805
-2.62451
-2.73313
-2.85482
-2.99058
-3.14147
-3.30857
-3.49298
-3.69578
-3.91804
-4.16081
-4.42512
-4.71199
-5.02253
-5.3579
-5.71937
-6.10838
-6.52647
-6.97529
-7.45649
-7.97161
-8.52187
-9.10801
-9.73002
-10.3869
-11.0764
-11.795
-12.5379
-13.3747
-14.3016
-15.228
-16.1385
-17.0178
-17.852
-18.6285
-19.3371
-19.9694
-20.5193
-20.9822
-21.3552
-21.6362
-21.8241
-21.9182
)
;
    }
    cold
    {
        type            calculated;
        value           nonuniform List<scalar> 
120
(
-37.5123
-37.484
-37.4255
-37.3333
-37.2021
-37.0246
-36.7916
-36.4922
-36.1139
-35.6434
-35.0672
-34.3727
-33.5502
-32.5939
-31.504
-30.3888
-29.2959
-28.135
-26.9196
-25.6648
-24.3862
-23.099
-21.8173
-20.5535
-19.3182
-18.1198
-16.965
-15.8591
-14.8057
-13.8074
-12.8661
-11.9825
-11.1568
-10.3885
-9.67651
-9.01901
-8.41384
-7.85841
-7.34987
-6.88524
-6.46153
-6.07581
-5.72534
-5.40759
-5.12029
-4.86139
-4.62911
-4.42184
-4.23814
-4.07674
-3.93643
-3.81612
-3.7148
-3.63152
-3.56544
-3.51577
-3.48185
-3.46311
-3.4591
-3.46947
-3.49403
-3.53271
-3.58558
-3.65286
-3.7349
-3.83219
-3.94534
-4.07508
-4.22221
-4.38761
-4.57222
-4.77703
-5.00307
-5.25143
-5.52329
-5.81993
-6.14279
-6.49346
-6.87371
-7.28547
-7.73078
-8.21171
-8.73024
-9.28812
-9.88666
-10.5266
-11.208
-11.9299
-12.6905
-13.4869
-14.3151
-15.1701
-16.0462
-16.9367
-17.8344
-18.7315
-19.6201
-20.4924
-21.3406
-22.1577
-22.9379
-23.6761
-24.3689
-25.0144
-25.612
-26.2174
-26.8123
-27.346
-27.8233
-28.249
-28.6274
-28.9622
-29.256
-29.511
-29.7284
-29.9091
-30.0535
-30.1618
-30.234
-30.2701
)
;
    }
    interface_left
    {
        type            calculated;
        value           nonuniform List<scalar> 
90
(
-58.7738
-109.38
55.5106
-3.42652
24.8692
-2.34087
11.2141
-2.07845
-12.9205
-1.93806
-14.3649
-1.92458
-15.4615
-1.80927
-18.7402
12.7537
-2.29082
6.43716
-2.07229
3.34122
-1.99325
1.15473
-1.90472
-4.58855
-1.82809
-5.12316
-1.77984
-5.53574
-1.703
-6.55496
2.5893
-1.80045
0.843089
-1.69106
-0.0133215
-1.6253
-0.62914
-1.55738
-2.37256
-1.49446
-2.49473
-1.44059
-2.5583
-1.37925
-2.76396
-0.1729
-1.36593
-0.681804
-1.29413
-0.928572
-1.23503
-1.08316
-1.17739
-1.18668
-1.12209
-0.968203
-1.06983
-0.613814
-1.02869
0.0545173
-2.33265
-0.938219
-2.17136
-0.899993
-2.12382
-0.858858
-1.97498
-0.837561
0.528559
-0.832581
1.67352
-0.842976
3.31627
-0.945603
6.62413
-9.40664
-0.765725
-7.94289
-0.965538
-7.62269
-1.23942
-7.31405
-1.88872
4.85662
-10.4228
-3.58375
1.41711
7.56768
18.4222
43.3509
)
;
    }
    interface_right
    {
        type            calculated;
        value           nonuniform List<scalar> 
90
(
-194.098
-272.133
116.387
-4.69075
49.8238
-1.9876
22.8622
-1.2684
-20.5142
-0.846444
-22.4564
-0.708709
-23.8425
-0.433844
-28.851
23.6531
-1.23244
12.7703
-0.989531
7.43979
-0.972897
3.7409
-0.953222
-4.96463
-0.951248
-5.64881
-0.992699
-6.0622
-0.994998
-7.1258
4.01017
-1.2336
1.50511
-1.24244
0.238385
-1.29405
-0.612906
-1.34591
-1.8586
-1.40219
-1.73994
-1.46733
-1.44101
-1.54433
-0.869282
-2.68215
-1.57843
-2.79573
-1.64256
-2.90766
-1.70373
-2.86459
-1.77994
-0.47985
-1.86445
0.506384
-1.94851
1.90961
-2.10269
4.74917
-9.61463
-1.93156
-8.08923
-2.03369
-7.49369
-2.09131
-6.67048
-2.19627
2.9653
-2.32049
6.83553
-2.42815
12.4896
-2.78229
24.3035
-33.1374
-1.87305
-28.4106
-2.0384
-28.6488
-2.03556
-30.9952
-3.11811
41.3727
-108.097
-67.5886
-52.061
-45.2788
-42.7325
-44.5844
)
;
    }
    interface_top
    {
        type            calculated;
        value           nonuniform List<scalar> 
90
(
-24.7345
-104.023
-114.036
-70.3647
-54.3743
-39.3751
-31.8563
-20.3451
-28.2941
-32.0469
-37.7542
-41.8467
-50.0469
-58.4482
-80.4102
-80.253
-57.7645
-49.043
-40.3026
-35.8816
-29.654
-25.6223
-17.4944
-25.5645
-29.5516
-35.6841
-40.0292
-48.6022
-57.193
-79.3891
-79.4717
-57.5593
-49.0594
-40.5014
-36.1536
-29.973
-25.9453
-17.7559
-26.0013
-30.0863
-36.377
-40.8324
-49.6174
-58.4048
-81.0896
-81.1744
-58.7784
-50.0968
-41.3696
-36.9354
-30.6312
-26.5209
-18.1573
-26.6044
-30.7945
-37.2537
-41.8308
-50.8586
-59.8847
-83.1793
-83.2806
-60.3289
-51.4448
-42.5406
-38.0207
-31.5978
-27.402
-18.8246
-27.7142
-32.1939
-39.1914
-44.2298
-54.2558
-64.3371
-90.3587
-90.9669
-67.0306
-58.0466
-49.6788
-45.717
-40.76
-37.6022
-31.2422
-61.9139
-59.8361
-22.7262
-11.5831
-8.53946
-9.66853
-17.4114
)
;
    }
    interface_bottom
    {
        type            calculated;
        value           nonuniform List<scalar> 
90
(
-39.4237
-76.9794
-80.1857
-54.4137
-44.4177
-33.9922
-28.3141
-18.6197
-26.5361
-30.3451
-36.148
-40.2574
-48.4028
-56.6132
-77.9294
-77.7597
-55.8684
-47.3833
-38.8992
-34.605
-28.5628
-24.6552
-16.8051
-24.5276
-28.3184
-34.1287
-38.2161
-46.2618
-54.2766
-74.9647
-74.8867
-53.9342
-45.8156
-37.694
-33.5747
-27.7579
-23.9828
-16.3686
-23.9094
-27.6143
-33.2955
-37.29
-45.1506
-52.9666
-73.128
-73.0437
-52.5962
-44.6741
-36.7533
-32.7359
-27.0653
-23.384
-15.9597
-23.3112
-26.9206
-32.4529
-36.3393
-43.9852
-51.5765
-71.1496
-71.0496
-51.1363
-43.4217
-35.7132
-31.8032
-26.2865
-22.706
-15.4902
-22.6148
-26.1091
-31.461
-35.2231
-42.6279
-50.0109
-69.0807
-69.0236
-49.7723
-42.3309
-34.9522
-31.2344
-26.0984
-22.7698
-16.2267
-26.3298
-25.4228
-12.2437
-9.48988
-11.6845
-21.1479
-52.1332
)
;
    }
    defaultFaces
    {
        type            empty;
    }
}


// ************************************************************************* //
