/*--------------------------------*- C++ -*----------------------------------*\
| =========                 |                                                 |
| \\      /  F ield         | OpenFOAM: The Open Source CFD Toolbox           |
|  \\    /   O peration     | Version:  5.x                                   |
|   \\  /    A nd           | Web:      www.OpenFOAM.org                      |
|    \\/     M anipulation  |                                                 |
\*---------------------------------------------------------------------------*/
FoamFile
{
    version     2.0;
    format      ascii;
    class       volScalarField;
    location    "12.2001";
    object      gradTx;
}
// * * * * * * * * * * * * * * * * * * * * * * * * * * * * * * * * * * * * * //

dimensions      [0 -1 0 1 0 0 0];

internalField   nonuniform List<scalar> 
6300
(
-31.9146
-31.9854
-32.1263
-32.3359
-32.6119
-32.9512
-33.3496
-33.8015
-34.3002
-34.8378
-35.4047
-35.9906
-36.5844
-37.1749
-37.7515
-31.8438
-31.9153
-32.0576
-32.2695
-32.5487
-32.8922
-33.296
-33.7546
-34.2615
-34.8083
-35.3857
-35.9827
-36.5878
-37.1889
-37.7748
-31.7015
-31.7744
-31.9195
-32.1357
-32.4211
-32.773
-33.1875
-33.6596
-34.1827
-34.7485
-35.347
-35.9668
-36.595
-37.2182
-37.8234
-31.4864
-31.5612
-31.7102
-31.9326
-32.227
-32.5911
-33.0215
-33.5137
-34.0612
-34.6559
-35.2872
-35.9425
-36.6072
-37.2655
-37.9015
-31.1966
-31.2736
-31.4275
-31.6576
-31.9633
-32.3429
-32.7938
-33.3124
-33.8927
-34.5267
-35.2034
-35.9088
-36.6259
-37.3351
-38.016
-30.8298
-30.9093
-31.0684
-31.3072
-31.6256
-32.0232
-32.4987
-33.0493
-33.6705
-34.3548
-35.0909
-35.8636
-36.6524
-37.4329
-38.1776
-30.3835
-30.4654
-30.6297
-30.8771
-31.2089
-31.6258
-32.1283
-32.7158
-33.3853
-34.131
-34.9421
-35.8022
-36.6875
-37.5664
-38.4014
-29.8553
-29.9391
-30.1078
-30.3629
-30.7069
-31.1427
-31.6732
-32.3002
-33.0242
-33.8418
-34.7445
-35.7158
-36.7288
-37.7441
-38.7091
-29.2432
-29.3281
-29.4994
-29.7597
-30.1133
-30.5652
-31.1214
-31.7879
-32.5695
-33.4677
-34.4784
-35.5878
-36.768
-37.972
-39.1286
-28.5462
-28.6308
-28.8019
-29.0635
-29.4213
-29.8835
-30.4596
-31.1608
-31.9982
-32.9812
-34.1137
-35.3891
-36.7835
-38.2472
-39.6919
-27.7647
-27.847
-28.0141
-28.2709
-28.6253
-29.0879
-29.6729
-30.3975
-31.2815
-32.3454
-33.6061
-35.0711
-36.7292
-38.541
-40.4204
-26.9008
-26.9785
-27.1366
-27.381
-27.721
-28.1701
-28.7467
-29.4749
-30.3851
-31.5126
-32.8939
-34.559
-36.5201
-38.7661
-41.2708
-25.9594
-26.0296
-26.1729
-26.3956
-26.7078
-27.125
-27.6691
-28.3706
-29.2714
-30.4255
-31.8968
-33.7489
-36.0224
-38.7276
-41.9689
-24.9478
-25.0076
-25.1298
-25.3206
-25.59
-25.9533
-26.4341
-27.0672
-27.9042
-29.0201
-30.5167
-32.5122
-35.0828
-38.1357
-41.5451
-23.8765
-23.9231
-24.0184
-24.1673
-24.3782
-24.6644
-25.047
-25.5598
-26.2578
-27.2323
-28.6335
-30.6891
-33.6338
-37.1279
-37.5049
-38.2607
-38.7007
-39.1165
-39.5063
-39.8691
-40.2048
-40.5139
-40.7967
-41.0537
-41.2845
-41.4887
-41.6653
-41.8132
-41.9316
-42.0206
-42.0809
-42.1144
-42.1242
-42.1139
-42.088
-42.0506
-42.0055
-41.9556
-41.9028
-41.8475
-41.7891
-41.7262
-41.6569
-41.5791
-41.4915
-41.3934
-41.2851
-41.1681
-41.0447
-40.9177
-40.7899
-40.664
-40.5418
-40.4242
-40.3108
-40.2007
-40.0917
-39.9815
-39.868
-39.7494
-39.6248
-39.4941
-39.3586
-39.2201
-39.0811
-38.9442
-38.8116
-38.6849
-38.5649
-38.4511
-38.3423
-38.2365
-38.1315
-38.025
-37.9153
-37.8014
-37.6834
-37.5623
-37.4398
-37.3183
-37.2002
-37.0876
-36.9822
-36.8846
-36.7946
-36.7112
-36.6327
-36.5574
-36.4836
-36.4102
-36.3372
-36.2656
-36.1976
-36.1364
-36.0857
-36.0496
-36.0317
-36.0352
-36.0616
-36.111
-36.182
-36.271
-36.3731
-36.4821
-36.5912
-38.2909
-38.7354
-39.1541
-39.5452
-39.9081
-40.2432
-40.5516
-40.834
-41.0912
-41.323
-41.5286
-41.7066
-41.8555
-41.9741
-42.0619
-42.1194
-42.1486
-42.1529
-42.1366
-42.1045
-42.0616
-42.0123
-41.9599
-41.9063
-41.8519
-41.7956
-41.7355
-41.6689
-41.5933
-41.5066
-41.4079
-41.2976
-41.1774
-41.05
-40.9187
-40.7873
-40.6587
-40.5352
-40.4179
-40.3063
-40.199
-40.0933
-39.9864
-39.8754
-39.7581
-39.6334
-39.5011
-39.3628
-39.2208
-39.0781
-38.9379
-38.8031
-38.6754
-38.5559
-38.4439
-38.3379
-38.2354
-38.1336
-38.0296
-37.9213
-37.8074
-37.6879
-37.5642
-37.4384
-37.3134
-37.1921
-37.0774
-36.9709
-36.8736
-36.7851
-36.704
-36.6282
-36.5552
-36.4829
-36.4096
-36.3352
-36.2605
-36.1879
-36.1212
-36.0647
-36.0232
-36.0011
-36.0021
-36.0283
-36.0801
-36.1559
-36.2521
-36.3631
-36.482
-36.6012
-38.3538
-38.8074
-39.2315
-39.6245
-39.9869
-40.3202
-40.6265
-40.9078
-41.1653
-41.3992
-41.608
-41.7898
-41.9416
-42.061
-42.1467
-42.1986
-42.2189
-42.2114
-42.1819
-42.1365
-42.0819
-42.0237
-41.966
-41.911
-41.8589
-41.8078
-41.7542
-41.6941
-41.6234
-41.539
-41.4393
-41.3245
-41.197
-41.0606
-40.9201
-40.7804
-40.646
-40.5199
-40.4033
-40.2958
-40.1948
-40.0967
-39.9971
-39.8919
-39.7777
-39.6527
-39.5169
-39.3724
-39.2225
-39.0715
-38.924
-38.7841
-38.6543
-38.5359
-38.4281
-38.3285
-38.2335
-38.1388
-38.0405
-37.9352
-37.8213
-37.6987
-37.5691
-37.4358
-37.303
-37.1748
-37.0551
-36.9465
-36.85
-36.765
-36.6893
-36.6196
-36.5522
-36.4835
-36.4109
-36.3335
-36.2522
-36.1699
-36.0912
-36.0221
-35.9688
-35.9374
-35.9327
-35.9582
-36.0146
-36.1006
-36.2118
-36.3417
-36.4817
-36.6221
-38.4544
-38.9219
-39.3534
-39.7481
-40.1078
-40.4361
-40.7374
-41.0157
-41.2736
-41.5112
-41.7267
-41.916
-42.0742
-42.1967
-42.2801
-42.3234
-42.329
-42.3019
-42.2499
-42.182
-42.1074
-42.0342
-41.968
-41.9117
-41.8646
-41.8233
-41.7822
-41.7344
-41.6733
-41.5934
-41.4922
-41.3698
-41.2295
-41.0772
-40.9202
-40.7661
-40.6214
-40.4907
-40.3759
-40.2757
-40.1864
-40.1022
-40.016
-39.9213
-39.8127
-39.6874
-39.5454
-39.3897
-39.2256
-39.0598
-38.8994
-38.7504
-38.6169
-38.5007
-38.4004
-38.3124
-38.2309
-38.1494
-38.0613
-37.9617
-37.8477
-37.7194
-37.5794
-37.4327
-37.2858
-37.1453
-37.0169
-36.9046
-36.8098
-36.7314
-36.6659
-36.6078
-36.551
-36.4896
-36.4191
-36.3374
-36.2453
-36.1465
-36.0476
-35.9568
-35.883
-35.835
-35.8201
-35.8433
-35.9067
-36.0089
-36.1447
-36.3057
-36.4806
-36.6565
-38.6015
-39.088
-39.5282
-39.922
-40.2738
-40.5907
-40.8813
-41.1531
-41.4109
-41.6553
-41.8829
-42.0869
-42.2584
-42.3887
-42.471
-42.5027
-42.486
-42.4282
-42.3407
-42.237
-42.131
-42.0346
-41.956
-41.8989
-41.8618
-41.8387
-41.8199
-41.7941
-41.75
-41.6787
-41.5756
-41.4407
-41.2793
-41.1006
-40.9162
-40.7381
-40.5766
-40.4387
-40.3272
-40.24
-40.1709
-40.1103
-40.0472
-39.9706
-39.8718
-39.7462
-39.5937
-39.4192
-39.2311
-39.0404
-38.8583
-38.6942
-38.5548
-38.4425
-38.3552
-38.2869
-38.2285
-38.1692
-38.0988
-38.0089
-37.8949
-37.7568
-37.5991
-37.4299
-37.2595
-37.0984
-36.9556
-36.8374
-36.746
-36.6794
-36.6316
-36.5941
-36.5565
-36.5088
-36.4435
-36.3563
-36.2479
-36.1234
-35.9924
-35.8668
-35.76
-35.685
-35.6525
-35.6706
-35.743
-35.8687
-36.0413
-36.2498
-36.4783
-36.7086
-38.8089
-39.3208
-39.7697
-40.1566
-40.4898
-40.7831
-41.0522
-41.3108
-41.5674
-41.8234
-42.0732
-42.3046
-42.502
-42.6497
-42.7349
-42.7517
-42.7022
-42.5974
-42.4548
-42.2955
-42.1409
-42.0093
-41.9131
-41.8573
-41.839
-41.8478
-41.8678
-41.88
-41.8657
-41.81
-41.7047
-41.5499
-41.3539
-41.1321
-40.9031
-40.6863
-40.4978
-40.3488
-40.2434
-40.1783
-40.1431
-40.1223
-40.0978
-40.0517
-39.9696
-39.8437
-39.6738
-39.468
-39.2404
-39.0088
-38.791
-38.6026
-38.4537
-38.3481
-38.2826
-38.2472
-38.2272
-38.2053
-38.1643
-38.0907
-37.9768
-37.8226
-37.6355
-37.429
-37.2198
-37.0249
-36.859
-36.7317
-36.6465
-36.6
-36.5828
-36.5805
-36.5763
-36.5536
-36.4993
-36.4059
-36.2735
-36.1099
-35.9292
-35.7497
-35.5915
-35.4735
-35.4123
-35.4198
-35.5026
-35.6607
-35.8865
-36.1648
-36.4734
-36.7853
-39.0981
-39.6445
-40.1005
-40.4683
-40.7632
-41.0104
-41.2382
-41.4712
-41.7244
-42.0007
-42.2898
-42.5711
-42.8174
-43.0006
-43.0975
-43.0959
-42.9982
-42.8211
-42.5928
-42.3472
-42.1177
-41.9329
-41.8118
-41.7617
-41.7772
-41.8409
-41.9269
-42.0039
-42.041
-42.0129
-41.9052
-41.7181
-41.4659
-41.1738
-40.8727
-40.5935
-40.3621
-40.1961
-40.1018
-40.0734
-40.0944
-40.1396
-40.1795
-40.1845
-40.1307
-40.0044
-39.8057
-39.5482
-39.2556
-38.9571
-38.6817
-38.4539
-38.2901
-38.1962
-38.1665
-38.1854
-38.2288
-38.2686
-38.2768
-38.2305
-38.1168
-37.9356
-37.6998
-37.4318
-37.1593
-36.9099
-36.7067
-36.5653
-36.4911
-36.4786
-36.5126
-36.5697
-36.6227
-36.6441
-36.6114
-36.5116
-36.344
-36.1209
-35.8642
-35.6022
-35.3648
-35.1804
-35.0729
-35.0605
-35.1539
-35.3551
-35.656
-36.0363
-36.4639
-36.8977
-39.5022
-40.0983
-40.5584
-40.8848
-41.1052
-41.2654
-41.4166
-41.6021
-41.8483
-42.1593
-42.5176
-42.8878
-43.2236
-43.4756
-43.6019
-43.5787
-43.4083
-43.1185
-42.756
-42.3755
-42.0303
-41.7648
-41.6084
-41.5718
-41.6457
-41.8021
-41.9989
-42.1854
-42.3103
-42.3302
-42.2201
-41.9801
-41.6353
-41.2286
-40.8108
-40.4316
-40.1324
-39.9403
-39.8651
-39.8975
-40.0107
-40.1647
-40.3114
-40.4021
-40.3959
-40.2693
-40.0224
-39.6789
-39.2794
-38.8721
-38.5036
-38.2131
-38.026
-37.9516
-37.9807
-38.0881
-38.2356
-38.3775
-38.4677
-38.4673
-38.3539
-38.1274
-37.8104
-37.4413
-37.0657
-36.7281
-36.4655
-36.3022
-36.2468
-36.2905
-36.4088
-36.5649
-36.7145
-36.8124
-36.8201
-36.7147
-36.4947
-36.1801
-35.807
-35.4193
-35.062
-34.7764
-34.5967
-34.5489
-34.6498
-34.9062
-35.3112
-35.8398
-36.4453
-37.0636
-40.0721
-40.7477
-41.2088
-41.4539
-41.5338
-41.5335
-41.5452
-41.6454
-41.8785
-42.2497
-42.728
-43.2542
-43.7504
-44.1315
-44.3214
-44.2737
-43.9902
-43.5206
-42.945
-42.3529
-41.8282
-41.4396
-41.2324
-41.223
-41.3954
-41.7051
-42.0856
-42.4558
-42.7306
-42.8346
-42.722
-42.3931
-41.8939
-41.2993
-40.6933
-40.1548
-39.7482
-39.5161
-39.4735
-39.6051
-39.8684
-40.2002
-40.524
-40.7592
-40.8347
-40.7075
-40.3781
-39.8902
-39.3147
-38.7309
-38.2135
-37.8231
-37.5998
-37.5578
-37.6823
-37.9331
-38.2502
-38.5611
-38.7891
-38.867
-38.7537
-38.4495
-37.9959
-37.46
-36.9173
-36.4384
-36.0812
-35.8838
-35.8598
-35.9949
-36.2507
-36.5694
-36.8808
-37.1104
-37.1918
-37.083
-36.7815
-36.3237
-35.7708
-35.1925
-34.656
-34.2197
-33.9305
-33.8232
-33.9219
-34.243
-34.7886
-35.5323
-36.4082
-37.3124
-40.8845
-41.7061
-42.1704
-42.2608
-42.0781
-41.7841
-41.5463
-41.497
-41.7096
-42.1856
-42.8692
-43.6635
-44.4429
-45.0629
-45.383
-45.3083
-44.8399
-44.0756
-43.1578
-42.2331
-41.4303
-40.853
-40.5715
-40.6122
-40.9474
-41.5064
-42.1869
-42.8638
-43.3967
-43.6509
-43.5355
-43.0512
-42.29
-41.3863
-40.4785
-39.6881
-39.1128
-38.819
-38.8312
-39.1231
-39.6274
-40.2473
-40.8644
-41.3461
-41.5653
-41.4369
-40.9619
-40.2277
-39.3616
-38.4943
-37.7405
-37.1925
-36.9127
-36.9242
-37.202
-37.6825
-38.2739
-38.8638
-39.3267
-39.542
-39.4283
-38.9868
-38.3001
-37.4887
-36.6768
-35.9736
-35.4667
-35.2159
-35.2435
-35.5256
-36.0019
-36.5843
-37.165
-37.622
-37.8372
-37.7289
-37.2933
-36.6042
-35.771
-34.9056
-34.1058
-33.4513
-33.0024
-32.8006
-32.8739
-33.2566
-33.9806
-35.0348
-36.3303
-37.6936
-42.0498
-43.1795
-43.6701
-43.4609
-42.7829
-41.9545
-41.2762
-40.9714
-41.1613
-41.8224
-42.8506
-44.0941
-45.3648
-46.4259
-47.0133
-46.9095
-46.1158
-44.8516
-43.3806
-41.9377
-40.7077
-39.8405
-39.4468
-39.5773
-40.1771
-41.1326
-42.2935
-43.4791
-44.4643
-44.9995
-44.8802
-44.1081
-42.8912
-41.4794
-40.0946
-38.9115
-38.0722
-37.6811
-37.7861
-38.335
-39.2199
-40.2985
-41.3997
-42.3108
-42.7968
-42.6652
-41.9189
-40.7552
-39.4104
-38.0942
-36.9713
-36.1756
-35.8059
-35.9072
-36.43
-37.2723
-38.2995
-39.3496
-40.221
-40.6905
-40.5752
-39.8773
-38.7836
-37.5181
-36.28
-35.2259
-34.4835
-34.1472
-34.2605
-34.7769
-35.6001
-36.6019
-37.6273
-38.4818
-38.9483
-38.8459
-38.1702
-37.0924
-35.8176
-34.5242
-33.3463
-32.3868
-31.7186
-31.3818
-31.3806
-31.7786
-32.6971
-34.1896
-36.1548
-38.295
-43.6972
-45.5765
-46.1792
-45.3342
-43.7033
-41.9099
-40.4689
-39.7338
-39.9341
-40.9303
-42.5216
-44.4854
-46.5885
-48.471
-49.6386
-49.5043
-48.0694
-45.9251
-43.563
-41.3359
-39.4625
-38.1461
-37.5671
-37.8668
-38.8947
-40.4629
-42.3645
-44.3829
-46.1797
-47.2908
-47.1647
-45.8054
-43.7732
-41.5335
-39.4201
-37.6401
-36.386
-35.8287
-36.102
-37.0632
-38.5336
-40.3172
-42.2085
-43.8878
-44.9174
-44.7786
-43.4771
-41.5436
-39.4181
-37.4155
-35.7308
-34.5455
-34.0207
-34.2832
-35.1978
-36.5959
-38.2922
-40.0926
-41.694
-42.6811
-42.5608
-41.3377
-39.5144
-37.5082
-35.618
-34.0294
-32.9157
-32.431
-32.697
-33.5866
-34.9411
-36.5855
-38.3354
-39.9005
-40.8787
-40.7885
-39.6262
-37.8641
-35.8911
-33.9765
-32.2722
-30.9028
-29.9577
-29.4796
-29.3123
-29.5511
-30.587
-32.6639
-35.727
-39.2809
-45.8209
-49.8258
-50.7872
-48.3375
-44.8499
-41.3575
-38.6469
-37.1498
-37.5613
-39.1809
-41.6561
-44.6759
-48.1296
-51.5452
-54.1388
-53.9719
-51.0444
-47.3124
-43.551
-40.2248
-37.415
-35.3902
-34.422
-35.1076
-36.8345
-39.3129
-42.2674
-45.6058
-48.8826
-51.3637
-51.225
-48.4718
-44.954
-41.4058
-38.2657
-35.6113
-33.6966
-32.78
-33.4275
-35.0579
-37.3962
-40.1806
-43.3229
-46.4004
-48.7206
-48.5663
-45.9452
-42.6083
-39.2489
-36.2792
-33.7713
-31.9641
-31.1018
-31.7202
-33.2694
-35.49
-38.1351
-41.122
-44.0515
-46.2664
-46.1346
-43.6624
-40.5087
-37.3313
-34.5217
-32.1492
-30.442
-29.6337
-30.2353
-31.7269
-33.8646
-36.417
-39.3098
-42.1644
-44.3474
-44.2751
-41.9457
-38.9397
-35.8804
-33.126
-30.7157
-28.808
-27.5242
-27.1299
-26.6594
-26.1757
-26.978
-29.7181
-34.5926
-40.983
-47.3493
-58.4884
-60.3851
-52.8686
-45.9824
-39.6683
-35.0753
-31.8174
-33.4486
-36.1995
-40.0059
-44.2414
-49.7256
-55.803
-62.614
-62.4145
-55.178
-48.742
-42.9124
-38.3701
-34.237
-31.1126
-28.8957
-30.8489
-33.692
-37.4775
-41.6173
-46.9173
-52.7313
-59.2093
-59.05
-52.2391
-46.1786
-40.6903
-36.4118
-32.5172
-29.5701
-27.479
-29.3376
-32.0332
-35.6166
-39.5286
-44.5304
-50.0032
-56.0873
-55.906
-49.4443
-43.7052
-38.5184
-34.4778
-30.8027
-28.022
-26.0509
-27.8166
-30.3741
-33.7731
-37.4855
-42.2343
-47.438
-53.2311
-53.0787
-46.9682
-41.5369
-36.6249
-32.7961
-29.3107
-26.6739
-24.8061
-26.4922
-28.9369
-32.1907
-35.7585
-40.3393
-45.3952
-51.0636
-51.0121
-45.2395
-40.092
-35.4307
-31.7798
-28.4356
-25.8149
-23.8099
-24.8897
-24.0254
-20.9485
-20.5786
-23.6987
-31.2752
-44.116
-40.8764
-80.3828
-83.8127
-56.7716
-46.3328
-35.4983
-29.5814
-19.445
-27.7238
-31.6981
-37.7375
-42.0084
-50.4672
-59.0041
-81.1841
-80.9905
-58.1587
-49.2985
-40.4202
-35.9259
-29.6066
-25.5283
-17.3641
-25.3089
-29.1926
-35.1319
-39.2967
-47.4886
-55.6237
-76.6125
-76.4535
-54.9259
-46.5792
-38.2328
-34.005
-28.0589
-24.2108
-16.4904
-24.0425
-27.7301
-33.3639
-37.3074
-45.0597
-52.7259
-72.4762
-72.2896
-51.9029
-44.0069
-36.1372
-32.1503
-26.5461
-22.9142
-15.6191
-22.7728
-26.267
-31.6051
-35.3433
-42.6916
-49.9757
-68.7571
-68.6026
-49.2961
-41.8175
-34.3583
-30.5762
-25.2503
-21.7985
-14.8608
-21.6568
-24.9817
-30.0648
-33.6413
-40.6846
-47.7442
-66.0164
-65.9875
-47.6331
-40.5441
-33.5262
-29.992
-25.1137
-21.935
-15.6536
-25.4491
-24.5776
-11.8233
-9.15339
-11.2623
-20.377
-50.2251
-36.7026
-36.8054
-36.8795
-36.9196
-36.9239
-36.8941
-36.8352
-36.7538
-36.6582
-36.5569
-36.4583
-36.3697
-36.2975
-36.2466
-36.2203
-36.7225
-36.834
-36.9136
-36.9554
-36.9579
-36.9234
-36.8575
-36.768
-36.6639
-36.5543
-36.4482
-36.3533
-36.2762
-36.222
-36.194
-36.7647
-36.8946
-36.9854
-37.0305
-37.0288
-36.984
-36.9035
-36.7969
-36.675
-36.5483
-36.4268
-36.3191
-36.2321
-36.1711
-36.1398
-36.8343
-36.9942
-37.1028
-37.1524
-37.1429
-37.0804
-36.9756
-36.8412
-36.6908
-36.5372
-36.3918
-36.2641
-36.1619
-36.0907
-36.0542
-36.9402
-37.1453
-37.2793
-37.3334
-37.3099
-37.2192
-37.0772
-36.9015
-36.7098
-36.5178
-36.3389
-36.1838
-36.0607
-35.9755
-35.932
-37.0969
-37.3673
-37.5356
-37.5922
-37.544
-37.4093
-37.2123
-36.9779
-36.7291
-36.4854
-36.2622
-36.0714
-35.9216
-35.8187
-35.7664
-37.3276
-37.6915
-37.9037
-37.9557
-37.8645
-37.6619
-37.3849
-37.0688
-36.7434
-36.4324
-36.1531
-35.918
-35.7356
-35.6113
-35.5484
-37.6703
-38.1674
-38.4321
-38.4626
-38.2963
-37.9887
-37.5966
-37.1688
-36.7434
-36.3476
-35.9998
-35.7119
-35.4914
-35.3425
-35.2676
-38.189
-38.8756
-39.1946
-39.1662
-38.8695
-38.4001
-37.8438
-37.2666
-36.7139
-36.2148
-35.7865
-35.4386
-35.1756
-34.9998
-34.9118
-38.9958
-39.9513
-40.3046
-40.1381
-39.6154
-38.8984
-38.1121
-37.3398
-36.6307
-36.0111
-35.493
-35.0802
-34.7728
-34.5692
-34.4679
-40.2995
-41.6292
-41.9343
-41.4664
-40.5555
-39.4659
-38.3665
-37.3497
-36.458
-35.706
-35.094
-34.6164
-34.2661
-34.0364
-33.9228
-42.5216
-44.3317
-44.3369
-43.2376
-41.6745
-40.0432
-38.5384
-37.2344
-36.1457
-35.2609
-34.5607
-34.0255
-33.6386
-33.3876
-33.2641
-46.6013
-48.839
-47.8441
-45.4727
-42.8615
-40.494
-38.5093
-36.9039
-35.6293
-34.6312
-33.8624
-33.2861
-32.8753
-32.6112
-32.4819
-54.9194
-56.579
-52.7278
-47.9476
-43.8047
-40.5622
-38.101
-36.2426
-34.8366
-33.7721
-32.9716
-32.3814
-31.9654
-31.6999
-31.5705
-74.507
-69.8299
-58.5404
-49.7853
-43.8473
-39.8492
-37.0898
-35.129
-33.7023
-32.6492
-31.8703
-31.3024
-30.905
-30.6524
-30.5297
-22.8519
-22.8843
-22.9505
-23.0535
-23.1987
-23.3948
-23.6564
-24.0082
-24.4946
-25.2005
-26.301
-28.1835
-31.7425
-38.8996
-51.6092
-21.898
-21.9166
-21.9542
-22.0118
-22.0911
-22.1953
-22.3297
-22.5042
-22.7388
-23.0776
-23.6304
-24.7128
-27.416
-36.4242
-77.5287
-20.9312
-20.9357
-20.944
-20.955
-20.9665
-20.9751
-20.9752
-20.9584
-20.9103
-20.8053
-20.5875
-20.0854
-18.5326
-11.6438
25.3026
-19.9613
-19.9521
-19.9322
-19.8981
-19.8441
-19.7608
-19.6328
-19.4345
-19.1213
-18.6114
-17.7427
-16.175
-13.1935
-7.71818
-3.92559
-18.9979
-18.9761
-18.9301
-18.855
-18.7423
-18.5778
-18.3394
-17.9903
-17.4687
-16.6666
-15.387
-13.2597
-9.55827
-2.60643
13.4795
-18.0497
-18.0168
-17.9484
-17.8383
-17.6764
-17.4465
-17.123
-16.6659
-16.0107
-15.0526
-13.6201
-11.4447
-8.18168
-3.83157
-1.9699
-17.1242
-17.0823
-16.9956
-16.8576
-16.6579
-16.3802
-15.9997
-15.4792
-14.7631
-13.7673
-12.368
-10.3867
-7.56102
-3.32733
4.93912
-16.2279
-16.179
-16.0783
-15.9199
-15.6938
-15.3854
-14.9737
-14.4287
-13.7097
-12.7621
-11.5196
-9.91512
-7.91846
-5.62333
-3.47603
-15.3655
-15.3116
-15.2013
-15.0291
-14.7869
-14.4626
-14.0403
-13.4993
-12.815
-11.9618
-10.9224
-9.71593
-8.48334
-7.8165
-10.3994
-14.5406
-14.4835
-14.3671
-14.1871
-13.937
-13.608
-13.1894
-12.6695
-12.0379
-11.2908
-10.4412
-9.53487
-8.65542
-7.75276
-5.03881
-13.7554
-13.6965
-13.5771
-13.3938
-13.142
-12.8157
-12.409
-11.9174
-11.3411
-10.6912
-9.99949
-9.33516
-8.8437
-8.94671
-11.8699
-13.011
-12.9516
-12.8314
-12.6481
-12.3986
-12.0793
-11.6877
-11.2242
-10.6955
-10.1207
-9.53881
-9.01547
-8.6192
-8.18208
-5.54538
-12.308
-12.2488
-12.1295
-11.9485
-11.7037
-11.3931
-11.0164
-10.5762
-10.082
-9.55514
-9.03754
-8.6076
-8.42314
-8.94483
-12.5746
-11.646
-11.5877
-11.4706
-11.2932
-11.0544
-10.753
-10.3891
-9.96577
-9.49128
-8.9832
-8.47543
-8.02929
-7.73676
-7.54913
-5.41605
-11.0245
-10.9676
-10.8533
-10.6807
-10.4486
-10.1561
-9.8031
-9.39092
-8.92389
-8.41108
-7.87054
-7.34436
-6.97755
-7.50441
-13.4841
-10.4425
-10.3874
-10.2766
-10.1095
-9.88479
-9.60141
-9.25819
-8.85417
-8.38831
-7.85824
-7.25571
-6.54877
-5.59778
-3.67294
3.66091
-9.89884
-9.84573
-9.7391
-9.57816
-9.36173
-9.08824
-8.75552
-8.36037
-7.89732
-7.35575
-6.71339
-5.92267
-4.89431
-3.59772
-3.46654
-9.39204
-9.34125
-9.23929
-9.08539
-8.87831
-8.6162
-8.2962
-7.91373
-7.46087
-6.92327
-6.27411
-5.46163
-4.37711
-2.71316
1.03092
-8.92052
-8.87231
-8.77557
-8.62956
-8.43312
-8.18435
-7.88028
-7.51599
-7.08327
-6.56828
-5.94825
-5.18951
-4.26231
-3.27312
-3.40521
-8.48248
-8.43709
-8.34605
-8.20877
-8.02426
-7.79093
-7.50618
-7.16577
-6.76282
-6.28623
-5.71872
-5.0344
-4.19057
-3.05441
-0.753743
-8.07597
-8.03358
-7.94864
-7.82077
-7.64932
-7.43323
-7.17073
-6.859
-6.49352
-6.06733
-5.57033
-4.99008
-4.32184
-3.64437
-3.68372
-7.6989
-7.65964
-7.58105
-7.46304
-7.3054
-7.10775
-6.86948
-6.58956
-6.26639
-5.8976
-5.47978
-5.00686
-4.45952
-3.73653
-2.21524
-7.34911
-7.313
-7.24085
-7.13285
-6.98926
-6.81049
-6.59716
-6.35016
-6.07094
-5.76195
-5.42749
-5.07534
-4.7192
-4.38304
-4.1159
-7.0244
-6.99139
-6.92556
-6.82737
-6.69755
-6.53725
-6.34822
-6.13314
-5.89618
-5.64398
-5.38751
-5.1466
-4.96503
-4.9816
-5.83093
-6.72263
-6.69257
-6.63276
-6.54387
-6.42703
-6.28397
-6.11739
-5.93133
-5.73202
-5.52898
-5.33675
-5.17665
-5.07328
-5.00182
-4.45315
-6.44174
-6.41442
-6.36016
-6.2798
-6.17471
-6.04705
-5.90008
-5.73873
-5.57046
-5.4065
-5.26368
-5.16731
-5.15937
-5.35343
-6.37677
-6.17983
-6.15498
-6.10571
-6.03291
-5.93808
-5.82354
-5.69276
-5.55096
-5.40592
-5.26933
-5.15838
-5.09658
-5.1052
-5.12911
-4.50043
-5.93519
-5.91252
-5.8676
-5.80132
-5.71514
-5.61131
-5.49311
-5.36544
-5.23553
-5.11437
-5.01895
-4.97694
-5.04045
-5.35795
-6.6979
-5.70629
-5.68551
-5.64433
-5.58355
-5.50449
-5.40906
-5.30006
-5.18147
-5.05908
-4.94155
-4.84244
-4.78405
-4.79931
-4.87674
-4.33607
-5.49184
-5.47268
-5.43468
-5.3785
-5.3052
-5.21625
-5.11367
-5.00016
-4.87928
-4.75594
-4.63768
-4.54002
-4.51501
-4.82475
-7.08835
-5.29071
-5.27295
-5.23766
-5.18536
-5.11678
-5.03291
-4.93489
-4.82396
-4.70119
-4.56682
-4.41861
-4.24556
-3.99825
-3.41588
-0.900858
-5.10193
-5.08538
-5.05247
-5.00353
-4.93901
-4.8594
-4.76508
-4.65601
-4.53116
-4.38733
-4.2168
-4.00269
-3.71419
-3.34911
-3.47831
-4.92464
-4.9092
-4.87842
-4.83252
-4.77171
-4.69612
-4.60553
-4.49904
-4.37432
-4.22638
-4.04528
-3.81148
-3.48333
-2.93907
-1.56668
-4.75809
-4.74367
-4.71489
-4.67188
-4.6147
-4.54326
-4.45704
-4.35474
-4.2336
-4.08847
-3.91038
-3.6858
-3.40256
-3.10409
-3.28055
-4.60157
-4.58812
-4.56126
-4.52109
-4.4676
-4.40066
-4.31972
-4.22352
-4.10958
-3.97345
-3.80778
-3.60088
-3.33239
-2.93928
-2.02883
-4.4544
-4.44188
-4.4169
-4.37954
-4.32986
-4.2678
-4.19301
-4.10464
-4.00096
-3.87897
-3.73381
-3.55873
-3.34876
-3.13371
-3.23275
-4.31593
-4.3043
-4.28114
-4.24656
-4.20073
-4.14379
-4.07575
-3.99639
-3.90508
-3.80058
-3.68064
-3.54083
-3.36867
-3.11001
-2.46144
-4.18554
-4.17476
-4.15331
-4.1214
-4.07933
-4.0275
-3.96637
-3.89645
-3.81836
-3.73292
-3.64128
-3.54541
-3.44866
-3.35705
-3.28349
-4.06265
-4.05264
-4.03275
-4.0033
-3.96472
-3.91769
-3.86309
-3.80218
-3.73677
-3.66956
-3.60489
-3.5506
-3.5251
-3.59153
-4.05436
-3.94672
-3.93737
-3.91886
-3.89154
-3.856
-3.81313
-3.7642
-3.71106
-3.65644
-3.60446
-3.56128
-3.53582
-3.53772
-3.55071
-3.31442
-3.83729
-3.82849
-3.81109
-3.78549
-3.75239
-3.7128
-3.66824
-3.62096
-3.5743
-3.53327
-3.50539
-3.50204
-3.54266
-3.68296
-4.24238
-3.73399
-3.72559
-3.70901
-3.68467
-3.65328
-3.61592
-3.57419
-3.53045
-3.48826
-3.45294
-3.43246
-3.43775
-3.47839
-3.52413
-3.22588
-3.63652
-3.62839
-3.61233
-3.58875
-3.55833
-3.52209
-3.48153
-3.43888
-3.39744
-3.36233
-3.34164
-3.34893
-3.41059
-3.60415
-4.335
-3.54471
-3.53671
-3.52088
-3.49759
-3.46743
-3.43127
-3.39035
-3.34646
-3.30224
-3.26172
-3.23141
-3.22235
-3.25121
-3.31104
-3.039
-3.45846
-3.45047
-3.43462
-3.41122
-3.38071
-3.34376
-3.30123
-3.25429
-3.20449
-3.15403
-3.10643
-3.06945
-3.07032
-3.24836
-4.46653
-3.37778
-3.36969
-3.35362
-3.32978
-3.29848
-3.26013
-3.21519
-3.1641
-3.10721
-3.04436
-2.97409
-2.89028
-2.76641
-2.46336
-1.12808
-3.30272
-3.29446
-3.27802
-3.25353
-3.22116
-3.1811
-3.13341
-3.07797
-3.01406
-2.93986
-2.85116
-2.73893
-2.58695
-2.39515
-2.47408
-3.2334
-3.22493
-3.20802
-3.18275
-3.1492
-3.10735
-3.05704
-2.99771
-2.92806
-2.84544
-2.74459
-2.6152
-2.43516
-2.13891
-1.39468
-3.16998
-3.16125
-3.14383
-3.11774
-3.083
-3.0395
-2.98695
-2.92462
-2.85109
-2.76368
-2.65783
-2.52666
-2.36408
-2.19374
-2.27849
-3.11262
-3.10363
-3.08567
-3.05875
-3.02288
-2.97795
-2.92365
-2.85933
-2.78376
-2.69474
-2.58868
-2.45993
-2.29839
-2.07142
-1.57089
-3.06152
-3.05225
-3.03373
-3.00599
-2.96907
-2.9229
-2.86731
-2.80187
-2.72577
-2.63763
-2.5353
-2.41596
-2.27816
-2.13904
-2.16578
-3.01686
-3.00729
-2.98819
-2.95963
-2.92168
-2.8744
-2.81782
-2.75182
-2.67615
-2.59038
-2.49375
-2.38482
-2.25887
-2.09145
-1.73457
-2.97886
-2.96897
-2.94924
-2.91979
-2.88077
-2.83239
-2.77487
-2.70848
-2.63357
-2.55067
-2.46073
-2.36552
-2.26837
-2.17541
-2.10005
-2.94773
-2.93748
-2.91704
-2.88659
-2.84637
-2.79672
-2.73808
-2.67106
-2.59654
-2.51587
-2.43139
-2.34758
-2.27497
-2.24714
-2.41312
-2.92374
-2.91306
-2.89181
-2.86019
-2.81853
-2.7673
-2.70712
-2.63887
-2.56378
-2.48372
-2.40158
-2.32186
-2.25049
-2.18425
-2.01728
-2.90717
-2.896
-2.87378
-2.84077
-2.79735
-2.7441
-2.68178
-2.61142
-2.53449
-2.45304
-2.37009
-2.29036
-2.22245
-2.19129
-2.32951
-2.89836
-2.88661
-2.86325
-2.82857
-2.78301
-2.72721
-2.66201
-2.58855
-2.50834
-2.42339
-2.33637
-2.25066
-2.1689
-2.08071
-1.86991
-2.89771
-2.88529
-2.86059
-2.82394
-2.7758
-2.71685
-2.64799
-2.57038
-2.4855
-2.39519
-2.30175
-2.20822
-2.11981
-2.05526
-2.13159
-2.9057
-2.8925
-2.86625
-2.82728
-2.77609
-2.71337
-2.64005
-2.55726
-2.46642
-2.36915
-2.26722
-2.16222
-2.05417
-1.93195
-1.70057
-2.92286
-2.90877
-2.88075
-2.83912
-2.78439
-2.71727
-2.63868
-2.54975
-2.45182
-2.34637
-2.23482
-2.11834
-1.99839
-1.88444
-1.85444
-2.94982
-2.93472
-2.9047
-2.86006
-2.80131
-2.72915
-2.64449
-2.54848
-2.44245
-2.32783
-2.20585
-2.07687
-1.93846
-1.7786
-1.54004
-2.98726
-2.97105
-2.9388
-2.8908
-2.82755
-2.74971
-2.6582
-2.55418
-2.43905
-2.3144
-2.18176
-2.04194
-1.89343
-1.7274
-1.50729
-3.03595
-3.01854
-2.98384
-2.93215
-2.86391
-2.77977
-2.6806
-2.56759
-2.44226
-2.30653
-2.16265
-2.01306
-1.86058
-1.71374
-1.63328
-3.09675
-3.07802
-3.04069
-2.985
-2.91133
-2.82026
-2.71262
-2.58956
-2.45271
-2.30433
-2.14752
-1.98618
-1.8238
-1.65398
-1.39171
-3.17055
-3.15044
-3.1103
-3.05033
-2.97083
-2.87228
-2.75535
-2.62111
-2.47115
-2.30799
-2.13554
-1.96003
-1.79221
-1.6584
-1.68134
-3.25832
-3.23676
-3.19369
-3.12923
-3.04358
-2.93705
-2.81011
-2.66357
-2.49878
-2.31811
-2.12568
-1.92854
-1.737
-1.55395
-1.27347
-3.36107
-3.33802
-3.29193
-3.22285
-3.13084
-3.01599
-2.87849
-2.71871
-2.53744
-2.33639
-2.11911
-1.89316
-1.6759
-1.51716
-1.61378
-3.47984
-3.45528
-3.40615
-3.3324
-3.23395
-3.11067
-2.96235
-2.78878
-2.58985
-2.36594
-2.11857
-1.85175
-1.57416
-1.30302
-1.07814
-3.61567
-3.58961
-3.53746
-3.4591
-3.35432
-3.22273
-3.06375
-2.87645
-2.65962
-2.41178
-2.13153
-1.81782
-1.46796
-1.05675
-0.386289
-3.76959
-3.74207
-3.68698
-3.60416
-3.4933
-3.35383
-3.18481
-2.98465
-2.75093
-2.48014
-2.16773
-1.80899
-1.40435
-0.99052
-0.859893
-3.94262
-3.91369
-3.85577
-3.76869
-3.65214
-3.50547
-3.32749
-3.11615
-2.86797
-2.57742
-2.2361
-1.83205
-1.34713
-0.727609
0.388354
-4.13575
-4.10544
-4.04479
-3.9537
-3.83191
-3.67884
-3.49336
-3.27323
-3.01445
-2.70995
-2.34802
-1.91129
-1.38339
-0.809439
-0.723159
-4.34993
-4.31827
-4.25497
-4.16003
-4.03339
-3.87474
-3.68327
-3.45717
-3.19268
-2.88235
-2.51191
-2.05383
-1.45162
-0.552602
1.36005
-4.58609
-4.55307
-4.48711
-4.38839
-4.25711
-4.09343
-3.89724
-3.66778
-3.40273
-3.09652
-2.73666
-2.29647
-1.72598
-0.999672
-0.80882
-4.8452
-4.81075
-4.74201
-4.63936
-4.50333
-4.33469
-4.13433
-3.9031
-3.64137
-3.34794
-3.01719
-2.62961
-2.10855
-1.07489
2.73523
-5.12823
-5.09223
-5.02047
-4.9135
-4.7722
-4.59798
-4.39285
-4.1596
-3.90203
-3.62527
-3.3372
-3.05543
-2.8471
-3.07819
-6.07547
-5.43627
-5.39855
-5.3234
-5.21147
-5.06395
-4.88275
-4.6709
-4.43301
-4.17602
-3.91045
-3.65284
-3.43027
-3.2805
-3.16052
-1.96689
-5.7705
-5.73086
-5.65186
-5.53418
-5.37908
-5.1888
-4.96703
-4.71968
-4.45597
-4.19009
-3.94417
-3.75454
-3.69322
-3.98843
-5.90675
-6.13227
-6.09051
-6.00719
-5.88286
-5.71865
-5.51672
-5.28093
-5.01772
-4.73742
-4.45589
-4.1964
-3.98969
-3.85836
-3.68918
-2.30137
-6.52304
-6.47902
-6.39101
-6.25924
-6.08441
-5.86816
-5.61387
-5.32763
-5.01972
-4.70638
-4.41198
-4.17251
-4.04979
-4.23619
-5.88638
-6.94439
-6.89807
-6.80522
-6.66553
-6.47892
-6.24603
-5.96899
-5.65259
-5.3058
-4.94373
-4.58942
-4.27425
-4.02655
-3.76666
-2.46317
-7.3979
-7.34944
-7.25195
-7.10441
-6.90559
-6.65456
-6.35145
-5.99864
-5.60251
-5.17569
-4.73967
-4.32914
-4.01177
-4.02187
-5.6196
-7.88507
-7.83486
-7.73345
-7.57889
-7.36851
-7.09927
-6.76843
-6.37478
-5.92053
-5.41403
-4.87223
-4.31933
-3.76959
-3.17454
-2.40069
-8.40711
-8.35585
-8.25185
-8.09214
-7.87232
-7.58675
-7.22902
-6.79299
-6.27485
-5.67687
-5.01252
-4.30732
-3.55886
-2.45138
1.35564
-8.96474
-8.91347
-8.80895
-8.64713
-8.42178
-8.12434
-7.744
-7.26823
-6.68462
-5.98581
-5.18117
-4.32534
-3.59747
-3.60289
-6.95622
-9.55797
-9.50807
-9.40584
-9.24625
-9.0213
-8.7195
-8.32525
-7.81834
-7.17441
-6.36824
-5.38538
-4.25451
-3.12686
-2.42947
-2.88478
-10.1859
-10.139
-10.0426
-9.89076
-9.67419
-9.37887
-8.98473
-8.46363
-7.77685
-6.87336
-5.69238
-4.18143
-2.35746
-0.455556
0.870498
-10.8463
-10.8044
-10.7178
-10.5802
-10.3818
-10.1069
-9.7324
-9.22396
-8.52978
-7.5712
-6.22852
-4.32574
-1.64217
1.91826
5.54666
-11.5358
-11.5009
-11.4283
-11.3121
-11.1424
-10.904
-10.5731
-10.1133
-9.46633
-8.53578
-7.15362
-5.01227
-1.53583
4.24487
12.7426
-12.2496
-12.2235
-12.169
-12.081
-11.9509
-11.7653
-11.5034
-11.1326
-10.5998
-9.81397
-8.60594
-6.62596
-3.02965
4.68466
25.8397
-146.513
-88.0377
-61.5456
-48.8874
-42.1082
-38.0601
-35.4307
-33.6185
-32.3199
-31.3686
-30.6675
-30.1571
-29.8001
-29.5733
-29.4631
-182.252
-82.3796
-54.6707
-43.9886
-38.6306
-35.4485
-33.355
-31.8887
-30.8221
-30.0307
-29.4416
-29.0093
-28.7053
-28.5114
-28.4169
46.9721
-26.6075
-35.9717
-35.3924
-33.642
-32.0808
-30.8439
-29.8814
-29.133
-28.5525
-28.1067
-27.7725
-27.5339
-27.3803
-27.3051
-7.02609
-15.4296
-24.1779
-27.6095
-28.522
-28.4879
-28.1421
-27.7253
-27.3275
-26.9806
-26.6942
-26.4692
-26.3036
-26.1949
-26.1411
25.9489
-4.01216
-16.0761
-21.576
-24.0593
-25.1116
-25.4895
-25.5561
-25.4866
-25.3668
-25.2392
-25.1247
-25.0338
-24.9714
-24.9397
-1.4072
-5.0233
-12.5329
-17.6373
-20.5904
-22.2036
-23.0533
-23.4813
-23.6805
-23.7584
-23.775
-23.7639
-23.7442
-23.7265
-23.7164
11.4914
-3.33064
-10.6598
-15.1924
-18.0521
-19.8259
-20.9098
-21.5654
-21.9588
-22.1927
-22.33
-22.4091
-22.4532
-22.4762
-22.486
-3.06046
-6.84131
-10.7289
-13.9094
-16.2677
-17.9273
-19.0636
-19.8315
-20.3477
-20.694
-20.9255
-21.0785
-21.1768
-21.2352
-21.2624
-14.9867
-10.2779
-11.289
-13.1973
-14.9686
-16.3922
-17.4734
-18.2725
-18.8547
-19.2751
-19.5754
-19.786
-19.9282
-20.0159
-20.0577
-4.92649
-9.74214
-11.2262
-12.5804
-13.9108
-15.0948
-16.079
-16.864
-17.4742
-17.9395
-18.2875
-18.541
-18.7173
-18.8284
-18.8821
-16.7785
-11.52
-11.2535
-11.9801
-12.9547
-13.9363
-14.8229
-15.577
-16.1943
-16.6853
-17.0653
-17.3498
-17.5517
-17.6808
-17.7438
-5.06809
-9.83127
-10.591
-11.2076
-11.9937
-12.8438
-13.6588
-14.3851
-15.0022
-15.5081
-15.9095
-16.2158
-16.4365
-16.5792
-16.6492
-17.2641
-10.9226
-10.028
-10.3175
-10.9881
-11.7756
-12.5563
-13.269
-13.8872
-14.4035
-14.8196
-15.1414
-15.3756
-15.5281
-15.6032
-4.28912
-8.23154
-8.64261
-9.16284
-9.9013
-10.7123
-11.5009
-12.2184
-12.8432
-13.3685
-13.7953
-14.1278
-14.3713
-14.5307
-14.6094
-18.151
-7.99275
-7.18142
-7.85659
-8.76411
-9.66464
-10.4949
-11.2322
-11.8682
-12.402
-12.8364
-13.1759
-13.4255
-13.5893
-13.6704
11.515
-1.263
-4.68795
-6.38899
-7.63178
-8.66573
-9.55352
-10.3163
-10.9642
-11.5044
-11.9433
-12.2866
-12.5392
-12.7053
-12.7876
-0.527563
-1.02843
-3.39165
-5.23961
-6.64449
-7.76832
-8.69897
-9.48011
-10.1349
-10.6773
-11.1167
-11.4602
-11.7131
-11.8795
-11.962
6.92917
0.499436
-2.45315
-4.39793
-5.85237
-7.00507
-7.94825
-8.73169
-9.38376
-9.9217
-10.3567
-10.6967
-10.9471
-11.1119
-11.1937
-0.300425
-0.387364
-2.21454
-3.89675
-5.26981
-6.3873
-7.30847
-8.07451
-8.71186
-9.23755
-9.6628
-9.99533
-10.2405
-10.402
-10.4822
3.74454
-0.065656
-2.07659
-3.61028
-4.86474
-5.90588
-6.77643
-7.50668
-8.11751
-8.62314
-9.03327
-9.35466
-9.59203
-9.74859
-9.82638
-0.778629
-0.993424
-2.27007
-3.51771
-4.60779
-5.54293
-6.34183
-7.02179
-7.59623
-8.07504
-8.46536
-8.77234
-8.99967
-9.14988
-9.22459
1.19955
-1.18378
-2.4837
-3.53458
-4.45845
-5.2746
-5.98983
-6.61017
-7.14137
-7.5884
-7.95533
-8.24535
-8.46086
-8.6036
-8.67469
-1.51929
-2.1265
-2.87026
-3.63964
-4.38393
-5.07635
-5.70372
-6.26046
-6.74495
-7.15739
-7.49872
-7.7701
-7.97259
-8.10708
-8.17417
-3.8164
-2.97439
-3.23904
-3.76212
-4.34544
-4.92329
-5.46666
-5.96094
-6.39858
-6.77575
-7.09069
-7.34269
-7.53156
-7.65737
-7.72024
-2.13099
-3.05374
-3.42835
-3.84277
-4.31075
-4.79417
-5.26369
-5.70076
-6.09419
-6.43735
-6.72639
-6.95911
-7.13432
-7.25138
-7.30997
-4.37196
-3.51373
-3.59001
-3.88625
-4.26534
-4.67471
-5.08325
-5.47089
-5.82472
-6.13653
-6.40119
-6.61549
-6.77747
-6.88599
-6.9404
-2.36968
-3.32473
-3.59894
-3.87217
-4.19892
-4.55584
-4.91734
-5.26451
-5.58443
-5.86847
-6.11096
-6.30819
-6.45776
-6.55819
-6.6086
-4.54332
-3.60851
-3.60856
-3.82094
-4.11155
-4.43379
-4.76138
-5.07706
-5.36905
-5.62927
-5.85217
-6.03399
-6.17219
-6.26513
-6.31183
-2.4226
-3.24306
-3.47075
-3.71537
-4.00224
-4.30801
-4.6137
-4.90607
-5.17575
-5.41599
-5.62192
-5.79009
-5.91805
-6.00418
-6.04749
-4.67553
-3.28926
-3.32116
-3.58047
-3.8798
-4.1823
-4.47527
-4.75085
-5.0029
-5.22653
-5.41791
-5.5741
-5.69296
-5.77299
-5.81323
-0.290231
-2.35061
-3.01366
-3.41777
-3.75518
-4.06321
-4.34894
-4.61196
-4.84979
-5.05948
-5.23833
-5.38406
-5.49485
-5.56942
-5.60691
-2.07492
-2.3823
-2.88598
-3.30141
-3.65096
-3.95961
-4.23837
-4.49059
-4.71621
-4.91386
-5.08177
-5.21827
-5.32191
-5.39161
-5.42664
-1.32566
-2.27764
-2.8196
-3.23081
-3.57515
-3.87678
-4.14625
-4.38769
-4.60207
-4.78889
-4.94704
-5.07529
-5.17254
-5.23788
-5.27071
-2.23566
-2.4577
-2.84402
-3.20665
-3.529
-3.81629
-4.07359
-4.30358
-4.50708
-4.68383
-4.83307
-4.95386
-5.04533
-5.10674
-5.13758
-2.04478
-2.52367
-2.8849
-3.21046
-3.50723
-3.77662
-4.01991
-4.23789
-4.43067
-4.59789
-4.73885
-4.85281
-4.93901
-4.99684
-5.02586
-2.46787
-2.67134
-2.95055
-3.23426
-3.50447
-3.75508
-3.98382
-4.18969
-4.37203
-4.53017
-4.66341
-4.77103
-4.85239
-4.90694
-4.93432
-2.54102
-2.76638
-3.01309
-3.26746
-3.51533
-3.74873
-3.96361
-4.15785
-4.3302
-4.47976
-4.60576
-4.7075
-4.78439
-4.83593
-4.86179
-2.66618
-2.84656
-3.07031
-3.30518
-3.53624
-3.75525
-3.95774
-4.14121
-4.30421
-4.44572
-4.56496
-4.66124
-4.73399
-4.78276
-4.80723
-2.66599
-2.89662
-3.11982
-3.34556
-3.56552
-3.77327
-3.96507
-4.1388
-4.29314
-4.42716
-4.54011
-4.63132
-4.70026
-4.74648
-4.76966
-2.8177
-2.95181
-3.16756
-3.38997
-3.60328
-3.80237
-3.98497
-4.14986
-4.29619
-4.42325
-4.53035
-4.61689
-4.68232
-4.72619
-4.74821
-2.56408
-2.95027
-3.21068
-3.4407
-3.65094
-3.84292
-4.01717
-4.17382
-4.31264
-4.43319
-4.53489
-4.61712
-4.67934
-4.72109
-4.74205
-2.95024
-3.03605
-3.27492
-3.50517
-3.71129
-3.8958
-4.06161
-4.21016
-4.34179
-4.45624
-4.55294
-4.63126
-4.69059
-4.73044
-4.75046
-2.36868
-3.01552
-3.34514
-3.58642
-3.78664
-3.96167
-4.11804
-4.25826
-4.38288
-4.49161
-4.58377
-4.65859
-4.71538
-4.75358
-4.77277
-3.13816
-3.21525
-3.47671
-3.69619
-3.8795
-4.04051
-4.18571
-4.31719
-4.43503
-4.5385
-4.62664
-4.69846
-4.7531
-4.78991
-4.80843
-2.05371
-3.28691
-3.63744
-3.8311
-3.98784
-4.13033
-4.26292
-4.3856
-4.49715
-4.59606
-4.68085
-4.75025
-4.80321
-4.83895
-4.85695
-4.93224
-3.97149
-3.90713
-3.99166
-4.10609
-4.22704
-4.34701
-4.46174
-4.56806
-4.66342
-4.74577
-4.81347
-4.86529
-4.90032
-4.91798
-3.65842
-4.03357
-4.07342
-4.13145
-4.21983
-4.32445
-4.43474
-4.54374
-4.6466
-4.73984
-4.82086
-4.88773
-4.93903
-4.97376
-4.99128
-4.95835
-4.32845
-4.22709
-4.25019
-4.3223
-4.41792
-4.52339
-4.63
-4.73183
-4.82474
-4.90578
-4.97281
-5.02429
-5.05916
-5.07676
-3.86125
-4.25627
-4.29434
-4.3349
-4.40846
-4.50457
-4.61126
-4.71958
-4.82326
-4.91791
-5.00045
-5.0687
-5.12109
-5.15657
-5.17447
-4.96305
-4.43194
-4.35988
-4.39669
-4.47896
-4.58388
-4.69801
-4.8124
-4.92096
-5.01949
-5.10506
-5.1756
-5.22964
-5.2662
-5.28462
-3.96026
-4.28881
-4.34982
-4.42694
-4.53375
-4.6568
-4.78459
-4.90929
-5.02564
-5.13008
-5.22011
-5.29396
-5.35036
-5.38842
-5.40758
-4.80423
-4.33144
-4.32858
-4.43657
-4.57726
-4.72643
-4.87333
-5.01197
-5.1386
-5.25068
-5.34642
-5.42445
-5.48381
-5.52377
-5.54386
-3.9014
-4.0477
-4.23038
-4.42351
-4.6149
-4.79766
-4.96782
-5.12301
-5.26167
-5.38266
-5.48501
-5.56793
-5.63074
-5.67292
-5.6941
-2.89688
-3.73867
-4.12492
-4.41166
-4.65855
-4.87765
-5.07271
-5.24552
-5.39703
-5.52757
-5.63712
-5.72538
-5.79202
-5.83667
-5.85906
-3.80091
-3.74595
-4.08857
-4.4275
-4.72152
-4.97435
-5.19306
-5.38285
-5.54695
-5.68709
-5.804
-5.89787
-5.96857
-6.01587
-6.03958
-2.24978
-3.47712
-4.05479
-4.47453
-4.81309
-5.09476
-5.33349
-5.53803
-5.71353
-5.86274
-5.98691
-6.08645
-6.16137
-6.21147
-6.23658
-3.8036
-3.65942
-4.13069
-4.57796
-4.94419
-5.245
-5.49768
-5.71339
-5.89838
-6.05578
-6.18692
-6.29215
-6.37141
-6.42444
-6.45102
-1.50006
-3.41429
-4.22328
-4.73766
-5.12073
-5.42869
-5.68754
-5.91008
-6.1024
-6.26708
-6.40492
-6.5159
-6.59966
-6.65579
-6.68394
-4.00128
-3.93667
-4.52046
-4.98857
-5.34945
-5.64648
-5.90262
-6.12778
-6.32563
-6.49702
-6.64159
-6.75856
-6.84712
-6.90657
-6.93641
-0.41309
-4.00873
-4.89797
-5.31397
-5.62251
-5.89269
-6.13923
-6.36445
-6.56724
-6.74559
-6.89743
-7.02097
-7.1148
-7.17791
-7.20962
-9.0579
-5.96022
-5.60414
-5.714
-5.92221
-6.15533
-6.39066
-6.6167
-6.82584
-7.01258
-7.17293
-7.30402
-7.40384
-7.47106
-7.50486
-5.1237
-6.00781
-5.98673
-6.04575
-6.20463
-6.41644
-6.64854
-6.88071
-7.1
-7.29791
-7.46876
-7.60878
-7.71552
-7.78742
-7.82358
-8.54491
-6.68397
-6.3137
-6.30817
-6.45031
-6.66346
-6.90639
-7.15366
-7.38902
-7.60204
-7.786
-7.93667
-8.05141
-8.12862
-8.16742
-5.28889
-6.32491
-6.38738
-6.46805
-6.64669
-6.88981
-7.16123
-7.43489
-7.69358
-7.92635
-8.12637
-8.28952
-8.41336
-8.4965
-8.53822
-8.09977
-6.64191
-6.44843
-6.55989
-6.79831
-7.09652
-7.41452
-7.72652
-8.01615
-8.2734
-8.49236
-8.66968
-8.80357
-8.89315
-8.938
-5.13652
-6.08084
-6.29772
-6.56358
-6.90842
-7.28949
-7.672
-8.03368
-8.36121
-8.64706
-8.88727
-9.08001
-9.22457
-9.32085
-9.36895
-7.26623
-6.02492
-6.11301
-6.51243
-6.99338
-7.48146
-7.94397
-8.36457
-8.73521
-9.05241
-9.31517
-9.52379
-9.67911
-9.78203
-9.8333
-4.50906
-5.04578
-5.7121
-6.40468
-7.0734
-7.6912
-8.24503
-8.73016
-9.14635
-9.49557
-9.78066
-10.0046
-10.17
-10.2791
-10.3333
-1.3791
-3.97662
-5.29295
-6.31351
-7.18879
-7.94536
-8.59383
-9.14364
-9.604
-9.98327
-10.2886
-10.526
-10.7001
-10.8143
-10.8708
-3.70544
-3.79715
-5.0792
-6.32325
-7.38662
-8.27459
-9.01113
-9.61925
-10.118
-10.5223
-10.8438
-11.0915
-11.2718
-11.3895
-11.4477
1.29219
-2.79105
-4.89183
-6.45848
-7.70627
-8.709
-9.51762
-10.1708
-10.6975
-11.1188
-11.4503
-11.7036
-11.887
-12.0062
-12.0649
-3.14263
-3.16165
-5.07538
-6.81515
-8.1961
-9.27822
-10.132
-10.8103
-11.3502
-11.7776
-12.1112
-12.3644
-12.5467
-12.6648
-12.7229
4.70394
-2.21645
-5.37974
-7.42101
-8.89346
-10.006
-10.8683
-11.546
-12.081
-12.5016
-12.828
-13.0743
-13.2511
-13.3652
-13.4211
-3.24026
-3.88034
-6.4633
-8.42189
-9.84078
-10.9075
-11.7329
-12.3808
-12.8911
-13.2911
-13.6002
-13.8327
-13.9989
-14.1059
-14.1583
9.85675
-4.19498
-7.98044
-9.79758
-11.0327
-11.9765
-12.7207
-13.3111
-13.7779
-14.1437
-14.4257
-14.6371
-14.7878
-14.8846
-14.9319
-22.514
-11.639
-10.8645
-11.5775
-12.4269
-13.1841
-13.8155
-14.3273
-14.7349
-15.0544
-15.3002
-15.4838
-15.6141
-15.6976
-15.7383
-7.21091
-12.0687
-12.7155
-13.2626
-13.885
-14.4792
-14.9932
-15.4158
-15.753
-16.0164
-16.2178
-16.3674
-16.4729
-16.5403
-16.5731
-22.1471
-15.4226
-14.6358
-14.8955
-15.3629
-15.8299
-16.2344
-16.5636
-16.8224
-17.0215
-17.1715
-17.2815
-17.3583
-17.407
-17.4306
-8.1403
-14.6532
-15.8294
-16.3842
-16.841
-17.2239
-17.528
-17.7601
-17.9334
-18.0607
-18.1531
-18.2186
-18.2633
-18.2911
-18.3044
-23.2963
-17.5896
-17.4547
-17.9409
-18.3703
-18.6728
-18.8715
-18.9976
-19.0761
-19.1242
-19.1532
-19.1703
-19.1801
-19.1853
-19.1876
-8.72963
-16.6568
-18.6485
-19.5371
-19.9876
-20.1939
-20.2654
-20.2683
-20.24
-20.201
-20.1615
-20.127
-20.1
-20.0816
-20.0723
-25.5159
-19.8457
-20.6086
-21.4374
-21.7747
-21.8085
-21.7069
-21.5605
-21.4115
-21.278
-21.1665
-21.0786
-21.0139
-20.9715
-20.9505
-9.38189
-18.5671
-22.5228
-23.6791
-23.7724
-23.5172
-23.1796
-22.8544
-22.5722
-22.3397
-22.155
-22.014
-21.9123
-21.8465
-21.8142
13.1308
-20.9202
-26.381
-26.659
-26.0121
-25.2832
-24.6437
-24.1185
-23.6984
-23.3681
-23.1133
-22.9221
-22.7859
-22.6983
-22.6555
-80.6268
-43.1274
-33.8384
-30.2813
-28.3088
-26.987
-26.0285
-25.3095
-24.7623
-24.3442
-24.0273
-23.7921
-23.6256
-23.519
-23.467
-60.5087
-45.7442
-37.3154
-32.803
-30.1537
-28.4385
-27.2469
-26.3814
-25.7364
-25.2501
-24.8844
-24.6144
-24.4237
-24.3019
-24.2424
-50.6438
-43.9611
-38.0728
-34.0309
-31.3499
-29.5263
-28.2389
-27.3002
-26.6001
-26.0724
-25.6752
-25.3816
-25.1741
-25.0414
-24.9766
-45.4197
-41.6262
-37.5479
-34.3139
-31.9506
-30.2417
-28.9888
-28.0532
-27.3443
-26.804
-26.3939
-26.089
-25.8726
-25.7336
-25.6657
-42.83
-39.4891
-36.4368
-33.992
-32.097
-30.6406
-29.5184
-28.6486
-27.9715
-27.445
-27.0397
-26.7351
-26.5172
-26.3766
-26.3077
-42.5602
-37.1516
-34.9037
-33.2884
-31.9388
-30.8072
-29.8727
-29.1103
-28.4942
-28.0019
-27.6155
-27.3209
-27.1081
-26.9699
-26.9019
-13.0546
-13.0401
-13.0095
-12.959
-12.8826
-12.771
-12.6098
-12.3775
-12.04
-11.5425
-10.7932
-9.6357
-7.81857
-5.09877
-2.51825
-13.9473
-13.9472
-13.9462
-13.9427
-13.9343
-13.9176
-13.8881
-13.8407
-13.7711
-13.6799
-13.5874
-13.5787
-13.9455
-15.6323
-21.5756
-14.8402
-14.8552
-14.8853
-14.9313
-14.9943
-15.0769
-15.1842
-15.3263
-15.5238
-15.8186
-16.298
-17.1461
-18.7525
-21.9094
-28.0281
-15.7181
-15.7479
-15.8087
-15.9029
-16.0348
-16.2116
-16.4454
-16.7565
-17.1793
-17.7728
-18.6396
-19.9553
-22.009
-25.2248
-30.0458
-16.5661
-16.6097
-16.6987
-16.8368
-17.0302
-17.2892
-17.6293
-18.075
-18.6639
-19.4538
-20.5324
-22.0266
-24.1033
-26.9349
-30.5757
-17.3705
-17.4262
-17.5397
-17.7153
-17.9602
-18.2856
-18.7078
-19.2504
-19.9475
-20.8462
-22.0096
-23.5153
-25.4426
-27.836
-30.6316
-18.1191
-18.1849
-18.3185
-18.5244
-18.8098
-19.1853
-19.6657
-20.2714
-21.0294
-21.9737
-23.1445
-24.5825
-26.3157
-28.3349
-30.5573
-18.802
-18.8757
-19.0251
-19.2541
-19.5694
-19.98
-20.4983
-21.1401
-21.9249
-22.8749
-24.0123
-25.3544
-26.9029
-28.6304
-30.4649
-19.4113
-19.4909
-19.6519
-19.8976
-20.2336
-20.667
-21.2073
-21.8659
-22.6553
-23.5885
-24.6756
-25.9198
-27.3111
-28.8191
-30.3871
-19.9409
-20.0247
-20.1939
-20.451
-20.8003
-21.2471
-21.7981
-22.4607
-23.2421
-24.1483
-25.1816
-26.338
-27.6028
-28.9478
-30.3298
-20.3866
-20.4733
-20.6478
-20.9122
-21.2694
-21.7231
-22.2774
-22.9367
-23.704
-24.5808
-25.5647
-26.6477
-27.8142
-29.0395
-30.2903
-20.7456
-20.8341
-21.012
-21.2806
-21.642
-22.0983
-22.6519
-23.3045
-24.0566
-24.9063
-25.8487
-26.874
-27.9668
-29.1058
-30.2644
-21.016
-21.1056
-21.2854
-21.5564
-21.9196
-22.3763
-22.9274
-23.5729
-24.3114
-25.1392
-26.0498
-27.0327
-28.0731
-29.1524
-30.2484
-21.1967
-21.287
-21.4678
-21.7398
-22.1036
-22.5599
-23.1084
-23.7482
-24.4768
-25.2895
-26.1786
-27.1337
-28.1407
-29.1823
-30.2393
-21.2872
-21.3777
-21.559
-21.8314
-22.1954
-22.6511
-23.1981
-23.8349
-24.5583
-25.3631
-26.2416
-27.1829
-28.1736
-29.197
-30.2352
-24.0026
-100.6
-110.258
-68.0201
-52.5458
-38.0133
-30.7354
-19.6137
-27.2428
-30.8408
-36.3125
-40.2353
-48.0967
-56.1493
-77.2003
-77.0335
-55.4197
-47.0499
-38.6926
-34.4652
-28.5104
-24.6498
-16.8508
-24.6319
-28.4833
-34.4115
-38.6214
-46.932
-55.2821
-76.8665
-77.0172
-55.9491
-47.7715
-39.5117
-35.3123
-29.3239
-25.4105
-17.4166
-25.5319
-29.5685
-35.7961
-40.2258
-48.9723
-57.7456
-80.3992
-80.5919
-58.5958
-50.059
-41.4321
-37.0446
-30.7812
-26.6838
-18.2998
-26.8674
-31.1382
-37.7406
-42.4337
-51.6998
-60.9566
-84.8242
-84.9853
-61.6609
-52.6349
-43.5814
-38.9834
-32.4343
-28.1499
-19.3643
-28.5615
-33.2144
-40.5036
-45.7517
-56.1928
-66.653
-93.6089
-94.2347
-69.4194
-60.108
-51.4405
-47.3295
-42.1699
-38.8782
-32.2455
-63.8195
-61.6715
-23.4397
-11.9664
-8.84766
-10.0553
-18.1661
-37.1469
-61.6127
-68.9241
-59.3547
-50.1154
-41.8197
-35.9682
-31.8398
-32.853
-35.1436
-38.5235
-42.3895
-47.4836
-53.1988
-59.6533
-59.4826
-52.6567
-46.6005
-41.1313
-36.8838
-33.0286
-30.1333
-28.1174
-30.1432
-33.0486
-36.909
-41.1589
-46.6225
-52.6723
-59.4834
-59.6256
-53.1096
-47.2576
-41.9158
-37.7402
-33.9188
-31.0427
-29.0525
-31.23
-34.3115
-38.3889
-42.8731
-48.6315
-55.0023
-62.1734
-62.3592
-55.5749
-49.4756
-43.904
-39.5474
-35.5585
-32.5581
-30.4889
-32.8047
-36.0718
-40.3912
-45.1362
-51.2229
-57.9408
-65.4871
-65.6527
-58.4541
-52.006
-46.1433
-41.5748
-37.4098
-34.2993
-32.1977
-34.7697
-38.3882
-43.1965
-48.5241
-55.4075
-63.0621
-71.7549
-72.3521
-64.9539
-58.4183
-52.6916
-48.4302
-44.8497
-42.4757
-41.719
-46.9798
-43.9365
-31.7869
-23.8687
-20.3129
-20.2255
-23.1837
-37.3182
-47.328
-51.8985
-50.214
-46.326
-42.1066
-38.7196
-36.6619
-36.624
-37.8777
-40.0347
-42.7752
-45.9762
-49.1839
-51.6463
-51.5153
-48.7851
-45.3059
-41.8107
-38.7374
-36.1645
-34.3506
-33.564
-34.3881
-36.2386
-38.8454
-41.9489
-45.4688
-48.9662
-51.7033
-51.8218
-49.3142
-46.0087
-42.6407
-39.6582
-37.1525
-35.3994
-34.6867
-35.6264
-37.6205
-40.3959
-43.6856
-47.4088
-51.1063
-54.0067
-54.1632
-51.5678
-48.132
-44.6264
-41.5206
-38.9122
-37.0915
-36.3634
-37.3724
-39.4899
-42.4289
-45.9067
-49.837
-53.7322
-56.7782
-56.9243
-54.1667
-50.5338
-46.8419
-43.5849
-40.8668
-38.996
-38.3011
-39.4711
-41.8485
-45.1416
-49.0564
-53.5115
-57.9759
-61.5588
-61.9828
-59.2464
-55.5635
-51.8329
-48.5501
-45.7922
-43.7445
-42.5274
-42.0977
-39.3145
-34.041
-29.4891
-26.7838
-26.0099
-26.8225
-35.7393
-40.8757
-43.8802
-44.2464
-43.0139
-41.1949
-39.5566
-38.5758
-38.5349
-39.311
-40.7055
-42.4979
-44.4591
-46.2423
-47.3736
-47.2911
-45.9921
-44.0344
-41.8826
-39.8706
-38.2072
-37.0886
-36.6911
-37.1551
-38.3394
-40.0666
-42.1394
-44.3476
-46.3551
-47.6937
-47.7998
-46.6678
-44.8498
-42.8106
-40.8893
-39.3028
-38.2576
-37.9415
-38.5044
-39.8046
-41.662
-43.874
-46.2229
-48.3584
-49.7909
-49.9303
-48.7705
-46.8892
-44.773
-42.7778
-41.1315
-40.0517
-39.7363
-40.3438
-41.7252
-43.6905
-46.0259
-48.5014
-50.7465
-52.2453
-52.3774
-51.1398
-49.1465
-46.9142
-44.8191
-43.1036
-41.9994
-41.719
-42.4339
-43.9903
-46.1912
-48.8107
-51.6021
-54.1593
-55.9115
-56.1643
-54.9018
-52.7775
-50.3291
-47.9145
-45.7119
-43.8171
-42.2019
-40.6048
-38.2786
-35.2561
-32.4503
-30.4733
-29.5099
-29.4282
-34.3348
-37.4935
-39.661
-40.5809
-40.5463
-40.0229
-39.4469
-39.1363
-39.2692
-39.8538
-40.8034
-41.9777
-43.1982
-44.2394
-44.8489
-44.8185
-44.1475
-43.0424
-41.753
-40.5019
-39.4655
-38.7882
-38.5777
-38.8849
-39.6584
-40.7901
-42.1348
-43.5153
-44.7073
-45.459
-45.5607
-45.0093
-44.0094
-42.8106
-41.6383
-40.6734
-40.0663
-39.9303
-40.3206
-41.1865
-42.4177
-43.865
-45.3445
-46.6229
-47.4372
-47.568
-47.0124
-45.9844
-44.7456
-43.5324
-42.5349
-41.9111
-41.7804
-42.201
-43.1194
-44.4194
-45.9434
-47.4975
-48.8354
-49.6805
-49.8027
-49.201
-48.1036
-46.7887
-45.5069
-44.46
-43.8164
-43.7037
-44.1848
-45.2041
-46.6382
-48.3174
-50.0297
-51.502
-52.4232
-52.5281
-51.798
-50.4581
-48.7768
-46.9735
-45.1883
-43.487
-41.8504
-40.1617
-38.2453
-36.1592
-34.218
-32.7034
-31.7399
-31.2904
-33.3192
-35.5387
-37.2384
-38.2897
-38.7825
-38.9268
-38.9552
-39.0581
-39.3529
-39.8712
-40.5778
-41.3907
-42.1956
-42.858
-43.2457
-43.2686
-42.9279
-42.316
-41.5682
-40.824
-40.2066
-39.8155
-39.7189
-39.943
-40.4617
-41.2068
-42.0788
-42.9543
-43.6934
-44.1603
-44.2619
-43.9967
-43.4553
-42.7724
-42.0886
-41.5291
-41.1964
-41.1613
-41.4519
-42.0422
-42.8623
-43.8095
-44.7558
-45.5557
-46.0676
-46.1943
-45.9345
-45.383
-44.6813
-43.9765
-43.4003
-43.0602
-43.0308
-43.3412
-43.9641
-44.8257
-45.8176
-46.8048
-47.6341
-48.1565
-48.2705
-47.9759
-47.3741
-46.6154
-45.8562
-45.236
-44.8687
-44.8335
-45.1608
-45.8205
-46.7323
-47.7765
-48.803
-49.6383
-50.1103
-50.0945
-49.5724
-48.6305
-47.4
-46.0066
-44.5439
-43.0637
-41.5739
-40.0467
-38.4562
-36.8538
-35.3714
-34.1399
-33.2298
-32.6352
-32.6188
-34.3322
-35.7496
-36.8029
-37.5203
-37.9978
-38.356
-38.7037
-39.1146
-39.6174
-40.1993
-40.8151
-41.3983
-41.8723
-42.1677
-42.2423
-42.0988
-41.7853
-41.3783
-40.9636
-40.6217
-40.4187
-40.3984
-40.5769
-40.9388
-41.4409
-42.0178
-42.5897
-43.0715
-43.3876
-43.4913
-43.3818
-43.1049
-42.7357
-42.3597
-42.0581
-41.8977
-41.9235
-42.1518
-42.5668
-43.1239
-43.7552
-44.3778
-44.9032
-45.2526
-45.3772
-45.2764
-44.9982
-44.6214
-44.2355
-43.9257
-43.7621
-43.7917
-44.0316
-44.4649
-45.0444
-45.6985
-46.3396
-46.8747
-47.2207
-47.3268
-47.193
-46.8705
-46.443
-46.0054
-45.6475
-45.4431
-45.4411
-45.6581
-46.0741
-46.6355
-47.2613
-47.8515
-48.2977
-48.4999
-48.3898
-47.9511
-47.2187
-46.2577
-45.1395
-43.9245
-42.6545
-41.351
-40.0229
-38.6842
-37.3756
-36.1636
-35.1136
-34.2652
-33.6213
-32.1397
-33.552
-34.785
-35.7999
-36.6037
-37.2404
-37.7719
-38.2583
-38.744
-39.2496
-39.7717
-40.2868
-40.758
-41.1437
-41.4076
-41.53
-41.5145
-41.3892
-41.1995
-40.9982
-40.837
-40.7587
-40.7917
-40.9466
-41.2142
-41.5672
-41.9641
-42.3548
-42.6882
-42.9209
-43.0276
-43.0081
-42.8873
-42.7087
-42.5239
-42.3838
-42.3311
-42.394
-42.5827
-42.8871
-43.2784
-43.7135
-44.1399
-44.5043
-44.7614
-44.8846
-44.8739
-44.7554
-44.5743
-44.385
-44.2406
-44.1857
-44.2499
-44.4434
-44.7554
-45.1555
-45.5979
-46.0273
-46.3874
-46.6303
-46.7285
-46.6819
-46.5181
-46.2852
-46.0399
-45.8382
-45.726
-45.7332
-45.8688
-46.1184
-46.4458
-46.7973
-47.1076
-47.3084
-47.3391
-47.1584
-46.7527
-46.1361
-45.3419
-44.4115
-43.3845
-42.2936
-41.1635
-40.0144
-38.8688
-37.7584
-36.7223
-35.797
-35.0061
-34.3546
-31.8108
-33.0298
-34.1346
-35.1009
-35.9277
-36.6346
-37.2525
-37.8141
-38.3448
-38.8581
-39.3543
-39.8217
-40.241
-40.5903
-40.8516
-41.0161
-41.0883
-41.086
-41.0372
-40.9752
-40.933
-40.9382
-41.0096
-41.1541
-41.3666
-41.6302
-41.9191
-42.2026
-42.4499
-42.6357
-42.7457
-42.7801
-42.7532
-42.6905
-42.6235
-42.5837
-42.5978
-42.6835
-42.8471
-43.082
-43.3701
-43.684
-43.9914
-44.2598
-44.4627
-44.585
-44.6266
-44.6025
-44.5393
-44.4697
-44.4267
-44.4379
-44.5217
-44.6845
-44.919
-45.2059
-45.516
-45.815
-46.0686
-46.2485
-46.3389
-46.3393
-46.2654
-46.145
-46.0118
-45.8997
-45.8368
-45.8406
-45.9154
-46.0505
-46.2215
-46.3926
-46.5213
-46.5641
-46.4828
-46.2509
-45.8579
-45.3091
-44.6224
-43.8226
-42.9364
-41.9892
-41.0035
-40.0007
-39.0028
-38.0344
-37.1214
-36.2869
-35.5463
-34.905
-31.5838
-32.6718
-33.6837
-34.6027
-35.4245
-36.1569
-36.8144
-37.4142
-37.9705
-38.4914
-38.9783
-39.4259
-39.8246
-40.1637
-40.4349
-40.6353
-40.7694
-40.8496
-40.8939
-40.9238
-40.9607
-41.0226
-41.1219
-41.2638
-41.4455
-41.6567
-41.882
-42.1025
-42.3
-42.4595
-42.5729
-42.6403
-42.6705
-42.6787
-42.6841
-42.7061
-42.7614
-42.861
-43.0087
-43.2003
-43.4245
-43.6641
-43.8991
-44.1097
-44.2802
-44.4016
-44.4739
-44.5059
-44.5134
-44.5163
-44.5345
-44.5854
-44.6801
-44.8223
-45.0073
-45.2227
-45.4501
-45.6682
-45.8557
-45.9958
-46.0786
-46.1037
-46.0799
-46.0231
-45.9533
-45.8906
-45.8515
-45.8459
-45.8751
-45.9311
-45.997
-46.0489
-46.0588
-45.9985
-45.8432
-45.5755
-45.1874
-44.6808
-44.0658
-43.3581
-42.5764
-41.74
-40.8682
-39.9799
-39.0942
-38.2305
-37.4075
-36.6414
-35.9436
-35.3191
-31.4269
-32.4234
-33.3668
-34.2442
-35.0503
-35.7867
-36.4596
-37.0771
-37.6469
-38.1738
-38.659
-39.1005
-39.494
-39.8349
-40.1201
-40.3498
-40.5284
-40.6648
-40.7714
-40.8625
-40.9523
-41.0529
-41.173
-41.3163
-41.4816
-41.6632
-41.8516
-42.0358
-42.2047
-42.3497
-42.4661
-42.5542
-42.6193
-42.6709
-42.7206
-42.7806
-42.8611
-42.9691
-43.1069
-43.2718
-43.4567
-43.6508
-43.8418
-44.0175
-44.1683
-44.2889
-44.3793
-44.4446
-44.4943
-44.5406
-44.5955
-44.6697
-44.77
-44.8984
-45.0518
-45.2221
-45.3977
-45.5652
-45.7113
-45.8255
-45.9015
-45.9386
-45.9417
-45.9199
-45.8846
-45.8475
-45.8179
-45.8009
-45.7962
-45.7974
-45.7927
-45.7656
-45.6976
-45.5697
-45.3656
-45.0735
-44.6876
-44.2086
-43.6426
-43.0002
-42.295
-41.5419
-40.7568
-39.9554
-39.154
-38.3679
-37.6117
-36.8978
-36.2351
-35.6287
-31.3194
-32.2517
-33.1448
-33.9883
-34.7766
-35.508
-36.1843
-36.8088
-37.3853
-37.9162
-38.4026
-38.8441
-39.2391
-39.5863
-39.8854
-40.1378
-40.348
-40.5228
-40.6711
-40.803
-40.9282
-41.0554
-41.1906
-41.337
-41.4944
-41.6597
-41.8274
-41.9909
-42.1439
-42.2812
-42.4002
-42.5012
-42.5877
-42.6657
-42.7424
-42.8254
-42.9213
-43.0344
-43.1661
-43.3146
-43.4756
-43.6421
-43.8064
-43.961
-44.0999
-44.2199
-44.3207
-44.4056
-44.4804
-44.5522
-44.6288
-44.7165
-44.8194
-44.9386
-45.0718
-45.2139
-45.3572
-45.493
-45.6129
-45.7101
-45.7802
-45.8226
-45.8395
-45.836
-45.8186
-45.7937
-45.7662
-45.7383
-45.7088
-45.6724
-45.6204
-45.5414
-45.4224
-45.2505
-45.0146
-44.7065
-44.3221
-43.8616
-43.3293
-42.7328
-42.0824
-41.39
-40.6685
-39.9312
-39.1915
-38.4622
-37.7551
-37.0803
-36.4455
-35.8556
-31.2482
-32.1364
-32.994
-33.8121
-34.5847
-35.3087
-35.9835
-36.6099
-37.1891
-37.7226
-38.2109
-38.6545
-39.0532
-39.4072
-39.7176
-39.9867
-40.2187
-40.419
-40.5946
-40.753
-40.9014
-41.0462
-41.1922
-41.3419
-41.4959
-41.6527
-41.8091
-41.9614
-42.1057
-42.239
-42.36
-42.4691
-42.5685
-42.6622
-42.755
-42.8518
-42.9569
-43.0729
-43.2009
-43.3397
-43.4863
-43.6365
-43.785
-43.9271
-44.0589
-44.1783
-44.2851
-44.3813
-44.4705
-44.5572
-44.6462
-44.7414
-44.8453
-44.9585
-45.0792
-45.2039
-45.3273
-45.4437
-45.5474
-45.6335
-45.6991
-45.7431
-45.7666
-45.7723
-45.7634
-45.7436
-45.7149
-45.6781
-45.6312
-45.5698
-45.4872
-45.3748
-45.2234
-45.0236
-44.7675
-44.4494
-44.0661
-43.618
-43.1083
-42.5431
-41.9304
-41.2801
-40.603
-39.9105
-39.2141
-38.5245
-37.8521
-37.2053
-36.5912
-36.0145
-31.2047
-32.0654
-32.9003
-33.7013
-34.4626
-35.1803
-35.8526
-36.4787
-37.059
-37.5938
-38.0838
-38.5296
-38.9316
-39.2909
-39.6092
-39.8892
-40.1348
-40.3508
-40.543
-40.7173
-40.8798
-41.0354
-41.1882
-41.3406
-41.4934
-41.6461
-41.7968
-41.9433
-42.0832
-42.2147
-42.3371
-42.4508
-42.5575
-42.6601
-42.7619
-42.8664
-42.9765
-43.0942
-43.2201
-43.3535
-43.4922
-43.6331
-43.7728
-43.908
-44.0358
-44.1548
-44.2648
-44.3671
-44.4641
-44.5589
-44.6545
-44.7537
-44.8579
-44.9674
-45.0809
-45.1956
-45.3076
-45.4129
-45.507
-45.5865
-45.6489
-45.6932
-45.7195
-45.7293
-45.7242
-45.706
-45.6755
-45.6324
-45.5744
-45.4977
-45.3967
-45.2646
-45.094
-44.8778
-44.6099
-44.2859
-43.9035
-43.4631
-42.9675
-42.4216
-41.8325
-41.2087
-40.5597
-39.8956
-39.2266
-38.5623
-37.912
-37.2834
-36.683
-36.1154
-31.1841
-32.0314
-32.8553
-33.6478
-34.4032
-35.1174
-35.788
-36.4137
-36.9941
-37.5296
-38.0206
-38.4675
-38.8714
-39.2336
-39.556
-39.8414
-40.0935
-40.317
-40.517
-40.6989
-40.8679
-41.0287
-41.1849
-41.3387
-41.4913
-41.6423
-41.7906
-41.9347
-42.0727
-42.2036
-42.3266
-42.4424
-42.5525
-42.659
-42.7649
-42.8728
-42.9852
-43.1036
-43.2286
-43.3595
-43.4947
-43.6316
-43.7674
-43.8994
-44.0254
-44.1441
-44.2556
-44.3605
-44.461
-44.5593
-44.6578
-44.7587
-44.863
-44.9708
-45.0809
-45.191
-45.2979
-45.398
-45.4877
-45.5641
-45.6249
-45.669
-45.6964
-45.7077
-45.7039
-45.6861
-45.6544
-45.608
-45.5447
-45.4607
-45.3511
-45.2097
-45.0302
-44.8064
-44.5331
-44.2064
-43.8246
-43.3879
-42.8989
-42.3623
-41.7846
-41.1736
-40.5382
-39.8878
-39.2321
-38.5802
-37.9406
-37.3209
-36.7273
-36.1645
-28.0813
-32.166
-32.7342
-32.3114
-31.5984
-30.84
-30.131
-29.5063
-28.9745
-28.5338
-28.1786
-27.9029
-27.701
-27.5688
-27.5035
-27.3812
-30.2437
-31.3583
-31.536
-31.2723
-30.8262
-30.3287
-29.8453
-29.4073
-29.0284
-28.7136
-28.4638
-28.2782
-28.1555
-28.0944
-28.5174
-30.0695
-30.9192
-31.2018
-31.1288
-30.8636
-30.5123
-30.139
-29.781
-29.4588
-29.1836
-28.9606
-28.7926
-28.6804
-28.6242
-29.9377
-30.5975
-31.0473
-31.2231
-31.1776
-30.9872
-30.7178
-30.4176
-30.1188
-29.8424
-29.6012
-29.4026
-29.2511
-29.1492
-29.098
-31.2197
-31.3356
-31.4495
-31.4657
-31.3713
-31.1899
-30.9542
-30.6945
-30.4344
-30.1909
-29.976
-29.7975
-29.6602
-29.5673
-29.5205
-32.2777
-32.0756
-31.9495
-31.8189
-31.652
-31.4467
-31.2147
-30.9719
-30.7331
-30.5109
-30.3146
-30.151
-30.0249
-29.9393
-29.8961
-33.1232
-32.7396
-32.4539
-32.2084
-31.9711
-31.7302
-31.4862
-31.2452
-31.0154
-30.8049
-30.6204
-30.4671
-30.3491
-30.269
-30.2286
-33.7905
-33.3056
-32.9182
-32.5896
-32.2937
-32.0169
-31.7545
-31.5072
-31.2785
-31.0729
-30.8948
-30.748
-30.6353
-30.5591
-30.5206
-34.3135
-33.7739
-33.3239
-32.9381
-32.5973
-32.2893
-32.0077
-31.7505
-31.5185
-31.3135
-31.1381
-30.9946
-30.8852
-30.8113
-30.7741
-34.7199
-34.1526
-33.6652
-33.2416
-32.8682
-32.5352
-32.2365
-31.9688
-31.7314
-31.5246
-31.3494
-31.2073
-31.0994
-31.0269
-30.9905
-35.0313
-34.4516
-33.9427
-33.4948
-33.0987
-32.7469
-32.4341
-32.1569
-31.9137
-31.7039
-31.5277
-31.3856
-31.2784
-31.2065
-31.1704
-35.2638
-34.6798
-34.1592
-33.6963
-33.285
-32.9197
-32.5961
-32.311
-32.0626
-31.8497
-31.6719
-31.5292
-31.4219
-31.3502
-31.3142
-35.429
-34.8445
-34.318
-33.8463
-33.4252
-33.0508
-32.7195
-32.4285
-32.1759
-31.9603
-31.7809
-31.6375
-31.5299
-31.458
-31.4221
-35.5349
-34.9514
-34.4221
-33.9455
-33.5187
-33.1387
-32.8025
-32.5077
-32.2522
-32.0346
-31.8541
-31.71
-31.602
-31.5301
-31.4941
-35.5867
-35.0039
-34.4736
-33.9949
-33.5655
-33.1828
-32.8443
-32.5475
-32.2906
-32.072
-31.8908
-31.7463
-31.6381
-31.5661
-31.5301
)
;

boundaryField
{
    hot
    {
        type            calculated;
        value           nonuniform List<scalar> 
120
(
-31.8969
-31.8259
-31.6833
-31.4677
-31.1774
-30.8099
-30.363
-29.8344
-29.2221
-28.5252
-27.7442
-26.8816
-25.942
-24.933
-23.865
-22.8439
-21.8934
-20.9301
-19.9636
-19.0032
-18.0577
-17.1345
-16.2399
-15.3789
-14.5548
-13.77
-13.0258
-12.3227
-11.6605
-11.0387
-10.4563
-9.91209
-9.40472
-8.93255
-8.49381
-8.08656
-7.70872
-7.35814
-7.03267
-6.73016
-6.44859
-6.18607
-5.94088
-5.71151
-5.49665
-5.29517
-5.10607
-4.92851
-4.7617
-4.60493
-4.45753
-4.31884
-4.18824
-4.06516
-3.94907
-3.83951
-3.7361
-3.63857
-3.54672
-3.46047
-3.37981
-3.30479
-3.23552
-3.17216
-3.11487
-3.06384
-3.01926
-2.98134
-2.9503
-2.92641
-2.90997
-2.9013
-2.90083
-2.90901
-2.92639
-2.9536
-2.99131
-3.04031
-3.10143
-3.17558
-3.26372
-3.36684
-3.48598
-3.62218
-3.77646
-3.94985
-4.14332
-4.35784
-4.59436
-4.85382
-5.13725
-5.44572
-5.78043
-6.14272
-6.53405
-6.95595
-7.40998
-7.89756
-8.41983
-8.97743
-9.5703
-10.1974
-10.8566
-11.5444
-12.2559
-13.0581
-13.9473
-14.8365
-15.7107
-16.5553
-17.3567
-18.1028
-18.7837
-19.3915
-19.92
-20.365
-20.7235
-20.9936
-21.1742
-21.2646
)
;
    }
    cold
    {
        type            calculated;
        value           nonuniform List<scalar> 
120
(
-36.2136
-36.1869
-36.1318
-36.0449
-35.921
-35.7532
-35.5326
-35.2488
-34.8898
-34.4427
-33.8946
-33.2335
-32.45
-31.5386
-30.4994
-29.4359
-28.3936
-27.2865
-26.1277
-24.9318
-23.7137
-22.4882
-21.269
-20.068
-18.8953
-17.7593
-16.6665
-15.6219
-14.629
-13.6905
-12.8081
-11.9825
-11.2141
-10.5022
-9.84577
-9.24322
-8.69243
-8.19092
-7.73595
-7.32462
-6.95401
-6.62123
-6.32353
-6.05834
-5.82331
-5.61631
-5.43542
-5.27893
-5.1453
-5.03313
-4.94117
-4.86826
-4.81335
-4.77547
-4.75372
-4.7473
-4.75547
-4.77758
-4.81307
-4.86146
-4.92241
-4.99568
-5.08118
-5.17897
-5.28925
-5.41239
-5.5489
-5.69941
-5.86467
-6.04552
-6.24286
-6.45768
-6.69099
-6.94389
-7.21757
-7.51333
-7.83265
-8.17715
-8.54867
-8.94923
-9.38096
-9.84609
-10.3467
-10.8849
-11.4621
-12.0794
-12.7372
-13.435
-14.1713
-14.9436
-15.7484
-16.5811
-17.4364
-18.3077
-19.1881
-20.0699
-20.9453
-21.8062
-22.6449
-23.4542
-24.2278
-24.9606
-25.6489
-26.2907
-26.885
-27.4872
-28.0792
-28.6102
-29.0851
-29.5087
-29.8853
-30.2184
-30.5109
-30.7648
-30.9813
-31.1613
-31.3052
-31.4131
-31.4851
-31.5211
)
;
    }
    interface_left
    {
        type            calculated;
        value           nonuniform List<scalar> 
90
(
-59.5168
-111.595
56.5577
-3.64336
24.9788
-2.50937
10.6351
-2.52778
-13.0556
-2.80707
-14.5123
-3.18661
-15.6785
-3.3759
-18.8221
9.63499
-4.04413
3.73995
-4.01822
0.879378
-4.04489
-1.12084
-4.00804
-6.59548
-3.94145
-7.2309
-3.87176
-7.78717
-3.74876
-9.05816
1.18414
-3.80492
-0.543717
-3.59813
-1.35853
-3.43284
-1.97499
-3.2535
-4.44851
-3.07406
-4.69595
-2.9119
-4.92117
-2.73347
-5.52198
-0.0185005
-2.65636
-0.840204
-2.44392
-1.20672
-2.25817
-1.47693
-2.06913
-2.57531
-1.88374
-2.4693
-1.70761
-2.23043
-1.53646
-1.87781
-1.38922
-1.37638
-1.6231
-1.21816
-1.75783
-1.08315
-1.76574
-0.984375
0.0575147
-0.929941
1.15028
-0.922536
2.72042
-1.01849
5.82096
-8.76947
-0.841795
-7.54358
-1.03732
-7.32809
-1.31525
-7.08343
-1.94806
4.44464
-10.0061
-3.50451
1.27556
7.18084
17.6255
41.634
)
;
    }
    interface_right
    {
        type            calculated;
        value           nonuniform List<scalar> 
90
(
-186.855
-261.682
111.493
-4.74707
47.6186
-2.09741
21.7564
-1.3627
-19.7658
-0.931149
-21.5113
-0.809519
-22.7067
-0.573125
-27.2666
21.8835
-1.32939
11.5333
-1.11742
6.39072
-1.17889
2.84402
-1.2693
-4.68817
-1.39411
-5.1875
-1.56785
-5.39922
-1.72109
-5.98122
1.33355
-2.04283
-0.689126
-2.20805
-1.75696
-2.3995
-2.43488
-2.59248
-2.54525
-2.78679
-2.31807
-2.98196
-1.91775
-3.20147
-1.0603
-5.79843
-3.30362
-5.49186
-3.49322
-5.41873
-3.66325
-5.23264
-3.84188
-2.28564
-4.01784
-1.36599
-4.17381
-0.0950941
-4.38193
2.5424
-11.7836
-4.22065
-10.088
-4.30274
-9.35088
-4.30136
-8.42943
-4.29088
0.453866
-4.23013
4.14895
-4.07264
9.65872
-4.03984
21.2339
-32.341
-2.7612
-28.0467
-2.49428
-28.6298
-2.20903
-31.3914
-3.17862
42.2655
-111.194
-69.7288
-53.8747
-46.9952
-44.4918
-46.6046
)
;
    }
    interface_top
    {
        type            calculated;
        value           nonuniform List<scalar> 
90
(
-24.0026
-100.6
-110.258
-68.0201
-52.5458
-38.0133
-30.7354
-19.6137
-27.2428
-30.8408
-36.3125
-40.2353
-48.0967
-56.1493
-77.2003
-77.0335
-55.4197
-47.0499
-38.6926
-34.4652
-28.5104
-24.6498
-16.8508
-24.6319
-28.4833
-34.4115
-38.6214
-46.932
-55.2821
-76.8665
-77.0172
-55.9491
-47.7715
-39.5117
-35.3123
-29.3239
-25.4105
-17.4166
-25.5319
-29.5685
-35.7961
-40.2258
-48.9723
-57.7456
-80.3992
-80.5919
-58.5958
-50.059
-41.4321
-37.0446
-30.7812
-26.6838
-18.2998
-26.8674
-31.1382
-37.7406
-42.4337
-51.6998
-60.9566
-84.8242
-84.9853
-61.6609
-52.6349
-43.5814
-38.9834
-32.4343
-28.1499
-19.3643
-28.5615
-33.2144
-40.5036
-45.7517
-56.1928
-66.653
-93.6089
-94.2347
-69.4194
-60.108
-51.4405
-47.3295
-42.1699
-38.8782
-32.2455
-63.8195
-61.6715
-23.4397
-11.9664
-8.84766
-10.0553
-18.1661
)
;
    }
    interface_bottom
    {
        type            calculated;
        value           nonuniform List<scalar> 
90
(
-40.8764
-80.3828
-83.8127
-56.7716
-46.3328
-35.4983
-29.5814
-19.445
-27.7238
-31.6981
-37.7375
-42.0084
-50.4672
-59.0041
-81.1841
-80.9905
-58.1587
-49.2985
-40.4202
-35.9259
-29.6066
-25.5283
-17.3641
-25.3089
-29.1926
-35.1319
-39.2967
-47.4886
-55.6237
-76.6125
-76.4535
-54.9259
-46.5792
-38.2328
-34.005
-28.0589
-24.2108
-16.4904
-24.0425
-27.7301
-33.3639
-37.3074
-45.0597
-52.7259
-72.4762
-72.2896
-51.9029
-44.0069
-36.1372
-32.1503
-26.5461
-22.9142
-15.6191
-22.7728
-26.267
-31.6051
-35.3433
-42.6916
-49.9757
-68.7571
-68.6026
-49.2961
-41.8175
-34.3583
-30.5762
-25.2503
-21.7985
-14.8608
-21.6568
-24.9817
-30.0648
-33.6413
-40.6846
-47.7442
-66.0164
-65.9875
-47.6331
-40.5441
-33.5262
-29.992
-25.1137
-21.935
-15.6536
-25.4491
-24.5776
-11.8233
-9.15339
-11.2623
-20.377
-50.2251
)
;
    }
    defaultFaces
    {
        type            empty;
    }
}


// ************************************************************************* //
