/*--------------------------------*- C++ -*----------------------------------*\
| =========                 |                                                 |
| \\      /  F ield         | OpenFOAM: The Open Source CFD Toolbox           |
|  \\    /   O peration     | Version:  5.x                                   |
|   \\  /    A nd           | Web:      www.OpenFOAM.org                      |
|    \\/     M anipulation  |                                                 |
\*---------------------------------------------------------------------------*/
FoamFile
{
    version     2.0;
    format      ascii;
    class       volScalarField;
    location    "0.8001";
    object      T;
}
// * * * * * * * * * * * * * * * * * * * * * * * * * * * * * * * * * * * * * //

dimensions      [0 0 0 1 0 0 0];

internalField   nonuniform List<scalar> 
6300
(
322.853
322.558
322.262
321.965
321.665
321.362
321.056
320.745
320.431
320.111
319.786
319.455
319.119
318.778
318.43
322.853
322.559
322.264
321.967
321.668
321.366
321.06
320.75
320.436
320.116
319.791
319.461
319.125
318.783
318.436
322.854
322.561
322.267
321.972
321.674
321.373
321.068
320.759
320.446
320.127
319.803
319.472
319.136
318.794
318.447
322.855
322.564
322.272
321.979
321.682
321.383
321.08
320.773
320.461
320.143
319.82
319.49
319.154
318.812
318.463
322.856
322.568
322.279
321.988
321.695
321.398
321.097
320.792
320.481
320.165
319.843
319.514
319.178
318.835
318.486
322.858
322.573
322.288
322
321.71
321.416
321.118
320.816
320.508
320.193
319.872
319.544
319.208
318.865
318.515
322.86
322.58
322.298
322.015
321.728
321.439
321.145
320.845
320.54
320.228
319.909
319.582
319.246
318.902
318.55
322.863
322.587
322.311
322.032
321.751
321.466
321.176
320.881
320.58
320.271
319.954
319.628
319.293
318.948
318.594
322.865
322.596
322.325
322.052
321.777
321.497
321.213
320.923
320.626
320.321
320.008
319.684
319.349
319.003
318.646
322.869
322.606
322.342
322.075
321.806
321.533
321.256
320.972
320.681
320.381
320.071
319.75
319.417
319.069
318.708
322.872
322.617
322.36
322.101
321.84
321.574
321.304
321.028
320.744
320.451
320.146
319.83
319.498
319.15
318.784
322.877
322.629
322.381
322.13
321.877
321.621
321.359
321.091
320.816
320.531
320.234
319.924
319.596
319.248
318.878
322.881
322.643
322.403
322.162
321.918
321.671
321.42
321.162
320.898
320.623
320.337
320.035
319.713
319.368
318.996
322.886
322.657
322.427
322.196
321.963
321.727
321.487
321.241
320.989
320.728
320.455
320.165
319.854
319.516
319.147
322.891
322.672
322.453
322.233
322.01
321.786
321.558
321.327
321.089
320.844
320.589
320.317
320.022
319.695
319.332
318.107
317.809
317.508
317.204
316.897
316.587
316.274
315.959
315.641
315.322
315
314.677
314.353
314.027
313.701
313.373
313.045
312.716
312.387
312.058
311.729
311.4
311.071
310.741
310.412
310.083
309.754
309.424
309.095
308.766
308.437
308.108
307.779
307.451
307.123
306.795
306.468
306.14
305.813
305.486
305.159
304.833
304.506
304.179
303.852
303.525
303.198
302.872
302.545
302.219
301.893
301.567
301.241
300.915
300.589
300.263
299.937
299.61
299.284
298.958
298.631
298.305
297.978
297.652
297.326
297
296.674
296.348
296.022
295.696
295.371
295.045
294.719
294.393
294.067
293.742
293.416
293.091
292.766
292.44
292.115
291.79
291.465
291.139
290.812
290.485
290.157
289.828
289.497
289.166
318.112
317.814
317.513
317.208
316.901
316.59
316.277
315.962
315.644
315.324
315.003
314.68
314.355
314.029
313.702
313.374
313.046
312.717
312.388
312.058
311.729
311.4
311.071
310.742
310.412
310.083
309.754
309.424
309.095
308.766
308.436
308.108
307.779
307.451
307.123
306.795
306.467
306.14
305.813
305.486
305.159
304.833
304.506
304.179
303.852
303.525
303.198
302.871
302.545
302.219
301.893
301.567
301.241
300.915
300.589
300.263
299.937
299.611
299.284
298.958
298.631
298.304
297.978
297.652
297.325
296.999
296.674
296.348
296.022
295.696
295.371
295.045
294.719
294.393
294.067
293.742
293.416
293.091
292.765
292.44
292.115
291.79
291.465
291.14
290.814
290.487
290.159
289.829
289.499
289.167
318.122
317.824
317.522
317.217
316.909
316.598
316.284
315.968
315.65
315.33
315.008
314.684
314.358
314.032
313.704
313.376
313.047
312.718
312.388
312.059
311.729
311.4
311.071
310.742
310.412
310.083
309.754
309.424
309.095
308.765
308.436
308.107
307.778
307.45
307.122
306.794
306.467
306.14
305.813
305.486
305.159
304.833
304.506
304.179
303.852
303.524
303.198
302.871
302.544
302.218
301.892
301.566
301.241
300.915
300.589
300.263
299.937
299.611
299.284
298.958
298.631
298.304
297.978
297.651
297.325
296.999
296.673
296.348
296.022
295.696
295.371
295.045
294.719
294.393
294.067
293.741
293.416
293.09
292.765
292.44
292.116
291.791
291.466
291.141
290.816
290.489
290.162
289.833
289.503
289.171
318.138
317.839
317.536
317.23
316.921
316.609
316.295
315.978
315.659
315.338
315.015
314.69
314.364
314.036
313.708
313.378
313.049
312.719
312.389
312.059
311.729
311.4
311.071
310.742
310.413
310.083
309.754
309.424
309.094
308.765
308.435
308.106
307.777
307.448
307.12
306.793
306.466
306.139
305.813
305.486
305.16
304.833
304.506
304.179
303.851
303.524
303.197
302.87
302.544
302.217
301.892
301.566
301.241
300.915
300.59
300.264
299.938
299.612
299.285
298.958
298.631
298.304
297.977
297.65
297.324
296.998
296.673
296.347
296.022
295.696
295.371
295.045
294.719
294.393
294.067
293.74
293.415
293.089
292.764
292.44
292.116
291.792
291.468
291.144
290.819
290.494
290.167
289.838
289.508
289.176
318.16
317.859
317.555
317.248
316.937
316.624
316.309
315.991
315.671
315.349
315.025
314.699
314.371
314.042
313.712
313.382
313.051
312.72
312.389
312.059
311.729
311.4
311.071
310.742
310.413
310.084
309.754
309.424
309.094
308.764
308.434
308.104
307.775
307.446
307.118
306.791
306.464
306.138
305.812
305.486
305.16
304.833
304.506
304.179
303.851
303.523
303.196
302.869
302.542
302.216
301.891
301.565
301.241
300.916
300.591
300.265
299.939
299.613
299.285
298.958
298.63
298.303
297.976
297.649
297.323
296.997
296.672
296.347
296.022
295.697
295.371
295.045
294.719
294.393
294.066
293.739
293.413
293.087
292.763
292.438
292.115
291.792
291.47
291.147
290.824
290.5
290.174
289.846
289.516
289.184
318.187
317.885
317.579
317.27
316.958
316.643
316.326
316.007
315.686
315.363
315.037
314.71
314.381
314.05
313.718
313.385
313.053
312.72
312.389
312.058
311.728
311.399
311.071
310.742
310.414
310.085
309.755
309.425
309.094
308.763
308.432
308.101
307.772
307.443
307.115
306.788
306.462
306.137
305.812
305.487
305.161
304.834
304.507
304.179
303.851
303.522
303.194
302.867
302.54
302.214
301.889
301.565
301.241
300.917
300.592
300.267
299.941
299.614
299.287
298.958
298.63
298.302
297.974
297.647
297.321
296.995
296.671
296.346
296.022
295.698
295.372
295.047
294.72
294.393
294.065
293.738
293.411
293.085
292.76
292.436
292.114
291.793
291.472
291.152
290.83
290.508
290.184
289.857
289.527
289.195
318.22
317.916
317.608
317.296
316.981
316.665
316.347
316.026
315.704
315.38
315.053
314.724
314.392
314.059
313.724
313.389
313.054
312.72
312.387
312.056
311.726
311.398
311.07
310.743
310.415
310.087
309.757
309.427
309.095
308.762
308.43
308.098
307.767
307.438
307.11
306.784
306.459
306.136
305.812
305.488
305.163
304.836
304.509
304.18
303.851
303.521
303.192
302.863
302.536
302.21
301.886
301.563
301.24
300.918
300.595
300.27
299.945
299.617
299.289
298.959
298.629
298.3
297.971
297.643
297.317
296.993
296.669
296.346
296.023
295.699
295.375
295.049
294.721
294.393
294.064
293.735
293.407
293.08
292.755
292.432
292.111
291.792
291.474
291.157
290.839
290.519
290.197
289.872
289.543
289.21
318.261
317.953
317.641
317.326
317.008
316.69
316.37
316.048
315.725
315.4
315.072
314.741
314.407
314.07
313.732
313.393
313.054
312.718
312.383
312.052
311.722
311.395
311.07
310.744
310.418
310.091
309.761
309.43
309.096
308.762
308.427
308.093
307.76
307.43
307.103
306.778
306.456
306.134
305.812
305.49
305.166
304.841
304.512
304.182
303.851
303.519
303.188
302.858
302.53
302.205
301.882
301.561
301.24
300.92
300.599
300.275
299.95
299.622
299.292
298.96
298.628
298.296
297.966
297.638
297.312
296.988
296.666
296.345
296.024
295.702
295.378
295.053
294.724
294.394
294.063
293.732
293.401
293.073
292.747
292.425
292.106
291.79
291.476
291.162
290.849
290.534
290.215
289.892
289.564
289.23
318.308
317.996
317.679
317.359
317.037
316.716
316.395
316.073
315.75
315.424
315.095
314.762
314.425
314.084
313.74
313.396
313.052
312.712
312.376
312.043
311.716
311.391
311.068
310.746
310.423
310.097
309.768
309.435
309.099
308.761
308.423
308.085
307.75
307.419
307.093
306.77
306.45
306.132
305.814
305.495
305.173
304.848
304.519
304.187
303.852
303.516
303.182
302.85
302.521
302.196
301.875
301.557
301.24
300.924
300.605
300.284
299.959
299.63
299.297
298.962
298.626
298.291
297.958
297.629
297.303
296.981
296.662
296.345
296.027
295.708
295.385
295.06
294.73
294.397
294.062
293.726
293.392
293.061
292.735
292.413
292.097
291.784
291.476
291.169
290.862
290.553
290.24
289.921
289.594
289.259
318.365
318.045
317.72
317.393
317.067
316.742
316.42
316.099
315.778
315.454
315.125
314.79
314.448
314.101
313.75
313.397
313.046
312.701
312.362
312.029
311.704
311.384
311.066
310.75
310.431
310.108
309.78
309.446
309.106
308.762
308.417
308.073
307.735
307.402
307.076
306.757
306.442
306.13
305.818
305.503
305.185
304.861
304.53
304.194
303.854
303.512
303.172
302.836
302.506
302.182
301.865
301.551
301.24
300.929
300.616
300.298
299.974
299.643
299.306
298.966
298.623
298.282
297.946
297.614
297.29
296.971
296.656
296.344
296.032
295.717
295.398
295.072
294.741
294.403
294.062
293.719
293.379
293.043
292.715
292.394
292.081
291.774
291.473
291.175
290.877
290.577
290.273
289.96
289.636
289.299
318.433
318.102
317.765
317.427
317.093
316.765
316.444
316.127
315.81
315.49
315.163
314.826
314.48
314.124
313.761
313.395
313.034
312.68
312.337
312.006
311.685
311.372
311.064
310.756
310.445
310.128
309.801
309.464
309.117
308.764
308.408
308.055
307.71
307.375
307.051
306.737
306.43
306.127
305.824
305.518
305.205
304.882
304.55
304.207
303.858
303.506
303.156
302.814
302.482
302.16
301.847
301.542
301.24
300.939
300.633
300.32
299.998
299.665
299.322
298.971
298.618
298.268
297.924
297.591
297.267
296.954
296.647
296.344
296.04
295.733
295.418
295.094
294.76
294.415
294.063
293.709
293.358
293.016
292.684
292.364
292.056
291.757
291.466
291.18
290.895
290.609
290.317
290.015
289.696
289.357
318.516
318.17
317.811
317.455
317.11
316.779
316.462
316.153
315.847
315.536
315.214
314.878
314.526
314.157
313.776
313.389
313.009
312.644
312.297
311.967
311.655
311.354
311.06
310.768
310.469
310.16
309.836
309.496
309.139
308.77
308.395
308.026
307.671
307.333
307.012
306.706
306.412
306.124
305.837
305.543
305.238
304.919
304.583
304.231
303.866
303.495
303.13
302.778
302.443
302.124
301.82
301.527
301.241
300.954
300.661
300.356
300.036
299.7
299.347
298.981
298.609
298.243
297.889
297.552
297.232
296.926
296.631
296.343
296.055
295.759
295.453
295.131
294.793
294.437
294.069
293.694
293.326
292.972
292.636
292.317
292.016
291.729
291.453
291.183
290.916
290.649
290.378
290.093
289.784
289.443
318.624
318.254
317.854
317.468
317.106
316.774
316.466
316.177
315.892
315.596
315.286
314.953
314.596
314.208
313.799
313.371
312.964
312.581
312.231
311.906
311.606
311.324
311.056
310.788
310.509
310.213
309.894
309.552
309.18
308.785
308.372
307.978
307.607
307.267
306.951
306.659
306.384
306.121
305.858
305.583
305.293
304.978
304.641
304.273
303.883
303.475
303.085
302.718
302.381
302.067
301.777
301.503
301.241
300.979
300.704
300.414
300.099
299.761
299.392
299.001
298.591
298.199
297.83
297.491
297.175
296.883
296.607
296.343
296.079
295.802
295.509
295.192
294.85
294.478
294.083
293.669
293.274
292.902
292.562
292.246
291.956
291.685
291.43
291.182
290.935
290.696
290.458
290.205
289.918
289.576
318.779
318.382
317.875
317.448
317.057
316.737
316.443
316.195
315.952
315.678
315.393
315.06
314.71
314.292
313.847
313.324
312.883
312.471
312.128
311.807
311.534
311.276
311.051
310.826
310.57
310.301
309.986
309.651
309.252
308.825
308.322
307.896
307.499
307.167
306.855
306.589
306.337
306.117
305.897
305.646
305.382
305.071
304.741
304.348
303.926
303.429
303.008
302.614
302.285
301.975
301.711
301.461
301.241
301.022
300.771
300.506
300.195
299.865
299.47
299.046
298.547
298.123
297.727
297.396
297.083
296.817
296.564
296.343
296.122
295.868
295.601
295.286
294.952
294.552
294.123
293.617
293.188
292.788
292.453
292.137
291.87
291.616
291.397
291.18
290.942
290.742
290.56
290.367
290.129
289.799
319.022
318.668
317.781
317.376
316.904
316.66
316.357
316.204
316.056
315.776
315.568
315.194
314.919
314.415
314.009
313.161
312.758
312.263
311.996
311.638
311.44
311.179
311.044
310.91
310.651
310.456
310.105
309.844
309.364
308.975
308.162
307.774
307.297
307.038
306.691
306.499
306.245
306.113
305.981
305.728
305.537
305.191
304.935
304.462
304.077
303.275
302.89
302.418
302.162
301.817
301.626
301.373
301.242
301.11
300.857
300.666
300.32
300.062
299.587
299.201
298.394
298.007
297.531
297.273
296.925
296.732
296.477
296.344
296.211
295.954
295.76
295.409
295.149
294.666
294.275
293.455
293.062
292.578
292.316
291.96
291.763
291.498
291.359
291.211
290.894
290.761
290.678
290.595
290.473
290.225
288.8
288.399
287.998
287.595
287.192
286.789
286.387
285.985
285.584
285.184
284.785
284.387
283.99
283.594
283.198
288.801
288.401
287.998
287.595
287.192
286.789
286.386
285.984
285.583
285.183
284.784
284.386
283.99
283.593
283.198
288.804
288.403
288
287.596
287.192
286.788
286.385
285.982
285.581
285.181
284.782
284.385
283.988
283.593
283.197
288.809
288.407
288.002
287.597
287.192
286.787
286.382
285.979
285.577
285.177
284.779
284.382
283.986
283.591
283.197
288.816
288.412
288.006
287.599
287.191
286.784
286.378
285.974
285.572
285.172
284.774
284.378
283.983
283.589
283.196
288.826
288.419
288.011
287.6
287.19
286.781
286.373
285.968
285.565
285.165
284.768
284.372
283.979
283.587
283.195
288.839
288.429
288.016
287.602
287.188
286.775
286.365
285.959
285.555
285.155
284.759
284.365
283.973
283.583
283.194
288.857
288.443
288.024
287.604
287.184
286.767
286.354
285.946
285.542
285.143
284.747
284.355
283.966
283.579
283.193
288.881
288.46
288.033
287.605
287.178
286.756
286.339
285.929
285.524
285.126
284.732
284.343
283.957
283.573
283.191
288.916
288.483
288.044
287.604
287.167
286.738
286.317
285.905
285.501
285.104
284.713
284.327
283.945
283.566
283.189
288.964
288.514
288.055
287.598
287.15
286.712
286.287
285.874
285.47
285.076
284.689
284.308
283.931
283.557
283.186
289.032
288.553
288.065
287.585
287.121
286.674
286.245
285.832
285.431
285.041
284.659
284.284
283.914
283.547
283.182
289.132
288.6
288.067
287.556
287.074
286.619
286.188
285.777
285.381
284.997
284.622
284.255
283.893
283.534
283.178
289.28
288.649
288.046
287.498
286.999
286.54
286.112
285.706
285.318
284.943
284.578
284.22
283.868
283.52
283.173
289.495
288.667
287.972
287.39
286.885
286.431
286.013
285.619
285.243
284.88
284.527
284.181
283.84
283.503
283.167
322.896
322.687
322.478
322.267
322.056
321.843
321.628
321.41
321.188
320.961
320.726
320.478
320.207
319.89
319.48
322.9
322.7
322.5
322.3
322.099
321.897
321.694
321.489
321.282
321.073
320.86
320.64
320.406
320.134
319.724
322.905
322.714
322.524
322.333
322.142
321.951
321.76
321.569
321.378
321.187
320.998
320.811
320.631
320.473
320.418
322.909
322.728
322.547
322.366
322.186
322.006
321.827
321.649
321.473
321.301
321.135
320.978
320.841
320.74
320.703
322.914
322.742
322.57
322.399
322.229
322.059
321.892
321.727
321.566
321.411
321.264
321.132
321.025
320.962
320.985
322.918
322.756
322.593
322.431
322.271
322.112
321.956
321.803
321.655
321.514
321.384
321.269
321.179
321.125
321.116
322.923
322.769
322.615
322.463
322.312
322.163
322.017
321.875
321.739
321.61
321.492
321.389
321.308
321.257
321.255
322.927
322.782
322.637
322.493
322.351
322.212
322.076
321.944
321.818
321.699
321.59
321.495
321.415
321.356
321.319
322.931
322.794
322.658
322.522
322.389
322.259
322.131
322.009
321.891
321.781
321.68
321.588
321.509
321.44
321.371
322.935
322.806
322.677
322.55
322.425
322.303
322.184
322.069
321.96
321.857
321.761
321.674
321.595
321.523
321.46
322.939
322.817
322.696
322.577
322.46
322.345
322.233
322.126
322.024
321.928
321.838
321.754
321.676
321.6
321.519
322.943
322.828
322.714
322.602
322.492
322.384
322.28
322.18
322.085
321.994
321.91
321.83
321.755
321.682
321.615
322.946
322.838
322.731
322.626
322.522
322.421
322.324
322.23
322.141
322.057
321.978
321.903
321.832
321.761
321.678
322.949
322.848
322.747
322.648
322.551
322.456
322.365
322.278
322.194
322.116
322.043
321.974
321.91
321.847
321.786
322.952
322.857
322.762
322.669
322.578
322.489
322.404
322.322
322.244
322.172
322.105
322.043
321.986
321.931
321.864
322.955
322.865
322.776
322.688
322.603
322.52
322.439
322.363
322.291
322.224
322.162
322.107
322.06
322.025
322.017
322.958
322.873
322.789
322.707
322.626
322.548
322.473
322.401
322.334
322.272
322.216
322.167
322.127
322.099
322.086
322.96
322.88
322.801
322.724
322.648
322.574
322.504
322.437
322.374
322.316
322.264
322.22
322.185
322.163
322.162
322.962
322.887
322.812
322.739
322.668
322.598
322.532
322.469
322.41
322.356
322.308
322.267
322.234
322.212
322.2
322.964
322.893
322.823
322.754
322.686
322.621
322.558
322.498
322.443
322.392
322.346
322.307
322.276
322.254
322.247
322.966
322.899
322.832
322.767
322.703
322.641
322.582
322.525
322.473
322.424
322.38
322.342
322.311
322.287
322.27
322.968
322.904
322.841
322.779
322.718
322.66
322.603
322.55
322.499
322.453
322.41
322.373
322.341
322.315
322.298
322.97
322.909
322.849
322.79
322.733
322.677
322.623
322.572
322.524
322.478
322.437
322.4
322.366
322.337
322.312
322.971
322.914
322.857
322.8
322.746
322.692
322.641
322.592
322.545
322.502
322.461
322.424
322.389
322.356
322.323
322.973
322.918
322.863
322.81
322.758
322.707
322.657
322.61
322.565
322.523
322.483
322.445
322.41
322.376
322.344
322.974
322.921
322.87
322.818
322.768
322.72
322.672
322.627
322.584
322.542
322.503
322.466
322.43
322.395
322.357
322.975
322.925
322.875
322.826
322.778
322.732
322.686
322.643
322.601
322.561
322.522
322.485
322.45
322.415
322.381
322.976
322.928
322.88
322.834
322.788
322.743
322.699
322.657
322.616
322.577
322.54
322.504
322.469
322.434
322.396
322.977
322.931
322.885
322.84
322.796
322.753
322.711
322.67
322.631
322.593
322.557
322.522
322.489
322.455
322.422
322.978
322.934
322.89
322.846
322.804
322.762
322.721
322.682
322.644
322.608
322.573
322.54
322.508
322.476
322.442
322.979
322.936
322.894
322.852
322.811
322.77
322.731
322.693
322.657
322.621
322.588
322.556
322.526
322.5
322.48
322.979
322.938
322.897
322.857
322.817
322.778
322.74
322.703
322.668
322.634
322.602
322.571
322.543
322.518
322.497
322.98
322.94
322.901
322.861
322.823
322.785
322.748
322.713
322.678
322.645
322.614
322.585
322.558
322.534
322.516
322.981
322.942
322.904
322.866
322.828
322.792
322.756
322.721
322.688
322.656
322.625
322.596
322.57
322.547
322.526
322.981
322.944
322.906
322.87
322.833
322.797
322.763
322.729
322.696
322.665
322.635
322.607
322.581
322.557
322.537
322.982
322.945
322.909
322.873
322.838
322.803
322.769
322.736
322.704
322.673
322.643
322.615
322.589
322.565
322.543
322.982
322.947
322.911
322.876
322.841
322.807
322.774
322.742
322.71
322.68
322.651
322.623
322.597
322.572
322.55
322.983
322.948
322.913
322.879
322.845
322.812
322.779
322.747
322.716
322.686
322.657
322.63
322.603
322.578
322.553
322.983
322.949
322.915
322.881
322.848
322.815
322.783
322.752
322.721
322.692
322.663
322.635
322.608
322.582
322.556
322.983
322.95
322.917
322.884
322.851
322.819
322.787
322.756
322.726
322.697
322.668
322.64
322.613
322.587
322.561
322.984
322.951
322.918
322.886
322.853
322.822
322.791
322.76
322.73
322.701
322.673
322.645
322.618
322.591
322.564
322.984
322.951
322.919
322.887
322.856
322.824
322.794
322.763
322.734
322.705
322.677
322.649
322.622
322.595
322.569
322.984
322.952
322.92
322.889
322.858
322.827
322.796
322.766
322.737
322.708
322.68
322.653
322.626
322.599
322.572
322.984
322.953
322.921
322.89
322.859
322.829
322.799
322.769
322.74
322.712
322.684
322.656
322.63
322.603
322.578
322.984
322.953
322.922
322.891
322.861
322.83
322.801
322.771
322.742
322.714
322.687
322.66
322.633
322.607
322.581
322.984
322.954
322.923
322.892
322.862
322.832
322.802
322.773
322.744
322.717
322.689
322.662
322.636
322.611
322.588
322.985
322.954
322.923
322.893
322.863
322.833
322.803
322.775
322.746
322.718
322.691
322.665
322.639
322.614
322.591
322.985
322.954
322.924
322.893
322.863
322.834
322.804
322.776
322.747
322.72
322.693
322.667
322.641
322.617
322.593
322.985
322.954
322.924
322.894
322.864
322.834
322.805
322.776
322.748
322.721
322.694
322.668
322.642
322.618
322.594
322.985
322.954
322.924
322.894
322.864
322.834
322.805
322.777
322.749
322.721
322.695
322.669
322.643
322.619
322.595
322.985
322.954
322.924
322.894
322.864
322.834
322.805
322.777
322.749
322.721
322.695
322.669
322.644
322.619
322.595
322.985
322.954
322.924
322.894
322.864
322.834
322.805
322.776
322.748
322.721
322.694
322.669
322.643
322.619
322.595
322.985
322.954
322.923
322.893
322.863
322.833
322.804
322.776
322.748
322.72
322.694
322.668
322.643
322.618
322.595
322.985
322.954
322.923
322.893
322.862
322.833
322.803
322.774
322.746
322.719
322.692
322.666
322.641
322.617
322.594
322.984
322.953
322.922
322.892
322.861
322.831
322.802
322.773
322.745
322.717
322.69
322.665
322.64
322.616
322.593
322.984
322.953
322.922
322.891
322.86
322.83
322.8
322.771
322.742
322.715
322.688
322.662
322.637
322.613
322.591
322.984
322.952
322.921
322.889
322.858
322.828
322.798
322.768
322.74
322.712
322.685
322.659
322.634
322.61
322.588
322.984
322.952
322.92
322.888
322.856
322.825
322.795
322.765
322.736
322.708
322.681
322.655
322.63
322.606
322.585
322.984
322.951
322.918
322.886
322.854
322.823
322.792
322.762
322.733
322.704
322.676
322.65
322.624
322.601
322.578
322.983
322.95
322.917
322.884
322.852
322.82
322.788
322.758
322.728
322.699
322.671
322.644
322.618
322.594
322.572
322.983
322.949
322.915
322.882
322.849
322.816
322.784
322.753
322.723
322.694
322.665
322.638
322.611
322.585
322.558
322.983
322.948
322.913
322.879
322.845
322.812
322.78
322.748
322.718
322.688
322.659
322.631
322.604
322.577
322.551
322.982
322.947
322.911
322.876
322.842
322.808
322.775
322.743
322.711
322.681
322.652
322.623
322.596
322.568
322.54
322.982
322.945
322.909
322.873
322.838
322.803
322.769
322.736
322.704
322.674
322.644
322.615
322.588
322.56
322.534
322.981
322.944
322.906
322.869
322.833
322.797
322.763
322.729
322.697
322.666
322.636
322.607
322.579
322.552
322.524
322.981
322.942
322.903
322.865
322.828
322.791
322.756
322.721
322.688
322.657
322.626
322.598
322.57
322.544
322.518
322.98
322.94
322.9
322.861
322.822
322.785
322.748
322.713
322.679
322.647
322.616
322.588
322.561
322.535
322.509
322.979
322.938
322.896
322.856
322.816
322.777
322.739
322.703
322.668
322.636
322.605
322.576
322.55
322.526
322.504
322.978
322.935
322.892
322.85
322.809
322.769
322.73
322.692
322.657
322.623
322.592
322.564
322.538
322.516
322.498
322.977
322.933
322.888
322.844
322.801
322.759
322.719
322.68
322.643
322.609
322.577
322.549
322.524
322.502
322.485
322.976
322.93
322.883
322.837
322.793
322.749
322.707
322.667
322.629
322.593
322.561
322.531
322.506
322.487
322.473
322.975
322.926
322.878
322.83
322.783
322.738
322.694
322.652
322.612
322.575
322.541
322.511
322.486
322.466
322.451
322.974
322.923
322.872
322.822
322.773
322.725
322.679
322.635
322.594
322.555
322.52
322.488
322.461
322.442
322.433
322.973
322.919
322.866
322.813
322.761
322.711
322.663
322.617
322.574
322.533
322.495
322.461
322.432
322.41
322.395
322.972
322.915
322.859
322.803
322.749
322.697
322.646
322.597
322.551
322.508
322.468
322.431
322.399
322.373
322.36
322.97
322.91
322.851
322.793
322.736
322.68
322.627
322.576
322.527
322.481
322.438
322.399
322.361
322.325
322.284
322.968
322.905
322.843
322.781
322.721
322.663
322.606
322.553
322.501
322.453
322.407
322.364
322.323
322.283
322.244
322.967
322.9
322.834
322.769
322.705
322.644
322.584
322.527
322.473
322.422
322.374
322.328
322.283
322.239
322.189
322.965
322.894
322.824
322.756
322.688
322.623
322.56
322.5
322.443
322.389
322.338
322.29
322.244
322.199
322.157
322.963
322.888
322.814
322.741
322.67
322.601
322.535
322.471
322.411
322.355
322.301
322.251
322.204
322.157
322.107
322.96
322.881
322.803
322.726
322.65
322.577
322.507
322.44
322.377
322.317
322.262
322.211
322.163
322.118
322.077
322.958
322.874
322.791
322.709
322.629
322.551
322.477
322.406
322.339
322.277
322.22
322.168
322.121
322.076
322.03
322.955
322.866
322.778
322.691
322.606
322.523
322.444
322.369
322.299
322.234
322.175
322.122
322.076
322.036
322.003
322.952
322.858
322.764
322.671
322.581
322.493
322.409
322.329
322.255
322.187
322.125
322.072
322.027
321.991
321.97
322.949
322.849
322.749
322.65
322.554
322.46
322.37
322.285
322.206
322.134
322.07
322.016
321.972
321.934
321.891
322.946
322.839
322.733
322.628
322.525
322.425
322.329
322.238
322.153
322.076
322.009
321.954
321.912
321.882
321.857
322.943
322.829
322.716
322.604
322.494
322.387
322.284
322.185
322.094
322.011
321.939
321.882
321.844
321.827
321.831
322.939
322.818
322.698
322.579
322.461
322.346
322.235
322.129
322.029
321.937
321.859
321.797
321.76
321.758
321.799
322.936
322.807
322.679
322.552
322.427
322.303
322.183
322.067
321.957
321.856
321.766
321.695
321.653
321.658
321.742
322.932
322.795
322.659
322.524
322.39
322.258
322.128
322.002
321.88
321.766
321.661
321.573
321.513
321.503
321.611
289.719
288.563
287.801
287.22
286.732
286.299
285.899
285.522
285.162
284.813
284.473
284.14
283.811
283.485
283.162
289.315
288.195
287.519
287.001
286.557
286.155
285.78
285.423
285.08
284.746
284.42
284.099
283.783
283.469
283.156
287.712
287.519
287.128
286.73
286.352
285.992
285.647
285.314
284.991
284.674
284.363
284.056
283.752
283.451
283.15
287.083
286.979
286.741
286.446
286.134
285.819
285.507
285.2
284.897
284.598
284.303
284.011
283.72
283.432
283.144
286.491
286.532
286.394
286.175
285.917
285.644
285.363
285.082
284.8
284.52
284.241
283.964
283.688
283.412
283.137
286.223
286.211
286.104
285.929
285.712
285.473
285.221
284.963
284.703
284.441
284.178
283.916
283.654
283.392
283.131
285.946
285.954
285.863
285.712
285.523
285.31
285.083
284.847
284.606
284.362
284.115
283.868
283.62
283.372
283.124
285.822
285.765
285.662
285.521
285.35
285.158
284.951
284.734
284.511
284.284
284.053
283.821
283.587
283.352
283.118
285.723
285.607
285.489
285.351
285.192
285.016
284.826
284.626
284.42
284.208
283.992
283.774
283.554
283.333
283.111
285.554
285.451
285.33
285.195
285.046
284.882
284.708
284.523
284.332
284.135
283.933
283.729
283.522
283.314
283.105
285.444
285.307
285.181
285.05
284.909
284.757
284.596
284.425
284.248
284.064
283.876
283.685
283.491
283.295
283.099
285.263
285.154
285.035
284.911
284.78
284.639
284.49
284.332
284.168
283.997
283.822
283.643
283.461
283.277
283.093
285.145
285.009
284.893
284.778
284.657
284.528
284.39
284.244
284.092
283.933
283.77
283.603
283.432
283.26
283.087
284.945
284.85
284.751
284.649
284.539
284.422
284.295
284.161
284.02
283.873
283.721
283.564
283.405
283.244
283.081
284.801
284.694
284.611
284.524
284.428
284.321
284.206
284.083
283.952
283.816
283.674
283.528
283.379
283.229
283.076
284.517
284.522
284.474
284.406
284.322
284.228
284.123
284.01
283.889
283.762
283.63
283.494
283.355
283.214
283.071
284.39
284.385
284.352
284.297
284.225
284.141
284.046
283.941
283.83
283.712
283.589
283.462
283.332
283.2
283.067
284.25
284.267
284.246
284.2
284.137
284.061
283.974
283.878
283.775
283.666
283.551
283.433
283.311
283.188
283.063
284.179
284.177
284.156
284.115
284.059
283.989
283.909
283.82
283.725
283.623
283.516
283.405
283.291
283.176
283.059
284.095
284.1
284.08
284.041
283.989
283.924
283.85
283.768
283.678
283.583
283.483
283.38
283.273
283.165
283.055
284.052
284.04
284.016
283.978
283.927
283.866
283.797
283.719
283.636
283.547
283.453
283.356
283.256
283.155
283.052
284.001
283.989
283.962
283.922
283.873
283.815
283.748
283.676
283.597
283.513
283.426
283.334
283.241
283.145
283.048
283.976
283.949
283.915
283.874
283.825
283.768
283.705
283.636
283.562
283.483
283.4
283.314
283.226
283.136
283.046
283.955
283.914
283.875
283.831
283.781
283.726
283.666
283.6
283.53
283.455
283.377
283.296
283.213
283.129
283.043
283.918
283.879
283.836
283.791
283.742
283.688
283.63
283.567
283.5
283.43
283.356
283.28
283.201
283.121
283.041
283.893
283.845
283.8
283.755
283.706
283.653
283.597
283.537
283.473
283.406
283.337
283.264
283.19
283.115
283.038
283.852
283.81
283.765
283.72
283.672
283.621
283.567
283.51
283.449
283.385
283.319
283.25
283.18
283.109
283.036
283.824
283.775
283.731
283.686
283.64
283.591
283.54
283.485
283.427
283.366
283.303
283.238
283.171
283.103
283.034
283.777
283.737
283.696
283.654
283.61
283.564
283.514
283.461
283.406
283.348
283.288
283.226
283.163
283.098
283.033
283.743
283.7
283.663
283.624
283.582
283.538
283.49
283.44
283.387
283.332
283.275
283.215
283.155
283.093
283.031
283.677
283.66
283.63
283.595
283.556
283.514
283.469
283.421
283.37
283.317
283.262
283.206
283.148
283.089
283.03
283.647
283.628
283.601
283.569
283.532
283.492
283.449
283.403
283.355
283.304
283.251
283.197
283.142
283.085
283.029
283.615
283.6
283.576
283.546
283.511
283.473
283.431
283.387
283.341
283.292
283.241
283.189
283.136
283.082
283.027
283.598
283.579
283.555
283.526
283.493
283.456
283.416
283.373
283.328
283.281
283.232
283.182
283.131
283.079
283.026
283.579
283.561
283.537
283.509
283.476
283.44
283.402
283.36
283.317
283.271
283.224
283.176
283.126
283.076
283.025
283.57
283.548
283.523
283.494
283.462
283.427
283.389
283.349
283.307
283.263
283.217
283.17
283.122
283.074
283.025
283.559
283.537
283.511
283.482
283.451
283.416
283.379
283.339
283.298
283.255
283.211
283.165
283.119
283.071
283.024
283.554
283.529
283.502
283.473
283.441
283.406
283.37
283.331
283.291
283.249
283.205
283.161
283.116
283.07
283.023
283.55
283.522
283.494
283.464
283.432
283.398
283.362
283.324
283.284
283.243
283.201
283.157
283.113
283.068
283.023
283.543
283.516
283.488
283.457
283.425
283.391
283.356
283.318
283.279
283.239
283.197
283.154
283.111
283.067
283.022
283.54
283.511
283.482
283.452
283.42
283.386
283.35
283.313
283.275
283.235
283.194
283.152
283.109
283.066
283.022
283.534
283.507
283.478
283.447
283.415
283.381
283.346
283.309
283.271
283.232
283.191
283.15
283.107
283.065
283.022
283.531
283.503
283.474
283.444
283.412
283.378
283.343
283.306
283.268
283.229
283.189
283.148
283.106
283.064
283.021
283.527
283.501
283.472
283.441
283.409
283.376
283.341
283.304
283.267
283.228
283.188
283.147
283.106
283.064
283.021
283.526
283.499
283.47
283.44
283.408
283.375
283.34
283.303
283.266
283.227
283.187
283.146
283.105
283.063
283.021
283.526
283.499
283.47
283.44
283.408
283.374
283.339
283.303
283.266
283.227
283.187
283.146
283.105
283.063
283.021
283.526
283.5
283.471
283.441
283.409
283.375
283.34
283.304
283.266
283.227
283.187
283.147
283.105
283.063
283.021
283.53
283.502
283.473
283.442
283.41
283.377
283.342
283.305
283.268
283.229
283.188
283.148
283.106
283.064
283.021
283.532
283.505
283.476
283.445
283.413
283.38
283.345
283.308
283.27
283.23
283.19
283.149
283.107
283.064
283.021
283.537
283.509
283.48
283.449
283.417
283.384
283.348
283.311
283.273
283.233
283.192
283.151
283.108
283.065
283.022
283.541
283.514
283.485
283.455
283.423
283.389
283.353
283.316
283.277
283.237
283.195
283.153
283.11
283.066
283.022
283.547
283.519
283.491
283.461
283.429
283.395
283.359
283.321
283.282
283.241
283.199
283.156
283.112
283.067
283.022
283.551
283.525
283.498
283.469
283.437
283.402
283.366
283.328
283.288
283.246
283.203
283.159
283.114
283.069
283.023
283.555
283.533
283.507
283.478
283.446
283.412
283.375
283.336
283.295
283.252
283.208
283.163
283.117
283.071
283.024
283.566
283.544
283.518
283.489
283.457
283.422
283.385
283.345
283.303
283.259
283.214
283.168
283.12
283.073
283.024
283.575
283.556
283.532
283.503
283.47
283.435
283.396
283.355
283.312
283.267
283.221
283.173
283.124
283.075
283.025
283.593
283.573
283.548
283.519
283.486
283.449
283.409
283.367
283.323
283.276
283.228
283.179
283.128
283.077
283.026
283.608
283.593
283.568
283.538
283.503
283.465
283.424
283.38
283.334
283.286
283.237
283.185
283.133
283.08
283.027
283.639
283.619
283.592
283.56
283.524
283.484
283.441
283.395
283.348
283.298
283.246
283.193
283.139
283.083
283.028
283.668
283.65
283.62
283.585
283.546
283.504
283.459
283.412
283.362
283.31
283.256
283.201
283.144
283.087
283.029
283.731
283.689
283.651
283.612
283.571
283.527
283.48
283.43
283.378
283.324
283.268
283.21
283.151
283.091
283.03
283.764
283.724
283.683
283.641
283.597
283.551
283.502
283.45
283.396
283.339
283.28
283.22
283.158
283.095
283.032
283.808
283.76
283.716
283.672
283.626
283.577
283.526
283.472
283.415
283.356
283.294
283.231
283.166
283.1
283.033
283.835
283.793
283.749
283.703
283.656
283.606
283.552
283.496
283.436
283.374
283.309
283.243
283.174
283.105
283.035
283.874
283.827
283.782
283.736
283.688
283.636
283.581
283.522
283.459
283.394
283.326
283.256
283.184
283.111
283.037
283.898
283.859
283.817
283.771
283.722
283.669
283.611
283.55
283.484
283.415
283.344
283.27
283.194
283.117
283.039
283.934
283.893
283.853
283.809
283.76
283.705
283.645
283.58
283.511
283.439
283.363
283.285
283.205
283.123
283.041
283.954
283.927
283.892
283.85
283.801
283.744
283.682
283.614
283.541
283.464
283.384
283.302
283.217
283.131
283.044
283.978
283.965
283.937
283.897
283.847
283.788
283.723
283.651
283.574
283.492
283.407
283.32
283.23
283.138
283.046
284.027
284.015
283.989
283.95
283.898
283.837
283.768
283.691
283.609
283.523
283.432
283.339
283.244
283.147
283.049
284.07
284.073
284.051
284.011
283.957
283.892
283.817
283.736
283.648
283.555
283.459
283.36
283.259
283.156
283.052
284.153
284.149
284.125
284.082
284.024
283.953
283.872
283.784
283.69
283.591
283.488
283.383
283.275
283.165
283.055
284.223
284.238
284.213
284.164
284.099
284.02
283.932
283.837
283.735
283.629
283.519
283.407
283.292
283.176
283.059
284.363
284.355
284.318
284.258
284.182
284.095
283.998
283.894
283.784
283.67
283.552
283.432
283.31
283.186
283.062
284.492
284.492
284.439
284.363
284.274
284.175
284.068
283.954
283.836
283.713
283.587
283.459
283.329
283.198
283.066
284.78
284.666
284.574
284.478
284.373
284.261
284.143
284.018
283.89
283.758
283.623
283.487
283.349
283.21
283.07
284.929
284.824
284.713
284.598
284.478
284.352
284.221
284.086
283.947
283.805
283.661
283.516
283.369
283.222
283.074
285.139
284.988
284.855
284.722
284.586
284.446
284.302
284.155
284.006
283.854
283.7
283.546
283.39
283.234
283.078
285.265
285.138
284.995
284.848
284.697
284.543
284.386
284.227
284.066
283.903
283.74
283.576
283.412
283.247
283.082
285.468
285.299
285.14
284.977
284.811
284.642
284.471
284.299
284.127
283.954
283.78
283.607
283.434
283.26
283.087
285.596
285.454
285.286
285.109
284.926
284.742
284.557
284.372
284.188
284.004
283.821
283.638
283.455
283.273
283.091
285.81
285.626
285.439
285.243
285.043
284.843
284.643
284.445
284.249
284.054
283.861
283.668
283.477
283.286
283.095
285.944
285.799
285.599
285.381
285.161
284.943
284.728
284.517
284.309
284.103
283.9
283.699
283.498
283.299
283.099
286.159
286.011
285.771
285.521
285.277
285.04
284.81
284.586
284.367
284.151
283.938
283.728
283.519
283.311
283.104
286.755
286.287
285.949
285.657
285.387
285.132
284.888
284.652
284.422
284.197
283.975
283.756
283.539
283.323
283.107
286.951
286.471
286.097
285.776
285.487
285.217
284.961
284.714
284.474
284.24
284.01
283.782
283.557
283.334
283.111
287.026
286.583
286.206
285.875
285.574
285.293
285.027
284.771
284.523
284.28
284.042
283.808
283.575
283.345
283.115
287.058
286.65
286.284
285.952
285.646
285.359
285.086
284.823
284.567
284.318
284.073
283.831
283.592
283.355
283.118
287.071
286.688
286.337
286.011
285.706
285.416
285.138
284.869
284.608
284.352
284.101
283.853
283.608
283.364
283.121
287.062
286.704
286.372
286.056
285.754
285.464
285.183
284.91
284.644
284.383
284.126
283.873
283.622
283.372
283.124
322.927
322.782
322.637
322.493
322.349
322.207
322.066
321.926
321.79
321.659
321.534
321.419
321.319
321.244
321.203
322.923
322.768
322.613
322.458
322.304
322.149
321.995
321.841
321.688
321.536
321.385
321.234
321.083
320.925
320.737
322.918
322.753
322.588
322.423
322.258
322.091
321.924
321.755
321.584
321.411
321.234
321.051
320.855
320.637
320.372
322.913
322.739
322.564
322.389
322.212
322.034
321.854
321.671
321.483
321.291
321.091
320.879
320.651
320.394
320.095
322.908
322.725
322.541
322.356
322.169
321.979
321.787
321.59
321.388
321.178
320.959
320.725
320.473
320.195
319.88
322.904
322.712
322.519
322.325
322.128
321.928
321.724
321.515
321.299
321.075
320.84
320.59
320.322
320.031
319.71
322.9
322.7
322.499
322.295
322.09
321.88
321.666
321.447
321.22
320.983
320.736
320.474
320.195
319.896
319.573
322.896
322.689
322.48
322.269
322.055
321.837
321.615
321.386
321.149
320.903
320.646
320.375
320.088
319.784
319.46
322.893
322.679
322.463
322.245
322.025
321.8
321.569
321.332
321.088
320.834
320.569
320.292
320
319.692
319.367
322.89
322.67
322.449
322.225
321.998
321.767
321.53
321.287
321.036
320.776
320.505
320.223
319.927
319.617
319.292
322.888
322.663
322.437
322.208
321.976
321.74
321.498
321.249
320.993
320.728
320.453
320.167
319.868
319.557
319.232
322.886
322.657
322.427
322.194
321.958
321.718
321.472
321.219
320.959
320.691
320.412
320.123
319.823
319.51
319.185
322.884
322.653
322.42
322.184
321.945
321.701
321.453
321.197
320.934
320.663
320.382
320.091
319.789
319.476
319.15
322.883
322.65
322.415
322.177
321.936
321.691
321.44
321.182
320.918
320.645
320.362
320.07
319.767
319.453
319.128
322.883
322.648
322.412
322.174
321.932
321.685
321.433
321.175
320.909
320.635
320.352
320.06
319.756
319.442
319.117
321.186
320.76
319.343
318.74
318.095
317.774
317.395
317.208
317.033
316.706
316.465
316.037
315.725
315.154
314.695
313.742
313.288
312.733
312.433
312.033
311.812
311.521
311.371
311.221
310.933
310.716
310.326
310.036
309.503
309.07
308.166
307.734
307.202
306.915
306.528
306.314
306.031
305.885
305.738
305.456
305.243
304.859
304.573
304.046
303.618
302.723
302.295
301.767
301.481
301.097
300.883
300.601
300.454
300.307
300.025
299.81
299.423
299.135
298.603
298.17
297.264
296.83
296.294
296.003
295.61
295.392
295.102
294.951
294.799
294.505
294.281
293.874
293.569
293.001
292.534
291.547
291.07
290.468
290.136
289.669
289.4
289.013
288.795
288.51
287.798
287.547
287.432
287.36
287.295
287.205
320.473
320.031
319.343
318.768
318.254
317.848
317.486
317.187
316.902
316.584
316.257
315.877
315.48
315.008
314.507
313.919
313.423
312.961
312.578
312.218
311.914
311.626
311.375
311.125
310.841
310.541
310.191
309.819
309.375
308.9
308.341
307.867
307.425
307.056
306.708
306.412
306.132
305.887
305.642
305.363
305.068
304.722
304.355
303.917
303.447
302.893
302.423
301.984
301.617
301.271
300.976
300.696
300.452
300.206
299.926
299.63
299.282
298.912
298.469
297.994
297.433
296.957
296.512
296.139
295.786
295.486
295.199
294.948
294.695
294.404
294.096
293.731
293.34
292.868
292.359
291.753
291.234
290.743
290.326
289.923
289.572
289.225
288.911
288.575
288.178
287.889
287.682
287.517
287.366
287.204
320.048
319.658
319.181
318.707
318.26
317.857
317.488
317.147
316.816
316.477
316.123
315.744
315.341
314.905
314.444
313.964
313.507
313.079
312.687
312.324
311.991
311.677
311.378
311.08
310.769
310.441
310.086
309.706
309.292
308.853
308.394
307.956
307.543
307.165
306.813
306.488
306.182
305.889
305.597
305.291
304.967
304.617
304.241
303.832
303.397
302.942
302.508
302.098
301.722
301.372
301.048
300.742
300.449
300.156
299.849
299.524
299.172
298.793
298.38
297.941
297.481
297.041
296.626
296.244
295.888
295.559
295.246
294.947
294.646
294.329
293.992
293.624
293.226
292.79
292.324
291.832
291.359
290.91
290.494
290.103
289.738
289.39
289.057
288.727
288.401
288.114
287.87
287.655
287.454
287.251
319.763
319.409
319.014
318.606
318.203
317.818
317.449
317.094
316.743
316.389
316.025
315.646
315.25
314.836
314.409
313.975
313.551
313.143
312.756
312.389
312.04
311.705
311.379
311.054
310.722
310.378
310.018
309.641
309.244
308.834
308.417
308.007
307.612
307.236
306.879
306.539
306.211
305.891
305.571
305.244
304.905
304.549
304.175
303.783
303.376
302.963
302.556
302.163
301.79
301.434
301.094
300.767
300.447
300.127
299.799
299.458
299.101
298.724
298.329
297.919
297.501
297.089
296.692
296.313
295.952
295.607
295.274
294.948
294.62
294.283
293.931
293.561
293.169
292.755
292.324
291.884
291.449
291.029
290.627
290.245
289.881
289.533
289.198
288.875
288.566
288.279
288.016
287.774
287.542
287.315
319.552
319.222
318.865
318.496
318.123
317.754
317.391
317.033
316.676
316.316
315.949
315.573
315.185
314.787
314.382
313.974
313.571
313.177
312.795
312.427
312.07
311.722
311.38
311.038
310.692
310.339
309.976
309.602
309.217
308.825
308.429
308.037
307.654
307.281
306.921
306.571
306.229
305.892
305.556
305.215
304.866
304.507
304.136
303.755
303.366
302.973
302.583
302.202
301.831
301.472
301.123
300.782
300.445
300.108
299.767
299.417
299.056
298.683
298.299
297.907
297.51
297.117
296.732
296.357
295.993
295.639
295.293
294.95
294.607
294.257
293.898
293.527
293.143
292.746
292.339
291.928
291.52
291.12
290.733
290.36
290.001
289.656
289.324
289.004
288.698
288.408
288.135
287.875
287.626
287.382
319.387
319.071
318.737
318.39
318.037
317.681
317.326
316.97
316.613
316.253
315.887
315.515
315.135
314.749
314.359
313.967
313.577
313.193
312.816
312.448
312.086
311.731
311.379
311.027
310.673
310.315
309.951
309.579
309.202
308.82
308.437
308.055
307.679
307.309
306.947
306.591
306.241
305.894
305.547
305.197
304.842
304.481
304.113
303.739
303.359
302.979
302.599
302.225
301.857
301.496
301.141
300.791
300.444
300.097
299.746
299.391
299.028
298.658
298.282
297.9
297.516
297.134
296.756
296.384
296.019
295.661
295.306
294.954
294.602
294.245
293.883
293.513
293.135
292.75
292.36
291.968
291.578
291.194
290.819
290.455
290.102
289.76
289.43
289.112
288.806
288.513
288.232
287.963
287.701
287.446
319.254
318.947
318.626
318.294
317.954
317.609
317.261
316.91
316.556
316.198
315.835
315.468
315.095
314.718
314.337
313.956
313.576
313.199
312.826
312.458
312.094
311.735
311.377
311.02
310.661
310.3
309.935
309.565
309.193
308.817
308.441
308.066
307.694
307.326
306.963
306.604
306.248
305.895
305.541
305.186
304.828
304.466
304.099
303.729
303.356
302.982
302.609
302.239
301.872
301.51
301.152
300.797
300.443
300.089
299.733
299.374
299.011
298.643
298.271
297.896
297.52
297.144
296.771
296.402
296.037
295.675
295.317
294.959
294.602
294.242
293.879
293.511
293.138
292.762
292.383
292.004
291.627
291.255
290.89
290.533
290.186
289.848
289.521
289.203
288.897
288.601
288.315
288.038
287.768
287.505
319.144
318.844
318.531
318.209
317.878
317.541
317.199
316.853
316.503
316.149
315.791
315.428
315.061
314.691
314.318
313.944
313.57
313.198
312.828
312.462
312.097
311.735
311.375
311.014
310.653
310.29
309.925
309.557
309.187
308.816
308.444
308.073
307.704
307.337
306.973
306.612
306.253
305.896
305.538
305.179
304.819
304.456
304.091
303.723
303.354
302.984
302.615
302.247
301.881
301.519
301.158
300.8
300.442
300.084
299.725
299.364
299.001
298.634
298.265
297.894
297.522
297.151
296.781
296.414
296.049
295.686
295.325
294.965
294.605
294.244
293.88
293.515
293.147
292.777
292.406
292.037
291.669
291.306
290.949
290.598
290.255
289.921
289.596
289.279
288.972
288.674
288.384
288.102
287.827
287.557
319.054
318.758
318.451
318.135
317.811
317.48
317.144
316.803
316.457
316.107
315.752
315.394
315.032
314.667
314.3
313.931
313.563
313.194
312.827
312.461
312.097
311.734
311.372
311.01
310.647
310.283
309.918
309.551
309.183
308.815
308.445
308.077
307.71
307.344
306.98
306.617
306.256
305.896
305.536
305.175
304.814
304.45
304.086
303.72
303.352
302.985
302.618
302.252
301.887
301.524
301.162
300.802
300.441
300.081
299.72
299.358
298.994
298.629
298.261
297.893
297.524
297.156
296.788
296.422
296.057
295.694
295.332
294.971
294.61
294.248
293.886
293.522
293.158
292.793
292.429
292.066
291.705
291.349
290.997
290.652
290.313
289.982
289.658
289.342
289.034
288.734
288.442
288.156
287.877
287.603
318.98
318.687
318.384
318.073
317.754
317.428
317.096
316.759
316.417
316.07
315.72
315.365
315.007
314.646
314.284
313.919
313.554
313.189
312.824
312.459
312.096
311.732
311.369
311.006
310.643
310.279
309.914
309.548
309.181
308.814
308.447
308.08
307.713
307.348
306.984
306.621
306.258
305.897
305.535
305.173
304.811
304.447
304.083
303.717
303.352
302.986
302.62
302.255
301.89
301.527
301.164
300.803
300.441
300.079
299.717
299.354
298.99
298.625
298.259
297.893
297.526
297.159
296.793
296.428
296.063
295.7
295.338
294.977
294.615
294.254
293.893
293.531
293.17
292.809
292.449
292.091
291.736
291.384
291.037
290.696
290.36
290.031
289.709
289.393
289.085
288.784
288.489
288.201
287.919
287.642
318.921
318.63
318.33
318.022
317.707
317.384
317.056
316.722
316.383
316.04
315.692
315.341
314.987
314.629
314.27
313.908
313.546
313.183
312.82
312.456
312.093
311.73
311.367
311.003
310.64
310.276
309.911
309.545
309.18
308.813
308.447
308.081
307.715
307.351
306.986
306.623
306.26
305.897
305.535
305.172
304.809
304.445
304.081
303.716
303.351
302.986
302.621
302.256
301.892
301.529
301.166
300.803
300.441
300.078
299.715
299.352
298.988
298.623
298.258
297.893
297.527
297.161
296.796
296.432
296.068
295.705
295.343
294.982
294.621
294.26
293.9
293.54
293.181
292.823
292.467
292.112
291.761
291.413
291.07
290.731
290.398
290.07
289.749
289.434
289.126
288.824
288.528
288.238
287.954
287.674
318.875
318.586
318.288
317.982
317.669
317.35
317.024
316.693
316.357
316.016
315.671
315.322
314.97
314.615
314.258
313.899
313.539
313.177
312.815
312.453
312.09
311.728
311.364
311.001
310.637
310.273
309.909
309.544
309.179
308.813
308.447
308.082
307.717
307.352
306.988
306.624
306.261
305.897
305.534
305.171
304.808
304.444
304.08
303.716
303.351
302.986
302.622
302.257
301.893
301.53
301.167
300.803
300.44
300.077
299.714
299.351
298.987
298.622
298.258
297.893
297.528
297.163
296.799
296.435
296.072
295.709
295.347
294.986
294.626
294.266
293.907
293.548
293.191
292.835
292.481
292.13
291.781
291.436
291.095
290.758
290.427
290.101
289.781
289.466
289.158
288.855
288.558
288.267
287.981
287.7
318.842
318.553
318.256
317.952
317.641
317.324
317
316.671
316.336
315.998
315.654
315.308
314.957
314.604
314.249
313.892
313.533
313.173
312.812
312.45
312.088
311.726
311.363
310.999
310.636
310.272
309.907
309.543
309.178
308.813
308.448
308.083
307.718
307.353
306.989
306.625
306.261
305.898
305.534
305.171
304.807
304.443
304.079
303.715
303.351
302.986
302.622
302.258
301.894
301.53
301.167
300.804
300.44
300.077
299.714
299.35
298.986
298.622
298.258
297.893
297.529
297.165
296.801
296.437
296.074
295.712
295.351
294.99
294.63
294.27
293.912
293.555
293.199
292.845
292.492
292.143
291.796
291.453
291.113
290.779
290.448
290.123
289.804
289.49
289.181
288.878
288.581
288.288
288.001
287.719
318.819
318.531
318.235
317.932
317.623
317.306
316.984
316.656
316.323
315.985
315.644
315.298
314.949
314.597
314.243
313.887
313.529
313.17
312.809
312.448
312.086
311.724
311.361
310.998
310.635
310.271
309.907
309.542
309.177
308.813
308.448
308.083
307.718
307.354
306.989
306.625
306.261
305.898
305.534
305.17
304.807
304.443
304.079
303.715
303.351
302.987
302.622
302.258
301.895
301.531
301.167
300.804
300.44
300.077
299.713
299.35
298.986
298.622
298.258
297.893
297.529
297.166
296.802
296.439
296.076
295.714
295.353
294.992
294.632
294.274
293.916
293.559
293.204
292.851
292.5
292.151
291.806
291.464
291.126
290.792
290.462
290.138
289.819
289.505
289.196
288.893
288.595
288.303
288.015
287.731
318.808
318.52
318.225
317.923
317.613
317.298
316.976
316.649
316.316
315.979
315.638
315.293
314.945
314.594
314.24
313.884
313.527
313.168
312.808
312.447
312.086
311.723
311.361
310.998
310.634
310.27
309.906
309.542
309.177
308.812
308.448
308.083
307.718
307.354
306.99
306.626
306.262
305.898
305.534
305.17
304.807
304.443
304.079
303.715
303.351
302.987
302.623
302.259
301.895
301.531
301.167
300.804
300.44
300.077
299.713
299.349
298.986
298.622
298.258
297.894
297.53
297.166
296.803
296.44
296.077
295.715
295.354
294.993
294.634
294.275
293.918
293.561
293.207
292.854
292.504
292.156
291.811
291.469
291.132
290.798
290.469
290.145
289.826
289.513
289.204
288.901
288.603
288.31
288.021
287.738
286.996
286.703
286.399
286.096
285.799
285.509
285.227
284.951
284.68
284.414
284.152
283.893
283.636
283.381
283.127
286.987
286.715
286.426
286.132
285.84
285.552
285.268
284.989
284.715
284.444
284.177
283.913
283.651
283.39
283.13
287.016
286.742
286.457
286.167
285.877
285.589
285.304
285.023
284.745
284.471
284.2
283.93
283.663
283.397
283.132
287.063
286.781
286.493
286.203
285.913
285.624
285.337
285.054
284.773
284.495
284.22
283.946
283.675
283.404
283.135
287.115
286.824
286.532
286.239
285.947
285.656
285.367
285.081
284.797
284.516
284.237
283.96
283.685
283.41
283.137
287.169
286.869
286.571
286.275
285.979
285.686
285.395
285.106
284.82
284.535
284.253
283.973
283.694
283.416
283.139
287.22
286.913
286.61
286.309
286.01
285.714
285.42
285.129
284.839
284.552
284.267
283.984
283.702
283.421
283.14
287.266
286.953
286.645
286.34
286.038
285.739
285.443
285.149
284.857
284.568
284.28
283.994
283.709
283.425
283.142
287.307
286.99
286.677
286.369
286.064
285.762
285.463
285.167
284.873
284.581
284.291
284.002
283.715
283.429
283.143
287.342
287.021
286.706
286.394
286.086
285.782
285.481
285.182
284.886
284.592
284.3
284.01
283.72
283.432
283.144
287.372
287.048
286.729
286.415
286.105
285.799
285.496
285.195
284.897
284.602
284.308
284.016
283.725
283.434
283.145
287.395
287.069
286.749
286.432
286.121
285.812
285.508
285.206
284.906
284.609
284.314
284.02
283.728
283.436
283.145
287.413
287.085
286.763
286.445
286.132
285.823
285.517
285.214
284.913
284.615
284.319
284.024
283.731
283.438
283.146
287.425
287.096
286.773
286.454
286.14
285.83
285.523
285.219
284.918
284.619
284.322
284.027
283.732
283.439
283.146
287.431
287.101
286.778
286.459
286.144
285.833
285.526
285.222
284.92
284.621
284.324
284.028
283.733
283.44
283.146
)
;

boundaryField
{
    hot
    {
        type            fixedValue;
        value           uniform 323;
    }
    cold
    {
        type            fixedValue;
        value           uniform 283;
    }
    interface_left
    {
        type            fixedValue;
        value           nonuniform List<scalar> 
90
(
319.195
319.195
320.686
320.686
321.104
321.104
321.309
321.309
321.309
321.45
321.45
321.605
321.605
321.776
321.776
322.074
322.074
322.189
322.189
322.259
322.259
322.3
322.3
322.3
322.332
322.332
322.369
322.369
322.411
322.411
322.485
322.485
322.514
322.514
322.531
322.531
322.542
322.542
322.542
322.549
322.549
322.557
322.557
322.566
322.566
322.579
322.579
322.583
322.583
322.584
322.584
322.583
322.583
322.583
322.581
322.581
322.577
322.577
322.567
322.567
322.54
322.54
322.523
322.523
322.508
322.508
322.494
322.494
322.494
322.475
322.475
322.442
322.442
322.385
322.385
322.236
322.236
322.148
322.148
322.068
322.068
321.992
321.992
321.992
321.837
321.837
321.837
321.837
321.837
321.837
)
;
    }
    interface_right
    {
        type            fixedValue;
        value           nonuniform List<scalar> 
90
(
290.736
290.736
287.109
287.109
286.236
286.236
285.832
285.832
285.832
285.563
285.563
285.272
285.272
284.953
284.953
284.403
284.403
284.191
284.191
284.063
284.063
283.987
283.987
283.987
283.929
283.929
283.863
283.863
283.788
283.788
283.659
283.659
283.61
283.61
283.581
283.581
283.565
283.565
283.565
283.555
283.555
283.546
283.546
283.539
283.539
283.538
283.538
283.544
283.544
283.552
283.552
283.562
283.562
283.562
283.577
283.577
283.605
283.605
283.652
283.652
283.775
283.775
283.846
283.846
283.909
283.909
283.965
283.965
283.965
284.039
284.039
284.164
284.164
284.376
284.376
284.937
284.937
285.275
285.275
285.605
285.605
285.959
285.959
285.959
287.277
287.277
287.277
287.277
287.277
287.277
)
;
    }
    interface_top
    {
        type            fixedValue;
        value           nonuniform List<scalar> 
90
(
321.837
321.837
318.758
318.758
317.78
317.78
317.21
317.21
317.21
316.704
316.704
316.034
316.034
315.146
315.146
313.293
313.293
312.434
312.434
311.811
311.811
311.368
311.368
311.368
310.929
310.929
310.321
310.321
309.494
309.494
307.738
307.738
306.916
306.916
306.314
306.314
305.883
305.883
305.883
305.453
305.453
304.856
304.856
304.04
304.04
302.302
302.302
301.485
301.485
300.886
300.886
300.456
300.456
300.456
300.025
300.025
299.423
299.423
298.599
298.599
296.839
296.839
296.008
296.008
295.396
295.396
294.953
294.953
294.953
294.505
294.505
293.873
293.873
292.995
292.995
291.077
291.077
290.138
290.138
289.399
289.399
288.786
288.786
288.786
287.277
287.277
287.277
287.277
287.277
287.277
)
;
    }
    interface_bottom
    {
        type            fixedValue;
        value           nonuniform List<scalar> 
90
(
319.195
319.195
317.388
317.388
316.665
316.665
316.204
316.204
316.204
315.774
315.774
315.19
315.19
314.406
314.406
312.761
312.761
311.995
311.995
311.438
311.438
311.041
311.041
311.041
310.646
310.646
310.099
310.099
309.355
309.355
307.777
307.777
307.038
307.038
306.498
306.498
306.111
306.111
306.111
305.725
305.725
305.188
305.188
304.455
304.455
302.896
302.896
302.164
302.164
301.628
301.628
301.242
301.242
301.242
300.856
300.856
300.318
300.318
299.582
299.582
298.014
298.014
297.276
297.276
296.734
296.734
296.344
296.344
296.344
295.953
295.953
295.406
295.406
294.659
294.659
293.065
293.065
292.314
292.314
291.758
291.758
291.348
291.348
291.348
290.736
290.736
290.736
290.736
290.736
290.736
)
;
    }
    defaultFaces
    {
        type            empty;
    }
}


// ************************************************************************* //
