/*--------------------------------*- C++ -*----------------------------------*\
| =========                 |                                                 |
| \\      /  F ield         | OpenFOAM: The Open Source CFD Toolbox           |
|  \\    /   O peration     | Version:  5.x                                   |
|   \\  /    A nd           | Web:      www.OpenFOAM.org                      |
|    \\/     M anipulation  |                                                 |
\*---------------------------------------------------------------------------*/
FoamFile
{
    version     2.0;
    format      ascii;
    class       volScalarField;
    location    "2.1";
    object      T;
}
// * * * * * * * * * * * * * * * * * * * * * * * * * * * * * * * * * * * * * //

dimensions      [0 0 0 1 0 0 0];

internalField   nonuniform List<scalar> 
6300
(
322.852
322.557
322.26
321.962
321.662
321.358
321.051
320.74
320.424
320.103
319.777
319.445
319.108
318.764
318.415
322.853
322.558
322.262
321.965
321.665
321.362
321.055
320.745
320.429
320.109
319.783
319.451
319.113
318.77
318.421
322.853
322.56
322.266
321.969
321.671
321.369
321.064
320.754
320.439
320.119
319.794
319.463
319.125
318.781
318.432
322.855
322.563
322.271
321.977
321.68
321.38
321.076
320.768
320.455
320.136
319.811
319.48
319.143
318.799
318.449
322.856
322.567
322.278
321.986
321.692
321.395
321.093
320.787
320.476
320.158
319.835
319.504
319.167
318.823
318.472
322.858
322.573
322.286
321.998
321.708
321.413
321.115
320.812
320.502
320.187
319.865
319.535
319.198
318.853
318.501
322.86
322.579
322.297
322.013
321.727
321.436
321.142
320.842
320.536
320.223
319.902
319.574
319.237
318.892
318.538
322.862
322.587
322.31
322.031
321.749
321.464
321.174
320.878
320.576
320.266
319.948
319.621
319.284
318.938
318.582
322.865
322.596
322.325
322.052
321.776
321.496
321.211
320.92
320.623
320.317
320.003
319.678
319.342
318.994
318.635
322.869
322.606
322.341
322.075
321.806
321.532
321.254
320.97
320.678
320.378
320.067
319.745
319.411
319.062
318.699
322.872
322.617
322.36
322.102
321.84
321.574
321.304
321.027
320.742
320.449
320.144
319.826
319.493
319.144
318.776
322.877
322.629
322.381
322.131
321.878
321.621
321.359
321.092
320.816
320.53
320.233
319.921
319.592
319.243
318.871
322.881
322.643
322.404
322.163
321.92
321.673
321.421
321.164
320.899
320.624
320.337
320.034
319.712
319.366
318.992
322.886
322.658
322.429
322.198
321.965
321.729
321.489
321.244
320.992
320.73
320.457
320.167
319.855
319.516
319.145
322.891
322.673
322.455
322.235
322.013
321.789
321.562
321.331
321.094
320.849
320.593
320.321
320.025
319.697
319.333
318.09
317.791
317.488
317.182
316.872
316.56
316.245
315.927
315.607
315.285
314.961
314.635
314.308
313.979
313.649
313.318
312.986
312.654
312.321
311.988
311.655
311.322
310.988
310.655
310.321
309.987
309.653
309.319
308.985
308.65
308.316
307.982
307.649
307.315
306.982
306.649
306.316
305.984
305.652
305.32
304.988
304.656
304.324
303.992
303.661
303.33
302.998
302.668
302.337
302.007
301.677
301.348
301.019
300.69
300.362
300.033
299.705
299.377
299.049
298.721
298.394
298.067
297.74
297.414
297.088
296.763
296.438
296.114
295.79
295.466
295.142
294.819
294.497
294.174
293.852
293.53
293.209
292.888
292.567
292.246
291.926
291.606
291.286
290.966
290.645
290.324
290.002
289.679
289.355
289.03
318.095
317.796
317.493
317.186
316.876
316.564
316.249
315.931
315.611
315.288
314.964
314.638
314.31
313.981
313.65
313.319
312.987
312.655
312.322
311.989
311.655
311.322
310.988
310.655
310.321
309.987
309.653
309.319
308.984
308.65
308.316
307.982
307.648
307.315
306.981
306.649
306.316
305.984
305.651
305.319
304.987
304.656
304.324
303.992
303.661
303.329
302.998
302.667
302.337
302.007
301.677
301.348
301.019
300.69
300.361
300.033
299.705
299.377
299.049
298.721
298.393
298.066
297.739
297.413
297.087
296.762
296.437
296.113
295.789
295.465
295.142
294.819
294.496
294.174
293.851
293.529
293.208
292.887
292.566
292.246
291.926
291.606
291.287
290.967
290.646
290.325
290.003
289.68
289.356
289.031
318.106
317.806
317.502
317.195
316.885
316.572
316.256
315.938
315.617
315.294
314.969
314.642
314.314
313.984
313.653
313.321
312.989
312.656
312.323
311.989
311.656
311.322
310.989
310.655
310.321
309.987
309.653
309.319
308.984
308.65
308.316
307.981
307.647
307.314
306.98
306.648
306.315
305.983
305.651
305.319
304.987
304.655
304.323
303.992
303.66
303.328
302.997
302.666
302.336
302.005
301.676
301.347
301.018
300.689
300.361
300.032
299.704
299.376
299.048
298.72
298.392
298.065
297.738
297.412
297.086
296.761
296.436
296.112
295.788
295.464
295.141
294.818
294.495
294.173
293.85
293.528
293.207
292.886
292.565
292.245
291.926
291.606
291.287
290.968
290.648
290.327
290.006
289.683
289.359
289.034
318.122
317.821
317.517
317.209
316.898
316.584
316.267
315.948
315.626
315.302
314.977
314.649
314.32
313.989
313.657
313.324
312.991
312.657
312.324
311.99
311.656
311.323
310.989
310.656
310.322
309.988
309.654
309.319
308.984
308.65
308.315
307.98
307.646
307.312
306.979
306.646
306.314
305.982
305.65
305.319
304.987
304.655
304.323
303.991
303.659
303.327
302.995
302.664
302.334
302.004
301.674
301.345
301.017
300.688
300.36
300.032
299.704
299.375
299.047
298.719
298.391
298.063
297.736
297.409
297.084
296.759
296.434
296.11
295.786
295.463
295.14
294.817
294.494
294.171
293.849
293.526
293.205
292.884
292.563
292.244
291.925
291.606
291.288
290.97
290.651
290.331
290.01
289.688
289.364
289.039
318.144
317.842
317.536
317.227
316.914
316.599
316.281
315.961
315.639
315.314
314.987
314.658
314.328
313.996
313.662
313.328
312.994
312.659
312.324
311.99
311.657
311.323
310.99
310.656
310.323
309.989
309.655
309.32
308.984
308.649
308.314
307.978
307.644
307.31
306.977
306.644
306.312
305.981
305.649
305.318
304.987
304.655
304.323
303.99
303.658
303.325
302.993
302.662
302.331
302.001
301.672
301.343
301.015
300.687
300.359
300.031
299.703
299.375
299.046
298.717
298.388
298.06
297.733
297.406
297.08
296.755
296.431
296.108
295.785
295.462
295.139
294.816
294.492
294.169
293.846
293.524
293.202
292.881
292.561
292.242
291.923
291.606
291.289
290.972
290.654
290.336
290.016
289.695
289.371
289.046
318.172
317.868
317.561
317.249
316.935
316.618
316.299
315.978
315.654
315.329
315
314.67
314.338
314.004
313.669
313.333
312.996
312.66
312.325
311.99
311.656
311.323
310.99
310.657
310.324
309.991
309.656
309.321
308.985
308.648
308.312
307.976
307.641
307.306
306.973
306.641
306.31
305.979
305.649
305.318
304.987
304.655
304.323
303.99
303.656
303.323
302.99
302.658
302.327
301.997
301.668
301.34
301.013
300.686
300.359
300.031
299.703
299.374
299.045
298.715
298.386
298.057
297.729
297.401
297.076
296.751
296.428
296.105
295.782
295.46
295.137
294.814
294.491
294.167
293.844
293.52
293.198
292.876
292.556
292.238
291.921
291.605
291.29
290.975
290.66
290.343
290.025
289.705
289.382
289.056
318.206
317.9
317.59
317.276
316.96
316.641
316.321
315.998
315.673
315.346
315.017
314.685
314.35
314.014
313.676
313.337
312.999
312.661
312.324
311.989
311.655
311.323
310.991
310.659
310.326
309.993
309.659
309.323
308.986
308.648
308.31
307.973
307.636
307.301
306.968
306.637
306.307
305.977
305.648
305.318
304.988
304.656
304.324
303.99
303.655
303.32
302.986
302.653
302.321
301.992
301.663
301.337
301.01
300.685
300.359
300.032
299.704
299.374
299.044
298.713
298.382
298.052
297.723
297.395
297.069
296.745
296.423
296.101
295.78
295.459
295.137
294.814
294.49
294.165
293.84
293.515
293.192
292.87
292.55
292.232
291.916
291.603
291.29
290.979
290.666
290.353
290.037
289.718
289.396
289.069
318.247
317.938
317.624
317.307
316.988
316.667
316.345
316.021
315.695
315.368
315.037
314.703
314.366
314.026
313.684
313.342
313
312.66
312.321
311.986
311.652
311.321
310.991
310.661
310.33
309.998
309.663
309.326
308.988
308.648
308.307
307.967
307.629
307.294
306.961
306.63
306.302
305.975
305.648
305.32
304.991
304.66
304.326
303.99
303.654
303.317
302.98
302.646
302.313
301.984
301.657
301.332
301.008
300.684
300.36
300.034
299.706
299.376
299.044
298.711
298.378
298.045
297.714
297.386
297.06
296.737
296.416
296.097
295.778
295.458
295.137
294.814
294.49
294.163
293.836
293.509
293.184
292.86
292.54
292.223
291.909
291.599
291.29
290.983
290.675
290.366
290.054
289.737
289.416
289.088
318.296
317.982
317.663
317.341
317.018
316.694
316.371
316.047
315.721
315.393
315.061
314.725
314.385
314.041
313.694
313.346
312.999
312.655
312.315
311.979
311.647
311.318
310.991
310.664
310.336
310.005
309.671
309.333
308.991
308.648
308.303
307.96
307.619
307.282
306.95
306.621
306.296
305.972
305.649
305.324
304.997
304.666
304.331
303.993
303.653
303.312
302.972
302.635
302.301
301.972
301.647
301.325
301.004
300.684
300.363
300.039
299.711
299.38
299.046
298.709
298.372
298.036
297.702
297.373
297.048
296.726
296.408
296.092
295.776
295.459
295.14
294.818
294.492
294.163
293.832
293.501
293.172
292.846
292.525
292.209
291.898
291.592
291.288
290.987
290.686
290.383
290.076
289.763
289.443
289.115
318.354
318.033
317.706
317.377
317.048
316.722
316.397
316.074
315.751
315.424
315.092
314.754
314.41
314.059
313.705
313.349
312.994
312.645
312.302
311.966
311.636
311.312
310.99
310.669
310.346
310.018
309.684
309.344
308.998
308.649
308.298
307.948
307.603
307.265
306.933
306.608
306.287
305.969
305.652
305.332
305.007
304.677
304.341
303.999
303.653
303.305
302.96
302.618
302.283
301.955
301.633
301.315
301.001
300.686
300.37
300.049
299.722
299.389
299.051
298.708
298.364
298.022
297.685
297.354
297.029
296.711
296.397
296.087
295.776
295.464
295.148
294.826
294.498
294.165
293.828
293.491
293.156
292.826
292.503
292.188
291.88
291.58
291.284
290.991
290.699
290.406
290.107
289.8
289.483
289.153
318.423
318.091
317.752
317.412
317.076
316.746
316.422
316.103
315.784
315.461
315.132
314.793
314.443
314.084
313.718
313.348
312.983
312.626
312.279
311.944
311.619
311.302
310.989
310.677
310.361
310.039
309.706
309.364
309.011
308.652
308.289
307.93
307.579
307.238
306.907
306.587
306.274
305.966
305.658
305.345
305.026
304.698
304.359
304.01
303.655
303.296
302.941
302.593
302.256
301.929
301.612
301.302
300.997
300.692
300.383
300.067
299.742
299.406
299.061
298.709
298.354
298.003
297.659
297.325
297.002
296.688
296.382
296.081
295.779
295.475
295.163
294.842
294.512
294.172
293.826
293.477
293.132
292.795
292.469
292.155
291.853
291.56
291.275
290.994
290.715
290.435
290.149
289.853
289.54
289.209
318.508
318.16
317.799
317.441
317.094
316.761
316.442
316.131
315.823
315.509
315.185
314.846
314.491
314.119
313.734
313.343
312.96
312.591
312.24
311.907
311.59
311.285
310.988
310.691
310.387
310.073
309.744
309.398
309.035
308.658
308.276
307.901
307.539
307.195
306.867
306.555
306.255
305.962
305.669
305.369
305.059
304.733
304.391
304.032
303.661
303.283
302.911
302.553
302.212
301.888
301.58
301.283
300.992
300.702
300.406
300.098
299.776
299.437
299.082
298.714
298.339
297.972
297.617
297.28
296.96
296.655
296.361
296.074
295.788
295.495
295.191
294.873
294.539
294.189
293.826
293.458
293.096
292.749
292.419
292.107
291.811
291.53
291.259
290.995
290.734
290.473
290.207
289.928
289.625
289.291
318.618
318.246
317.843
317.455
317.091
316.758
316.447
316.156
315.869
315.572
315.259
314.923
314.563
314.172
313.759
313.327
312.916
312.529
312.175
311.846
311.543
311.258
310.985
310.714
310.429
310.129
309.804
309.456
309.076
308.674
308.254
307.852
307.474
307.127
306.805
306.507
306.226
305.958
305.69
305.409
305.113
304.792
304.448
304.073
303.675
303.259
302.862
302.488
302.145
301.826
301.531
301.253
300.988
300.722
300.445
300.151
299.833
299.492
299.121
298.727
298.315
297.922
297.551
297.212
296.896
296.605
296.329
296.067
295.805
295.531
295.241
294.927
294.59
294.223
293.835
293.428
293.041
292.676
292.343
292.033
291.749
291.484
291.235
290.992
290.751
290.517
290.284
290.036
289.755
289.42
318.775
318.376
317.866
317.436
317.043
316.721
316.426
316.176
315.931
315.656
315.368
315.033
314.68
314.259
313.81
313.282
312.836
312.421
312.074
311.749
311.472
311.211
310.982
310.754
310.494
310.221
309.899
309.558
309.151
308.716
308.203
307.769
307.364
307.025
306.706
306.435
306.178
305.953
305.729
305.472
305.202
304.885
304.548
304.146
303.716
303.209
302.78
302.379
302.043
301.728
301.46
301.205
300.983
300.76
300.506
300.239
299.924
299.591
299.192
298.766
298.264
297.838
297.441
297.109
296.797
296.531
296.28
296.06
295.84
295.589
295.324
295.013
294.684
294.29
293.869
293.372
292.952
292.559
292.232
291.923
291.662
291.414
291.2
290.989
290.756
290.56
290.382
290.194
289.96
289.637
319.022
318.666
317.773
317.365
316.891
316.645
316.34
316.186
316.038
315.756
315.546
315.17
314.894
314.385
313.975
313.12
312.712
312.213
311.943
311.58
311.38
311.116
310.979
310.842
310.579
310.38
310.022
309.757
309.267
308.87
308.041
307.644
307.157
306.894
306.539
306.343
306.083
305.948
305.814
305.555
305.359
305.006
304.743
304.26
303.867
303.048
302.656
302.174
301.913
301.562
301.368
301.111
300.977
300.844
300.587
300.393
300.043
299.783
299.304
298.915
298.103
297.714
297.237
296.979
296.631
296.438
296.184
296.052
295.92
295.666
295.474
295.127
294.87
294.396
294.011
293.207
292.823
292.349
292.093
291.746
291.554
291.296
291.161
291.016
290.707
290.578
290.497
290.415
290.296
290.052
288.671
288.279
287.885
287.491
287.097
286.703
286.309
285.916
285.524
285.134
284.744
284.355
283.967
283.58
283.193
288.672
288.28
287.886
287.492
287.097
286.702
286.308
285.915
285.523
285.132
284.743
284.354
283.967
283.58
283.193
288.675
288.282
287.887
287.492
287.097
286.701
286.307
285.913
285.521
285.13
284.741
284.352
283.965
283.579
283.193
288.679
288.285
287.889
287.493
287.096
286.7
286.304
285.91
285.517
285.127
284.737
284.35
283.963
283.577
283.192
288.685
288.29
287.892
287.494
287.095
286.697
286.3
285.905
285.512
285.121
284.732
284.345
283.96
283.575
283.192
288.694
288.296
287.896
287.495
287.093
286.693
286.294
285.898
285.505
285.114
284.726
284.34
283.956
283.573
283.191
288.706
288.305
287.901
287.496
287.09
286.687
286.286
285.889
285.495
285.104
284.717
284.332
283.95
283.569
283.19
288.723
288.317
287.907
287.496
287.086
286.678
286.275
285.876
285.481
285.091
284.705
284.322
283.943
283.565
283.188
288.746
288.333
287.915
287.496
287.079
286.666
286.259
285.858
285.463
285.074
284.69
284.31
283.933
283.559
283.186
288.778
288.355
287.924
287.494
287.067
286.648
286.237
285.834
285.439
285.052
284.671
284.294
283.922
283.552
283.184
288.823
288.383
287.934
287.487
287.049
286.621
286.206
285.802
285.408
285.024
284.646
284.275
283.907
283.543
283.181
288.889
288.42
287.942
287.473
287.019
286.583
286.164
285.76
285.369
284.988
284.616
284.25
283.89
283.533
283.177
288.985
288.464
287.942
287.442
286.971
286.527
286.106
285.705
285.318
284.944
284.579
284.221
283.869
283.52
283.173
289.129
288.51
287.92
287.383
286.896
286.448
286.03
285.634
285.256
284.891
284.535
284.187
283.844
283.505
283.168
289.337
288.525
287.845
287.275
286.781
286.339
285.931
285.547
285.181
284.828
284.484
284.148
283.816
283.489
283.163
322.896
322.688
322.48
322.27
322.06
321.848
321.633
321.416
321.194
320.967
320.732
320.484
320.212
319.895
319.483
322.901
322.702
322.503
322.303
322.103
321.902
321.7
321.496
321.289
321.081
320.868
320.648
320.414
320.141
319.73
322.905
322.716
322.527
322.337
322.147
321.957
321.767
321.577
321.387
321.197
321.008
320.822
320.642
320.484
320.431
322.91
322.73
322.55
322.371
322.192
322.013
321.835
321.658
321.484
321.312
321.147
320.991
320.855
320.755
320.719
322.915
322.744
322.574
322.404
322.235
322.068
321.902
321.738
321.578
321.424
321.279
321.148
321.042
320.98
321.005
322.919
322.758
322.597
322.437
322.279
322.121
321.967
321.815
321.669
321.529
321.4
321.287
321.199
321.146
321.138
322.924
322.772
322.62
322.47
322.32
322.174
322.029
321.889
321.755
321.628
321.511
321.41
321.33
321.281
321.281
322.928
322.785
322.642
322.501
322.361
322.224
322.089
321.959
321.835
321.718
321.611
321.517
321.44
321.382
321.346
322.932
322.798
322.664
322.531
322.4
322.271
322.146
322.026
321.911
321.802
321.703
321.613
321.535
321.468
321.399
322.937
322.81
322.684
322.559
322.437
322.317
322.2
322.088
321.981
321.88
321.787
321.701
321.624
321.554
321.492
322.94
322.821
322.703
322.587
322.472
322.36
322.251
322.147
322.047
321.953
321.865
321.784
321.708
321.634
321.552
322.944
322.833
322.722
322.612
322.505
322.401
322.299
322.202
322.109
322.022
321.94
321.863
321.79
321.719
321.653
322.948
322.843
322.739
322.637
322.537
322.439
322.345
322.254
322.168
322.087
322.011
321.939
321.87
321.801
321.719
322.951
322.853
322.756
322.66
322.566
322.475
322.387
322.303
322.223
322.148
322.078
322.013
321.951
321.891
321.832
322.954
322.862
322.771
322.682
322.594
322.509
322.427
322.349
322.275
322.206
322.143
322.084
322.031
321.98
321.914
322.957
322.871
322.786
322.702
322.62
322.541
322.465
322.392
322.324
322.261
322.203
322.152
322.109
322.078
322.076
322.96
322.879
322.799
322.721
322.645
322.57
322.5
322.432
322.369
322.311
322.26
322.215
322.18
322.157
322.149
322.962
322.887
322.812
322.739
322.667
322.598
322.532
322.469
322.411
322.358
322.311
322.271
322.241
322.225
322.231
322.965
322.894
322.824
322.755
322.688
322.623
322.562
322.503
322.449
322.4
322.356
322.32
322.293
322.277
322.272
322.967
322.9
322.835
322.77
322.707
322.647
322.589
322.534
322.484
322.438
322.397
322.364
322.338
322.323
322.322
322.969
322.906
322.845
322.784
322.725
322.668
322.614
322.563
322.515
322.472
322.433
322.401
322.375
322.358
322.347
322.971
322.912
322.854
322.797
322.742
322.688
322.637
322.589
322.544
322.502
322.465
322.434
322.407
322.388
322.377
322.972
322.917
322.863
322.809
322.757
322.706
322.658
322.612
322.569
322.53
322.494
322.462
322.435
322.411
322.392
322.974
322.922
322.87
322.82
322.77
322.723
322.677
322.634
322.593
322.555
322.52
322.488
322.459
322.432
322.405
322.975
322.926
322.878
322.83
322.783
322.738
322.695
322.653
322.614
322.578
322.544
322.512
322.482
322.454
322.427
322.977
322.93
322.884
322.839
322.795
322.752
322.711
322.671
322.634
322.599
322.566
322.534
322.504
322.475
322.443
322.978
322.934
322.89
322.847
322.806
322.765
322.726
322.688
322.652
322.618
322.586
322.556
322.526
322.497
322.468
322.979
322.937
322.896
322.855
322.816
322.777
322.739
322.704
322.669
322.637
322.606
322.576
322.547
322.518
322.486
322.98
322.94
322.901
322.862
322.825
322.788
322.752
322.718
322.685
322.654
322.625
322.596
322.569
322.542
322.515
322.981
322.943
322.906
322.869
322.833
322.798
322.764
322.731
322.7
322.67
322.642
322.616
322.591
322.566
322.537
322.982
322.946
322.91
322.875
322.841
322.807
322.775
322.744
322.714
322.686
322.659
322.634
322.612
322.592
322.581
322.983
322.948
322.914
322.881
322.848
322.816
322.785
322.755
322.726
322.7
322.674
322.651
322.631
322.614
322.6
322.984
322.951
322.918
322.886
322.854
322.824
322.794
322.765
322.738
322.712
322.688
322.667
322.647
322.632
322.623
322.984
322.953
322.921
322.891
322.86
322.831
322.802
322.775
322.749
322.724
322.701
322.68
322.662
322.646
322.634
322.985
322.955
322.924
322.895
322.866
322.837
322.81
322.783
322.758
322.734
322.712
322.692
322.674
322.658
322.647
322.985
322.956
322.927
322.899
322.871
322.843
322.817
322.791
322.767
322.743
322.722
322.702
322.684
322.668
322.654
322.986
322.958
322.93
322.902
322.875
322.849
322.823
322.798
322.774
322.752
322.73
322.71
322.692
322.676
322.662
322.986
322.959
322.932
322.905
322.879
322.853
322.828
322.804
322.781
322.759
322.738
322.718
322.699
322.682
322.666
322.987
322.96
322.934
322.908
322.883
322.858
322.833
322.81
322.787
322.765
322.745
322.725
322.706
322.688
322.669
322.987
322.961
322.936
322.911
322.886
322.862
322.838
322.815
322.793
322.771
322.751
322.731
322.712
322.693
322.675
322.987
322.962
322.938
322.913
322.889
322.865
322.842
322.819
322.797
322.776
322.756
322.736
322.717
322.698
322.679
322.988
322.963
322.939
322.915
322.891
322.868
322.845
322.823
322.802
322.781
322.761
322.741
322.722
322.704
322.686
322.988
322.964
322.94
322.917
322.894
322.871
322.849
322.827
322.806
322.785
322.765
322.746
322.727
322.709
322.69
322.988
322.965
322.941
322.918
322.896
322.873
322.851
322.83
322.809
322.789
322.77
322.751
322.732
322.714
322.697
322.988
322.965
322.942
322.92
322.897
322.875
322.854
322.833
322.812
322.792
322.773
322.755
322.737
322.719
322.701
322.989
322.966
322.943
322.921
322.899
322.877
322.856
322.835
322.815
322.795
322.777
322.758
322.741
322.725
322.711
322.989
322.966
322.944
322.922
322.9
322.878
322.857
322.837
322.817
322.798
322.779
322.762
322.745
322.729
322.714
322.989
322.967
322.944
322.922
322.901
322.88
322.859
322.838
322.819
322.8
322.782
322.764
322.748
322.732
322.718
322.989
322.967
322.945
322.923
322.901
322.88
322.86
322.84
322.82
322.801
322.783
322.766
322.75
322.734
322.72
322.989
322.967
322.945
322.923
322.902
322.881
322.86
322.84
322.821
322.802
322.784
322.767
322.751
322.736
322.721
322.989
322.967
322.945
322.923
322.902
322.881
322.86
322.84
322.821
322.803
322.785
322.768
322.752
322.736
322.722
322.989
322.967
322.945
322.923
322.902
322.881
322.86
322.84
322.821
322.802
322.785
322.768
322.752
322.737
322.722
322.989
322.967
322.945
322.923
322.901
322.88
322.86
322.84
322.82
322.802
322.784
322.767
322.751
322.736
322.722
322.989
322.966
322.944
322.922
322.9
322.879
322.859
322.838
322.819
322.801
322.783
322.766
322.75
322.735
322.722
322.989
322.966
322.944
322.921
322.899
322.878
322.857
322.837
322.817
322.799
322.781
322.764
322.748
322.734
322.72
322.988
322.966
322.943
322.92
322.898
322.876
322.855
322.835
322.815
322.796
322.778
322.761
322.746
322.731
322.719
322.988
322.965
322.942
322.919
322.896
322.874
322.853
322.832
322.812
322.793
322.775
322.758
322.742
322.728
322.715
322.988
322.964
322.941
322.917
322.894
322.872
322.85
322.829
322.809
322.789
322.771
322.754
322.738
322.724
322.712
322.988
322.963
322.939
322.915
322.892
322.869
322.847
322.825
322.805
322.785
322.766
322.748
322.732
322.717
322.705
322.987
322.962
322.938
322.913
322.889
322.866
322.843
322.821
322.8
322.78
322.76
322.742
322.725
322.71
322.698
322.987
322.961
322.936
322.911
322.886
322.862
322.839
322.816
322.794
322.774
322.754
322.735
322.717
322.7
322.682
322.987
322.96
322.934
322.908
322.883
322.858
322.834
322.81
322.788
322.767
322.747
322.727
322.709
322.691
322.674
322.986
322.959
322.932
322.905
322.879
322.853
322.828
322.804
322.781
322.76
322.739
322.719
322.7
322.682
322.662
322.986
322.957
322.929
322.901
322.874
322.848
322.822
322.797
322.774
322.752
322.73
322.71
322.691
322.673
322.655
322.985
322.956
322.926
322.897
322.869
322.842
322.815
322.79
322.766
322.743
322.721
322.701
322.682
322.663
322.644
322.985
322.954
322.923
322.893
322.864
322.835
322.808
322.781
322.756
322.733
322.711
322.691
322.672
322.654
322.637
322.984
322.952
322.92
322.888
322.857
322.828
322.799
322.772
322.746
322.722
322.7
322.68
322.661
322.644
322.627
322.983
322.949
322.916
322.883
322.851
322.82
322.79
322.761
322.735
322.71
322.688
322.667
322.65
322.634
322.621
322.982
322.947
322.911
322.877
322.843
322.811
322.779
322.75
322.722
322.697
322.674
322.653
322.636
322.623
322.614
322.981
322.944
322.907
322.87
322.835
322.801
322.768
322.737
322.708
322.681
322.658
322.637
322.62
322.608
322.599
322.98
322.941
322.902
322.863
322.826
322.79
322.755
322.722
322.692
322.664
322.639
322.618
322.601
322.59
322.587
322.979
322.937
322.896
322.855
322.816
322.778
322.741
322.706
322.674
322.645
322.619
322.596
322.579
322.567
322.562
322.978
322.934
322.89
322.847
322.805
322.764
322.726
322.689
322.655
322.623
322.595
322.571
322.552
322.541
322.541
322.976
322.93
322.883
322.837
322.793
322.75
322.709
322.67
322.633
322.599
322.569
322.542
322.52
322.506
322.499
322.975
322.925
322.876
322.827
322.78
322.734
322.69
322.649
322.609
322.573
322.54
322.51
322.484
322.465
322.461
322.973
322.92
322.868
322.816
322.766
322.717
322.671
322.626
322.584
322.545
322.508
322.474
322.443
322.413
322.376
322.972
322.915
322.859
322.805
322.751
322.699
322.649
322.602
322.557
322.514
322.475
322.437
322.402
322.367
322.333
322.97
322.91
322.85
322.792
322.735
322.68
322.626
322.576
322.527
322.482
322.439
322.399
322.36
322.32
322.274
322.968
322.904
322.84
322.778
322.717
322.658
322.602
322.548
322.496
322.448
322.403
322.359
322.318
322.277
322.239
322.966
322.897
322.83
322.763
322.699
322.636
322.575
322.518
322.463
322.412
322.364
322.319
322.276
322.233
322.186
322.963
322.891
322.818
322.748
322.678
322.611
322.547
322.486
322.428
322.374
322.324
322.277
322.233
322.192
322.154
322.961
322.883
322.806
322.731
322.657
322.585
322.516
322.451
322.39
322.333
322.281
322.233
322.189
322.148
322.105
322.958
322.875
322.793
322.712
322.633
322.557
322.484
322.414
322.349
322.289
322.235
322.186
322.144
322.107
322.077
322.956
322.867
322.779
322.693
322.608
322.526
322.448
322.374
322.304
322.241
322.185
322.135
322.094
322.061
322.043
322.953
322.858
322.764
322.672
322.581
322.494
322.41
322.33
322.256
322.189
322.129
322.079
322.038
322.004
321.963
322.949
322.848
322.748
322.649
322.552
322.458
322.368
322.282
322.203
322.13
322.068
322.017
321.978
321.951
321.928
322.946
322.838
322.731
322.626
322.522
322.421
322.323
322.23
322.144
322.066
321.998
321.946
321.911
321.897
321.902
322.942
322.828
322.713
322.6
322.489
322.38
322.275
322.174
322.079
321.993
321.919
321.862
321.828
321.828
321.871
322.939
322.817
322.695
322.574
322.455
322.338
322.224
322.113
322.009
321.913
321.828
321.761
321.723
321.73
321.815
322.935
322.805
322.676
322.547
322.419
322.293
322.169
322.049
321.933
321.824
321.725
321.642
321.585
321.578
321.686
289.555
288.421
287.674
287.106
286.63
286.207
285.817
285.451
285.1
284.761
284.431
284.107
283.788
283.471
283.157
289.154
288.056
287.394
286.888
286.455
286.064
285.699
285.352
285.018
284.694
284.378
284.066
283.759
283.454
283.151
287.574
287.388
287.007
286.62
286.252
285.902
285.567
285.244
284.93
284.623
284.321
284.023
283.729
283.437
283.145
286.952
286.854
286.625
286.339
286.035
285.73
285.428
285.13
284.836
284.547
284.261
283.978
283.697
283.418
283.139
286.366
286.412
286.281
286.069
285.821
285.556
285.285
285.012
284.74
284.469
284.2
283.931
283.664
283.398
283.133
286.1
286.093
285.993
285.826
285.617
285.386
285.144
284.895
284.643
284.39
284.137
283.884
283.631
283.379
283.126
285.825
285.838
285.753
285.61
285.429
285.225
285.006
284.779
284.547
284.312
284.074
283.836
283.598
283.359
283.12
285.701
285.65
285.554
285.42
285.257
285.073
284.875
284.667
284.453
284.234
284.012
283.789
283.564
283.339
283.113
285.603
285.493
285.382
285.251
285.1
284.932
284.75
284.56
284.362
284.159
283.952
283.743
283.532
283.319
283.107
285.434
285.337
285.223
285.096
284.954
284.799
284.633
284.457
284.274
284.086
283.893
283.697
283.5
283.3
283.1
285.323
285.193
285.074
284.951
284.818
284.674
284.521
284.359
284.19
284.015
283.836
283.654
283.469
283.282
283.094
285.142
285.04
284.929
284.812
284.689
284.557
284.416
284.267
284.11
283.949
283.782
283.612
283.439
283.264
283.088
285.023
284.895
284.787
284.679
284.566
284.445
284.316
284.179
284.035
283.885
283.73
283.572
283.41
283.247
283.082
284.822
284.735
284.644
284.549
284.448
284.339
284.221
284.096
283.963
283.824
283.681
283.533
283.383
283.231
283.077
284.677
284.578
284.503
284.424
284.336
284.239
284.132
284.017
283.895
283.767
283.634
283.497
283.357
283.215
283.072
284.392
284.405
284.366
284.306
284.231
284.145
284.049
283.944
283.832
283.714
283.591
283.463
283.333
283.201
283.067
284.264
284.268
284.244
284.197
284.134
284.058
283.971
283.876
283.773
283.664
283.55
283.432
283.31
283.187
283.063
284.123
284.149
284.137
284.1
284.046
283.978
283.9
283.813
283.718
283.617
283.512
283.402
283.289
283.174
283.058
284.052
284.059
284.046
284.014
283.967
283.906
283.835
283.755
283.667
283.574
283.476
283.374
283.269
283.163
283.054
283.967
283.981
283.97
283.94
283.897
283.841
283.775
283.702
283.621
283.535
283.444
283.349
283.251
283.152
283.051
283.923
283.921
283.906
283.876
283.835
283.783
283.722
283.654
283.579
283.498
283.414
283.325
283.234
283.141
283.047
283.872
283.87
283.851
283.821
283.78
283.731
283.674
283.61
283.54
283.465
283.386
283.304
283.219
283.132
283.044
283.848
283.83
283.805
283.772
283.732
283.685
283.63
283.57
283.505
283.435
283.361
283.284
283.204
283.123
283.041
283.827
283.795
283.764
283.729
283.689
283.643
283.591
283.534
283.473
283.407
283.338
283.266
283.191
283.115
283.039
283.789
283.759
283.726
283.69
283.65
283.605
283.555
283.501
283.443
283.382
283.317
283.249
283.179
283.108
283.036
283.764
283.726
283.69
283.653
283.613
283.57
283.523
283.471
283.417
283.358
283.297
283.234
283.168
283.102
283.034
283.723
283.69
283.655
283.619
283.58
283.538
283.493
283.444
283.392
283.337
283.28
283.22
283.158
283.096
283.032
283.696
283.656
283.621
283.585
283.548
283.508
283.465
283.419
283.37
283.318
283.264
283.207
283.149
283.09
283.03
283.649
283.619
283.587
283.554
283.519
283.481
283.44
283.396
283.35
283.3
283.249
283.196
283.141
283.085
283.028
283.616
283.582
283.554
283.524
283.491
283.455
283.417
283.375
283.331
283.284
283.236
283.185
283.133
283.08
283.027
283.55
283.542
283.521
283.495
283.465
283.432
283.395
283.356
283.314
283.27
283.224
283.176
283.126
283.076
283.025
283.521
283.51
283.493
283.47
283.442
283.411
283.376
283.339
283.299
283.257
283.213
283.167
283.12
283.073
283.024
283.49
283.484
283.468
283.447
283.421
283.391
283.359
283.323
283.285
283.245
283.203
283.159
283.115
283.069
283.023
283.474
283.463
283.448
283.428
283.403
283.375
283.343
283.309
283.273
283.234
283.194
283.152
283.11
283.066
283.022
283.456
283.446
283.431
283.411
283.387
283.36
283.33
283.297
283.262
283.225
283.186
283.146
283.105
283.063
283.021
283.447
283.434
283.417
283.397
283.374
283.347
283.318
283.286
283.252
283.217
283.179
283.141
283.101
283.061
283.02
283.436
283.423
283.406
283.386
283.362
283.336
283.308
283.277
283.244
283.21
283.173
283.136
283.098
283.059
283.02
283.432
283.416
283.397
283.377
283.353
283.327
283.299
283.269
283.237
283.203
283.168
283.132
283.095
283.057
283.019
283.428
283.41
283.39
283.369
283.345
283.32
283.292
283.262
283.231
283.198
283.164
283.129
283.093
283.056
283.019
283.423
283.404
283.385
283.363
283.339
283.314
283.286
283.257
283.226
283.194
283.16
283.126
283.091
283.055
283.018
283.42
283.4
283.38
283.358
283.335
283.309
283.282
283.253
283.222
283.191
283.158
283.124
283.089
283.054
283.018
283.415
283.397
283.377
283.355
283.331
283.305
283.278
283.25
283.22
283.188
283.155
283.122
283.088
283.053
283.018
283.414
283.395
283.374
283.352
283.329
283.303
283.276
283.247
283.218
283.186
283.154
283.121
283.087
283.052
283.017
283.412
283.394
283.373
283.351
283.327
283.302
283.275
283.246
283.216
283.185
283.153
283.12
283.086
283.052
283.017
283.412
283.394
283.374
283.351
283.327
283.302
283.275
283.246
283.216
283.185
283.153
283.12
283.086
283.052
283.017
283.416
283.396
283.375
283.353
283.328
283.303
283.275
283.247
283.217
283.185
283.153
283.12
283.086
283.052
283.017
283.419
283.399
283.378
283.355
283.33
283.305
283.277
283.248
283.218
283.187
283.154
283.121
283.087
283.052
283.017
283.424
283.403
283.381
283.358
283.334
283.307
283.28
283.251
283.22
283.189
283.156
283.122
283.088
283.053
283.018
283.428
283.408
283.386
283.363
283.338
283.312
283.284
283.254
283.223
283.191
283.158
283.124
283.089
283.054
283.018
283.435
283.413
283.391
283.368
283.343
283.317
283.288
283.259
283.227
283.195
283.161
283.126
283.091
283.055
283.018
283.44
283.42
283.398
283.375
283.35
283.323
283.294
283.264
283.232
283.199
283.164
283.129
283.093
283.056
283.019
283.447
283.427
283.405
283.382
283.357
283.33
283.301
283.271
283.238
283.204
283.169
283.132
283.095
283.057
283.019
283.452
283.434
283.414
283.392
283.367
283.339
283.31
283.278
283.245
283.21
283.174
283.136
283.098
283.059
283.02
283.458
283.443
283.425
283.402
283.377
283.35
283.319
283.287
283.253
283.217
283.179
283.141
283.101
283.061
283.02
283.47
283.455
283.437
283.415
283.39
283.362
283.331
283.297
283.262
283.225
283.186
283.146
283.105
283.063
283.021
283.48
283.47
283.453
283.431
283.405
283.376
283.344
283.309
283.272
283.234
283.193
283.152
283.109
283.066
283.022
283.501
283.489
283.471
283.449
283.422
283.392
283.358
283.322
283.284
283.244
283.202
283.158
283.114
283.069
283.023
283.519
283.511
283.494
283.47
283.442
283.41
283.375
283.337
283.297
283.255
283.211
283.165
283.119
283.072
283.024
283.554
283.541
283.52
283.494
283.464
283.43
283.393
283.354
283.311
283.267
283.221
283.174
283.125
283.075
283.025
283.586
283.575
283.551
283.522
283.489
283.453
283.414
283.372
283.327
283.281
283.232
283.182
283.131
283.079
283.026
283.656
283.618
283.585
283.552
283.516
283.477
283.436
283.391
283.345
283.296
283.245
283.192
283.138
283.083
283.028
283.692
283.657
283.621
283.584
283.545
283.504
283.46
283.413
283.364
283.312
283.258
283.203
283.146
283.088
283.029
283.741
283.696
283.656
283.617
283.576
283.532
283.486
283.436
283.384
283.33
283.273
283.214
283.154
283.093
283.031
283.77
283.732
283.692
283.651
283.608
283.562
283.514
283.462
283.407
283.349
283.289
283.227
283.163
283.098
283.033
283.813
283.769
283.728
283.687
283.642
283.595
283.544
283.489
283.431
283.37
283.306
283.241
283.173
283.104
283.035
283.839
283.804
283.765
283.724
283.679
283.63
283.576
283.519
283.458
283.393
283.325
283.255
283.184
283.111
283.037
283.878
283.84
283.804
283.764
283.719
283.668
283.612
283.551
283.486
283.418
283.346
283.271
283.195
283.118
283.039
283.899
283.876
283.846
283.808
283.762
283.71
283.651
283.587
283.518
283.444
283.368
283.289
283.208
283.125
283.042
283.924
283.917
283.892
283.856
283.81
283.756
283.694
283.625
283.552
283.474
283.392
283.308
283.221
283.133
283.045
283.977
283.969
283.947
283.912
283.864
283.807
283.741
283.667
283.589
283.505
283.418
283.328
283.236
283.142
283.047
284.022
284.03
284.012
283.976
283.926
283.864
283.792
283.714
283.629
283.54
283.446
283.35
283.252
283.151
283.051
284.109
284.109
284.09
284.051
283.995
283.927
283.849
283.764
283.673
283.576
283.476
283.373
283.268
283.161
283.054
284.182
284.202
284.182
284.136
284.073
283.997
283.912
283.819
283.72
283.616
283.509
283.398
283.286
283.172
283.057
284.329
284.324
284.29
284.233
284.16
284.074
283.979
283.878
283.77
283.658
283.543
283.425
283.305
283.183
283.061
284.462
284.466
284.415
284.342
284.255
284.158
284.052
283.94
283.823
283.703
283.579
283.452
283.324
283.195
283.065
284.761
284.646
284.555
284.46
284.357
284.246
284.129
284.007
283.88
283.749
283.616
283.481
283.345
283.207
283.069
284.915
284.81
284.699
284.584
284.465
284.34
284.21
284.076
283.938
283.798
283.655
283.511
283.366
283.22
283.073
285.131
284.978
284.844
284.712
284.576
284.437
284.294
284.147
283.999
283.848
283.695
283.542
283.388
283.233
283.078
285.261
285.132
284.989
284.841
284.691
284.536
284.38
284.221
284.06
283.899
283.736
283.573
283.41
283.246
283.082
285.468
285.297
285.137
284.974
284.807
284.638
284.467
284.295
284.123
283.95
283.778
283.605
283.432
283.259
283.086
285.599
285.455
285.286
285.108
284.925
284.74
284.555
284.37
284.186
284.002
283.819
283.636
283.454
283.272
283.091
285.817
285.63
285.443
285.245
285.044
284.843
284.643
284.445
284.248
284.053
283.86
283.668
283.476
283.286
283.095
285.953
285.807
285.605
285.386
285.164
284.945
284.729
284.518
284.309
284.104
283.9
283.699
283.498
283.298
283.099
286.171
286.022
285.78
285.528
285.282
285.044
284.813
284.589
284.369
284.152
283.939
283.728
283.519
283.311
283.104
286.774
286.301
285.961
285.666
285.395
285.138
284.893
284.656
284.425
284.199
283.977
283.757
283.539
283.323
283.108
286.972
286.488
286.11
285.788
285.497
285.225
284.967
284.719
284.479
284.243
284.012
283.784
283.559
283.335
283.111
287.048
286.602
286.222
285.888
285.585
285.302
285.035
284.777
284.528
284.285
284.046
283.81
283.577
283.346
283.115
287.082
286.67
286.301
285.966
285.659
285.37
285.095
284.83
284.573
284.323
284.077
283.834
283.594
283.356
283.118
287.094
286.709
286.355
286.027
285.719
285.427
285.148
284.877
284.615
284.358
284.105
283.856
283.61
283.365
283.122
287.085
286.726
286.391
286.073
285.769
285.476
285.194
284.92
284.652
284.39
284.132
283.877
283.625
283.374
283.125
322.931
322.792
322.654
322.516
322.379
322.242
322.107
321.974
321.844
321.719
321.599
321.489
321.395
321.324
321.287
322.926
322.778
322.63
322.481
322.333
322.185
322.038
321.89
321.743
321.597
321.453
321.309
321.164
321.012
320.831
322.921
322.763
322.605
322.447
322.288
322.128
321.967
321.805
321.641
321.475
321.305
321.128
320.94
320.729
320.473
322.916
322.749
322.582
322.413
322.243
322.072
321.899
321.722
321.542
321.357
321.164
320.96
320.739
320.491
320.201
322.912
322.736
322.559
322.38
322.2
322.018
321.833
321.643
321.448
321.246
321.034
320.808
320.565
320.295
319.99
322.908
322.723
322.537
322.35
322.16
321.967
321.771
321.569
321.361
321.144
320.917
320.676
320.416
320.133
319.823
322.904
322.711
322.517
322.321
322.122
321.921
321.714
321.502
321.282
321.054
320.814
320.561
320.291
320
319.687
322.9
322.7
322.498
322.295
322.088
321.878
321.663
321.442
321.213
320.975
320.726
320.463
320.185
319.89
319.575
322.897
322.69
322.482
322.272
322.058
321.841
321.618
321.389
321.153
320.907
320.65
320.381
320.098
319.799
319.484
322.894
322.682
322.468
322.252
322.032
321.809
321.58
321.345
321.101
320.849
320.587
320.313
320.026
319.725
319.409
322.892
322.674
322.456
322.235
322.01
321.782
321.548
321.307
321.059
320.803
320.536
320.258
319.968
319.665
319.349
322.89
322.669
322.446
322.221
321.993
321.76
321.522
321.278
321.026
320.765
320.495
320.215
319.923
319.619
319.303
322.888
322.664
322.439
322.211
321.98
321.744
321.503
321.256
321.001
320.738
320.466
320.183
319.89
319.585
319.269
322.887
322.661
322.434
322.204
321.971
321.734
321.491
321.241
320.985
320.72
320.446
320.162
319.868
319.563
319.246
322.887
322.66
322.432
322.201
321.967
321.728
321.484
321.234
320.977
320.711
320.436
320.152
319.857
319.552
319.235
321.273
320.86
319.483
318.897
318.271
317.96
317.592
317.411
317.241
316.923
316.689
316.273
315.968
315.411
314.962
314.029
313.584
313.038
312.743
312.349
312.13
311.842
311.693
311.544
311.258
311.042
310.652
310.362
309.828
309.394
308.486
308.052
307.517
307.227
306.836
306.62
306.334
306.185
306.037
305.751
305.534
305.144
304.854
304.318
303.882
302.971
302.535
301.997
301.706
301.313
301.096
300.808
300.658
300.508
300.22
300.002
299.608
299.314
298.773
298.332
297.409
296.967
296.422
296.126
295.726
295.505
295.21
295.057
294.903
294.606
294.379
293.967
293.659
293.085
292.612
291.616
291.134
290.526
290.19
289.719
289.448
289.057
288.837
288.549
287.829
287.575
287.46
287.387
287.321
287.23
320.575
320.147
319.479
318.921
318.422
318.027
317.676
317.386
317.108
316.799
316.48
316.11
315.721
315.261
314.77
314.194
313.707
313.254
312.877
312.522
312.221
311.936
311.688
311.44
311.157
310.858
310.508
310.136
309.692
309.216
308.655
308.179
307.733
307.361
307.011
306.712
306.429
306.181
305.934
305.65
305.352
305.001
304.628
304.182
303.704
303.141
302.663
302.216
301.841
301.489
301.189
300.904
300.654
300.405
300.119
299.818
299.463
299.087
298.636
298.153
297.582
297.098
296.645
296.265
295.907
295.602
295.311
295.056
294.8
294.505
294.193
293.824
293.428
292.952
292.437
291.824
291.3
290.804
290.383
289.976
289.622
289.271
288.954
288.614
288.213
287.922
287.713
287.546
287.394
287.23
320.16
319.781
319.318
318.857
318.424
318.032
317.673
317.342
317.019
316.688
316.343
315.974
315.58
315.153
314.701
314.231
313.783
313.362
312.976
312.619
312.289
311.978
311.682
311.386
311.077
310.75
310.395
310.015
309.601
309.161
308.7
308.26
307.846
307.465
307.11
306.783
306.473
306.178
305.882
305.572
305.244
304.889
304.508
304.092
303.65
303.188
302.746
302.329
301.946
301.59
301.26
300.949
300.651
300.353
300.041
299.71
299.352
298.966
298.546
298.099
297.632
297.184
296.762
296.374
296.012
295.678
295.36
295.057
294.752
294.431
294.089
293.717
293.315
292.874
292.402
291.905
291.428
290.974
290.554
290.159
289.79
289.438
289.102
288.769
288.439
288.15
287.903
287.686
287.483
287.279
319.879
319.536
319.152
318.756
318.365
317.99
317.631
317.285
316.943
316.598
316.243
315.872
315.485
315.08
314.661
314.236
313.819
313.418
313.036
312.674
312.33
311.999
311.676
311.353
311.022
310.68
310.321
309.943
309.546
309.135
308.717
308.306
307.909
307.531
307.171
306.828
306.497
306.174
305.851
305.52
305.177
304.816
304.437
304.039
303.626
303.206
302.792
302.393
302.013
301.651
301.306
300.973
300.648
300.322
299.989
299.642
299.278
298.896
298.494
298.076
297.652
297.234
296.83
296.445
296.078
295.728
295.39
295.059
294.727
294.385
294.029
293.654
293.258
292.84
292.404
291.959
291.52
291.095
290.689
290.303
289.935
289.583
289.245
288.919
288.606
288.317
288.052
287.807
287.573
287.344
319.672
319.351
319.005
318.645
318.283
317.924
317.57
317.221
316.873
316.522
316.164
315.795
315.416
315.026
314.629
314.229
313.832
313.445
313.069
312.705
312.352
312.008
311.669
311.329
310.986
310.634
310.272
309.898
309.513
309.12
308.724
308.33
307.945
307.571
307.208
306.855
306.511
306.171
305.831
305.486
305.133
304.769
304.394
304.007
303.612
303.213
302.818
302.43
302.054
301.689
301.334
300.988
300.645
300.303
299.955
299.599
299.233
298.854
298.463
298.065
297.662
297.262
296.871
296.49
296.121
295.762
295.41
295.063
294.715
294.361
293.997
293.622
293.233
292.831
292.42
292.004
291.592
291.188
290.797
290.42
290.057
289.708
289.372
289.049
288.74
288.448
288.172
287.91
287.658
287.412
319.509
319.202
318.877
318.54
318.196
317.85
317.503
317.157
316.808
316.456
316.099
315.735
315.363
314.984
314.601
314.216
313.833
313.455
313.084
312.72
312.362
312.01
311.661
311.312
310.961
310.604
310.24
309.869
309.492
309.11
308.726
308.343
307.965
307.594
307.229
306.871
306.518
306.168
305.817
305.464
305.105
304.74
304.367
303.988
303.603
303.217
302.832
302.452
302.078
301.711
301.351
300.996
300.643
300.29
299.934
299.572
299.204
298.828
298.446
298.058
297.668
297.28
296.896
296.519
296.148
295.784
295.425
295.068
294.711
294.35
293.983
293.608
293.226
292.836
292.442
292.045
291.651
291.263
290.884
290.516
290.159
289.814
289.481
289.16
288.851
288.555
288.271
287.999
287.735
287.477
319.377
319.079
318.767
318.443
318.112
317.776
317.437
317.094
316.748
316.399
316.044
315.684
315.319
314.949
314.576
314.201
313.827
313.455
313.088
312.724
312.365
312.009
311.654
311.299
310.943
310.583
310.219
309.85
309.478
309.102
308.725
308.349
307.976
307.607
307.241
306.88
306.522
306.165
305.808
305.45
305.087
304.721
304.35
303.975
303.597
303.218
302.84
302.464
302.092
301.724
301.361
301
300.641
300.282
299.92
299.556
299.186
298.813
298.435
298.054
297.672
297.291
296.912
296.537
296.167
295.8
295.436
295.074
294.712
294.347
293.979
293.607
293.23
292.849
292.466
292.082
291.701
291.325
290.956
290.596
290.245
289.903
289.572
289.252
288.942
288.643
288.355
288.075
287.803
287.537
319.268
318.976
318.672
318.358
318.036
317.708
317.374
317.036
316.694
316.348
315.997
315.642
315.282
314.919
314.553
314.185
313.817
313.451
313.086
312.723
312.363
312.005
311.647
311.289
310.93
310.568
310.204
309.837
309.468
309.096
308.724
308.352
307.982
307.614
307.248
306.885
306.523
306.163
305.802
305.44
305.076
304.709
304.339
303.967
303.593
303.218
302.844
302.471
302.1
301.732
301.366
301.002
300.639
300.276
299.912
299.545
299.176
298.803
298.429
298.052
297.675
297.298
296.923
296.55
296.179
295.811
295.445
295.081
294.716
294.35
293.982
293.612
293.239
292.865
292.49
292.116
291.744
291.377
291.016
290.662
290.315
289.978
289.649
289.329
289.019
288.718
288.425
288.14
287.863
287.591
319.179
318.891
318.592
318.284
317.969
317.646
317.318
316.985
316.646
316.304
315.957
315.606
315.25
314.892
314.531
314.169
313.806
313.443
313.081
312.719
312.359
312
311.64
311.281
310.92
310.558
310.194
309.828
309.46
309.091
308.722
308.353
307.984
307.617
307.251
306.887
306.523
306.16
305.797
305.433
305.068
304.701
304.332
303.961
303.59
303.218
302.846
302.474
302.105
301.736
301.369
301.003
300.638
300.272
299.906
299.538
299.169
298.798
298.425
298.051
297.677
297.303
296.93
296.558
296.188
295.82
295.453
295.087
294.721
294.355
293.988
293.62
293.251
292.882
292.513
292.146
291.781
291.421
291.066
290.716
290.374
290.039
289.712
289.393
289.082
288.779
288.484
288.196
287.914
287.637
319.106
318.821
318.526
318.222
317.911
317.593
317.269
316.94
316.605
316.266
315.922
315.575
315.224
314.869
314.513
314.154
313.794
313.434
313.074
312.714
312.354
311.994
311.634
311.274
310.912
310.55
310.186
309.821
309.455
309.088
308.72
308.352
307.985
307.618
307.252
306.887
306.523
306.158
305.794
305.429
305.063
304.695
304.327
303.958
303.587
303.217
302.846
302.476
302.107
301.738
301.371
301.004
300.637
300.27
299.902
299.534
299.165
298.794
298.423
298.051
297.678
297.306
296.935
296.564
296.195
295.827
295.46
295.093
294.727
294.361
293.996
293.63
293.264
292.898
292.534
292.172
291.813
291.457
291.106
290.761
290.422
290.089
289.764
289.445
289.134
288.83
288.532
288.242
287.957
287.677
319.047
318.764
318.472
318.171
317.864
317.549
317.228
316.902
316.571
316.234
315.894
315.549
315.201
314.85
314.497
314.141
313.784
313.426
313.067
312.708
312.349
311.989
311.629
311.268
310.906
310.544
310.18
309.816
309.451
309.085
308.718
308.351
307.985
307.619
307.253
306.887
306.522
306.157
305.791
305.425
305.059
304.692
304.324
303.955
303.586
303.216
302.846
302.477
302.108
301.739
301.371
301.004
300.636
300.268
299.9
299.532
299.162
298.792
298.422
298.051
297.68
297.309
296.939
296.569
296.2
295.832
295.465
295.099
294.733
294.368
294.003
293.639
293.276
292.913
292.552
292.194
291.839
291.487
291.139
290.797
290.46
290.13
289.805
289.487
289.176
288.871
288.572
288.279
287.992
287.71
319.002
318.719
318.429
318.131
317.826
317.514
317.196
316.872
316.543
316.209
315.871
315.529
315.183
314.835
314.483
314.13
313.775
313.418
313.061
312.703
312.344
311.984
311.624
311.263
310.902
310.539
310.176
309.812
309.447
309.082
308.716
308.35
307.984
307.618
307.252
306.887
306.521
306.155
305.789
305.423
305.056
304.689
304.321
303.953
303.584
303.215
302.846
302.477
302.108
301.74
301.372
301.003
300.635
300.267
299.899
299.53
299.161
298.791
298.421
298.051
297.681
297.311
296.941
296.572
296.204
295.837
295.47
295.104
294.739
294.374
294.01
293.647
293.286
292.926
292.567
292.212
291.859
291.51
291.165
290.825
290.49
290.161
289.837
289.52
289.208
288.902
288.603
288.308
288.02
287.736
318.968
318.687
318.398
318.101
317.797
317.487
317.171
316.849
316.522
316.19
315.854
315.513
315.17
314.823
314.473
314.121
313.768
313.412
313.056
312.698
312.34
311.981
311.621
311.26
310.898
310.536
310.173
309.809
309.445
309.08
308.715
308.349
307.984
307.618
307.252
306.886
306.52
306.154
305.788
305.422
305.055
304.687
304.32
303.952
303.583
303.215
302.846
302.477
302.109
301.74
301.372
301.003
300.635
300.267
299.898
299.529
299.16
298.791
298.421
298.051
297.682
297.312
296.943
296.575
296.207
295.84
295.473
295.108
294.743
294.379
294.016
293.654
293.294
292.935
292.579
292.225
291.874
291.527
291.184
290.846
290.512
290.184
289.861
289.543
289.232
288.926
288.625
288.33
288.04
287.755
318.946
318.665
318.377
318.081
317.779
317.47
317.155
316.834
316.508
316.177
315.842
315.503
315.161
314.815
314.466
314.115
313.763
313.408
313.052
312.695
312.337
311.978
311.618
311.258
310.896
310.534
310.171
309.808
309.444
309.079
308.714
308.349
307.983
307.617
307.252
306.886
306.52
306.154
305.787
305.421
305.054
304.686
304.319
303.951
303.583
303.214
302.846
302.477
302.109
301.74
301.372
301.003
300.635
300.266
299.897
299.529
299.159
298.79
298.421
298.052
297.682
297.313
296.945
296.576
296.209
295.842
295.476
295.11
294.746
294.382
294.02
293.659
293.299
292.942
292.587
292.234
291.885
291.539
291.197
290.859
290.526
290.199
289.876
289.559
289.247
288.941
288.64
288.345
288.054
287.768
318.935
318.654
318.367
318.071
317.769
317.461
317.147
316.827
316.501
316.171
315.837
315.498
315.156
314.811
314.463
314.112
313.76
313.406
313.05
312.694
312.336
311.977
311.617
311.257
310.895
310.533
310.17
309.807
309.443
309.078
308.713
308.348
307.983
307.617
307.251
306.886
306.519
306.153
305.787
305.42
305.053
304.686
304.318
303.95
303.582
303.214
302.846
302.477
302.109
301.74
301.372
301.003
300.635
300.266
299.897
299.528
299.159
298.79
298.421
298.052
297.683
297.314
296.945
296.577
296.21
295.843
295.477
295.111
294.747
294.384
294.022
293.661
293.302
292.945
292.59
292.238
291.89
291.544
291.203
290.866
290.533
290.206
289.884
289.567
289.255
288.949
288.648
288.352
288.061
287.775
287.019
286.725
286.418
286.113
285.814
285.523
285.238
284.961
284.689
284.421
284.158
283.897
283.639
283.383
283.128
287.012
286.737
286.446
286.151
285.857
285.566
285.281
285
284.724
284.452
284.183
283.918
283.654
283.392
283.13
287.042
286.766
286.479
286.187
285.895
285.605
285.318
285.035
284.755
284.479
284.206
283.936
283.667
283.4
283.133
287.09
286.805
286.516
286.224
285.931
285.64
285.352
285.066
284.783
284.504
284.227
283.952
283.679
283.407
283.135
287.144
286.85
286.556
286.26
285.966
285.673
285.382
285.094
284.809
284.526
284.245
283.966
283.689
283.413
283.138
287.198
286.896
286.596
286.297
285.999
285.704
285.41
285.12
284.831
284.545
284.261
283.979
283.698
283.418
283.139
287.25
286.941
286.635
286.331
286.031
285.732
285.436
285.143
284.851
284.562
284.276
283.99
283.706
283.423
283.141
287.297
286.982
286.671
286.364
286.059
285.758
285.459
285.163
284.869
284.578
284.288
284
283.714
283.428
283.143
287.339
287.019
286.704
286.393
286.085
285.781
285.48
285.182
284.885
284.591
284.299
284.009
283.72
283.431
283.144
287.375
287.051
286.733
286.418
286.108
285.802
285.498
285.197
284.899
284.603
284.309
284.016
283.725
283.435
283.145
287.405
287.078
286.757
286.44
286.128
285.819
285.513
285.211
284.911
284.613
284.317
284.023
283.73
283.437
283.146
287.429
287.1
286.776
286.458
286.143
285.833
285.526
285.221
284.92
284.621
284.323
284.028
283.733
283.44
283.146
287.447
287.116
286.791
286.471
286.155
285.843
285.535
285.23
284.927
284.627
284.328
284.031
283.736
283.441
283.147
287.459
287.127
286.801
286.48
286.163
285.85
285.541
285.235
284.932
284.63
284.331
284.034
283.738
283.442
283.147
287.465
287.133
286.806
286.484
286.167
285.854
285.544
285.238
284.934
284.632
284.333
284.035
283.738
283.443
283.148
)
;

boundaryField
{
    hot
    {
        type            fixedValue;
        value           uniform 323;
    }
    cold
    {
        type            fixedValue;
        value           uniform 283;
    }
    interface_left
    {
        type            fixedValue;
        value           nonuniform List<scalar> 
90
(
319.197
319.197
320.703
320.703
321.128
321.128
321.337
321.337
321.337
321.483
321.483
321.645
321.645
321.824
321.824
322.139
322.139
322.263
322.263
322.339
322.339
322.384
322.384
322.384
322.419
322.419
322.46
322.46
322.508
322.508
322.592
322.592
322.626
322.626
322.646
322.646
322.658
322.658
322.658
322.668
322.668
322.678
322.678
322.689
322.689
322.707
322.707
322.713
322.713
322.715
322.715
322.715
322.715
322.715
322.713
322.713
322.709
322.709
322.698
322.698
322.668
322.668
322.649
322.649
322.631
322.631
322.615
322.615
322.615
322.594
322.594
322.556
322.556
322.493
322.493
322.328
322.328
322.233
322.233
322.147
322.147
322.067
322.067
322.067
321.909
321.909
321.909
321.909
321.909
321.909
)
;
    }
    interface_right
    {
        type            fixedValue;
        value           nonuniform List<scalar> 
90
(
290.553
290.553
286.977
286.977
286.111
286.111
285.709
285.709
285.709
285.439
285.439
285.147
285.147
284.826
284.826
284.272
284.272
284.059
284.059
283.93
283.93
283.854
283.854
283.854
283.796
283.796
283.729
283.729
283.656
283.656
283.529
283.529
283.481
283.481
283.454
283.454
283.439
283.439
283.439
283.43
283.43
283.423
283.423
283.42
283.42
283.426
283.426
283.436
283.436
283.448
283.448
283.46
283.46
283.46
283.478
283.478
283.51
283.51
283.563
283.563
283.7
283.7
283.779
283.779
283.848
283.848
283.908
283.908
283.908
283.986
283.986
284.119
284.119
284.341
284.341
284.922
284.922
285.27
285.27
285.608
285.608
285.968
285.968
285.968
287.303
287.303
287.303
287.303
287.303
287.303
)
;
    }
    interface_top
    {
        type            fixedValue;
        value           nonuniform List<scalar> 
90
(
321.909
321.909
318.915
318.915
317.968
317.968
317.415
317.415
317.415
316.925
316.925
316.273
316.273
315.408
315.408
313.594
313.594
312.749
312.749
312.135
312.135
311.696
311.696
311.696
311.259
311.259
310.652
310.652
309.824
309.824
308.061
308.061
307.231
307.231
306.624
306.624
306.187
306.187
306.187
305.751
305.751
305.143
305.143
304.314
304.314
302.544
302.544
301.711
301.711
301.099
301.099
300.66
300.66
300.66
300.22
300.22
299.607
299.607
298.768
298.768
296.977
296.977
296.131
296.131
295.508
295.508
295.059
295.059
295.059
294.605
294.605
293.965
293.965
293.078
293.078
291.141
291.141
290.192
290.192
289.447
289.447
288.827
288.827
288.827
287.303
287.303
287.303
287.303
287.303
287.303
)
;
    }
    interface_bottom
    {
        type            fixedValue;
        value           nonuniform List<scalar> 
90
(
319.197
319.197
317.377
317.377
316.65
316.65
316.188
316.188
316.188
315.755
315.755
315.167
315.167
314.377
314.377
312.717
312.717
311.943
311.943
311.38
311.38
310.976
310.976
310.976
310.575
310.575
310.017
310.017
309.258
309.258
307.648
307.648
306.893
306.893
306.342
306.342
305.946
305.946
305.946
305.55
305.55
305
305
304.25
304.25
302.659
302.659
301.913
301.913
301.367
301.367
300.975
300.975
300.975
300.583
300.583
300.037
300.037
299.294
299.294
297.716
297.716
296.977
296.977
296.436
296.436
296.048
296.048
296.048
295.66
295.66
295.12
295.12
294.384
294.384
292.822
292.822
292.088
292.088
291.547
291.547
291.148
291.148
291.148
290.553
290.553
290.553
290.553
290.553
290.553
)
;
    }
    defaultFaces
    {
        type            empty;
    }
}


// ************************************************************************* //
