/*--------------------------------*- C++ -*----------------------------------*\
| =========                 |                                                 |
| \\      /  F ield         | OpenFOAM: The Open Source CFD Toolbox           |
|  \\    /   O peration     | Version:  5.x                                   |
|   \\  /    A nd           | Web:      www.OpenFOAM.org                      |
|    \\/     M anipulation  |                                                 |
\*---------------------------------------------------------------------------*/
FoamFile
{
    version     2.0;
    format      ascii;
    class       volScalarField;
    location    "1.5";
    object      gradTx;
}
// * * * * * * * * * * * * * * * * * * * * * * * * * * * * * * * * * * * * * //

dimensions      [0 -1 0 1 0 0 0];

internalField   nonuniform List<scalar> 
6300
(
-29.3533
-29.4211
-29.5559
-29.7566
-30.0209
-30.3459
-30.7276
-31.1608
-31.6393
-32.1555
-32.7006
-33.2649
-33.8379
-34.4093
-34.9691
-29.2856
-29.354
-29.4902
-29.693
-29.9602
-30.2892
-30.676
-31.1156
-31.6017
-32.1266
-32.6815
-33.2561
-33.8396
-34.421
-34.9894
-29.1494
-29.2191
-29.3579
-29.5648
-29.8379
-30.1748
-30.5717
-31.0239
-31.5252
-32.0679
-32.6425
-33.2385
-33.8436
-34.4455
-35.032
-28.9437
-29.0151
-29.1576
-29.3704
-29.652
-30.0003
-30.4121
-30.8831
-31.4074
-31.9771
-32.5825
-33.2116
-33.8509
-34.4855
-35.1006
-28.6665
-28.7401
-28.8871
-29.1072
-29.3994
-29.7622
-30.1934
-30.6892
-31.2441
-31.8507
-32.4986
-33.1747
-33.8629
-34.545
-35.2021
-28.3156
-28.3916
-28.5437
-28.7719
-29.0761
-29.4559
-29.9101
-30.436
-31.0294
-31.6831
-32.3866
-33.1256
-33.881
-34.6297
-35.3461
-27.8889
-27.9671
-28.1241
-28.3605
-28.6773
-29.0753
-29.555
-30.1155
-30.7542
-31.4655
-32.2394
-33.0602
-33.9057
-34.7465
-35.5473
-27.3839
-27.464
-27.6251
-27.8688
-28.1972
-28.6131
-29.119
-29.7168
-30.4066
-31.1854
-32.0451
-32.9701
-33.9352
-34.9035
-35.8258
-26.7988
-26.8799
-27.0436
-27.2922
-27.6298
-28.0609
-28.5912
-29.2261
-29.9701
-30.8245
-31.7855
-32.84
-33.9617
-35.1065
-36.2079
-26.1325
-26.2134
-26.377
-26.6269
-26.9687
-27.4096
-27.9588
-28.6264
-29.423
-30.3572
-31.4324
-32.6425
-33.965
-35.353
-36.7239
-25.3853
-25.4642
-25.6241
-25.8698
-26.2085
-26.6501
-27.2079
-27.8978
-28.7384
-29.7487
-30.9446
-32.3328
-33.9027
-35.6168
-37.3936
-24.5594
-24.6339
-24.7855
-25.0198
-25.3452
-25.7745
-26.3248
-27.0186
-27.8842
-28.9547
-30.2644
-31.8412
-33.6962
-35.8175
-38.1778
-23.6589
-23.7265
-23.8644
-24.0785
-24.3782
-24.778
-25.2982
-25.9675
-26.825
-27.9214
-29.3169
-31.0714
-33.2232
-35.7793
-38.8259
-22.6909
-22.7487
-22.8671
-23.0515
-23.3113
-23.661
-24.1225
-24.7283
-25.527
-26.5889
-28.0104
-29.9041
-32.346
-35.2507
-38.4723
-21.665
-21.7105
-21.8037
-21.9491
-22.1545
-22.4323
-22.8024
-23.2963
-23.9658
-24.8967
-26.2312
-28.1885
-31.0063
-34.4069
-34.9654
-35.4655
-35.8966
-36.3062
-36.6926
-37.0552
-37.3937
-37.7089
-38.0011
-38.2709
-38.518
-38.7422
-38.9427
-39.1186
-39.2692
-39.3948
-39.4961
-39.575
-39.6343
-39.6776
-39.7089
-39.7321
-39.7508
-39.7677
-39.7843
-39.8011
-39.8173
-39.8316
-39.8421
-39.8468
-39.8444
-39.8342
-39.8165
-39.7926
-39.7647
-39.7354
-39.7072
-39.6826
-39.6632
-39.6495
-39.6412
-39.6369
-39.6345
-39.6315
-39.6257
-39.6151
-39.5986
-39.5764
-39.5494
-39.5194
-39.4887
-39.4598
-39.4347
-39.4149
-39.4008
-39.3918
-39.3863
-39.3821
-39.3767
-39.3675
-39.3527
-39.3311
-39.3025
-39.268
-39.2293
-39.1886
-39.1485
-39.1109
-39.0774
-39.0485
-39.0238
-39.002
-38.9812
-38.9594
-38.9347
-38.906
-38.8734
-38.8379
-38.8022
-38.7699
-38.7452
-38.7327
-38.7369
-38.7611
-38.8075
-38.8766
-38.9667
-39.0747
-39.1952
-39.3219
-39.4475
-35.4922
-35.9274
-36.3396
-36.7271
-37.0896
-37.4276
-37.7419
-38.0336
-38.3034
-38.5512
-38.7765
-38.9781
-39.1548
-39.3055
-39.4298
-39.5284
-39.6032
-39.6574
-39.6949
-39.7205
-39.7387
-39.7536
-39.7681
-39.7841
-39.8018
-39.8202
-39.8372
-39.8504
-39.8572
-39.8557
-39.845
-39.8254
-39.7985
-39.7669
-39.7337
-39.7022
-39.6752
-39.6549
-39.6418
-39.6355
-39.6342
-39.6354
-39.6358
-39.6326
-39.6234
-39.607
-39.5834
-39.5537
-39.5204
-39.4862
-39.4543
-39.4272
-39.4068
-39.3935
-39.3867
-39.3844
-39.384
-39.3821
-39.3757
-39.3625
-39.341
-39.3111
-39.2741
-39.232
-39.1879
-39.1447
-39.1051
-39.0708
-39.0425
-39.0196
-39.0005
-38.9826
-38.9634
-38.9403
-38.9117
-38.8773
-38.8383
-38.7974
-38.7588
-38.7274
-38.7088
-38.7079
-38.7291
-38.7749
-38.846
-38.9411
-39.0564
-39.1862
-39.3233
-39.4596
-35.548
-35.9915
-36.4085
-36.7978
-37.1596
-37.4954
-37.8075
-38.0978
-38.3675
-38.6169
-38.8449
-39.0496
-39.2286
-39.3798
-39.5019
-39.595
-39.6613
-39.7044
-39.7296
-39.7428
-39.7502
-39.7568
-39.7666
-39.7816
-39.8017
-39.8251
-39.8485
-39.8679
-39.8795
-39.8803
-39.8687
-39.845
-39.8114
-39.7714
-39.7296
-39.6906
-39.6585
-39.6362
-39.6245
-39.6227
-39.6282
-39.6372
-39.6453
-39.6481
-39.6423
-39.626
-39.5991
-39.5635
-39.5226
-39.4805
-39.4418
-39.4102
-39.3883
-39.3769
-39.3751
-39.38
-39.3878
-39.3939
-39.3939
-39.3842
-39.363
-39.3301
-39.2873
-39.2378
-39.1858
-39.1358
-39.0915
-39.0555
-39.0286
-39.0099
-38.997
-38.9861
-38.973
-38.9538
-38.9257
-38.8879
-38.8412
-38.7892
-38.7371
-38.6913
-38.6591
-38.6472
-38.6615
-38.7056
-38.781
-38.8862
-39.0171
-39.1667
-39.326
-39.4847
-35.6376
-36.0938
-36.5175
-36.908
-37.2668
-37.5976
-37.9046
-38.1915
-38.461
-38.7133
-38.9469
-39.1581
-39.3426
-39.4961
-39.6156
-39.7005
-39.7527
-39.7774
-39.7816
-39.7738
-39.7626
-39.7555
-39.7577
-39.7717
-39.7969
-39.83
-39.8655
-39.8968
-39.9176
-39.9228
-39.9099
-39.879
-39.8334
-39.7786
-39.7214
-39.6692
-39.628
-39.6021
-39.593
-39.5994
-39.6172
-39.6406
-39.6625
-39.6762
-39.6764
-39.6601
-39.6274
-39.581
-39.5264
-39.4701
-39.4191
-39.3793
-39.3547
-39.3467
-39.3537
-39.3715
-39.3942
-39.4146
-39.4258
-39.4226
-39.4018
-39.3633
-39.31
-39.247
-39.181
-39.1187
-39.066
-39.0269
-39.0028
-38.992
-38.9906
-38.9926
-38.9912
-38.9799
-38.9539
-38.9109
-38.8519
-38.7812
-38.706
-38.6356
-38.58
-38.5489
-38.5507
-38.5912
-38.6728
-38.7944
-38.9508
-39.1331
-39.3293
-39.5255
-35.7692
-36.243
-36.6745
-37.0637
-37.4146
-37.7342
-38.0305
-38.3106
-38.5791
-38.8369
-39.081
-39.3052
-39.5013
-39.6614
-39.7794
-39.8528
-39.884
-39.8798
-39.8508
-39.8097
-39.7694
-39.7409
-39.7319
-39.7458
-39.781
-39.8316
-39.8885
-39.9409
-39.978
-39.9916
-39.977
-39.9344
-39.8688
-39.7891
-39.7063
-39.6319
-39.5755
-39.5439
-39.5393
-39.5596
-39.5984
-39.6461
-39.6915
-39.7237
-39.7342
-39.718
-39.6753
-39.6106
-39.5326
-39.4521
-39.3803
-39.3266
-39.2973
-39.2948
-39.3166
-39.3562
-39.4038
-39.4483
-39.4787
-39.4862
-39.466
-39.418
-39.3467
-39.2607
-39.1707
-39.0876
-39.0209
-38.9769
-38.9576
-38.9606
-38.9793
-39.004
-39.0236
-39.0272
-39.0064
-38.9569
-38.8792
-38.7795
-38.6681
-38.5585
-38.4654
-38.4032
-38.3842
-38.4173
-38.5069
-38.6523
-38.8471
-39.0793
-39.3323
-39.5864
-35.9559
-36.4532
-36.8924
-37.2746
-37.6076
-37.9043
-38.1796
-38.4464
-38.7128
-38.9804
-39.244
-39.4926
-39.7119
-39.8873
-40.0073
-40.0662
-40.0664
-40.018
-39.9375
-39.8446
-39.7592
-39.6982
-39.6734
-39.6892
-39.7428
-39.8242
-39.9182
-40.0069
-40.0726
-40.1011
-40.0845
-40.023
-39.9247
-39.8041
-39.6793
-39.5686
-39.4876
-39.4467
-39.4499
-39.4933
-39.5668
-39.655
-39.7395
-39.8028
-39.8304
-39.8144
-39.7547
-39.6594
-39.5425
-39.4218
-39.3154
-39.2386
-39.2016
-39.2079
-39.254
-39.3292
-39.4181
-39.5025
-39.5645
-39.5898
-39.5704
-39.506
-39.4046
-39.2802
-39.1503
-39.0329
-38.9432
-38.8911
-38.8802
-38.9064
-38.9592
-39.0229
-39.079
-39.1096
-39.1003
-39.0432
-38.9384
-38.7946
-38.6276
-38.4574
-38.3062
-38.1952
-38.1426
-38.162
-38.2607
-38.4391
-38.6894
-38.9956
-39.3336
-39.6747
-36.2179
-36.7471
-37.1926
-37.5563
-37.8527
-38.1055
-38.3412
-38.5828
-38.8447
-39.1297
-39.4286
-39.7223
-39.9859
-40.1932
-40.3231
-40.3642
-40.3188
-40.2027
-40.0421
-39.8687
-39.7137
-39.6037
-39.5564
-39.5784
-39.6646
-39.7986
-39.9557
-40.1062
-40.2208
-40.2755
-40.2567
-40.1645
-40.0127
-39.8253
-39.6321
-39.4626
-39.3418
-39.2864
-39.3024
-39.3839
-39.5143
-39.669
-39.8184
-39.9332
-39.9894
-39.9736
-39.8857
-39.7392
-39.5579
-39.3711
-39.2079
-39.0933
-39.0434
-39.064
-39.1493
-39.2825
-39.4388
-39.5888
-39.7032
-39.7579
-39.7393
-39.6475
-39.4956
-39.3074
-39.112
-38.9384
-38.8111
-38.7462
-38.7493
-38.814
-38.9235
-39.0524
-39.171
-39.2494
-39.2631
-39.1979
-39.0535
-38.8432
-38.5913
-38.329
-38.0891
-37.9031
-37.7974
-37.7922
-37.8995
-38.1221
-38.4513
-38.8657
-39.3306
-39.802
-36.5864
-37.1616
-37.6104
-37.9348
-38.1609
-38.3314
-38.4941
-38.6899
-38.9435
-39.2591
-39.6206
-39.9955
-40.3408
-40.6108
-40.7668
-40.7868
-40.673
-40.4513
-40.1654
-39.8663
-39.6036
-39.4189
-39.3394
-39.3754
-39.5177
-39.74
-40.0025
-40.2573
-40.4554
-40.5558
-40.5347
-40.3921
-40.1519
-39.8552
-39.5508
-39.2864
-39.1019
-39.0235
-39.0606
-39.2039
-39.4271
-39.6907
-39.9471
-40.1479
-40.2523
-40.2367
-40.1011
-39.8691
-39.5814
-39.2862
-39.0308
-38.8546
-38.7837
-38.8271
-38.9755
-39.2026
-39.4688
-39.7266
-39.9277
-40.0314
-40.0139
-39.8753
-39.6389
-39.3452
-39.0422
-38.7772
-38.589
-38.5035
-38.5294
-38.657
-38.8596
-39.0969
-39.3209
-39.4823
-39.5392
-39.4668
-39.2635
-38.9514
-38.5702
-38.1681
-37.7945
-37.495
-37.3073
-37.2602
-37.3724
-37.6514
-38.0906
-38.6628
-39.318
-39.9871
-37.109
-37.7583
-38.2075
-38.4551
-38.549
-38.5684
-38.5995
-38.7139
-38.9531
-39.3225
-39.7935
-40.3114
-40.8041
-41.1927
-41.4064
-41.4024
-41.1823
-40.7927
-40.3079
-39.8114
-39.3815
-39.0824
-38.9565
-39.0192
-39.2556
-39.6236
-40.0606
-40.49
-40.8308
-41.0113
-40.9878
-40.7602
-40.3725
-39.8962
-39.4118
-38.9954
-38.7092
-38.5944
-38.666
-38.9089
-39.2819
-39.7228
-40.156
-40.5014
-40.6881
-40.6728
-40.4554
-40.0794
-39.6156
-39.1439
-38.7397
-38.4645
-38.3595
-38.4391
-38.6885
-39.0663
-39.5107
-39.9461
-40.2926
-40.4794
-40.4631
-40.2438
-39.8646
-39.3961
-38.918
-38.5052
-38.2191
-38.1003
-38.1631
-38.3922
-38.7455
-39.1606
-39.5609
-39.8654
-40.0017
-39.9241
-39.6299
-39.1592
-38.579
-37.9658
-37.3933
-36.9258
-36.6148
-36.4988
-36.6047
-36.9502
-37.5381
-38.3403
-39.2854
-40.2615
-37.8577
-38.6433
-39.0948
-39.197
-39.0445
-38.7885
-38.5851
-38.5579
-38.7754
-39.2396
-39.8988
-40.6637
-41.4176
-42.0263
-42.3596
-42.329
-41.936
-41.2712
-40.4672
-39.6605
-38.9713
-38.4965
-38.3021
-38.4131
-38.8038
-39.4081
-40.1297
-40.8504
-41.4369
-41.7607
-41.7347
-41.359
-40.721
-39.9488
-39.1752
-38.5172
-38.0695
-37.8971
-38.0246
-38.4268
-39.0389
-39.766
-40.4914
-41.0835
-41.415
-41.3999
-41.0381
-40.4162
-39.6613
-38.9047
-38.2627
-37.8295
-37.6693
-37.8066
-38.2166
-38.8344
-39.5655
-40.2936
-40.8873
-41.2198
-41.2048
-40.8424
-40.2189
-39.461
-38.6996
-38.0508
-37.6081
-37.4356
-37.5575
-37.9482
-38.5425
-39.2453
-39.939
-40.4908
-40.7719
-40.6931
-40.2505
-39.5247
-38.6352
-37.7049
-36.8409
-36.131
-35.6414
-35.418
-35.4917
-35.8998
-36.6772
-37.8118
-39.2079
-40.678
-38.9356
-40.0094
-40.4854
-40.306
-39.689
-38.933
-38.3172
-38.0495
-38.2426
-38.8756
-39.8522
-41.0318
-42.24
-43.2567
-43.8367
-43.7778
-43.081
-41.9502
-40.6305
-39.3405
-38.2524
-37.5069
-37.2081
-37.4042
-38.0447
-39.0236
-40.2003
-41.4041
-42.4215
-43.014
-42.9853
-42.3357
-41.2625
-40.0037
-38.772
-37.736
-37.0337
-36.7681
-36.9875
-37.6428
-38.6303
-39.8117
-41.0189
-42.0407
-42.6413
-42.6262
-41.9955
-40.9446
-39.7093
-38.5005
-37.4853
-36.8013
-36.5506
-36.7816
-37.4455
-38.4391
-39.6247
-40.8347
-41.8584
-42.4604
-42.4466
-41.8172
-40.7668
-39.5307
-38.3193
-37.2994
-36.608
-36.3471
-36.5645
-37.2111
-38.1834
-39.3429
-40.5211
-41.506
-42.0601
-41.9861
-41.2789
-40.1255
-38.7503
-37.3482
-36.0666
-35.0187
-34.2847
-33.9091
-33.8971
-34.3176
-35.3016
-36.9067
-39.0235
-41.3308
-40.4621
-42.2363
-42.8198
-42.0453
-40.5342
-38.8761
-37.5482
-36.8774
-37.0766
-38.0169
-39.5131
-41.359
-43.3382
-45.1162
-46.2337
-46.1451
-44.8513
-42.9012
-40.7513
-38.7297
-37.0404
-35.8742
-35.4012
-35.7556
-36.7981
-38.3545
-40.2318
-42.2266
-44.0178
-45.162
-45.13
-43.9226
-42.0714
-40.0198
-38.0872
-36.4742
-35.3692
-34.9409
-35.323
-36.3803
-37.9425
-39.8204
-41.8135
-43.6045
-44.7545
-44.7388
-43.5581
-41.7386
-39.7194
-37.8173
-36.2313
-35.1489
-34.7385
-35.1334
-36.1995
-37.7674
-39.6489
-41.6442
-43.4365
-44.588
-44.5749
-43.398
-41.582
-39.5651
-37.6631
-36.075
-34.9878
-34.5696
-34.9535
-36.005
-37.5546
-39.4136
-41.3817
-43.1413
-44.253
-44.1906
-42.9497
-41.0459
-38.9037
-36.8181
-34.9558
-33.4542
-32.4117
-31.8765
-31.6797
-31.924
-33.0314
-35.2648
-38.5649
-42.3965
-42.429
-46.1775
-47.1096
-44.8454
-41.5915
-38.3445
-35.8333
-34.4528
-34.8432
-36.3576
-38.6706
-41.4943
-44.7262
-47.9267
-50.3678
-50.2478
-47.5667
-44.1398
-40.6875
-37.6403
-35.0751
-33.2435
-32.4031
-33.1161
-34.8118
-37.2232
-40.0943
-43.3423
-46.5457
-49.004
-48.9672
-46.4367
-43.1691
-39.8644
-36.9423
-34.481
-32.7301
-31.9467
-32.6864
-34.3908
-36.8001
-39.6631
-42.8994
-46.0916
-48.5463
-48.529
-46.0408
-42.8203
-39.5611
-36.6788
-34.252
-32.529
-31.7667
-32.5189
-34.2308
-36.6442
-39.5092
-42.7459
-45.9376
-48.3924
-48.3793
-45.8992
-42.6866
-39.4337
-36.5551
-34.1293
-32.4044
-31.6372
-32.3811
-34.0814
-36.4801
-39.3272
-42.5425
-45.7094
-48.1362
-48.0922
-45.5751
-42.3093
-38.9755
-35.9662
-33.3255
-31.2286
-29.8083
-29.3562
-28.8273
-28.2874
-29.1396
-32.0869
-37.3406
-44.2324
-43.8585
-54.1741
-56.0002
-49.0698
-42.6395
-36.7541
-32.4905
-29.4784
-30.9913
-33.5485
-37.0926
-41.0421
-46.1592
-51.8309
-58.1901
-58.0388
-51.3559
-45.4153
-40.0404
-35.8571
-32.0532
-29.1855
-27.1682
-29.0614
-31.7951
-35.4298
-39.4142
-44.5224
-50.1467
-56.4389
-56.3955
-50.0125
-44.3202
-39.1585
-35.1336
-31.4651
-28.6981
-26.7592
-28.6605
-31.3866
-35.0043
-38.9685
-44.0487
-49.6408
-55.8978
-55.8774
-49.5781
-43.9577
-38.8602
-34.8846
-31.2594
-28.5257
-26.6138
-28.5227
-31.2519
-34.8706
-38.8344
-43.9124
-49.4999
-55.7507
-55.7359
-49.4551
-43.8493
-38.7634
-34.7949
-31.1742
-28.4418
-26.5286
-28.4315
-31.1522
-34.7598
-38.7105
-43.7728
-49.3434
-55.5773
-55.5549
-49.2785
-43.6704
-38.5799
-34.5836
-30.912
-28.0286
-25.8104
-26.9466
-25.9906
-22.6459
-22.2307
-25.5878
-33.7571
-47.6091
-38.0949
-74.397
-77.4923
-52.567
-42.9022
-32.8293
-27.3457
-17.9884
-25.6357
-29.318
-34.931
-38.9084
-46.794
-54.745
-75.3875
-75.2353
-54.0762
-45.8763
-37.6777
-33.5273
-27.6835
-23.9032
-16.302
-23.7965
-27.481
-33.1331
-37.1158
-44.9594
-52.7863
-72.9969
-72.9531
-52.5939
-44.7072
-36.8155
-32.812
-27.1509
-23.4739
-16.0417
-23.4472
-27.0985
-32.7097
-36.6669
-44.461
-52.2326
-72.289
-72.2676
-52.1378
-44.3423
-36.5438
-32.5857
-26.9832
-23.339
-15.9591
-23.3455
-26.992
-32.6
-36.5553
-44.3453
-52.1072
-72.1313
-72.1159
-52.0389
-44.2635
-36.4839
-32.5339
-26.94
-23.2994
-15.9249
-23.3044
-26.9457
-32.5452
-36.4932
-44.2709
-52.0221
-72.0271
-72.0235
-52.0193
-44.2862
-36.6085
-32.7334
-27.3632
-23.8707
-16.9823
-27.5497
-26.5936
-12.7861
-9.88977
-12.1591
-21.9906
-54.1934
-39.5751
-39.6929
-39.7789
-39.8273
-39.8363
-39.808
-39.7477
-39.6627
-39.5619
-39.4546
-39.3497
-39.2554
-39.1785
-39.1242
-39.0961
-39.5977
-39.7247
-39.8164
-39.8665
-39.8735
-39.8401
-39.7722
-39.6784
-39.5684
-39.4521
-39.3391
-39.238
-39.1557
-39.0978
-39.0679
-39.6453
-39.7918
-39.8953
-39.9488
-39.9511
-39.9064
-39.8226
-39.7102
-39.5809
-39.4461
-39.3166
-39.2015
-39.1085
-39.0433
-39.0098
-39.7235
-39.9019
-40.0241
-40.082
-40.0756
-40.0116
-39.9014
-39.759
-39.5988
-39.4348
-39.2794
-39.1428
-39.0334
-38.9571
-38.918
-39.8417
-40.068
-40.2171
-40.2796
-40.2577
-40.1629
-40.0124
-39.8253
-39.6204
-39.4149
-39.2232
-39.057
-38.9249
-38.8336
-38.7869
-40.0152
-40.3113
-40.4968
-40.5613
-40.5124
-40.3699
-40.1599
-39.9091
-39.6426
-39.3811
-39.1416
-38.9367
-38.7758
-38.6653
-38.6091
-40.2691
-40.6651
-40.8972
-40.9563
-40.8606
-40.6445
-40.3479
-40.0088
-39.6595
-39.3253
-39.0251
-38.7723
-38.5762
-38.4425
-38.3749
-40.6439
-41.1826
-41.4706
-41.506
-41.329
-40.9994
-40.5783
-40.1186
-39.6611
-39.2353
-38.861
-38.5513
-38.3139
-38.1536
-38.073
-41.2083
-41.9505
-42.2966
-42.2681
-41.95
-41.4456
-40.8472
-40.226
-39.631
-39.0936
-38.6324
-38.2577
-37.9745
-37.785
-37.6902
-42.0829
-43.1146
-43.4972
-43.3194
-42.7573
-41.9856
-41.1389
-40.307
-39.5432
-38.8756
-38.3173
-37.8725
-37.5411
-37.3217
-37.2126
-43.4927
-44.9276
-45.258
-44.755
-43.7742
-42.6004
-41.4158
-40.32
-39.3589
-38.5483
-37.8885
-37.3736
-36.9958
-36.7481
-36.6256
-45.8917
-47.845
-47.8522
-46.6682
-44.9839
-43.2258
-41.6037
-40.198
-39.0241
-38.07
-37.3148
-36.7375
-36.3201
-36.0493
-35.916
-50.2932
-52.7084
-51.6374
-49.0817
-46.2671
-43.715
-41.5752
-39.8441
-38.4695
-37.3927
-36.5632
-35.9413
-35.4978
-35.2127
-35.0731
-59.2649
-61.058
-56.9071
-51.754
-47.2877
-43.7919
-41.1379
-39.1336
-37.6168
-36.468
-35.6038
-34.9665
-34.5172
-34.2303
-34.0905
-80.3924
-75.3512
-63.1788
-53.7394
-47.3376
-43.0268
-40.0509
-37.9356
-36.3958
-35.2588
-34.4174
-33.8036
-33.3739
-33.1008
-32.9681
-20.6828
-20.7152
-20.7811
-20.8837
-21.0277
-21.2215
-21.4787
-21.8226
-22.2949
-22.9755
-24.0293
-25.827
-29.2457
-36.2437
-48.8867
-19.7675
-19.7869
-19.8262
-19.8862
-19.9688
-20.0768
-20.2153
-20.3938
-20.6313
-20.9693
-21.5109
-22.5551
-25.1627
-33.9832
-73.3822
-18.8387
-18.8449
-18.8568
-18.8732
-18.8922
-18.9108
-18.924
-18.9239
-18.8977
-18.8216
-18.6431
-18.1982
-16.7704
-10.4714
24.3076
-17.9056
-17.8989
-17.8842
-17.8583
-17.816
-17.7486
-17.6419
-17.4723
-17.1986
-16.7448
-15.9601
-14.5245
-11.7648
-6.74028
-3.40043
-16.9772
-16.9586
-16.9193
-16.8549
-16.7573
-16.6138
-16.4036
-16.0929
-15.6244
-14.8975
-13.7285
-11.77
-8.33275
-1.84208
13.3671
-16.0616
-16.0326
-15.972
-15.8744
-15.7304
-15.5252
-15.2351
-14.8232
-14.2297
-13.3569
-12.045
-10.0419
-7.02099
-2.99853
-1.45804
-15.1662
-15.1285
-15.0504
-14.9262
-14.7462
-14.4954
-14.1513
-13.6796
-13.0289
-12.1213
-10.8413
-9.02057
-6.40468
-2.43142
5.53699
-14.2969
-14.2524
-14.1608
-14.0166
-13.811
-13.5305
-13.1561
-12.6605
-12.0064
-11.1442
-10.013
-8.55132
-6.73096
-4.63876
-2.68528
-13.4586
-13.4091
-13.3077
-13.1498
-12.9278
-12.6309
-12.2449
-11.7514
-11.1285
-10.354
-9.41421
-8.33111
-7.246
-6.74979
-9.55098
-12.6547
-12.6017
-12.4939
-12.3275
-12.0965
-11.7933
-11.4085
-10.9321
-10.3559
-9.6785
-8.91495
-8.11227
-7.35207
-6.57095
-3.90543
-11.8875
-11.8324
-11.7209
-11.5499
-11.3154
-11.0123
-10.6356
-10.1821
-9.65366
-9.06283
-8.44286
-7.86394
-7.47268
-7.70083
-10.8654
-11.1585
-11.1024
-10.9891
-10.8165
-10.5819
-10.2823
-9.91601
-9.48422
-8.9947
-8.4674
-7.94226
-7.48527
-7.16312
-6.79166
-4.09284
-10.4685
-10.4121
-10.2985
-10.1262
-9.89341
-9.59868
-9.24191
-8.82638
-8.36198
-7.87046
-7.39432
-7.01294
-6.88781
-7.4988
-11.3763
-9.81759
-9.76145
-9.64855
-9.47782
-9.24798
-8.95812
-8.60859
-8.20248
-7.74806
-7.26283
-6.78055
-6.36267
-6.10128
-5.93767
-3.69659
-9.20568
-9.15022
-9.03879
-8.87049
-8.64421
-8.35899
-8.01455
-7.61211
-7.15552
-6.65314
-6.12205
-5.60371
-5.24683
-5.81939
-12.1165
-8.63227
-8.57784
-8.46851
-8.30342
-8.08136
-7.80096
-7.46077
-7.05933
-6.59476
-6.06338
-5.45468
-4.73259
-3.74692
-1.72587
5.99997
-8.09664
-8.04355
-7.93694
-7.77587
-7.559
-7.28442
-6.94951
-6.55036
-6.08038
-5.52727
-4.86602
-4.04451
-2.96601
-1.59427
-1.42795
-7.59784
-7.54643
-7.44315
-7.28707
-7.07668
-6.80975
-6.48284
-6.09054
-5.62371
-5.06624
-4.38863
-3.53485
-2.38869
-0.625823
3.32147
-7.13473
-7.0853
-6.986
-6.83594
-6.63362
-6.3767
-6.06157
-5.68245
-5.22995
-4.68862
-4.03356
-3.22821
-2.23961
-1.17465
-1.24988
-6.70592
-6.65876
-6.56408
-6.42108
-6.22844
-5.98406
-5.6847
-5.32528
-4.89784
-4.38996
-3.78281
-3.04878
-2.14352
-0.931991
1.46986
-6.30982
-6.26521
-6.17569
-6.04067
-5.85915
-5.62956
-5.3495
-5.01533
-4.62157
-4.16021
-3.62013
-2.98823
-2.26008
-1.51629
-1.48592
-5.94468
-5.9028
-5.81886
-5.69252
-5.52322
-5.31008
-5.05185
-4.74673
-4.39222
-3.98507
-3.52118
-2.99448
-2.38744
-1.60552
-0.0500945
-5.6086
-5.56956
-5.49144
-5.37418
-5.21769
-5.02189
-4.78674
-4.51238
-4.19938
-3.84931
-3.46581
-3.0565
-2.63619
-2.23228
-1.90479
-5.2996
-5.26343
-5.19117
-5.08305
-4.93943
-4.76098
-4.54882
-4.30482
-4.03225
-3.73674
-3.42832
-3.12612
-2.87351
-2.80635
-3.53217
-5.01568
-4.98231
-4.91578
-4.81652
-4.68532
-4.52346
-4.33296
-4.11708
-3.88102
-3.63308
-3.38647
-3.16127
-2.98198
-2.83013
-2.24706
-4.7549
-4.7242
-4.66307
-4.57214
-4.45247
-4.30578
-4.13469
-3.94331
-3.73799
-3.52848
-3.32971
-3.1645
-3.07136
-3.15378
-3.97375
-4.51541
-4.48717
-4.43101
-4.34767
-4.23836
-4.10499
-3.95047
-3.7792
-3.59783
-3.41637
-3.24959
-3.11766
-3.03878
-2.96564
-2.32657
-4.29549
-4.26948
-4.2178
-4.1412
-4.04092
-3.91885
-3.77784
-3.62205
-3.45768
-3.29402
-3.14523
-3.03393
-3.00216
-3.17096
-4.17912
-4.0936
-4.06957
-4.02184
-3.95112
-3.85855
-3.74584
-3.61543
-3.47082
-3.31701
-3.1613
-3.01479
-2.89494
-2.82619
-2.79382
-2.24303
-3.90835
-3.88607
-3.84181
-3.77618
-3.69014
-3.58506
-3.46283
-3.32593
-3.1776
-3.02215
-2.86579
-2.72042
-2.62492
-2.77716
-4.41344
-3.73853
-3.7178
-3.67658
-3.61536
-3.53489
-3.43615
-3.32038
-3.18892
-3.04309
-2.8836
-2.7091
-2.51122
-2.25153
-1.73041
0.258727
-3.58305
-3.5637
-3.52519
-3.46787
-3.39228
-3.29903
-3.18876
-3.06185
-2.91802
-2.75541
-2.56861
-2.3449
-2.05963
-1.70364
-1.66688
-3.44097
-3.42287
-3.3868
-3.33302
-3.26188
-3.17369
-3.06865
-2.94648
-2.80595
-2.64395
-2.4537
-2.22127
-1.91679
-1.45571
-0.429843
-3.31142
-3.29446
-3.26066
-3.21019
-3.14325
-3.06001
-2.96038
-2.8438
-2.70875
-2.55207
-2.36802
-2.14764
-1.88261
-1.60056
-1.61776
-3.19358
-3.17771
-3.14605
-3.09873
-3.03591
-2.95766
-2.86384
-2.75389
-2.6265
-2.47914
-2.30752
-2.10495
-1.86018
-1.53816
-0.909859
-3.08672
-3.07187
-3.04226
-2.99799
-2.93922
-2.86606
-2.77844
-2.67605
-2.55807
-2.42299
-2.26846
-2.0915
-1.89134
-1.68904
-1.67367
-2.99012
-2.97624
-2.94858
-2.90726
-2.85249
-2.78444
-2.70326
-2.60898
-2.50145
-2.3803
-2.2449
-2.09411
-1.92391
-1.71069
-1.30297
-2.90309
-2.89014
-2.86433
-2.82583
-2.77491
-2.71188
-2.63711
-2.55105
-2.45423
-2.34744
-2.23197
-2.11016
-1.98626
-1.86802
-1.77325
-2.82501
-2.81291
-2.78883
-2.75298
-2.70569
-2.64741
-2.57876
-2.50053
-2.41389
-2.32056
-2.22339
-2.12759
-2.04462
-2.00966
-2.17787
-2.75526
-2.74395
-2.72145
-2.68801
-2.64404
-2.5901
-2.52699
-2.4558
-2.37812
-2.29628
-2.21381
-2.13604
-2.06956
-2.01083
-1.84933
-2.69332
-2.6827
-2.6616
-2.6303
-2.58925
-2.5391
-2.48077
-2.41553
-2.34518
-2.27236
-2.20091
-2.13659
-2.08906
-2.08399
-2.25891
-2.6387
-2.62868
-2.60878
-2.5793
-2.54072
-2.49373
-2.43929
-2.37873
-2.31391
-2.24744
-2.183
-2.12542
-2.07898
-2.0328
-1.85563
-2.59098
-2.58145
-2.56255
-2.53456
-2.49798
-2.45348
-2.402
-2.34483
-2.28371
-2.22105
-2.16027
-2.10644
-2.06865
-2.07322
-2.26394
-2.54982
-2.54069
-2.52256
-2.49573
-2.46067
-2.418
-2.36861
-2.31362
-2.25452
-2.1933
-2.13263
-2.07628
-2.02882
-1.98501
-1.82439
-2.51494
-2.5061
-2.48855
-2.46257
-2.42857
-2.38714
-2.33903
-2.28519
-2.22675
-2.1651
-2.10194
-2.03989
-1.98637
-1.97857
-2.25392
-2.48615
-2.4775
-2.46034
-2.43491
-2.40158
-2.36086
-2.31339
-2.25988
-2.20115
-2.13788
-2.0704
-1.99752
-1.91208
-1.77617
-1.36521
-2.46329
-2.45476
-2.43781
-2.41267
-2.37966
-2.33921
-2.29186
-2.23815
-2.17862
-2.11353
-2.04255
-1.96381
-1.87276
-1.76546
-1.70088
-2.4463
-2.4378
-2.42091
-2.39582
-2.36283
-2.3223
-2.27468
-2.22041
-2.15988
-2.09322
-2.02001
-1.9386
-1.84464
-1.72576
-1.5278
-2.43515
-2.42662
-2.40964
-2.38441
-2.35117
-2.31026
-2.26205
-2.20695
-2.14532
-2.07738
-2.00309
-1.92202
-1.83375
-1.74169
-1.68147
-2.42986
-2.42123
-2.40405
-2.37849
-2.34477
-2.30321
-2.25415
-2.19797
-2.13508
-2.06589
-1.99081
-1.91039
-1.8254
-1.73619
-1.63343
-2.4305
-2.42171
-2.40422
-2.37816
-2.34376
-2.3013
-2.25111
-2.19358
-2.12915
-2.05841
-1.98219
-1.90185
-1.8199
-1.74082
-1.67424
-2.43717
-2.42818
-2.41026
-2.38357
-2.34829
-2.3047
-2.25312
-2.19391
-2.12754
-2.05468
-1.97634
-1.89438
-1.81231
-1.73748
-1.68912
-2.45003
-2.44078
-2.42234
-2.39486
-2.35853
-2.31359
-2.26035
-2.19914
-2.13038
-2.05467
-1.97295
-1.88691
-1.7996
-1.71647
-1.65044
-2.46926
-2.45969
-2.44064
-2.41224
-2.37467
-2.32819
-2.27305
-2.20955
-2.13799
-2.05876
-1.97248
-1.88025
-1.7839
-1.68431
-1.56607
-2.49506
-2.48513
-2.46537
-2.43591
-2.39695
-2.34873
-2.2915
-2.22549
-2.15085
-2.06768
-1.97607
-1.8764
-1.77037
-1.66581
-1.60857
-2.52768
-2.51735
-2.49677
-2.46611
-2.42558
-2.37546
-2.31598
-2.24735
-2.16957
-2.08239
-1.98519
-1.87688
-1.75574
-1.61516
-1.40267
-2.56742
-2.55661
-2.53511
-2.50309
-2.46082
-2.40861
-2.34677
-2.27549
-2.19474
-2.104
-2.00195
-1.88621
-1.75452
-1.61517
-1.56184
-2.61459
-2.60325
-2.58069
-2.54713
-2.5029
-2.4484
-2.38403
-2.31014
-2.22679
-2.1334
-2.02814
-1.90655
-1.75854
-1.55614
-1.17167
-2.66957
-2.65761
-2.63384
-2.59851
-2.55205
-2.49496
-2.42785
-2.3513
-2.26573
-2.17098
-2.06559
-1.94517
-1.80023
-1.62429
-1.5459
-2.7328
-2.72012
-2.69494
-2.65757
-2.60851
-2.54843
-2.47816
-2.39867
-2.31097
-2.21588
-2.11342
-2.00077
-1.86336
-1.62539
-0.83462
-2.80476
-2.79126
-2.76444
-2.72468
-2.67256
-2.6089
-2.5348
-2.45167
-2.36127
-2.26583
-2.16826
-2.07348
-1.99624
-2.0111
-2.58924
-2.88604
-2.87158
-2.84287
-2.8003
-2.74455
-2.67656
-2.59765
-2.50964
-2.41501
-2.31719
-2.2211
-2.13395
-2.06506
-2.00633
-1.73063
-2.97729
-2.96174
-2.93084
-2.88503
-2.82498
-2.75174
-2.66677
-2.57216
-2.4709
-2.36729
-2.26766
-2.18167
-2.12676
-2.15294
-2.52845
-3.07928
-3.0625
-3.02912
-2.97957
-2.91452
-2.835
-2.74251
-2.63922
-2.52835
-2.41457
-2.30467
-2.20774
-2.13206
-2.05765
-1.73946
-3.19287
-3.17471
-3.13857
-3.08481
-3.01405
-2.92721
-2.82568
-2.7115
-2.58775
-2.4591
-2.3326
-2.219
-2.13639
-2.13234
-2.45977
-3.31901
-3.29935
-3.26018
-3.20179
-3.12467
-3.02956
-2.91756
-2.79035
-2.6505
-2.50207
-2.3515
-2.20867
-2.08608
-1.9775
-1.67752
-3.45874
-3.43749
-3.39508
-3.33172
-3.24773
-3.14358
-3.01996
-2.87791
-2.71913
-2.54646
-2.36495
-2.18424
-2.02597
-1.95624
-2.26377
-3.61317
-3.59025
-3.54447
-3.47592
-3.38473
-3.27106
-3.13509
-2.97704
-2.79735
-2.59693
-2.37779
-2.14415
-1.90428
-1.67365
-1.48708
-3.78345
-3.75883
-3.70961
-3.63578
-3.53729
-3.41398
-3.26548
-3.09113
-2.88991
-2.66034
-2.40064
-2.10832
-1.77611
-1.36112
-0.580982
-3.97077
-3.94445
-3.89178
-3.8127
-3.70702
-3.57432
-3.41376
-3.22384
-3.00208
-2.74462
-2.44607
-2.10015
-1.70535
-1.30282
-1.25312
-4.17631
-4.14829
-4.09224
-4.00804
-3.89547
-3.75395
-3.58236
-3.3786
-3.13897
-2.85738
-2.52433
-2.12585
-1.63987
-1.00013
0.228958
-4.40125
-4.37156
-4.31217
-4.22303
-4.10395
-3.9544
-3.77326
-3.55821
-3.30495
-3.00582
-2.64796
-2.21226
-1.68108
-1.10737
-1.10484
-4.64675
-4.61539
-4.55271
-4.45876
-4.33353
-4.17675
-3.98763
-3.7643
-3.50274
-3.19497
-2.82559
-2.36491
-1.75176
-0.818581
1.23226
-4.91398
-4.88092
-4.81491
-4.71617
-4.58496
-4.42149
-4.22572
-3.99687
-3.73255
-3.42686
-3.06657
-2.62338
-2.04461
-1.30656
-1.1738
-5.2041
-5.16927
-5.09979
-4.99607
-4.85873
-4.68861
-4.48672
-4.25403
-3.99104
-3.69661
-3.36505
-2.97596
-2.44801
-1.3748
2.67943
-5.51837
-5.48162
-5.40839
-5.29926
-5.15521
-4.97774
-4.76905
-4.53218
-4.2713
-3.9921
-3.70343
-3.42491
-3.22999
-3.51378
-6.7761
-5.8581
-5.81925
-5.74187
-5.62665
-5.47485
-5.28851
-5.0709
-4.82697
-4.56423
-4.29411
-4.03471
-3.81575
-3.67946
-3.58486
-2.3732
-6.22475
-6.18359
-6.10158
-5.9794
-5.81841
-5.62095
-5.39097
-5.13476
-4.86222
-4.58864
-4.33786
-4.14915
-4.09993
-4.4322
-6.47821
-6.61994
-6.57626
-6.48912
-6.35905
-6.18723
-5.97593
-5.72919
-5.45385
-5.1609
-4.86727
-4.59786
-4.38565
-4.25543
-4.08993
-2.65499
-7.0454
-6.99906
-6.90642
-6.76765
-6.58344
-6.35547
-6.08723
-5.78513
-5.46001
-5.12905
-4.81808
-4.56518
-4.43539
-4.6297
-6.35388
-7.50299
-7.45398
-7.35569
-7.20775
-7.00997
-6.76293
-6.46874
-6.13235
-5.76313
-5.37691
-4.99793
-4.65917
-4.39024
-4.10754
-2.73178
-7.99457
-7.94306
-7.83939
-7.6824
-7.47068
-7.20307
-6.87951
-6.50231
-6.078
-5.61969
-5.14983
-4.70462
-4.35461
-4.34491
-6.00015
-8.52187
-8.46831
-8.36008
-8.19502
-7.97015
-7.68202
-7.32748
-6.90496
-6.41645
-5.87045
-5.28457
-4.68394
-4.0826
-3.42654
-2.57239
-9.08631
-9.03148
-8.92018
-8.74913
-8.51349
-8.20704
-7.82263
-7.35337
-6.79479
-6.14886
-5.42953
-4.6637
-3.84857
-2.64616
1.44841
-9.68877
-9.63381
-9.52171
-9.34805
-9.10598
-8.78614
-8.37666
-7.86377
-7.23374
-6.47819
-5.60673
-4.67767
-3.88343
-3.87469
-7.4594
-10.3294
-10.2758
-10.166
-9.99441
-9.75241
-9.42744
-9.00246
-8.45546
-7.75982
-6.88799
-5.8239
-4.59798
-3.37277
-2.60825
-3.08477
-11.0071
-10.9567
-10.853
-10.6897
-10.4564
-10.1381
-9.71296
-9.15033
-8.40821
-7.43124
-6.15343
-4.51775
-2.54214
-0.48045
0.958833
-11.7198
-11.6747
-11.5814
-11.4334
-11.2195
-10.923
-10.5189
-9.96979
-9.21966
-8.18337
-6.73143
-4.67355
-1.77124
2.0791
6.00181
-12.4637
-12.4261
-12.3479
-12.2227
-12.0398
-11.7826
-11.4254
-10.9288
-10.2298
-9.22411
-7.73018
-5.41571
-1.65863
4.5879
13.7688
-13.2337
-13.2056
-13.1469
-13.0521
-12.9118
-12.7115
-12.4288
-12.0283
-11.4529
-10.6038
-9.2987
-7.15966
-3.27476
5.05848
27.9111
-158.066
-94.9904
-66.4222
-52.7749
-45.4664
-41.1016
-38.2654
-36.3096
-34.9073
-33.8792
-33.1211
-32.5688
-32.1823
-31.9367
-31.8173
-196.592
-88.8817
-59.009
-47.496
-41.721
-38.2897
-36.0308
-34.4471
-33.294
-32.4377
-31.7995
-31.3309
-31.0011
-30.7907
-30.6882
50.6892
-28.7203
-38.846
-38.2322
-36.3479
-34.6637
-33.3271
-32.2855
-31.4745
-30.8445
-30.3601
-29.9966
-29.737
-29.5697
-29.4877
-7.49008
-16.6737
-26.1407
-29.8508
-30.8357
-30.7961
-30.4185
-29.9637
-29.5293
-29.1501
-28.8366
-28.5901
-28.4086
-28.2893
-28.2303
27.805
-4.43111
-17.4334
-23.3616
-26.0349
-27.1632
-27.5635
-27.6277
-27.5456
-27.4099
-27.2666
-27.1385
-27.0368
-26.9671
-26.9317
-1.61086
-5.54625
-13.6384
-19.1328
-22.3069
-24.0359
-24.9416
-25.3932
-25.599
-25.675
-25.6859
-25.6684
-25.6429
-25.6209
-25.6086
12.1184
-3.77556
-11.6474
-16.5153
-19.5824
-21.4801
-22.635
-23.3295
-23.7425
-23.9851
-24.125
-24.2037
-24.2463
-24.2679
-24.2768
-3.52734
-7.57663
-11.7425
-15.1483
-17.6699
-19.4402
-20.6482
-21.461
-22.0043
-22.3663
-22.6065
-22.764
-22.8644
-22.9236
-22.9511
-16.3612
-11.2976
-12.3653
-14.3953
-16.279
-17.7906
-18.9358
-19.7795
-20.392
-20.8322
-21.1453
-21.3639
-21.5109
-21.6013
-21.6443
-5.63345
-10.7614
-12.3199
-13.7439
-15.1464
-16.3953
-17.4326
-18.2586
-18.8991
-19.3862
-19.7496
-20.0136
-20.1966
-20.3118
-20.3674
-18.423
-12.7048
-12.3677
-13.1072
-14.1204
-15.147
-16.076
-16.8664
-17.5128
-18.0261
-18.4229
-18.7193
-18.9294
-19.0636
-19.129
-5.84461
-10.9121
-11.668
-12.2805
-13.0851
-13.9664
-14.8157
-15.5741
-16.2187
-16.747
-17.1657
-17.485
-17.7148
-17.8632
-17.936
-19.0862
-12.1144
-11.0678
-11.3202
-11.9965
-12.808
-13.6184
-14.3607
-15.0054
-15.5438
-15.9775
-16.3127
-16.5565
-16.7152
-16.7934
-5.02042
-9.20274
-9.56561
-10.0653
-10.8141
-11.6502
-12.4684
-13.215
-13.8658
-14.4132
-14.8577
-15.2039
-15.4573
-15.6231
-15.705
-20.1994
-8.94427
-7.96834
-8.63731
-9.57097
-10.5047
-11.3681
-12.1357
-12.7981
-13.3539
-13.8061
-14.1594
-14.4189
-14.5892
-14.6735
12.408
-1.54825
-5.22874
-7.02547
-8.32772
-9.40798
-10.3343
-11.1294
-11.8043
-12.3666
-12.8231
-13.1799
-13.4424
-13.6149
-13.7003
-0.895493
-1.28894
-3.79726
-5.75696
-7.23857
-8.4181
-9.39148
-10.2065
-10.8885
-11.4527
-11.9093
-12.2659
-12.5283
-12.7009
-12.7865
7.50998
0.43824
-2.74673
-4.82037
-6.35914
-7.57131
-8.55859
-9.37589
-10.0545
-10.6134
-11.0648
-11.4172
-11.6766
-11.8473
-11.932
-0.609525
-0.534512
-2.46789
-4.25517
-5.70644
-6.88061
-7.84368
-8.64154
-9.30358
-9.8486
-10.2889
-10.633
-10.8865
-11.0534
-11.1363
4.15563
-0.113332
-2.29048
-3.92324
-5.24609
-6.33644
-7.24344
-8.00143
-8.63386
-9.15648
-9.57993
-9.91154
-10.1563
-10.3178
-10.398
-1.05162
-1.14558
-2.49109
-3.80645
-4.94713
-5.91953
-6.74659
-7.44846
-8.04034
-8.53315
-8.93464
-9.25032
-9.48405
-9.63848
-9.7153
1.43353
-1.30948
-2.71257
-3.8109
-4.76495
-5.60349
-6.3366
-6.97179
-7.51553
-7.97316
-8.34888
-8.64594
-8.86675
-9.01303
-9.08591
-1.8038
-2.40467
-3.14566
-3.91546
-4.66293
-5.36059
-5.99454
-6.55857
-7.05047
-7.46997
-7.81767
-8.09444
-8.30113
-8.43849
-8.50705
-4.62398
-3.40332
-3.55871
-4.03547
-4.59543
-5.16185
-5.70098
-6.19537
-6.6356
-7.01658
-7.33566
-7.59152
-7.7836
-7.91167
-7.97572
-2.4107
-3.44718
-3.74852
-4.09764
-4.52335
-4.98201
-5.4384
-5.8697
-6.2618
-6.60611
-6.89748
-7.13284
-7.31043
-7.42925
-7.48878
-5.35898
-4.00234
-3.9051
-4.10657
-4.42832
-4.80367
-5.19318
-5.57119
-5.92113
-6.23234
-6.49811
-6.71421
-6.87802
-6.98795
-7.04312
-2.55626
-3.68371
-3.85419
-4.03189
-4.29601
-4.61544
-4.95585
-5.29212
-5.60726
-5.89006
-6.13318
-6.33183
-6.48294
-6.5846
-6.63569
-5.66389
-4.03041
-3.79823
-3.89712
-4.12521
-4.41257
-4.72134
-5.02765
-5.31579
-5.57527
-5.79905
-5.98238
-6.12214
-6.21631
-6.26368
-2.42506
-3.40475
-3.5123
-3.67257
-3.91318
-4.19475
-4.48847
-4.77573
-5.04416
-5.28521
-5.49293
-5.66313
-5.79294
-5.88045
-5.92448
-5.98691
-3.38552
-3.18973
-3.39215
-3.67263
-3.96843
-4.26
-4.53683
-4.79147
-5.01824
-5.21279
-5.37186
-5.49305
-5.57471
-5.6158
1.57735
-1.69648
-2.59058
-3.05745
-3.42137
-3.74499
-4.0417
-4.31326
-4.55806
-4.77357
-4.95724
-5.10683
-5.22055
-5.29709
-5.33557
-1.51772
-1.6608
-2.28808
-2.79416
-3.19804
-3.54015
-3.8408
-4.10822
-4.34493
-4.55095
-4.72527
-4.86663
-4.97381
-5.04582
-5.08201
0.366348
-1.28961
-2.06971
-2.60179
-3.01755
-3.36403
-3.66291
-3.92443
-4.15305
-4.35027
-4.51614
-4.6501
-4.75141
-4.81938
-4.8535
-1.47959
-1.5274
-2.02353
-2.49012
-2.8851
-3.22091
-3.51089
-3.76342
-3.98291
-4.17129
-4.3291
-4.45619
-4.55211
-4.61637
-4.64862
-0.469787
-1.45458
-1.99782
-2.42811
-2.79367
-3.10954
-3.38481
-3.62529
-3.83431
-4.01347
-4.16334
-4.28385
-4.37472
-4.43555
-4.46606
-1.59883
-1.68914
-2.05049
-2.411
-2.73668
-3.0263
-3.28282
-3.50894
-3.70637
-3.87594
-4.01789
-4.13205
-4.21811
-4.27572
-4.30461
-1.12256
-1.73621
-2.1037
-2.41801
-2.70466
-2.96597
-3.20189
-3.41245
-3.5977
-3.75754
-3.89167
-3.9997
-4.0812
-4.13578
-4.16316
-1.76294
-1.95494
-2.1938
-2.44416
-2.69019
-2.9232
-3.13849
-3.33348
-3.50663
-3.65691
-3.7835
-3.88571
-3.96292
-4.01468
-4.04065
-2.27007
-2.14184
-2.27587
-2.47325
-2.68468
-2.89268
-3.08914
-3.2696
-3.43137
-3.57268
-3.69222
-3.789
-3.86227
-3.91143
-3.93611
-1.87885
-2.14735
-2.31389
-2.49254
-2.68147
-2.87012
-3.05082
-3.21863
-3.37027
-3.5035
-3.61667
-3.70857
-3.77828
-3.82512
-3.84865
-2.28874
-2.22436
-2.34347
-2.50461
-2.67839
-2.85301
-3.02141
-3.17882
-3.32189
-3.44817
-3.55584
-3.6435
-3.71011
-3.75493
-3.77746
-1.89701
-2.17467
-2.34381
-2.50784
-2.67467
-2.84016
-2.99955
-3.14891
-3.28511
-3.40572
-3.50884
-3.59298
-3.65702
-3.70016
-3.72186
-2.15895
-2.20101
-2.34764
-2.50908
-2.67182
-2.83148
-2.98461
-3.12807
-3.2591
-3.37536
-3.47496
-3.55636
-3.6184
-3.66022
-3.68127
-1.89151
-2.15542
-2.34115
-2.50934
-2.67105
-2.82727
-2.97632
-3.1158
-3.24327
-3.35652
-3.45365
-3.53313
-3.59375
-3.63465
-3.65524
-1.94115
-2.16477
-2.3468
-2.51404
-2.67404
-2.82798
-2.97462
-3.11182
-3.23727
-3.34881
-3.44454
-3.52293
-3.58275
-3.62312
-3.64345
-2.1009
-2.20365
-2.36267
-2.52372
-2.68117
-2.8337
-2.97941
-3.11594
-3.24088
-3.35201
-3.44743
-3.52556
-3.5852
-3.62545
-3.64572
-1.92406
-2.20408
-2.37711
-2.53583
-2.69167
-2.84409
-2.99051
-3.12805
-3.25402
-3.36607
-3.46226
-3.54099
-3.60107
-3.6416
-3.66201
-2.30819
-2.2794
-2.40145
-2.54988
-2.70448
-2.8586
-3.00773
-3.14814
-3.27677
-3.3911
-3.48915
-3.56933
-3.63045
-3.67167
-3.69242
-1.95705
-2.25057
-2.40742
-2.55961
-2.71758
-2.87652
-3.03094
-3.17637
-3.30939
-3.42739
-3.52838
-3.61084
-3.67362
-3.7159
-3.73718
-2.43253
-2.31724
-2.4166
-2.56528
-2.72994
-2.89754
-3.06034
-3.21315
-3.35239
-3.47545
-3.58044
-3.66596
-3.73095
-3.77468
-3.79667
-1.95778
-2.2354
-2.39149
-2.55979
-2.7402
-2.92183
-3.09661
-3.25932
-3.40656
-3.536
-3.64598
-3.73529
-3.80301
-3.84851
-3.87137
-2.40592
-2.23853
-2.35787
-2.54584
-2.74958
-2.95083
-3.14121
-3.31619
-3.47305
-3.61002
-3.72583
-3.81955
-3.89045
-3.93801
-3.96189
-1.85477
-2.04306
-2.27657
-2.5209
-2.76062
-2.98732
-3.19646
-3.38559
-3.55331
-3.69867
-3.82097
-3.9196
-3.99405
-4.04393
-4.06894
-1.17293
-1.81674
-2.18771
-2.4991
-2.78066
-3.03597
-3.26556
-3.46982
-3.64903
-3.8033
-3.9325
-4.0364
-4.11468
-4.16706
-4.19331
-1.70696
-1.78043
-2.14019
-2.49796
-2.81887
-3.10242
-3.35221
-3.57139
-3.76204
-3.92528
-4.06156
-4.17094
-4.25326
-4.30829
-4.33587
-0.527132
-1.54582
-2.09402
-2.52237
-2.88299
-3.19226
-3.46006
-3.69274
-3.89404
-4.06594
-4.20926
-4.32423
-4.41073
-4.46856
-4.49753
-1.61525
-1.63844
-2.13105
-2.59377
-2.98271
-3.31086
-3.59225
-3.83582
-4.04642
-4.2264
-4.37662
-4.49724
-4.58807
-4.64883
-4.67928
0.287996
-1.40555
-2.1888
-2.71637
-3.12459
-3.46189
-3.75067
-4.00175
-4.22004
-4.40747
-4.56449
-4.6909
-4.78625
-4.8501
-4.88212
-1.69405
-1.80529
-2.42407
-2.92179
-3.31568
-3.64656
-3.93524
-4.19041
-4.41505
-4.60962
-4.77359
-4.90608
-5.00627
-5.07345
-5.10716
1.46242
-1.85302
-2.74336
-3.19928
-3.5505
-3.8605
-4.14305
-4.40023
-4.63089
-4.83299
-5.0045
-5.14367
-5.24917
-5.32
-5.35558
-6.25606
-3.58527
-3.36431
-3.54945
-3.81389
-4.09348
-4.36842
-4.62844
-4.86653
-5.07757
-5.25783
-5.40462
-5.51609
-5.59102
-5.62866
-2.65202
-3.6166
-3.70323
-3.84449
-4.06675
-4.32964
-4.60412
-4.87184
-5.12092
-5.3435
-5.53436
-5.69006
-5.80837
-5.88789
-5.92784
-5.92145
-4.25796
-4.0042
-4.08327
-4.29134
-4.55772
-4.84449
-5.12815
-5.39367
-5.63142
-5.83529
-6.00144
-6.12754
-6.21222
-6.25473
-2.80286
-3.92067
-4.07401
-4.23245
-4.4754
-4.77162
-5.08699
-5.39703
-5.68568
-5.94285
-6.16237
-6.3406
-6.47546
-6.56582
-6.61111
-5.62486
-4.25343
-4.14025
-4.32291
-4.62245
-4.97219
-5.33318
-5.68073
-5.99952
-6.28039
-6.5181
-6.70986
-6.85425
-6.95067
-6.99892
-2.6825
-3.71268
-4.00105
-4.33217
-4.73462
-5.16492
-5.58866
-5.98437
-6.33966
-6.64787
-6.90573
-7.11197
-7.26632
-7.36897
-7.4202
-4.91409
-3.68733
-3.83214
-4.29189
-4.82741
-5.36219
-5.86358
-6.31606
-6.71249
-7.05028
-7.32919
-7.5501
-7.71428
-7.82295
-7.87704
-2.10833
-2.70975
-3.4445
-4.19896
-4.92071
-5.58261
-6.17246
-6.68663
-7.12602
-7.49357
-7.7929
-8.0276
-8.20076
-8.31481
-8.37141
1.11506
-1.63981
-3.04315
-4.12873
-5.05554
-5.85305
-6.53387
-7.10913
-7.58942
-7.98419
-8.30149
-8.54782
-8.72826
-8.84654
-8.90508
-1.40053
-1.50867
-2.86244
-4.16873
-5.28014
-6.2045
-6.96856
-7.59756
-8.11218
-8.52861
-8.85933
-9.11377
-9.29893
-9.41974
-9.47938
3.81102
-0.5127
-2.7147
-4.34403
-5.63463
-6.66725
-7.49702
-8.16541
-8.70311
-9.13255
-9.47013
-9.72782
-9.91426
-10.0354
-10.0951
-1.01781
-0.990336
-2.96463
-4.75454
-6.16824
-7.27087
-8.13752
-8.82401
-9.36921
-9.80026
-10.1364
-10.3913
-10.5749
-10.6938
-10.7522
7.17721
-0.0779981
-3.34259
-5.42629
-6.91787
-8.03833
-8.90314
-9.58071
-10.1146
-10.5339
-10.859
-11.1044
-11.2804
-11.3941
-11.4499
-1.41953
-1.93707
-4.54058
-6.5092
-7.92521
-8.98333
-9.79876
-10.4372
-10.9394
-11.3329
-11.637
-11.8657
-12.0293
-12.1347
-12.1863
12.1732
-2.34764
-6.17947
-7.97586
-9.18106
-10.0968
-10.8173
-11.3883
-11.8399
-12.1939
-12.4672
-12.6723
-12.8185
-12.9125
-12.9585
-21.6531
-10.1813
-9.23184
-9.85306
-10.6379
-11.346
-11.9395
-12.4224
-12.808
-13.1111
-13.3448
-13.5196
-13.644
-13.7238
-13.7627
-5.94293
-10.7077
-11.1935
-11.6166
-12.148
-12.6748
-13.1386
-13.5239
-13.8335
-14.0766
-14.2631
-14.4021
-14.5005
-14.5633
-14.594
-21.3061
-14.2056
-13.1988
-13.3051
-13.6613
-14.0472
-14.3923
-14.678
-14.9052
-15.0812
-15.2146
-15.3128
-15.3816
-15.4253
-15.4465
-7.21807
-13.4715
-14.4311
-14.82
-15.1541
-15.4478
-15.6873
-15.8728
-16.0124
-16.1155
-16.1904
-16.2438
-16.2802
-16.3029
-16.3137
-22.3305
-16.4131
-16.0596
-16.3729
-16.675
-16.8862
-17.0198
-17.0995
-17.1449
-17.1693
-17.1813
-17.1866
-17.1884
-17.1886
-17.1885
-8.00933
-15.4912
-17.225
-17.9337
-18.2589
-18.3784
-18.3896
-18.3502
-18.292
-18.2316
-18.177
-18.1318
-18.0975
-18.0747
-18.0632
-24.2816
-18.5612
-19.1023
-19.7608
-19.9856
-19.9457
-19.7946
-19.6139
-19.4407
-19.2899
-19.1661
-19.0695
-18.9988
-18.9527
-18.93
-8.73644
-17.2833
-20.8981
-21.8893
-21.8961
-21.5903
-21.22
-20.8722
-20.5739
-20.3296
-20.1363
-19.9891
-19.8831
-19.8146
-19.781
12.7449
-19.4305
-24.5162
-24.7019
-24.0239
-23.2796
-22.6297
-22.0963
-21.6696
-21.3338
-21.0746
-20.8801
-20.7414
-20.6523
-20.6087
-75.937
-40.3899
-31.538
-28.115
-26.198
-24.9032
-23.9585
-23.2463
-22.702
-22.2849
-21.9679
-21.7323
-21.5653
-21.4583
-21.406
-56.7987
-42.8044
-34.791
-30.4834
-27.9405
-26.2839
-25.1258
-24.2797
-23.6461
-23.1666
-22.8047
-22.537
-22.3475
-22.2263
-22.1672
-47.3817
-41.0589
-35.4722
-31.6278
-29.0681
-27.3184
-26.0763
-25.1656
-24.4831
-23.9665
-23.5763
-23.2872
-23.0824
-22.9513
-22.8872
-42.3578
-38.7958
-34.9452
-31.8815
-29.6337
-28.0004
-26.7966
-25.8929
-25.2051
-24.6785
-24.2777
-23.9789
-23.7663
-23.6296
-23.5628
-39.8098
-36.727
-33.8734
-31.57
-29.7732
-28.3844
-27.3085
-26.4704
-25.815
-25.3034
-24.9083
-24.6106
-24.3973
-24.2596
-24.192
-39.405
-34.4929
-32.4214
-30.9078
-29.63
-28.5512
-27.6553
-26.9209
-26.325
-25.8473
-25.4712
-25.1839
-24.976
-24.8408
-24.7742
-14.102
-14.0864
-14.0534
-13.999
-13.9166
-13.7962
-13.6223
-13.3715
-13.0071
-12.4699
-11.661
-10.4116
-8.45047
-5.51564
-2.73385
-15.0648
-15.0647
-15.0636
-15.0599
-15.0509
-15.0329
-15.0012
-14.9503
-14.8754
-14.7774
-14.6785
-14.6709
-15.0703
-16.8981
-23.3282
-16.0277
-16.0438
-16.0764
-16.126
-16.1941
-16.2833
-16.3992
-16.5529
-16.7666
-17.0857
-17.6047
-18.523
-20.2618
-23.6779
-30.297
-16.9743
-17.0065
-17.0721
-17.1737
-17.316
-17.5069
-17.7594
-18.0955
-18.5524
-19.1941
-20.1314
-21.5545
-23.776
-27.2547
-32.4697
-17.8886
-17.9356
-18.0317
-18.1806
-18.3893
-18.6688
-19.036
-19.5172
-20.1532
-21.0067
-22.1724
-23.7876
-26.0329
-29.0949
-33.0322
-18.7557
-18.8158
-18.9382
-19.1276
-19.3918
-19.7429
-20.1984
-20.7841
-21.5366
-22.507
-23.7637
-25.3905
-27.473
-30.0597
-33.0814
-19.5627
-19.6336
-19.7777
-19.9997
-20.3075
-20.7124
-21.2305
-21.884
-22.7019
-23.7211
-24.9849
-26.5374
-28.4089
-30.5894
-32.9894
-20.2987
-20.3782
-20.5391
-20.786
-21.1259
-21.5685
-22.1273
-22.8194
-23.6658
-24.6904
-25.9174
-27.3652
-29.0358
-30.8995
-32.8781
-20.9553
-21.0411
-21.2145
-21.4793
-21.8413
-22.3084
-22.8907
-23.6005
-24.4514
-25.4572
-26.6289
-27.97
-29.4696
-31.0944
-32.7833
-21.5259
-21.6163
-21.7984
-22.0754
-22.4517
-22.933
-23.5266
-24.2403
-25.082
-26.058
-27.171
-28.4162
-29.7779
-31.2253
-32.7116
-22.0061
-22.0995
-22.2875
-22.5722
-22.9568
-23.4453
-24.0422
-24.752
-25.5781
-26.5219
-27.5807
-28.7459
-30.0004
-31.3173
-32.6605
-22.3928
-22.4882
-22.6797
-22.9689
-23.3579
-23.8491
-24.4449
-25.1472
-25.9565
-26.8706
-27.884
-28.9862
-30.1602
-31.383
-32.6256
-22.6841
-22.7806
-22.9742
-23.2658
-23.6566
-24.1481
-24.7411
-25.4355
-26.2298
-27.1199
-28.0986
-29.1544
-30.2713
-31.4289
-32.6029
-22.8788
-22.9759
-23.1705
-23.4632
-23.8548
-24.3456
-24.9357
-25.6238
-26.4072
-27.2806
-28.2359
-29.2614
-30.3417
-31.4581
-32.5894
-22.9763
-23.0736
-23.2687
-23.5618
-23.9535
-24.4437
-25.0321
-25.7168
-26.4945
-27.3594
-28.3029
-29.3134
-30.3758
-31.4724
-32.5831
-25.9569
-108.747
-119.216
-73.6668
-56.9738
-41.277
-33.3974
-21.3115
-29.6437
-33.5669
-39.5207
-43.7781
-52.3002
-61.0173
-83.8038
-83.57
-59.9969
-50.854
-41.7033
-37.0782
-30.5819
-26.39
-17.9827
-26.2346
-30.2923
-36.5176
-40.9121
-49.5735
-58.242
-80.6457
-80.6389
-58.2149
-49.5213
-40.7979
-36.3705
-30.1001
-26.0265
-17.7861
-25.9987
-30.0516
-36.281
-40.6815
-49.3529
-58.0227
-80.4143
-80.4345
-58.1131
-49.4634
-40.789
-36.3852
-30.1421
-26.08
-17.8428
-26.111
-30.2031
-36.5057
-40.9654
-49.7593
-58.5502
-81.2443
-81.3078
-58.8294
-50.1301
-41.4229
-37.005
-30.737
-26.6463
-18.2992
-26.92
-31.2586
-38.0311
-42.9043
-52.6
-62.3529
-87.5341
-88.11
-64.9048
-56.1948
-48.0837
-44.2459
-39.4497
-36.3995
-30.2648
-60.001
-57.9898
-22.0229
-11.222
-8.26859
-9.35258
-16.8242
-40.1656
-66.6206
-74.5472
-64.2436
-54.2817
-45.3262
-39.0008
-34.5323
-35.6508
-38.1473
-41.8185
-46.0069
-51.5176
-57.6896
-64.6474
-64.4053
-56.9248
-50.2867
-44.2861
-39.6221
-35.3887
-32.2011
-29.9588
-32.037
-35.0485
-39.0585
-43.4619
-49.1145
-55.3511
-62.3413
-62.3303
-55.3158
-49.0496
-43.3574
-38.9155
-34.8627
-31.8061
-29.6657
-31.7839
-34.8186
-38.8457
-43.2632
-48.929
-55.1769
-62.1803
-62.198
-55.2312
-49.0054
-43.3498
-38.9369
-34.9103
-31.8765
-29.7609
-31.9182
-34.998
-39.083
-43.5669
-49.3197
-55.6668
-62.7878
-62.8506
-55.8621
-49.6177
-43.9516
-39.5387
-35.5212
-32.5144
-30.4635
-32.8232
-36.1676
-40.6211
-45.561
-51.9528
-59.0766
-67.1791
-67.7201
-60.7913
-54.6726
-49.3142
-45.3341
-42.0018
-39.8066
-39.1398
-44.1145
-41.2609
-29.8283
-22.3652
-18.9918
-18.8599
-21.5658
-40.3455
-51.1748
-56.1301
-54.3282
-50.1403
-45.5879
-41.93
-39.7076
-39.6737
-41.0358
-43.3712
-46.3316
-49.7824
-53.2304
-55.8587
-55.6636
-52.6398
-48.8011
-44.9442
-41.5459
-38.6893
-36.6511
-35.7134
-36.4953
-38.3669
-41.0331
-44.2126
-47.8147
-51.3749
-54.1184
-54.107
-51.3392
-47.7513
-44.1165
-40.9002
-38.1908
-36.2663
-35.4132
-36.2492
-38.1564
-40.8482
-44.0475
-47.6668
-51.2435
-54.0057
-54.0192
-51.2826
-47.7261
-44.1213
-40.9324
-38.2491
-36.3506
-35.5262
-36.3971
-38.3456
-41.0859
-44.3411
-48.0244
-51.6689
-54.4954
-54.5474
-51.8236
-48.2726
-44.6756
-41.503
-38.8501
-37.006
-36.2765
-37.3087
-39.4795
-42.5108
-46.1269
-50.2515
-54.391
-57.7126
-58.0867
-55.5114
-52.0557
-48.5602
-45.4896
-42.9161
-41.0124
-39.8892
-39.4986
-36.884
-31.9169
-27.6188
-25.0474
-24.2817
-24.9997
-38.6289
-44.1874
-47.4433
-47.8483
-46.5234
-44.5615
-42.7919
-41.7313
-41.6862
-42.5226
-44.0239
-45.9499
-48.0513
-49.9513
-51.1356
-50.9951
-49.5281
-47.3419
-44.9415
-42.6897
-40.8113
-39.5164
-38.9915
-39.3844
-40.5409
-42.2686
-44.3548
-46.575
-48.5746
-49.8628
-49.8528
-48.5435
-46.5205
-44.2731
-42.1549
-40.3886
-39.1837
-38.7284
-39.1718
-40.3648
-42.1197
-44.2273
-46.4659
-48.4829
-49.7895
-49.8005
-48.5149
-46.5166
-44.2939
-42.2
-40.4579
-39.2781
-38.8502
-39.3246
-40.5529
-42.3475
-44.4992
-46.7849
-48.8492
-50.1985
-50.2412
-48.9764
-46.994
-44.7885
-42.719
-41.0144
-39.8927
-39.5528
-40.1548
-41.5522
-43.5584
-45.9609
-48.5289
-50.8833
-52.4903
-52.7008
-51.4991
-49.4963
-47.1948
-44.9293
-42.8661
-41.0934
-39.5825
-38.0841
-35.8937
-33.0414
-30.386
-28.5033
-27.5679
-27.4583
-37.098
-40.5153
-42.8617
-43.8593
-43.8238
-43.2579
-42.6328
-42.2924
-42.4293
-43.0518
-44.0648
-45.3155
-46.6099
-47.7027
-48.3201
-48.2366
-47.4518
-46.1909
-44.725
-43.2956
-42.0932
-41.2725
-40.9483
-41.1737
-41.8924
-42.9876
-44.304
-45.6532
-46.7987
-47.4768
-47.4694
-46.7757
-45.6129
-44.2436
-42.9029
-41.7779
-41.0219
-40.7496
-41.015
-41.7643
-42.8832
-44.2186
-45.5842
-46.7453
-47.4392
-47.4488
-46.7736
-45.6303
-44.2811
-42.9609
-41.857
-41.1232
-40.8748
-41.1665
-41.9447
-43.0951
-44.4642
-45.8643
-47.059
-47.7834
-47.818
-47.1626
-46.0366
-44.7059
-43.4096
-42.3393
-41.6537
-41.4729
-41.8554
-42.7484
-44.0353
-45.5567
-47.1141
-48.4519
-49.2793
-49.3482
-48.6407
-47.367
-45.7778
-44.078
-42.3977
-40.7974
-39.2573
-37.6656
-35.856
-33.8824
-32.0404
-30.5953
-29.6651
-29.2164
-35.9864
-38.3853
-40.2223
-41.3576
-41.8878
-42.0395
-42.0637
-42.166
-42.4731
-43.0185
-43.7634
-44.6182
-45.4586
-46.1384
-46.5139
-46.4877
-46.0611
-45.3348
-44.4557
-43.5748
-42.8251
-42.3138
-42.1137
-42.2524
-42.7016
-43.3883
-44.2061
-45.0245
-45.6959
-46.078
-46.074
-45.6836
-45.0026
-44.1728
-43.3405
-42.6358
-42.1637
-41.9963
-42.1614
-42.6316
-43.3349
-44.1666
-44.9972
-45.6803
-46.0744
-46.0833
-45.7067
-45.0406
-44.2264
-43.4106
-42.7232
-42.2694
-42.1217
-42.3079
-42.8007
-43.528
-44.3845
-45.2397
-45.9464
-46.3616
-46.3883
-46.0267
-45.3739
-44.5737
-43.775
-43.1104
-42.6878
-42.5818
-42.8212
-43.3773
-44.1746
-45.1009
-46.0154
-46.7557
-47.1607
-47.1138
-46.5974
-45.6922
-44.5202
-43.1987
-41.8144
-40.4149
-39.0062
-37.5612
-36.0544
-34.5338
-33.1232
-31.9459
-31.0689
-30.4876
-35.2153
-37.0645
-38.5931
-39.7271
-40.4965
-41.0047
-41.3817
-41.7449
-42.1733
-42.6977
-43.3035
-43.9415
-44.5386
-45.012
-45.2861
-45.3151
-45.1019
-44.6989
-44.1889
-43.6648
-43.2138
-42.9068
-42.7912
-42.884
-43.169
-43.5999
-44.1075
-44.6073
-45.0096
-45.2352
-45.2353
-45.0097
-44.6068
-44.1054
-43.5946
-43.1587
-42.8666
-42.7644
-42.8687
-43.1631
-43.6019
-44.1163
-44.6226
-45.0316
-45.2645
-45.2729
-45.0566
-44.6641
-44.1741
-43.6757
-43.2529
-42.975
-42.8878
-43.008
-43.3191
-43.775
-44.3066
-44.8293
-45.2534
-45.4992
-45.5181
-45.3099
-44.9238
-44.4394
-43.9474
-43.533
-43.2662
-43.1935
-43.3307
-43.6591
-44.1282
-44.6623
-45.1675
-45.5422
-45.6929
-45.5554
-45.1142
-44.4016
-43.4781
-42.4099
-41.2531
-40.0458
-38.8075
-37.5456
-36.2728
-35.0268
-33.87
-32.8642
-32.0468
-31.4212
-34.6838
-36.2052
-37.5319
-38.6215
-39.4813
-40.1585
-40.7197
-41.2295
-41.7354
-42.2595
-42.7973
-43.3232
-43.7968
-44.1726
-44.4113
-44.4911
-44.4161
-44.2168
-43.9422
-43.6497
-43.3949
-43.2242
-43.1684
-43.2389
-43.4261
-43.7011
-44.0202
-44.3304
-44.5778
-44.717
-44.7215
-44.5913
-44.3528
-44.0514
-43.741
-43.4745
-43.2962
-43.2353
-43.3021
-43.4867
-43.7599
-44.0779
-44.388
-44.6364
-44.7779
-44.7859
-44.6606
-44.4282
-44.1339
-43.8317
-43.5744
-43.4059
-43.3554
-43.4332
-43.6289
-43.9131
-44.2416
-44.561
-44.817
-44.9639
-44.9748
-44.8497
-44.615
-44.3164
-44.008
-43.743
-43.5652
-43.5031
-43.5652
-43.7382
-43.9884
-44.2652
-44.5076
-44.6516
-44.6402
-44.4346
-44.0218
-43.4149
-42.6445
-41.7488
-40.7645
-39.7216
-38.6427
-37.5461
-36.4526
-35.3915
-34.3996
-33.5111
-32.7486
-32.117
-34.3156
-35.6261
-36.8121
-37.8468
-38.729
-39.4794
-40.1314
-40.7196
-41.2714
-41.8011
-42.3083
-42.7803
-43.1956
-43.5305
-43.7651
-43.8898
-43.9094
-43.8431
-43.7213
-43.58
-43.455
-43.3761
-43.3636
-43.4256
-43.5566
-43.739
-43.9455
-44.1439
-44.3018
-44.3927
-44.4017
-44.3289
-44.1895
-44.0103
-43.824
-43.6636
-43.5567
-43.5221
-43.5662
-43.6827
-43.8535
-44.0509
-44.2424
-44.3954
-44.4834
-44.4912
-44.4188
-44.2814
-44.1053
-43.9233
-43.7679
-43.6668
-43.6383
-43.6887
-43.8114
-43.9877
-44.1896
-44.3841
-44.538
-44.6243
-44.6275
-44.5473
-44.3985
-44.2074
-44.0063
-43.8276
-43.6978
-43.6338
-43.64
-43.7064
-43.8101
-43.9178
-43.9896
-43.9847
-43.8671
-43.612
-43.2092
-42.6635
-41.9913
-41.2153
-40.3603
-39.4494
-38.5035
-37.5421
-36.5856
-35.6568
-34.78
-33.9768
-33.2619
-32.6405
-34.0589
-35.2262
-36.3099
-37.2915
-38.1662
-38.942
-39.6346
-40.262
-40.8392
-41.3749
-41.87
-42.3187
-42.7101
-43.0326
-43.2769
-43.4398
-43.5261
-43.5491
-43.5283
-43.4871
-43.4484
-43.4321
-43.4517
-43.513
-43.6132
-43.7419
-43.8826
-44.0158
-44.1223
-44.1864
-44.1996
-44.1623
-44.0835
-43.9794
-43.8699
-43.7754
-43.7134
-43.6955
-43.7259
-43.8008
-43.9087
-44.0325
-44.1523
-44.2482
-44.3043
-44.3119
-44.2709
-44.1901
-44.0854
-43.9765
-43.8834
-43.8234
-43.8077
-43.8402
-43.9167
-44.0253
-44.1485
-44.2656
-44.3564
-44.4045
-44.4005
-44.3438
-44.2429
-44.1128
-43.9727
-43.8416
-43.7355
-43.6638
-43.628
-43.6208
-43.6263
-43.6222
-43.5823
-43.48
-43.2922
-43.0022
-42.6025
-42.0945
-41.4875
-40.7958
-40.0366
-39.2277
-38.3868
-37.5312
-36.6788
-35.8474
-35.0546
-34.3155
-33.6408
-33.0355
-33.8795
-34.9466
-35.9547
-36.8898
-37.7459
-38.5243
-39.2317
-39.8765
-40.4666
-41.0069
-41.4987
-41.9392
-42.3239
-42.6473
-42.906
-43.1
-43.2341
-43.3179
-43.3648
-43.3902
-43.4097
-43.4364
-43.4798
-43.5442
-43.6287
-43.7273
-43.8304
-43.9263
-44.0036
-44.0533
-44.0704
-44.0555
-44.0141
-43.9561
-43.8941
-43.8405
-43.8065
-43.7993
-43.8217
-43.8712
-43.9409
-44.0202
-44.0966
-44.1582
-44.1953
-44.2027
-44.1803
-44.1334
-44.0716
-44.0068
-43.9515
-43.9161
-43.9077
-43.9286
-43.9759
-44.0421
-44.1162
-44.1852
-44.2365
-44.2598
-44.2493
-44.2043
-44.1292
-44.0328
-43.926
-43.82
-43.7237
-43.6421
-43.5751
-43.5169
-43.4564
-43.3782
-43.2649
-43.0987
-42.8643
-42.5505
-42.1517
-41.6682
-41.1056
-40.4736
-39.7845
-39.0522
-38.2912
-37.516
-36.7416
-35.9823
-35.2518
-34.5614
-33.9197
-33.3316
-33.7554
-34.7519
-35.7045
-36.6017
-37.4372
-38.209
-38.9186
-39.5696
-40.1655
-40.709
-41.2008
-41.6403
-42.0256
-42.3551
-42.6281
-42.8464
-43.0145
-43.1398
-43.232
-43.302
-43.3604
-43.4166
-43.4775
-43.5465
-43.6239
-43.7064
-43.7885
-43.8636
-43.9248
-43.967
-43.9874
-43.9867
-43.9684
-43.9389
-43.906
-43.8777
-43.861
-43.8606
-43.8783
-43.9127
-43.9594
-44.0119
-44.0623
-44.1034
-44.1292
-44.1364
-44.125
-44.0983
-44.0621
-44.0237
-43.9909
-43.9701
-43.9656
-43.9788
-44.0078
-44.0477
-44.0913
-44.1303
-44.1567
-44.164
-44.148
-44.108
-44.0463
-43.9677
-43.8783
-43.7844
-43.6907
-43.5995
-43.5097
-43.4165
-43.3118
-43.1849
-43.0236
-42.8158
-42.5509
-42.2213
-41.823
-41.3558
-40.8237
-40.2336
-39.5948
-38.9182
-38.2158
-37.4998
-36.7826
-36.0761
-35.3912
-34.7374
-34.1217
-33.549
-33.6722
-34.6204
-35.5338
-36.4025
-37.2201
-37.9829
-38.69
-39.3419
-39.9399
-40.4851
-40.9782
-41.4192
-41.8077
-42.144
-42.4289
-42.6649
-42.8564
-43.0094
-43.1313
-43.2302
-43.3141
-43.3901
-43.4633
-43.5369
-43.6115
-43.6859
-43.7569
-43.8207
-43.8733
-43.9119
-43.935
-43.9432
-43.939
-43.9266
-43.9112
-43.8982
-43.892
-43.8958
-43.911
-43.9366
-43.9698
-44.0065
-44.0417
-44.0707
-44.0898
-44.0969
-44.092
-44.077
-44.0557
-44.0328
-44.013
-44.0006
-43.9982
-44.0065
-44.0242
-44.048
-44.073
-44.0937
-44.1047
-44.1016
-44.0814
-44.0431
-43.9879
-43.9182
-43.8373
-43.7486
-43.6543
-43.555
-43.4492
-43.3328
-43.1994
-43.0412
-42.8493
-42.615
-42.3309
-41.9913
-41.5933
-41.1371
-40.6254
-40.0637
-39.4594
-38.8216
-38.1601
-37.4855
-36.8083
-36.1387
-35.486
-34.8583
-34.262
-33.7017
-33.621
-34.5389
-35.4272
-36.277
-37.0817
-37.837
-38.5407
-39.1917
-39.7902
-40.3363
-40.8306
-41.2734
-41.6651
-42.0067
-42.2999
-42.5475
-42.7537
-42.9236
-43.0635
-43.18
-43.2794
-43.3675
-43.4486
-43.5256
-43.5996
-43.6701
-43.7356
-43.7937
-43.8422
-43.8792
-43.9041
-43.9175
-43.9213
-43.9187
-43.9132
-43.9087
-43.9085
-43.9148
-43.9287
-43.9494
-43.9752
-44.0032
-44.03
-44.0524
-44.0678
-44.0748
-44.0734
-44.0648
-44.0518
-44.0373
-44.0247
-44.0168
-44.0153
-44.0208
-44.032
-44.0465
-44.0609
-44.0711
-44.0732
-44.0639
-44.0407
-44.0028
-43.9504
-43.8848
-43.8077
-43.7208
-43.625
-43.5201
-43.4041
-43.2734
-43.1228
-42.946
-42.736
-42.4862
-42.1907
-41.8453
-41.4478
-40.9983
-40.4992
-39.9551
-39.3725
-38.759
-38.1234
-37.475
-36.8232
-36.177
-35.5449
-34.9341
-34.3506
-33.7988
-33.5966
-34.4998
-35.3758
-36.2162
-37.0143
-37.7655
-38.4669
-39.1172
-39.7156
-40.2621
-40.7571
-41.201
-41.5945
-41.939
-42.2365
-42.4898
-42.703
-42.881
-43.0294
-43.1541
-43.2609
-43.3547
-43.4398
-43.5186
-43.5926
-43.6617
-43.7249
-43.7807
-43.8274
-43.8639
-43.8897
-43.9055
-43.913
-43.9147
-43.9137
-43.9132
-43.9157
-43.9231
-43.9364
-43.955
-43.9775
-44.0016
-44.0247
-44.0442
-44.0579
-44.0649
-44.065
-44.0593
-44.0499
-44.0391
-44.0297
-44.0237
-44.0227
-44.0267
-44.035
-44.0453
-44.0549
-44.0604
-44.0584
-44.0461
-44.0214
-43.9835
-43.9321
-43.868
-43.7922
-43.7058
-43.609
-43.5012
-43.3803
-43.2428
-43.0841
-42.8986
-42.6803
-42.4232
-42.1225
-41.7744
-41.3772
-40.9309
-40.4379
-39.9023
-39.33
-38.7282
-38.1052
-37.4695
-36.83
-36.1952
-35.5731
-34.9706
-34.3934
-33.8461
-26.0215
-29.859
-30.3996
-30.0003
-29.321
-28.5949
-27.9134
-27.3106
-26.7958
-26.3681
-26.0226
-25.7539
-25.5569
-25.4278
-25.3639
-25.4441
-28.1025
-29.1354
-29.291
-29.0311
-28.5981
-28.1162
-27.6476
-27.2224
-26.8539
-26.5474
-26.3039
-26.1228
-26.0029
-25.9433
-26.5479
-27.973
-28.7494
-28.9979
-28.9142
-28.6503
-28.3059
-27.9414
-27.5921
-27.2779
-27.0093
-26.7917
-26.6275
-26.5179
-26.463
-27.9032
-28.4928
-28.8916
-29.0373
-28.9776
-28.7831
-28.5155
-28.2199
-27.9269
-27.6563
-27.4202
-27.226
-27.0778
-26.9781
-26.9279
-29.1221
-29.2036
-29.2872
-29.2822
-29.1757
-28.9892
-28.7532
-28.4958
-28.2394
-28.0002
-27.7893
-27.6142
-27.4797
-27.3886
-27.3427
-30.1272
-29.9123
-29.7713
-29.6286
-29.4538
-29.2447
-29.0122
-28.7708
-28.5348
-28.3157
-28.1226
-27.9619
-27.8381
-27.7541
-27.7117
-30.9309
-30.5472
-30.2573
-30.007
-29.7662
-29.5238
-29.28
-29.0406
-28.8132
-28.6054
-28.4236
-28.2728
-28.1567
-28.078
-28.0383
-31.566
-31.0883
-30.7037
-30.3759
-30.0804
-29.8044
-29.5435
-29.2983
-29.0721
-28.8691
-28.6936
-28.5489
-28.4381
-28.363
-28.3252
-32.0645
-31.5363
-31.0935
-30.7124
-30.3751
-30.07
-29.7912
-29.537
-29.3078
-29.1055
-28.9326
-28.7913
-28.6836
-28.6109
-28.5743
-32.4527
-31.899
-31.4215
-31.0053
-30.6376
-30.3093
-30.0146
-29.7506
-29.5165
-29.3127
-29.1401
-29.0002
-28.894
-28.8227
-28.7868
-32.7507
-32.1857
-31.6883
-31.2496
-30.8608
-30.515
-30.2072
-29.9344
-29.695
-29.4885
-29.3151
-29.1753
-29.0697
-28.999
-28.9635
-32.9736
-32.4047
-31.8966
-31.4439
-31.041
-30.6827
-30.3649
-30.0849
-29.8407
-29.6313
-29.4565
-29.3162
-29.2107
-29.1401
-29.1048
-33.1322
-32.563
-32.0495
-31.5886
-31.1766
-30.8099
-30.485
-30.1995
-29.9514
-29.7396
-29.5634
-29.4224
-29.3166
-29.246
-29.2107
-33.234
-32.6658
-32.1497
-31.6843
-31.2671
-30.8952
-30.5658
-30.2767
-30.026
-29.8124
-29.6351
-29.4935
-29.3874
-29.3167
-29.2814
-33.2839
-32.7163
-32.1993
-31.732
-31.3124
-30.938
-30.6065
-30.3156
-30.0635
-29.849
-29.6711
-29.5292
-29.4229
-29.3521
-29.3168
)
;

boundaryField
{
    hot
    {
        type            calculated;
        value           nonuniform List<scalar> 
120
(
-29.3363
-29.2684
-29.132
-28.9258
-28.648
-28.2967
-27.8693
-27.3639
-26.7785
-26.1124
-25.3658
-24.5409
-23.6422
-22.6765
-21.6537
-20.6748
-19.7627
-18.8371
-17.9072
-16.9817
-16.0687
-15.1754
-14.3079
-13.4709
-12.6678
-11.9011
-11.1725
-10.4825
-9.83159
-9.21951
-8.64585
-8.10988
-7.61067
-7.14706
-6.71768
-6.32096
-5.95515
-5.61836
-5.30865
-5.02404
-4.7626
-4.52249
-4.30202
-4.09963
-3.91394
-3.74373
-3.58791
-3.44551
-3.31566
-3.19756
-3.09044
-2.99359
-2.90634
-2.82804
-2.7581
-2.69599
-2.64122
-2.59338
-2.55212
-2.51717
-2.48832
-2.46544
-2.44843
-2.43729
-2.43202
-2.4327
-2.43943
-2.45235
-2.47165
-2.49754
-2.53027
-2.57013
-2.61743
-2.67257
-2.73598
-2.80815
-2.88967
-2.9812
-3.0835
-3.19743
-3.32394
-3.46406
-3.6189
-3.78961
-3.97735
-4.18332
-4.40867
-4.6546
-4.92225
-5.21283
-5.52757
-5.86783
-6.23506
-6.63087
-7.05699
-7.51523
-8.00741
-8.53519
-9.09991
-9.70238
-10.3426
-11.0195
-11.7308
-12.4729
-13.2405
-14.1058
-15.0648
-16.0236
-16.9663
-17.8769
-18.7408
-19.5451
-20.279
-20.9339
-21.5034
-21.9828
-22.3691
-22.66
-22.8545
-22.9519
)
;
    }
    cold
    {
        type            calculated;
        value           nonuniform List<scalar> 
120
(
-39.089
-39.0604
-39.0013
-38.9081
-38.7751
-38.5949
-38.3579
-38.0527
-37.6665
-37.1854
-36.5952
-35.883
-35.0386
-34.056
-32.9353
-31.7879
-30.6629
-29.4674
-28.2156
-26.9229
-25.6054
-24.2788
-22.9577
-21.6548
-20.3811
-19.1452
-17.954
-16.8128
-15.7254
-14.6944
-13.7216
-12.8078
-11.9531
-11.1569
-10.418
-9.73446
-9.1041
-8.52417
-7.99173
-7.50369
-7.05694
-6.6485
-6.27556
-5.93553
-5.62611
-5.34523
-5.09108
-4.86205
-4.6567
-4.4737
-4.31185
-4.17002
-4.04716
-3.9423
-3.85455
-3.78312
-3.72731
-3.68656
-3.66041
-3.64856
-3.65081
-3.66714
-3.69763
-3.74252
-3.80218
-3.8771
-3.96787
-4.07521
-4.19989
-4.34278
-4.50479
-4.6869
-4.89014
-5.11561
-5.36449
-5.63809
-5.93785
-6.26538
-6.62245
-7.01098
-7.433
-7.89053
-8.38551
-8.91964
-9.4942
-10.1099
-10.7667
-11.4637
-12.1991
-12.9699
-13.7724
-14.6015
-15.4517
-16.3164
-17.1884
-18.0604
-18.9244
-19.7727
-20.5979
-21.3931
-22.1525
-22.8714
-23.5463
-24.1752
-24.7577
-25.348
-25.9284
-26.4493
-26.9154
-27.3312
-27.7011
-28.0283
-28.3157
-28.5651
-28.7778
-28.9546
-29.0959
-29.2019
-29.2726
-29.3079
)
;
    }
    interface_left
    {
        type            calculated;
        value           nonuniform List<scalar> 
90
(
-56.8009
-105.864
53.8947
-3.26072
24.289
-2.1316
11.0776
-1.82426
-12.3345
-1.66353
-13.678
-1.64483
-14.6717
-1.54072
-17.7327
12.294
-2.01451
6.17191
-1.84703
3.16263
-1.81178
1.05047
-1.77073
-4.2189
-1.74078
-4.68893
-1.73616
-5.02947
-1.70644
-5.86985
1.87991
-1.82415
0.310342
-1.7726
-0.46886
-1.75492
-1.01769
-1.73495
-2.34478
-1.71701
-2.42086
-1.7046
-2.43669
-1.68665
-2.51385
-1.0428
-1.69422
-1.39783
-1.66735
-1.57636
-1.64575
-1.67511
-1.62405
-1.49849
-1.60164
-1.2667
-1.57783
-0.907212
-1.56328
-0.203915
-3.12117
-1.48503
-2.86096
-1.46393
-2.76059
-1.43153
-2.57132
-1.41102
-0.038306
-1.39675
1.08664
-1.38495
2.70501
-1.44743
5.9755
-9.69291
-1.21459
-8.2154
-1.34257
-7.86022
-1.5245
-7.52595
-2.07355
4.76521
-10.7258
-3.74573
1.39917
7.76802
19.0438
44.973
)
;
    }
    interface_right
    {
        type            calculated;
        value           nonuniform List<scalar> 
90
(
-201.586
-282.261
120.31
-4.93633
51.1063
-2.31815
23.119
-1.71053
-21.492
-1.3675
-23.5483
-1.28674
-25.041
-1.03672
-30.2634
23.7608
-1.88308
12.6027
-1.63508
7.15344
-1.60311
3.36435
-1.55796
-5.79599
-1.52576
-6.55839
-1.53498
-7.05967
-1.49833
-8.32319
4.22909
-1.71679
1.54543
-1.67559
0.205507
-1.68156
-0.711758
-1.68493
-2.44016
-1.69162
-2.39669
-1.70757
-2.18379
-1.72725
-1.81376
-2.0759
-1.73684
-2.38738
-1.74617
-2.57893
-1.75663
-2.6058
-1.77803
-0.736125
-1.80572
0.177074
-1.83369
1.50025
-1.92018
4.15467
-8.64581
-1.7293
-7.33564
-1.78326
-6.83173
-1.79859
-6.08832
-1.8608
3.0547
-1.94561
6.84445
-2.02486
12.3946
-2.3529
23.9673
-31.957
-1.49681
-27.4507
-1.70975
-27.7549
-1.78173
-30.0874
-2.94044
40.3085
-104.892
-65.5281
-50.4321
-43.8285
-41.3291
-43.069
)
;
    }
    interface_top
    {
        type            calculated;
        value           nonuniform List<scalar> 
90
(
-25.9569
-108.747
-119.216
-73.6668
-56.9738
-41.277
-33.3974
-21.3115
-29.6437
-33.5669
-39.5207
-43.7781
-52.3002
-61.0173
-83.8038
-83.57
-59.9969
-50.854
-41.7033
-37.0782
-30.5819
-26.39
-17.9827
-26.2346
-30.2923
-36.5176
-40.9121
-49.5735
-58.242
-80.6457
-80.6389
-58.2149
-49.5213
-40.7979
-36.3705
-30.1001
-26.0265
-17.7861
-25.9987
-30.0516
-36.281
-40.6815
-49.3529
-58.0227
-80.4143
-80.4345
-58.1131
-49.4634
-40.789
-36.3852
-30.1421
-26.08
-17.8428
-26.111
-30.2031
-36.5057
-40.9654
-49.7593
-58.5502
-81.2443
-81.3078
-58.8294
-50.1301
-41.4229
-37.005
-30.737
-26.6463
-18.2992
-26.92
-31.2586
-38.0311
-42.9043
-52.6
-62.3529
-87.5341
-88.11
-64.9048
-56.1948
-48.0837
-44.2459
-39.4497
-36.3995
-30.2648
-60.001
-57.9898
-22.0229
-11.222
-8.26859
-9.35258
-16.8242
)
;
    }
    interface_bottom
    {
        type            calculated;
        value           nonuniform List<scalar> 
90
(
-38.0949
-74.397
-77.4923
-52.567
-42.9022
-32.8293
-27.3457
-17.9884
-25.6357
-29.318
-34.931
-38.9084
-46.794
-54.745
-75.3875
-75.2353
-54.0762
-45.8763
-37.6777
-33.5273
-27.6835
-23.9032
-16.302
-23.7965
-27.481
-33.1331
-37.1158
-44.9594
-52.7863
-72.9969
-72.9531
-52.5939
-44.7072
-36.8155
-32.812
-27.1509
-23.4739
-16.0417
-23.4472
-27.0985
-32.7097
-36.6669
-44.461
-52.2326
-72.289
-72.2676
-52.1378
-44.3423
-36.5438
-32.5857
-26.9832
-23.339
-15.9591
-23.3455
-26.992
-32.6
-36.5553
-44.3453
-52.1072
-72.1313
-72.1159
-52.0389
-44.2635
-36.4839
-32.5339
-26.94
-23.2994
-15.9249
-23.3044
-26.9457
-32.5452
-36.4932
-44.2709
-52.0221
-72.0271
-72.0235
-52.0193
-44.2862
-36.6085
-32.7334
-27.3632
-23.8707
-16.9823
-27.5497
-26.5936
-12.7861
-9.88977
-12.1591
-21.9906
-54.1934
)
;
    }
    defaultFaces
    {
        type            empty;
    }
}


// ************************************************************************* //
