/*--------------------------------*- C++ -*----------------------------------*\
| =========                 |                                                 |
| \\      /  F ield         | OpenFOAM: The Open Source CFD Toolbox           |
|  \\    /   O peration     | Version:  5.x                                   |
|   \\  /    A nd           | Web:      www.OpenFOAM.org                      |
|    \\/     M anipulation  |                                                 |
\*---------------------------------------------------------------------------*/
FoamFile
{
    version     2.0;
    format      ascii;
    class       volScalarField;
    location    "5.6001";
    object      gradTy;
}
// * * * * * * * * * * * * * * * * * * * * * * * * * * * * * * * * * * * * * //

dimensions      [0 -1 0 1 0 0 0];

internalField   nonuniform List<scalar> 
6300
(
32284.4
32253.1
32221.7
32190.1
32158.3
32126.2
32093.6
32060.7
32027.3
31993.4
31958.9
31923.8
31888.1
31851.8
31814.9
0.0533325
0.159494
0.264117
0.366073
0.464074
0.556631
0.64204
0.718399
0.783673
0.835814
0.872955
0.893649
0.897159
0.883732
0.854788
0.0894286
0.26749
0.443105
0.614451
0.779424
0.935564
1.08001
1.20952
1.32056
1.40952
1.473
1.50828
1.51384
1.48987
1.43872
0.126324
0.37794
0.626376
0.869218
1.10363
1.32622
1.53295
1.71914
1.87957
2.00873
2.10128
2.15269
2.1601
2.12324
2.04528
0.16425
0.491572
0.815242
1.13242
1.43966
1.73273
2.00642
2.25452
2.46985
2.64457
2.77071
2.84111
2.85063
2.79772
2.68594
0.203352
0.608857
1.0106
1.40555
1.78987
2.15862
2.5055
2.82268
3.10075
3.32898
3.49589
3.59041
3.60361
3.53106
3.37564
0.243654
0.729901
1.21276
1.68932
2.15565
2.60637
3.03428
3.42995
3.7815
4.07471
4.29346
4.42105
4.44235
4.34727
4.13541
0.285019
0.854329
1.42123
1.98333
2.53703
3.07695
3.59531
4.08133
4.52061
4.89489
5.18221
5.35799
5.3975
5.28028
4.99714
0.32711
0.981168
1.63449
2.28574
2.93219
3.56908
4.1887
4.77944
5.32473
5.80206
6.18252
6.4312
6.50942
6.37925
6.01223
0.369364
1.10874
1.84984
2.59293
3.33693
4.07848
4.81097
5.52302
6.19681
6.80613
7.31462
7.67494
7.82979
7.71518
7.26666
0.410965
1.23461
2.06318
2.89924
3.7441
4.59697
5.45367
6.30486
7.13339
7.91107
8.59493
9.12425
9.41978
9.38528
8.90407
0.450854
1.35554
2.26903
3.19675
4.14328
5.11162
6.10191
7.10936
8.12084
9.10986
10.0299
10.8075
11.3402
11.5028
11.145
0.487769
1.46767
2.46065
3.47545
4.52066
5.60432
6.733
7.90984
9.13078
10.3777
11.6073
12.7361
13.6315
14.1424
14.2147
0.520325
1.56671
2.63046
3.72374
4.85958
6.052
7.31593
8.66623
10.1147
11.663
13.2858
14.8986
16.309
17.2249
17.7619
0.547151
1.64838
2.77073
3.92949
5.14192
6.42817
7.8125
9.32441
10.999
12.8738
14.9745
17.2643
19.4837
20.6941
18.2818
31780.6
31749
31717.1
31684.8
31652.2
31619.3
31586.2
31552.7
31519.1
31485.2
31451.2
31417
31382.7
31348.2
31313.6
31279
31244.3
31209.6
31174.9
31140.2
31105.5
31070.8
31036.2
31001.6
30967
30932.4
30897.9
30863.4
30829
30794.6
30760.2
30725.9
30691.7
30657.6
30623.6
30589.6
30555.8
30522
30488.3
30454.7
30421.1
30387.7
30354.2
30320.9
30287.6
30254.4
30221.3
30188.3
30155.4
30122.6
30089.9
30057.3
30024.8
29992.3
29960
29927.7
29895.5
29863.4
29831.3
29799.3
29767.5
29735.6
29703.9
29672.3
29640.8
29609.4
29578
29546.8
29515.6
29484.5
29453.5
29422.5
29391.6
29360.8
29330
29299.3
29268.6
29238
29207.5
29177
29146.5
29116.1
29085.7
29055.3
29024.9
28994.4
28963.8
28933.1
28902.4
28871.6
0.816413
0.774804
0.72874
0.680429
0.631718
0.583846
0.53732
0.491927
0.446916
0.401276
0.354082
0.304816
0.2536
0.201292
0.149428
0.099999
0.0551288
0.0166961
-0.0140068
-0.0365187
-0.0513099
-0.0597253
-0.0637819
-0.0658578
-0.0683233
-0.0731734
-0.0817215
-0.094403
-0.110726
-0.129377
-0.148476
-0.165924
-0.179796
-0.188688
-0.19197
-0.189895
-0.183555
-0.174686
-0.165381
-0.157737
-0.153505
-0.153796
-0.158893
-0.16821
-0.180385
-0.193527
-0.205553
-0.214552
-0.219128
-0.218634
-0.213275
-0.204064
-0.192638
-0.180979
-0.171073
-0.164577
-0.162538
-0.165211
-0.172016
-0.181634
-0.192236
-0.201808
-0.208498
-0.210946
-0.208503
-0.201329
-0.190349
-0.177075
-0.16333
-0.15092
-0.141306
-0.13533
-0.133031
-0.133598
-0.13546
-0.13651
-0.134423
-0.12702
-0.112615
-0.0902967
-0.0600988
-0.0230573
0.0188513
0.0628759
0.105743
0.143977
0.174263
0.193819
0.200741
0.194248
1.37114
1.29816
1.21786
1.13439
1.05121
0.970598
0.893363
0.818881
0.745439
0.670815
0.592958
0.510633
0.423887
0.334254
0.244635
0.158871
0.0810924
0.0149755
-0.0369387
-0.073721
-0.0962462
-0.107077
-0.110069
-0.109771
-0.110719
-0.116723
-0.130283
-0.152206
-0.181499
-0.215575
-0.250741
-0.282883
-0.308234
-0.324056
-0.329126
-0.323941
-0.310614
-0.292509
-0.273672
-0.258152
-0.249333
-0.249362
-0.258791
-0.276474
-0.299764
-0.324974
-0.348042
-0.365254
-0.373903
-0.372748
-0.362203
-0.344243
-0.322047
-0.299452
-0.280303
-0.267807
-0.263993
-0.269361
-0.282788
-0.30171
-0.322571
-0.341448
-0.354753
-0.359853
-0.355515
-0.34208
-0.32137
-0.296342
-0.270555
-0.24754
-0.230174
-0.220141
-0.217587
-0.221017
-0.227458
-0.232891
-0.232861
-0.223186
-0.200613
-0.163345
-0.11135
-0.046452
0.0277909
0.106391
0.183383
0.252396
0.307308
0.342946
0.355738
0.344209
1.94256
1.83212
1.71162
1.588
1.46708
1.35257
1.24553
1.14442
1.04575
0.945101
0.838365
0.722913
0.598432
0.467299
0.334396
0.20635
0.0903725
-0.007086
-0.0815477
-0.131339
-0.157906
-0.165597
-0.160971
-0.151771
-0.145708
-0.149265
-0.166677
-0.199268
-0.245254
-0.300074
-0.357228
-0.409491
-0.450261
-0.474772
-0.480917
-0.469576
-0.444418
-0.411253
-0.37705
-0.348784
-0.332283
-0.331258
-0.346668
-0.376532
-0.416242
-0.459372
-0.49883
-0.528155
-0.542666
-0.540252
-0.521678
-0.490393
-0.451906
-0.412839
-0.379828
-0.358411
-0.352104
-0.361788
-0.385529
-0.418879
-0.455646
-0.489
-0.51271
-0.522243
-0.515519
-0.493201
-0.458507
-0.416601
-0.373688
-0.335932
-0.308388
-0.294089
-0.293439
-0.304013
-0.320825
-0.337055
-0.34511
-0.337847
-0.309698
-0.257528
-0.181111
-0.0832354
0.0305214
0.152284
0.272574
0.381176
0.468162
0.525026
0.545808
0.528007
2.53853
2.3806
2.20987
2.03772
1.87372
1.72379
1.58915
1.46646
1.34892
1.22814
1.09632
0.948193
0.782549
0.602891
0.417154
0.236443
0.0729774
-0.0622722
-0.161692
-0.22241
-0.246759
-0.241865
-0.218474
-0.189264
-0.166859
-0.161871
-0.181227
-0.227056
-0.296304
-0.381228
-0.470775
-0.552662
-0.615718
-0.651951
-0.657905
-0.635124
-0.589768
-0.531506
-0.471896
-0.422491
-0.392963
-0.389502
-0.413747
-0.462424
-0.527812
-0.599071
-0.664224
-0.712401
-0.735814
-0.73104
-0.69947
-0.646928
-0.582608
-0.517518
-0.462668
-0.427268
-0.417198
-0.433982
-0.47444
-0.531136
-0.593645
-0.650448
-0.691089
-0.708048
-0.697983
-0.66215
-0.606032
-0.538317
-0.469399
-0.409621
-0.367531
-0.348386
-0.353131
-0.378027
-0.415033
-0.45299
-0.479417
-0.482582
-0.453374
-0.386626
-0.28177
-0.142886
0.0217253
0.200301
0.378597
0.541085
0.672396
0.759065
0.791439
0.765339
3.16897
2.94751
2.71015
2.4757
2.26012
2.07297
1.91555
1.78107
1.65673
1.52709
1.37774
1.19868
0.986835
0.747221
0.492662
0.241684
0.0149334
-0.169072
-0.29759
-0.365872
-0.377747
-0.34479
-0.284382
-0.216981
-0.162957
-0.139446
-0.157683
-0.221147
-0.324808
-0.455751
-0.595383
-0.722977
-0.819828
-0.872763
-0.8763
-0.833209
-0.753733
-0.653732
-0.552074
-0.467606
-0.416136
-0.407877
-0.445674
-0.524279
-0.630957
-0.747591
-0.854087
-0.932336
-0.969575
-0.960438
-0.907486
-0.820448
-0.714443
-0.607473
-0.517523
-0.459671
-0.443642
-0.472106
-0.539987
-0.635043
-0.739874
-0.835188
-0.903584
-0.932781
-0.917569
-0.860322
-0.770269
-0.661779
-0.551959
-0.457852
-0.393645
-0.36829
-0.383816
-0.434607
-0.507879
-0.585536
-0.647225
-0.673938
-0.651112
-0.570601
-0.431431
-0.239588
-0.00718093
0.248717
0.507382
0.745887
0.940909
1.07129
1.12127
1.08368
3.84776
3.53732
3.20627
2.88653
2.60557
2.37935
2.20892
2.08105
1.97218
1.85441
1.70192
1.49638
1.23109
0.913056
0.562997
0.212016
-0.104685
-0.355798
-0.520252
-0.590588
-0.57332
-0.487275
-0.360389
-0.225465
-0.115148
-0.056934
-0.0690447
-0.157388
-0.314056
-0.517798
-0.737356
-0.9376
-1.08721
-1.16475
-1.16187
-1.08372
-0.94729
-0.778377
-0.607535
-0.465241
-0.377117
-0.359967
-0.41887
-0.545743
-0.719797
-0.910741
-1.08466
-1.21135
-1.27015
-1.25296
-1.16461
-1.02131
-0.847693
-0.672947
-0.526185
-0.431874
-0.406041
-0.453491
-0.566428
-0.724894
-0.899831
-1.05871
-1.17255
-1.22148
-1.1977
-1.10575
-0.961069
-0.787169
-0.611905
-0.463038
-0.363824
-0.329336
-0.363728
-0.458825
-0.594421
-0.74108
-0.865402
-0.936638
-0.931918
-0.839047
-0.656944
-0.394705
-0.0699165
0.293143
0.665192
1.0133
1.3025
1.49928
1.57719
1.52325
4.59704
4.15682
3.6861
3.24155
2.87219
2.60541
2.44102
2.35368
2.30043
2.23173
2.10245
1.88013
1.55125
1.12499
0.634641
0.132964
-0.318773
-0.667338
-0.878474
-0.94148
-0.867963
-0.688601
-0.448001
-0.198549
0.00765865
0.126811
0.129334
0.0047244
-0.235554
-0.557109
-0.907178
-1.22517
-1.45842
-1.57255
-1.55589
-1.41821
-1.18766
-0.90584
-0.621927
-0.384911
-0.235935
-0.20258
-0.294228
-0.499302
-0.784351
-1.09844
-1.38327
-1.58818
-1.68017
-1.64798
-1.50091
-1.26585
-0.982601
-0.698152
-0.459345
-0.305496
-0.262942
-0.340602
-0.52733
-0.791049
-1.08294
-1.3471
-1.53499
-1.61491
-1.57601
-1.42713
-1.19396
-0.914539
-0.633855
-0.396738
-0.240811
-0.191205
-0.256236
-0.424735
-0.665038
-0.928796
-1.16003
-1.30872
-1.33966
-1.23599
-0.997858
-0.639895
-0.187766
0.324618
0.857473
1.36552
1.79716
2.09841
2.22293
2.14549
5.4565
4.82026
4.12824
3.48829
2.99109
2.68407
2.56217
2.57723
2.65094
2.69626
2.63696
2.41732
2.01162
1.42921
0.722571
-0.018022
-0.681457
-1.1768
-1.45004
-1.489
-1.31506
-0.978142
-0.548396
-0.109398
0.25579
0.478465
0.510747
0.333363
-0.0400516
-0.555396
-1.12323
-1.63483
-2.00118
-2.16875
-2.12422
-1.88647
-1.50189
-1.03636
-0.56883
-0.177844
0.0716983
0.134774
-0.00629464
-0.337734
-0.807119
-1.32833
-1.79698
-2.12765
-2.26906
-2.20846
-1.96392
-1.57984
-1.11926
-0.657666
-0.270194
-0.0188854
0.0532373
-0.0706798
-0.377394
-0.816664
-1.30599
-1.74535
-2.05291
-2.17947
-2.11272
-1.8699
-1.49346
-1.04374
-0.593084
-0.21354
0.035292
0.111991
0.000237422
-0.287258
-0.701885
-1.16335
-1.57353
-1.85035
-1.94127
-1.82654
-1.51133
-1.02069
-0.392386
0.326613
1.08547
1.82774
2.47958
2.952
3.15946
3.04882
6.50476
5.56403
4.49535
3.52942
2.8361
2.49613
2.48612
2.71632
3.04237
3.31142
3.40236
3.22241
2.72645
1.9123
0.859375
-0.280138
-1.28622
-2.00613
-2.35898
-2.34312
-1.99687
-1.4014
-0.662151
0.086006
0.709106
1.10425
1.19404
0.944246
0.359792
-0.478142
-1.42028
-2.25371
-2.83021
-3.07043
-2.97081
-2.56622
-1.93271
-1.16983
-0.405549
0.232862
0.647801
0.766054
0.555733
0.0224349
-0.755294
-1.63396
-2.40941
-2.93967
-3.1489
-3.03383
-2.62792
-2.00403
-1.2574
-0.510479
0.115004
0.525722
0.651685
0.462442
-0.0366028
-0.770225
-1.60101
-2.33343
-2.83148
-3.02241
-2.90298
-2.50511
-1.89849
-1.17432
-0.449923
0.15787
0.559253
0.686548
0.509767
0.0332815
-0.671289
-1.47178
-2.17905
-2.6597
-2.83899
-2.70578
-2.27743
-1.59969
-0.7276
0.271228
1.33741
2.4202
3.42041
4.18714
4.55404
4.40018
7.91074
6.49234
4.71453
3.17784
2.17213
1.83296
2.06413
2.71739
3.51588
4.18305
4.55786
4.48254
3.89949
2.73919
1.12086
-0.734414
-2.3031
-3.36404
-3.7989
-3.67306
-3.03758
-2.03172
-0.788771
0.461458
1.49065
2.16969
2.36632
2.037
1.12461
-0.250872
-1.87391
-3.24262
-4.14355
-4.46149
-4.25663
-3.57564
-2.54987
-1.30537
-0.061052
0.965325
1.65109
1.87044
1.58281
0.734547
-0.558155
-2.08825
-3.37494
-4.21403
-4.49574
-4.27804
-3.60585
-2.60497
-1.39601
-0.188443
0.809432
1.48035
1.704
1.44165
0.641956
-0.583896
-2.03768
-3.25903
-4.05233
-4.31228
-4.09421
-3.44094
-2.47279
-1.30522
-0.138869
0.826498
1.47789
1.69896
1.45086
0.682254
-0.502568
-1.91445
-3.11089
-3.90301
-4.18668
-4.01003
-3.40265
-2.45852
-1.24526
0.118958
1.56558
3.13179
4.69771
5.99826
6.69872
6.50534
10.0606
7.93985
4.58741
2.06165
0.548149
0.348349
1.03428
2.5093
4.1785
5.4757
6.36152
6.47383
5.90376
4.22563
1.72353
-1.60138
-4.05115
-5.62354
-6.04625
-5.73689
-4.61169
-3.00346
-0.925903
1.15518
2.77638
3.9298
4.29594
3.96935
2.55626
0.332843
-2.69378
-4.90517
-6.2964
-6.60544
-6.22809
-5.08158
-3.48204
-1.44066
0.597242
2.18823
3.326
3.70484
3.41716
2.08662
-0.0191978
-2.89306
-4.98503
-6.29105
-6.56177
-6.17671
-5.05711
-3.50556
-1.53264
0.435532
1.97466
3.07902
3.45613
3.19462
1.93416
-0.0693594
-2.80907
-4.80101
-6.0412
-6.29051
-5.91211
-4.83018
-3.33428
-1.43438
0.461601
1.94725
3.01616
3.38699
3.14148
1.93057
-0.00687261
-2.66737
-4.62492
-5.87845
-6.19722
-5.93451
-5.01273
-3.70483
-1.98017
-0.151677
1.62208
3.84455
6.358
8.67444
10.1314
9.98882
13.8511
11.168
3.27486
-0.510979
-2.96741
-2.41175
-1.1319
2.02162
5.37682
7.36076
9.27908
9.44778
9.50366
6.89863
3.5111
-3.72853
-7.06262
-9.53856
-9.34775
-8.97552
-6.88136
-4.65102
-1.0681
2.51116
4.73574
6.82359
7.22312
7.46629
5.15481
2.07319
-4.68758
-7.74875
-10.0076
-9.73778
-9.30713
-7.23987
-5.05045
-1.57093
1.89911
4.0638
6.09378
6.49904
6.75327
4.55512
1.62576
-4.82379
-7.72684
-9.85888
-9.57207
-9.13312
-7.13033
-5.01292
-1.66241
1.67736
3.76598
5.72493
6.12792
6.38609
4.29641
1.50531
-4.65721
-7.42549
-9.45689
-9.17259
-8.74308
-6.81549
-4.77748
-1.55786
1.65298
3.66813
5.55969
5.96258
6.22229
4.22514
1.53005
-4.43249
-7.15265
-9.19991
-9.04503
-8.80801
-7.17878
-5.55115
-2.86424
-0.342818
1.03373
4.14032
8.30439
12.5908
15.8696
16.3414
21.047
21.9236
-3.93119
-4.99283
-10.8192
-6.21435
-5.99603
1.24364
8.54982
9.34042
14.7162
12.5843
16.9354
10.6985
10.8458
-11.4795
-11.3097
-17.2936
-12.9104
-14.6936
-9.34705
-8.2462
-1.2049
5.81797
6.89209
12.1487
10.3756
14.642
8.86248
9.11163
-12.0087
-11.7476
-17.3599
-13.1016
-14.7428
-9.57396
-8.47646
-1.68744
5.08078
6.13348
11.2013
9.51084
13.6209
8.0767
8.33993
-11.8614
-11.5788
-16.9097
-12.8013
-14.3413
-9.36847
-8.2958
-1.77658
4.72095
5.74414
10.6116
9.00835
12.9586
7.6688
7.93497
-11.393
-11.1109
-16.207
-12.2637
-13.7312
-8.95968
-7.92208
-1.66858
4.56623
5.56707
10.247
8.74445
12.553
7.52484
7.77221
-10.8665
-10.6492
-15.6923
-12.011
-13.6863
-9.34245
-8.92266
-3.50939
1.11594
-2.04333
2.91837
10.0804
17.9638
25.6556
29.955
31.2965
71.1589
-46.838
-2.61258
-33.6911
-3.69964
-20.9703
0.370484
21.1059
4.71808
30.9651
6.38588
39.6146
5.30597
50.5418
-51.6227
-6.69475
-39.9764
-7.59263
-30.6776
-5.69796
-20.3947
-1.3142
17.692
3.02668
27.5977
4.83201
36.2851
3.88989
46.9232
-50.1179
-7.28774
-38.9246
-7.96928
-29.9836
-6.04426
-20.0971
-1.77286
16.494
2.42253
26.0418
4.17107
34.3918
3.23669
44.5242
-48.3947
-7.34602
-37.5522
-7.89568
-28.927
-5.98925
-19.4207
-1.85845
15.6486
2.18765
24.8169
3.89282
32.8376
3.04159
42.5811
-46.3662
-7.0509
-35.9732
-7.56216
-27.7026
-5.72626
-18.5768
-1.7516
15.0172
2.16888
23.8378
3.87897
31.6095
3.2284
41.211
-44.4526
-6.57032
-34.7471
-7.26312
-27.2314
-5.85492
-19.4841
-3.01891
13.7865
-16.8147
-1.4721
10.8171
23.6126
40.3256
67.2212
28837.5
28800.3
28763
28725.6
28688.2
28650.8
28613.5
28576.3
28539.1
28502.1
28465.2
28428.3
28391.6
28354.9
28318.3
0.172855
0.133458
0.0827712
0.0266244
-0.0290511
-0.0790299
-0.119312
-0.147335
-0.161929
-0.163128
-0.1519
-0.129883
-0.0991583
-0.0620734
-0.0211236
0.305715
0.234802
0.143891
0.0437624
-0.0548054
-0.142528
-0.212503
-0.260499
-0.284785
-0.285705
-0.265169
-0.226158
-0.172334
-0.107746
-0.036642
0.467535
0.356181
0.214265
0.0593722
-0.0913759
-0.223747
-0.327651
-0.397355
-0.430989
-0.429726
-0.3969
-0.337237
-0.256268
-0.159932
-0.0543403
0.674744
0.508129
0.297618
0.0708422
-0.146319
-0.333429
-0.476997
-0.570277
-0.612088
-0.605308
-0.555467
-0.469621
-0.355568
-0.221373
-0.0751272
0.949735
0.703975
0.397239
0.0727013
-0.231311
-0.486648
-0.676627
-0.794667
-0.841775
-0.82395
-0.750038
-0.63021
-0.475009
-0.294865
-0.0999224
1.32436
0.960791
0.514662
0.0540372
-0.364975
-0.705219
-0.94819
-1.08998
-1.13639
-1.09868
-0.990525
-0.826169
-0.619392
-0.383156
-0.129619
1.84554
1.30015
0.646569
-0.00624558
-0.577405
-1.02106
-1.32092
-1.48068
-1.51513
-1.44384
-1.28721
-1.06455
-0.793233
-0.488747
-0.165017
2.58487
1.74767
0.777674
-0.148206
-0.917349
-1.48069
-1.83376
-1.99667
-1.99961
-1.87432
-1.64994
-1.35157
-1.00024
-0.613582
-0.206717
3.65524
2.32793
0.864616
-0.446944
-1.46312
-2.15061
-2.53677
-2.67263
-2.61231
-2.40388
-2.08665
-1.69155
-1.24259
-0.758618
-0.254984
5.24033
3.04421
0.799784
-1.04111
-2.3376
-3.1219
-3.49007
-3.54476
-3.37313
-3.04224
-2.60123
-2.08538
-1.51994
-0.923315
-0.309587
7.64199
3.80906
0.331525
-2.1797
-3.72429
-4.50934
-4.75687
-4.6432
-4.2932
-3.7907
-3.19066
-2.52881
-1.82845
-1.10512
-0.369635
11.3178
4.2194
-1.10268
-4.28479
-5.87049
-6.4343
-6.38486
-5.97798
-5.36575
-4.63669
-3.84189
-3.01073
-2.15995
-1.29906
-0.433472
16.6154
2.8554
-4.67606
-7.986
-9.0385
-8.97249
-8.37027
-7.51811
-6.55513
-5.5484
-4.52949
-3.51225
-2.50155
-1.4977
-0.498662
21.122
-4.73397
-12.4698
-13.9443
-13.3249
-12.0468
-10.6056
-9.16905
-7.78826
-6.47229
-5.21541
-4.00721
-2.83631
-1.69152
-0.562141
0.565963
1.70561
2.86893
4.07338
5.33928
6.69151
8.16204
9.79365
11.6455
13.8008
16.3743
19.5016
23.2144
26.6861
23.9977
0.577179
1.73962
2.92687
4.15742
5.45306
6.84106
8.35762
10.0536
12.0046
14.331
17.2395
21.1263
26.875
36.8999
59.4889
0.582782
1.7564
2.95476
4.19627
5.50269
6.90132
8.42863
10.1364
12.1031
14.4568
17.425
21.4572
27.5648
38.3903
62.0094
0.582788
1.75601
2.95267
4.19004
5.48828
6.87223
8.37432
10.0394
11.9329
14.1558
16.8711
20.3454
24.9729
30.9784
35.7947
0.577484
1.73936
2.92229
4.14155
5.41435
6.76108
8.20684
9.78371
11.5339
13.5128
15.79
18.432
21.42
24.3748
26.0477
0.567383
1.70807
2.8667
4.05586
5.28909
6.58117
7.9483
9.40774
10.9759
12.6628
14.4558
16.2782
17.8891
18.6575
17.0516
0.553172
1.66432
2.7899
3.93958
5.12296
6.34913
7.62565
8.95621
10.3356
11.7392
13.1011
14.2714
14.9433
14.5882
12.8012
0.535627
1.61055
2.69636
3.7999
4.92711
6.08212
7.26546
8.47076
9.67849
10.8446
11.8796
12.611
12.7107
11.5133
7.26769
0.515533
1.54921
2.59051
3.64377
4.71195
5.79542
6.89002
7.9836
9.05025
10.0409
10.8689
11.3892
11.3788
10.5551
8.87986
0.493628
1.48258
2.47635
3.47729
4.48616
5.50099
6.51529
7.51512
8.47475
9.35032
10.0718
10.536
10.6117
10.1883
9.33196
0.470548
1.41259
2.35722
3.3053
4.25622
5.20693
6.15059
7.07454
7.9576
8.76668
9.4533
9.95258
10.1913
10.122
9.82059
0.446811
1.3408
2.23569
3.13133
4.02642
4.91778
5.79958
6.66235
7.49182
8.26806
8.96488
9.55005
9.98484
10.2168
10.1436
0.422818
1.26839
2.11362
2.95775
3.79919
4.63525
5.46179
6.27326
7.06301
7.82458
8.55398
9.25193
9.91921
10.5234
10.9079
0.398867
1.19622
1.99233
2.78602
3.57571
4.35931
5.13447
5.89924
6.65375
7.40343
8.16492
8.97509
9.89736
10.9827
11.9268
0.37518
1.12491
1.8727
2.61708
3.35646
4.08924
4.81434
5.53235
6.24785
6.97405
7.74203
8.62037
9.76224
11.54
15.0043
0.351929
1.05495
1.75542
2.45161
3.14178
3.82449
4.49913
5.16719
5.8345
6.51564
7.2425
8.08263
9.18552
10.9261
14.4562
0.329261
0.98675
1.64113
2.29032
2.93229
3.56533
4.18849
4.80253
5.41153
6.02547
6.66428
7.3624
8.16592
9.06941
9.56725
0.307309
0.92071
1.53044
2.13403
2.729
3.31302
3.88417
4.44138
4.98511
5.51802
6.04486
6.56894
7.0769
7.4944
7.63056
0.286203
0.857217
1.42402
1.98372
2.5333
3.06965
3.58952
4.08958
4.56621
5.01477
5.42735
5.78668
6.05066
6.11475
5.70513
0.266065
0.796645
1.32253
1.84043
2.3468
2.83771
3.30863
3.75405
4.16679
4.53649
4.84682
5.0706
5.16324
5.06405
4.76506
0.247002
0.739334
1.22659
1.70515
2.17104
2.61966
3.04543
3.44122
3.79726
4.09943
4.3264
4.44558
4.40901
4.1521
3.58152
0.229099
0.685548
1.13668
1.57867
2.00727
2.41746
2.80306
3.15598
3.46514
3.7146
3.88081
3.92872
3.80779
3.45798
2.90015
0.212409
0.635457
1.05311
1.4615
1.85628
2.23234
2.58337
2.90115
3.17448
3.38756
3.51738
3.5291
3.36553
2.90831
1.78342
0.19695
0.589111
0.97598
1.35377
1.71829
2.06461
2.38678
2.67717
2.92565
3.11836
3.23595
3.25123
3.12717
2.82231
2.36251
0.182699
0.546441
0.905152
1.25528
1.59292
1.91366
2.21227
2.4823
2.71556
2.90134
3.02556
3.07012
3.01439
2.8439
2.57456
0.1696
0.507265
0.840289
1.16544
1.4793
1.77809
2.0576
2.31296
2.53844
2.72708
2.87049
2.95868
2.98129
2.93414
2.84634
0.157566
0.471314
0.780891
1.08347
1.37614
1.65591
1.9197
2.1644
2.38689
2.58425
2.75379
2.89278
2.99666
3.05263
3.01885
0.146495
0.43826
0.726358
1.00837
1.28193
1.54483
1.79508
2.03126
2.25281
2.46074
2.65831
2.85129
3.0453
3.23347
3.36922
0.136274
0.407755
0.676055
0.939143
1.19515
1.44252
1.68025
1.90827
2.12821
2.34445
2.56603
2.80909
3.098
3.45074
3.76084
0.126796
0.37946
0.629375
0.874837
1.11437
1.34693
1.57216
1.79093
2.00617
2.22446
2.45885
2.73507
3.10642
3.69763
4.85871
0.117963
0.353077
0.585791
0.81465
1.03845
1.25643
1.46856
1.67603
1.88205
2.0933
2.32265
2.59502
2.96216
3.54882
4.72849
0.109696
0.328362
0.544887
0.75798
0.966578
1.17001
1.36822
1.56216
1.7543
1.94958
2.1566
2.38918
2.66549
2.98822
3.20222
0.101934
0.305136
0.506372
0.704437
0.898301
1.08722
1.27086
1.44954
1.6244
1.79772
1.97283
2.15299
2.33662
2.50316
2.59512
0.0946347
0.283278
0.470064
0.653818
0.833469
1.00809
1.17696
1.33957
1.49559
1.64464
1.78556
1.91441
2.01965
2.06992
1.97925
0.087771
0.262714
0.435866
0.606056
0.772136
0.932979
1.08743
1.2342
1.37164
1.49724
1.60668
1.69227
1.74087
1.73457
1.67396
0.0813244
0.243396
0.40373
0.561153
0.71445
0.862314
1.00324
1.13533
1.25594
1.36107
1.44439
1.49584
1.50024
1.43696
1.27613
0.0752801
0.225287
0.373621
0.519123
0.660547
0.796479
0.925199
1.04444
1.151
1.24007
1.30425
1.3321
1.30662
1.20713
1.04171
0.0696211
0.208342
0.345484
0.479933
0.610467
0.735664
0.853753
0.962381
1.05822
1.13637
1.18935
1.20542
1.16443
1.02309
0.641904
0.0643252
0.192498
0.319222
0.443469
0.564104
0.679796
0.788893
0.889218
0.977749
1.05016
1.10012
1.1184
1.09194
1.00565
0.868931
0.059362
0.177664
0.294686
0.409523
0.521182
0.62852
0.730141
0.824261
0.908493
0.979554
1.0329
1.06247
1.06103
1.02323
0.953836
0.054693
0.163722
0.271672
0.377791
0.481273
0.581225
0.676612
0.766189
0.848403
0.921272
0.982234
1.02809
1.05538
1.06279
1.06129
0.0502729
0.150533
0.249935
0.347897
0.443827
0.537115
0.627133
0.713246
0.794824
0.871279
0.942079
1.00662
1.06357
1.10857
1.12647
0.0460522
0.137945
0.229204
0.319424
0.408226
0.495287
0.580383
0.66347
0.744823
0.825237
0.906295
0.990451
1.0801
1.17318
1.25337
0.0419802
0.125799
0.209201
0.291943
0.373845
0.454837
0.535042
0.614918
0.695493
0.778772
0.868384
0.970497
1.09427
1.24677
1.39096
0.038008
0.113946
0.189661
0.265054
0.340107
0.414946
0.489947
0.565898
0.644307
0.727931
0.821821
0.935526
1.08854
1.32618
1.77475
0.0340913
0.10225
0.170352
0.23841
0.306528
0.374958
0.444206
0.515191
0.589521
0.669987
0.761523
0.873292
1.02406
1.25915
1.71559
0.0301924
0.090598
0.151079
0.211734
0.272742
0.334414
0.397275
0.462179
0.530493
0.604379
0.687204
0.784005
0.901071
1.03843
1.13674
0.0262802
0.0788966
0.131691
0.184821
0.238504
0.293058
0.348941
0.406818
0.467618
0.532587
0.603206
0.680675
0.764019
0.844883
0.901867
0.0223304
0.0670749
0.112077
0.157532
0.203674
0.250791
0.299239
0.349444
0.401869
0.456895
0.514476
0.573294
0.628721
0.667947
0.656034
0.0183239
0.0550778
0.0921528
0.129773
0.168176
0.207612
0.248331
0.290544
0.334334
0.379449
0.424912
0.468295
0.504701
0.526553
0.53205
0.0142448
0.0428611
0.0718558
0.101479
0.131972
0.163555
0.1964
0.230568
0.265896
0.301783
0.336815
0.368167
0.390813
0.396541
0.369801
0.0100791
0.0303846
0.0511279
0.0725879
0.0950197
0.118634
0.143564
0.169801
0.197088
0.224732
0.251294
0.274106
0.288695
0.289099
0.276827
0.00581227
0.0176073
0.0299075
0.0430295
0.0572556
0.0728117
0.0898344
0.108321
0.128049
0.148451
0.168398
0.185777
0.196449
0.190478
0.134044
0.00142817
0.00448224
0.00812162
0.0127116
0.0185771
0.0259817
0.0351013
0.0459928
0.0585583
0.072505
0.0873026
0.102126
0.115779
0.126918
0.138254
-0.00309213
-0.00904636
-0.0143194
-0.0184852
-0.0211612
-0.0220283
-0.0208496
-0.017483
-0.0118754
-0.00401466
0.00620792
0.0193066
0.0368726
0.0632375
0.110901
-0.00777107
-0.0230452
-0.0375246
-0.0507096
-0.0621469
-0.0714486
-0.0783076
-0.0825008
-0.0838582
-0.0821575
-0.0768659
-0.0665966
-0.0481257
-0.0152165
0.0392259
-0.0126351
-0.037593
-0.0616239
-0.0841413
-0.104607
-0.122555
-0.137605
-0.149474
-0.157949
-0.162777
-0.163379
-0.158177
-0.143132
-0.108605
-0.0313467
-0.017715
-0.0527819
-0.0867698
-0.118991
-0.148809
-0.175663
-0.199099
-0.218792
-0.234558
-0.246315
-0.253904
-0.256573
-0.251646
-0.231649
-0.182989
-0.0230459
-0.0687177
-0.113138
-0.155503
-0.19506
-0.231136
-0.263181
-0.290823
-0.313937
-0.332732
-0.347827
-0.360225
-0.370605
-0.374577
-0.33313
-0.0286677
-0.0855198
-0.140929
-0.19396
-0.243721
-0.289398
-0.33031
-0.365985
-0.396301
-0.421701
-0.443605
-0.465257
-0.493992
-0.549023
-0.695306
-0.0346242
-0.103321
-0.170369
-0.234682
-0.29521
-0.350962
-0.401064
-0.444858
-0.482063
-0.513083
-0.539541
-0.565352
-0.599097
-0.660073
-0.795022
-0.0409628
-0.122266
-0.201702
-0.278028
-0.350008
-0.416439
-0.47619
-0.528292
-0.572108
-0.607618
-0.635907
-0.659916
-0.685269
-0.719729
-0.762898
-0.0477327
-0.142505
-0.235192
-0.324385
-0.408654
-0.486548
-0.556616
-0.617471
-0.667909
-0.707151
-0.735231
-0.753529
-0.765096
-0.773312
-0.774199
-0.0549832
-0.16419
-0.271104
-0.374157
-0.471721
-0.562082
-0.643431
-0.713871
-0.771472
-0.814421
-0.841332
-0.851798
-0.847232
-0.831966
-0.815255
-0.0627609
-0.187464
-0.309693
-0.427737
-0.539783
-0.643866
-0.737813
-0.819178
-0.885199
-0.932816
-0.958839
-0.960491
-0.936784
-0.891606
-0.838845
-0.0711062
-0.212454
-0.351186
-0.485477
-0.613368
-0.732683
-0.840925
-0.93513
-1.0117
-1.06619
-1.09326
-1.08678
-1.04123
-0.956499
-0.852695
-0.0800511
-0.239259
-0.39576
-0.547658
-0.692902
-0.829183
-0.953776
-1.06332
-1.15351
-1.21861
-1.25095
-1.2402
-1.17288
-1.03463
-0.835152
-0.0896162
-0.267943
-0.443527
-0.614455
-0.778657
-0.933792
-1.07707
-1.20495
-1.31272
-1.39377
-1.43857
-1.43288
-1.35377
-1.15526
-0.695411
-0.0998098
-0.298528
-0.494525
-0.685919
-0.870701
-1.04663
-1.21104
-1.36055
-1.49048
-1.5941
-1.66124
-1.67653
-1.61756
-1.45738
-1.20217
-0.110629
-0.331002
-0.548717
-0.76197
-0.96889
-1.16746
-1.35536
-1.52971
-1.68651
-1.81976
-1.91992
-1.97174
-1.95163
-1.82548
-1.53776
-0.12206
-0.36532
-0.606005
-0.842416
-1.07287
-1.29569
-1.50909
-1.71106
-1.8989
-2.06837
-2.21215
-2.31689
-2.35934
-2.30577
-2.14569
-0.134089
-0.401425
-0.666258
-0.926994
-1.18216
-1.43044
-1.67076
-1.90223
-2.12402
-2.33483
-2.53148
-2.7053
-2.83371
-2.86002
-2.63716
-0.146702
-0.439267
-0.729354
-1.01544
-1.29621
-1.57072
-1.83856
-2.1001
-2.35675
-2.61112
-2.86664
-3.12523
-3.37897
-3.5873
-3.65115
-0.159896
-0.478829
-0.795228
-1.10757
-1.41461
-1.71564
-2.01074
-2.30137
-2.59106
-2.8866
-3.19967
-3.54853
-3.95574
-4.41492
-4.66061
-0.173687
-0.520148
-0.863918
-1.20337
-1.53719
-1.86465
-2.18602
-2.50327
-2.82129
-3.1499
-3.50783
-3.93131
-4.49642
-5.39077
-7.19387
-0.188111
-0.563336
-0.935604
-1.30308
-1.66418
-2.01789
-2.36415
-2.70465
-3.04417
-3.39283
-3.77047
-4.21571
-4.80846
-5.73554
-7.51486
-0.203227
-0.608576
-1.01062
-1.4072
-1.79631
-2.1763
-2.54626
-2.9067
-3.26068
-3.61564
-3.98615
-4.39767
-4.88833
-5.48845
-6.05289
-0.219111
-0.656112
-1.08942
-1.51651
-1.93477
-2.34168
-2.73498
-3.11322
-3.4765
-3.82763
-4.17335
-4.52464
-4.89218
-5.26613
-5.56652
-0.235842
-0.706209
-1.17255
-1.63193
-2.08112
-2.5165
-2.93416
-3.33013
-3.70076
-4.04337
-4.35667
-4.64033
-4.89156
-5.09488
-5.19686
-0.253489
-0.759103
-1.2605
-1.75443
-2.23704
-2.70361
-3.1484
-3.56462
-3.94448
-4.27945
-4.56057
-4.77853
-4.92421
-4.99399
-5.02013
-0.272081
-0.814924
-1.35363
-1.8848
-2.40411
-2.90584
-3.38248
-3.82435
-4.21935
-4.55293
-4.8083
-4.96693
-5.00954
-4.92341
-4.73819
-0.291589
-0.873621
-1.45198
-2.02341
-2.58338
-3.12548
-3.64069
-4.11663
-4.53688
-4.8807
-5.12322
-5.23588
-5.18428
-4.92165
-4.45196
-0.311893
-0.934868
-1.55514
-2.16996
-2.77506
-3.3638
-3.92618
-4.44756
-4.90748
-5.27881
-5.52832
-5.61889
-5.5056
-5.0637
-3.56639
-0.332759
-0.997992
-1.66208
-2.32326
-2.97808
-3.62043
-4.24012
-4.82117
-5.33958
-5.7615
-6.0438
-6.14349
-6.05513
-5.93877
-6.59449
-0.353822
-1.06191
-1.77105
-2.48097
-3.18977
-3.89277
-4.5809
-5.23828
-5.83869
-6.34115
-6.68607
-6.79871
-6.62416
-6.27783
-6.62091
-0.374579
-1.12509
-1.87946
-2.63946
-3.40548
-4.17543
-4.94304
-5.69494
-6.40579
-7.03019
-7.48965
-7.65337
-7.31259
-6.1384
-3.46522
-0.394391
-1.1856
-1.98396
-2.79377
-3.61845
-4.4597
-5.31607
-6.18009
-7.03293
-7.83376
-8.49859
-8.85841
-8.57984
-7.04015
-3.26604
-0.412519
-1.24114
-2.0805
-2.93775
-3.8199
-4.73348
-5.68377
-6.673
-7.69619
-8.73175
-9.71934
-10.5068
-10.7229
-9.49364
-4.98211
-0.42816
-1.28921
-2.16462
-3.06444
-3.99951
-4.98175
-6.02444
-7.14231
-8.35083
-9.66304
-11.0791
-12.5518
-13.8696
-14.2265
-10.4847
-0.440512
-1.32732
-2.23178
-3.16666
-4.14637
-5.18803
-6.31288
-7.54868
-8.93344
-10.5222
-12.3995
-14.7044
-17.6837
-21.8055
-27.9509
-11.5566
-26.2629
-24.8177
-21.2001
-17.8404
-15.0234
-12.6636
-10.6433
-8.8689
-7.27252
-5.80517
-4.43083
-3.12199
-1.85665
-0.616183
-112.906
-58.9034
-38.0383
-27.7309
-21.5843
-17.4039
-14.2866
-11.8018
-9.71889
-7.90358
-6.27162
-4.76675
-3.34899
-1.98804
-0.659213
-125.517
-68.5343
-43.928
-31.3722
-23.9629
-19.0459
-15.4705
-12.6811
-10.3831
-8.40731
-6.64979
-5.04215
-3.53654
-2.09712
-0.69502
-68.9783
-55.683
-41.4499
-31.4399
-24.6108
-19.7562
-16.1086
-13.2192
-10.8234
-8.75947
-6.92387
-5.2467
-3.67812
-2.18029
-0.722448
-48.7098
-43.4837
-36.0395
-29.2987
-23.8875
-19.6283
-16.2202
-13.4145
-11.0332
-8.95306
-7.08791
-5.37584
-3.77055
-2.23567
-0.740885
-30.9563
-32.8251
-30.141
-26.2342
-22.3641
-18.9094
-15.9134
-13.3149
-11.0339
-8.99735
-7.14564
-5.43081
-3.81408
-2.26322
-0.750281
-22.8507
-25.3283
-25.0916
-23.1443
-20.5522
-17.8718
-15.3304
-12.995
-10.8647
-8.91329
-7.10831
-5.41763
-3.81186
-2.26443
-0.751078
-12.7122
-19.7166
-21.2301
-20.502
-18.8017
-16.7378
-14.6043
-12.5327
-10.5712
-8.72755
-6.99158
-5.3455
-3.76911
-2.24198
-0.744096
-15.3653
-17.918
-18.9252
-18.5348
-17.3038
-15.6519
-13.8353
-11.994
-10.1957
-8.46703
-6.81244
-5.22494
-3.69214
-2.19921
-0.730385
-16.0568
-17.1926
-17.5909
-17.1514
-16.0981
-14.6802
-13.0835
-11.4254
-9.77185
-8.15507
-6.58667
-5.0664
-3.58749
-2.1397
-0.711077
-16.7312
-16.9795
-16.8384
-16.1942
-15.1456
-13.8328
-12.3743
-10.8536
-9.32247
-7.8095
-6.32747
-4.87914
-3.46122
-2.06686
-0.68728
-17.1685
-17.0366
-16.4353
-15.5178
-14.3767
-13.0864
-11.7083
-10.2889
-8.86046
-7.44244
-6.04485
-4.67075
-3.31857
-1.98376
-0.659994
-18.2401
-17.4197
-16.2517
-14.9966
-13.7112
-12.401
-11.0709
-9.73064
-8.39117
-7.06118
-5.7459
-4.44713
-3.16385
-1.89299
-0.630084
-19.7713
-18.0441
-16.1287
-14.4963
-13.063
-11.7295
-10.4405
-9.17177
-7.91528
-6.66969
-5.43547
-4.21273
-3.0005
-1.79668
-0.598273
-24.5183
-18.7991
-15.8092
-13.8579
-12.3453
-11.0271
-9.79602
-8.60439
-7.4318
-6.27029
-5.11706
-3.97103
-2.83132
-1.69662
-0.565165
-23.4733
-17.6586
-14.7683
-12.9148
-11.4925
-10.2641
-9.12414
-8.02376
-6.94062
-5.86513
-4.79363
-3.72494
-2.65864
-1.59429
-0.531275
-15.2512
-14.4874
-13.0074
-11.6722
-10.5052
-9.43965
-8.42474
-7.43116
-6.44411
-5.45717
-4.46824
-3.47719
-2.48458
-1.49104
-0.497058
-11.9894
-11.8135
-11.146
-10.3127
-9.44733
-8.58003
-7.71053
-6.83399
-5.94751
-5.05059
-4.14432
-3.23052
-2.31117
-1.3881
-0.462928
-8.74962
-9.48087
-9.3998
-8.9754
-8.3908
-7.72192
-7.00117
-6.24371
-5.45814
-4.65048
-3.82561
-2.9877
-2.14034
-1.28662
-0.42927
-7.18096
-7.71233
-7.89198
-7.74934
-7.39278
-6.89982
-6.31728
-5.67295
-4.9841
-4.26231
-3.51594
-2.75142
-1.9739
-1.18767
-0.396435
-5.2436
-6.18803
-6.60795
-6.67183
-6.48945
-6.13992
-5.6763
-5.13308
-4.53291
-3.89119
-3.21887
-2.52417
-1.81352
-1.09219
-0.36473
-4.15991
-5.02795
-5.57116
-5.7653
-5.70217
-5.45922
-5.09056
-4.63274
-4.11057
-3.5413
-2.93734
-2.30799
-1.66054
-1.00096
-0.334414
-2.47779
-4.09342
-4.77677
-5.0374
-5.03976
-4.86581
-4.56673
-4.17707
-3.72093
-3.21549
-2.67342
-2.10437
-1.51598
-0.914578
-0.305677
-3.11508
-3.8063
-4.27592
-4.48883
-4.49975
-4.35927
-4.10577
-3.76757
-3.3655
-2.91511
-2.42824
-1.91417
-1.38044
-0.833397
-0.278641
-3.28709
-3.67305
-3.95333
-4.0805
-4.06488
-3.93119
-3.70363
-3.40239
-3.04361
-2.64004
-2.20193
-1.73763
-1.25415
-0.757566
-0.253358
-3.44473
-3.61317
-3.73703
-3.77131
-3.71198
-3.56828
-3.35263
-3.07717
-2.7528
-2.38896
-1.9938
-1.57439
-1.13694
-0.68703
-0.229813
-3.51929
-3.58423
-3.58292
-3.5271
-3.41764
-3.25532
-3.04313
-2.7859
-2.48938
-2.15961
-1.80251
-1.42368
-1.02838
-0.621565
-0.20794
-3.68618
-3.60127
-3.46665
-3.32012
-3.15998
-2.97697
-2.76491
-2.52189
-2.24903
-1.94923
-1.62629
-1.28439
-0.927812
-0.560827
-0.18763
-3.93288
-3.6528
-3.3586
-3.12257
-2.91819
-2.71875
-2.50816
-2.27859
-2.02738
-1.7549
-1.46322
-1.15528
-0.834468
-0.504398
-0.168753
-4.73755
-3.71411
-3.21014
-2.903
-2.67294
-2.46826
-2.26458
-2.05029
-1.82047
-1.57391
-1.31144
-1.0351
-0.74755
-0.451836
-0.151166
-4.47009
-3.41464
-2.92494
-2.62989
-2.41004
-2.21706
-2.02834
-1.83275
-1.62519
-1.40394
-1.16929
-0.922681
-0.666298
-0.402712
-0.13473
-2.78126
-2.72225
-2.50455
-2.30451
-2.12844
-1.96289
-1.79684
-1.6235
-1.43939
-1.24327
-1.03541
-0.81705
-0.590041
-0.356638
-0.119319
-2.10209
-2.14003
-2.07187
-1.96246
-1.8395
-1.70905
-1.57038
-1.42172
-1.26192
-1.09075
-0.908828
-0.717412
-0.518219
-0.31328
-0.104822
-1.42196
-1.63146
-1.6678
-1.62978
-1.55575
-1.46088
-1.35083
-1.22765
-1.09232
-0.945676
-0.788825
-0.623166
-0.450381
-0.272361
-0.0911455
-1.09374
-1.24313
-1.31533
-1.32208
-1.28645
-1.22324
-1.14037
-1.04202
-0.930554
-0.80768
-0.674926
-0.533861
-0.386171
-0.233659
-0.0782142
-0.703329
-0.908368
-1.0083
-1.04377
-1.03628
-0.999212
-0.940658
-0.865465
-0.776696
-0.676532
-0.566786
-0.449147
-0.325305
-0.196988
-0.0659646
-0.498215
-0.646576
-0.746005
-0.795284
-0.806632
-0.790085
-0.752475
-0.698322
-0.630733
-0.552026
-0.464114
-0.368731
-0.26754
-0.162192
-0.0543425
-0.232875
-0.418745
-0.518512
-0.57311
-0.596328
-0.595562
-0.575758
-0.540491
-0.492476
-0.433897
-0.36662
-0.29234
-0.212656
-0.129129
-0.0432989
-0.161885
-0.250687
-0.322362
-0.372704
-0.402655
-0.414238
-0.409759
-0.391494
-0.361539
-0.321792
-0.273979
-0.219691
-0.160435
-0.0976613
-0.0327868
-0.0743313
-0.0944998
-0.141003
-0.186433
-0.221714
-0.244043
-0.253314
-0.250594
-0.237384
-0.215276
-0.185821
-0.150484
-0.110651
-0.0676481
-0.0227584
0.103731
0.0799992
0.0396389
-0.0071834
-0.0497405
-0.0828914
-0.105174
-0.11696
-0.11939
-0.113849
-0.101737
-0.0843891
-0.063062
-0.0389412
-0.0131637
0.249741
0.266072
0.224798
0.169133
0.115728
0.0707372
0.0356985
0.0101955
-0.0069158
-0.0169696
-0.0212754
-0.0210489
-0.0174062
-0.011381
-0.00394895
0.538671
0.49218
0.419982
0.343911
0.27538
0.21748
0.169972
0.131544
0.100675
0.0759324
0.0560502
0.0399282
0.0266018
0.0152062
0.00494398
0.802864
0.736173
0.617891
0.513487
0.427678
0.357033
0.297963
0.247663
0.204029
0.165474
0.130776
0.0989732
0.0692753
0.0410103
0.0135787
1.42329
1.01603
0.8062
0.670184
0.569475
0.488575
0.419886
0.359173
0.303874
0.25235
0.203505
0.156565
0.11096
0.0662396
0.0220248
1.54973
1.15884
0.943288
0.802395
0.697546
0.611663
0.536294
0.466943
0.401113
0.337382
0.274921
0.21324
0.152037
0.0911214
0.0303577
1.34647
1.17991
1.02857
0.909609
0.812475
0.727475
0.648546
0.572288
0.496913
0.421545
0.345807
0.26959
0.192922
0.115901
0.0386586
1.28873
1.19045
1.0914
1.0017
0.919007
0.839096
0.758964
0.677038
0.592724
0.505978
0.417038
0.326263
0.234058
0.140838
0.0470129
1.24892
1.20155
1.14778
1.08894
1.02364
0.950895
0.870648
0.783466
0.690239
0.591949
0.489553
0.383936
0.275905
0.166199
0.0555081
1.22601
1.21713
1.20772
1.1807
1.13345
1.06793
0.987169
0.89411
0.791286
0.680784
0.564315
0.443294
0.318921
0.192248
0.0642302
1.16146
1.2331
1.2799
1.28654
1.25598
1.19557
1.11225
1.01155
0.897678
0.773775
0.642247
0.504987
0.363541
0.219235
0.0732609
1.09006
1.26635
1.37999
1.41823
1.39926
1.33913
1.24941
1.13817
1.01105
0.872071
0.724171
0.569594
0.410151
0.247382
0.0826735
0.83999
1.34312
1.53247
1.58967
1.57114
1.50327
1.40153
1.27582
1.13267
0.976575
0.81074
0.637588
0.459075
0.276881
0.0925303
1.40718
1.63781
1.77674
1.81371
1.77731
1.69094
1.57032
1.42558
1.26329
1.08785
0.902398
0.709311
0.510559
0.307879
0.102882
1.75357
1.99621
2.09182
2.08872
2.01819
1.90242
1.75588
1.58755
1.40305
1.2061
0.999365
0.784973
0.564776
0.340489
0.113766
2.35191
2.45674
2.47545
2.41059
2.29049
2.13529
1.95659
1.76075
1.55147
1.33115
1.10166
0.864673
0.621836
0.374793
0.125214
2.81798
2.97708
2.91714
2.77085
2.58717
2.38449
2.1692
1.94331
1.70757
1.46257
1.20915
0.948443
0.681822
0.410861
0.13725
3.76141
3.64955
3.41882
3.15708
2.89707
2.64247
2.38917
2.13272
1.8701
1.59985
1.32172
1.03632
0.744825
0.44877
0.149906
4.69175
4.40458
3.94204
3.54211
3.20323
2.89955
2.61135
2.32642
2.03794
1.74261
1.43935
1.12844
0.810996
0.488631
0.16322
7.02287
5.28141
4.42179
3.88478
3.48494
3.1459
2.83127
2.52259
2.21053
1.89088
1.56228
1.22509
0.880591
0.530609
0.177249
7.25464
5.54587
4.67753
4.13219
3.72445
3.3753
3.04708
2.7211
2.38842
2.04536
1.6912
1.32682
0.953994
0.574933
0.19207
5.68624
5.22672
4.70898
4.28406
3.92327
3.59016
3.26132
2.92428
2.57351
2.20756
1.82721
1.43442
1.03173
0.621898
0.207776
5.13926
4.948
4.67599
4.39138
4.10289
3.80207
3.48127
3.13699
2.76915
2.37975
1.97185
1.5489
1.11442
0.671845
0.224477
4.66772
4.72534
4.65176
4.50141
4.29105
4.02787
3.71753
3.36606
2.97976
2.5648
2.12695
1.67139
1.20274
0.725119
0.242278
4.43975
4.59381
4.68084
4.65311
4.51591
4.28641
3.98236
3.61933
3.21027
2.76576
2.29434
1.80296
1.29728
0.782022
0.261271
4.07174
4.50882
4.78962
4.88082
4.80486
4.59671
4.28814
3.90455
3.4654
2.98539
2.4756
1.94447
1.39847
0.842739
0.281506
3.77159
4.53235
5.03005
5.22462
5.18562
4.97674
4.64602
4.22836
3.74891
3.22569
2.67169
2.09629
1.50642
0.907275
0.302976
2.89763
4.73855
5.481
5.73062
5.68433
5.44139
5.06426
4.59509
4.0628
3.48737
2.88262
2.25817
1.62081
0.975391
0.325594
4.76973
5.70758
6.27417
6.44209
6.3196
5.99921
5.54641
5.00563
4.40665
3.76941
3.10723
2.42902
1.74078
1.04655
0.349176
5.94779
6.9344
7.3442
7.35522
7.09229
6.64898
6.08965
5.45657
4.77707
4.06876
3.34295
2.60683
1.8649
1.11989
0.373437
8.03415
8.56177
8.69114
8.45858
7.99022
7.37931
6.6841
5.93974
5.16749
4.38027
3.58583
2.78868
1.99116
1.19424
0.397988
9.73322
10.4657
10.2894
9.72566
8.98713
8.16817
7.31266
6.44226
5.5683
4.69677
3.8306
2.97078
2.11701
1.26811
0.422346
13.2626
13.0006
12.1567
11.1141
10.0399
8.98239
7.95154
6.94726
5.96741
5.00954
4.07094
3.14867
2.23947
1.33981
0.445955
16.8715
15.9397
14.162
12.5245
11.081
9.77809
8.57196
7.43526
6.35126
5.3089
4.29994
3.31749
2.35531
1.40748
0.468211
26.0375
19.4661
16.0699
13.8
12.0244
10.5066
9.14415
7.88665
6.70619
5.58507
4.51052
3.47221
2.46118
1.4692
0.488488
27.2953
20.7874
17.1957
14.7324
12.7886
11.1272
9.64344
8.28454
7.01989
5.8289
4.69591
3.608
2.55382
1.52308
0.506173
22.348
20.0835
17.538
15.304
13.3568
11.6245
10.056
8.61696
7.28243
6.03243
4.85001
3.72034
2.63017
1.56737
0.520686
20.9352
19.5746
17.6639
15.6764
13.7756
12.008
10.3786
8.87681
7.48627
6.18901
4.96746
3.80527
2.68749
1.60047
0.531508
20.4669
19.4476
17.8431
15.9884
14.102
12.2956
10.6126
9.05939
7.62533
6.29302
5.04368
3.85933
2.72346
1.62103
0.538196
20.5988
19.727
18.196
16.3224
14.3728
12.4975
10.7563
9.15925
7.69371
6.33939
5.07478
3.87973
2.73619
1.62799
0.540407
21.4121
20.4642
18.787
16.709
14.592
12.6062
10.8
9.16773
7.68485
6.32347
5.05755
3.86436
2.72439
1.62063
0.537913
21.864
21.7083
19.6565
17.123
14.7199
12.5901
10.723
9.07242
7.59162
6.24125
4.9898
3.81204
2.68742
1.59867
0.53063
22.0327
24.271
20.8615
17.4466
14.6581
12.3915
10.4955
8.85921
7.40779
6.09034
4.87088
3.72281
2.62555
1.56231
0.51864
51.2501
30.7619
22.0726
17.336
14.2339
11.9356
10.0877
8.51757
7.13092
5.87139
4.70236
3.59829
2.54005
1.51236
0.502212
50.0489
29.0663
20.5418
16.0913
13.2519
11.167
9.48703
8.04848
6.76578
5.58957
4.48875
3.44194
2.43332
1.45023
0.48181
17.1047
18.7235
16.1841
13.7285
11.7461
10.1172
8.71869
7.47115
6.32667
5.25541
4.23761
3.25908
2.30888
1.37789
0.458076
6.79654
11.2707
11.7694
11.0378
9.99488
8.90762
7.8455
6.82224
5.8367
4.88413
3.95918
3.05655
2.17109
1.29781
0.431796
2.8223
6.57941
8.20945
8.56347
8.27466
7.68062
6.94534
6.14715
5.32382
4.49367
3.66526
2.84208
2.02484
1.21267
0.403837
0.159024
3.36483
5.5354
6.53558
6.76647
6.55176
6.08889
5.48951
4.81569
4.10199
3.3677
2.62349
1.87507
1.12521
0.375074
-4.51062
0.865577
3.67259
5.04149
5.56767
5.59525
5.32725
4.88358
4.33525
3.7246
3.07702
2.40783
1.72628
1.03796
0.346315
-0.449199
-1.35429
-2.27988
-3.24107
-4.25534
-5.3442
-6.53566
-7.86836
-9.39915
-11.2177
-13.4772
-16.4663
-20.7966
-27.9628
-42.2767
-0.452501
-1.36481
-2.29954
-3.27326
-4.30535
-5.41981
-6.64809
-8.03374
-9.64054
-11.5672
-13.9757
-17.146
-21.5853
-28.223
-38.6146
-0.448489
-1.35293
-2.28019
-3.24707
-4.27299
-5.38159
-6.60312
-7.97795
-9.56201
-11.4351
-13.7123
-16.5567
-20.1755
-24.7292
-29.8984
-0.437019
-1.31821
-2.22121
-3.16184
-4.15793
-5.23043
-6.40485
-7.71292
-9.19448
-10.8987
-12.8816
-15.1929
-17.8307
-20.6196
-22.9303
-0.418398
-1.26167
-2.12461
-3.02115
-3.96644
-4.97735
-6.07292
-7.27438
-8.60431
-10.0835
-11.7226
-13.5026
-15.3348
-16.9881
-17.9894
-0.393298
-1.18546
-1.99442
-2.83171
-3.70931
-4.63961
-5.63509
-6.70735
-7.86487
-9.10847
-10.4226
-11.76
-13.0179
-14.0085
-14.4449
-0.362634
-1.09244
-1.83588
-2.60195
-3.39948
-4.23669
-5.12048
-6.05504
-7.03932
-8.06288
-9.0993
-10.0969
-10.9682
-11.583
-11.7808
-0.327425
-0.985807
-1.65469
-2.34074
-3.04996
-3.78716
-4.55509
-5.353
-6.17449
-7.00442
-7.81479
-8.56022
-9.17482
-9.57458
-9.67208
-0.288683
-0.868664
-1.45635
-2.05636
-2.67245
-3.3069
-3.95971
-4.62736
-5.30121
-5.96551
-6.59521
-7.15434
-7.59629
-7.8684
-7.9233
-0.247325
-0.743816
-1.24567
-1.75589
-2.27656
-2.80829
-3.3495
-3.8955
-4.43746
-4.96118
-5.4462
-5.86562
-6.18758
-6.37943
-6.41529
-0.204126
-0.613607
-1.02662
-1.44497
-1.86962
-2.3002
-2.73447
-3.16769
-3.59194
-3.99554
-4.36278
-4.67435
-4.90896
-5.04645
-5.0725
-0.159699
-0.479867
-0.802219
-1.12775
-1.45674
-1.7884
-2.12048
-2.44884
-2.76708
-3.06626
-3.33501
-3.56003
-3.72744
-3.82491
-3.84444
-0.114499
-0.343945
-0.574638
-0.807069
-1.04119
-1.27619
-1.51021
-1.74011
-1.96125
-2.16742
-2.35097
-2.50332
-2.61586
-2.6813
-2.69524
-0.0688492
-0.206775
-0.34532
-0.484691
-0.624767
-0.764959
-0.904067
-1.04014
-1.17039
-1.29118
-1.39812
-1.48642
-1.55139
-1.58919
-1.59762
-32289.3
-32267.9
-32246.3
-32224.5
-32202.4
-32179.8
-32156.8
-32133.1
-32108.8
-32083.7
-32057.7
-32030.7
-32002.8
-31973.9
-31943.8
-93.396
-133.204
53.5592
-0.564868
35.6627
2.34805
20.4524
-1.81989
-22.9369
-6.37264
-32.4809
-8.21272
-40.9213
-7.40519
-51.7826
48.1842
4.06575
36.8146
4.89294
27.6925
2.94997
17.5204
-1.49716
-20.5121
-5.99819
-30.7267
-8.07643
-39.9527
-7.52117
-51.5456
47.9829
3.75774
37.037
4.70501
28.0298
2.78625
17.768
-1.73836
-21.2928
-6.34963
-31.8642
-8.47619
-41.4408
-7.86204
-53.4612
49.7383
3.89851
38.4446
4.91337
29.1567
2.96193
18.5553
-1.69733
-22.012
-6.43045
-32.9705
-8.55033
-42.875
-7.76263
-55.2641
52.4095
4.67861
40.6082
5.70262
31.0214
3.70704
20.0853
-1.10973
-22.4534
-5.96654
-34.1042
-8.02096
-44.8421
-6.83039
-58.5526
60.3134
7.57561
49.2784
9.57052
41.8158
8.9847
35.2006
7.01762
-25.807
74.9414
46.3992
29.3882
16.8628
5.37848
-8.03986
-52.7728
-51.1409
-7.88753
-1.97001
7.10302
3.25444
3.64605
-3.48298
-10.7307
-11.3902
-16.6636
-14.5242
-18.8017
-12.7201
-12.8974
8.92806
8.7263
14.5927
10.2538
11.9959
6.67696
5.55177
-1.49971
-8.56034
-9.71978
-15.0825
-13.4252
-17.8462
-12.1314
-12.449
9.17861
8.88183
14.79
10.3748
12.1559
6.72201
5.57426
-1.66734
-8.92949
-10.1266
-15.6602
-13.9485
-18.5155
-12.5897
-12.9042
9.53171
9.23855
15.384
10.82
12.6896
7.0671
5.8975
-1.60603
-9.13059
-10.3434
-16.0681
-14.2389
-18.9499
-12.7092
-12.9835
10.4629
10.2001
16.6219
11.9017
13.8945
8.07352
6.91044
-0.89409
-8.72565
-9.90771
-15.86
-13.7579
-18.6141
-11.5982
-11.5184
14.7445
14.9956
23.0976
18.72
22.7659
17.709
19.7857
13.7055
11.3248
31.6648
29.81
22.9466
15.3819
8.18085
2.25052
-33.0341
-29.0131
-15.5703
-7.91882
-2.84928
-1.94479
-2.3303
-4.97489
-8.01104
-9.76348
-11.5204
-11.595
-11.5987
-9.02186
-5.69576
1.39165
4.64921
7.0671
6.85882
6.4676
4.36563
2.11769
-1.48838
-5.10565
-7.38798
-9.54617
-10.0205
-10.3344
-8.05441
-4.95261
1.94628
5.07159
7.4097
7.12283
6.67255
4.48665
2.15663
-1.56576
-5.29888
-7.6581
-9.88843
-10.3785
-10.6988
-8.33052
-5.10655
2.05595
5.30805
7.74619
7.46303
7.01243
4.76108
2.36158
-1.48338
-5.33699
-7.75838
-10.0421
-10.5087
-10.7944
-8.27299
-4.8599
2.65874
6.09654
8.6811
8.43487
8.02021
5.73359
3.30013
-0.638659
-4.57235
-6.97893
-9.21313
-9.4744
-9.48096
-6.37715
-2.18746
6.63321
11.1112
14.888
15.7403
16.8243
16.1614
16.1176
15.0669
15.7401
20.3548
20.4375
17.5184
13.3806
9.15623
5.73535
-23.19
-20.4527
-14.9132
-10.1495
-6.80385
-5.28632
-5.05347
-5.90287
-7.13986
-8.13012
-8.7997
-8.76781
-8.11144
-6.40241
-3.91027
-0.629671
1.78138
3.32329
3.72734
3.40295
2.26464
0.63946
-1.46077
-3.57309
-5.23479
-6.43446
-6.84669
-6.55765
-5.16056
-2.92389
0.148101
2.39508
3.80954
4.10632
3.6887
2.459
0.74422
-1.44855
-3.64646
-5.37499
-6.62248
-7.05259
-6.75335
-5.30334
-2.9802
0.211381
2.54985
4.02726
4.34741
3.92849
2.66864
0.907315
-1.34807
-3.6056
-5.37134
-6.63262
-7.03865
-6.68101
-5.1206
-2.64807
0.731176
3.22189
4.81683
5.21082
4.8418
3.6053
1.85769
-0.390406
-2.6179
-4.29822
-5.40717
-5.55746
-4.82665
-2.71966
0.475077
4.77552
8.23649
10.89
12.4269
13.3984
13.7226
13.8989
13.9441
14.473
15.5615
15.3765
13.8337
11.4922
8.96359
6.77343
-17.6272
-15.9275
-13.1388
-10.3383
-8.12582
-6.77787
-6.21817
-6.2727
-6.62393
-6.95849
-7.08905
-6.83982
-6.13998
-4.9106
-3.26013
-1.39882
0.165158
1.21799
1.64482
1.51038
0.864755
-0.154664
-1.41574
-2.68941
-3.74686
-4.45664
-4.68266
-4.37645
-3.47566
-2.09799
-0.462032
0.917397
1.81888
2.11855
1.87427
1.1299
0.0201342
-1.3239
-2.66993
-3.78456
-4.53352
-4.77696
-4.46502
-3.53345
-2.10438
-0.404693
1.03162
1.97477
2.2961
2.0555
1.29834
0.164512
-1.20963
-2.58237
-3.71073
-4.45466
-4.6683
-4.2996
-3.28162
-1.74189
0.083119
1.63717
2.68197
3.08554
2.91259
2.21301
1.13598
-0.171798
-1.45137
-2.44027
-2.98165
-2.90932
-2.15399
-0.628484
1.54542
4.12672
6.52459
8.49975
9.92798
10.9047
11.4965
11.8686
12.1237
12.397
12.5976
12.2652
11.2936
9.86756
8.27817
6.80453
-14.0379
-12.9703
-11.3813
-9.68047
-8.20278
-7.13431
-6.49837
-6.21527
-6.13197
-6.0806
-5.92531
-5.56067
-4.93104
-4.02514
-2.91359
-1.73981
-0.715026
0.014154
0.370517
0.35392
0.00312646
-0.600811
-1.35256
-2.11708
-2.75956
-3.17546
-3.28503
-3.05144
-2.47749
-1.64403
-0.702775
0.127949
0.694801
0.914038
0.779969
0.326949
-0.366619
-1.19642
-2.02661
-2.7207
-3.17255
-3.30106
-3.069
-2.47997
-1.61826
-0.641538
0.223521
0.817688
1.05395
0.926316
0.470419
-0.232267
-1.07324
-1.9111
-2.6037
-3.04038
-3.13652
-2.85319
-2.19398
-1.24654
-0.174784
0.785772
1.47046
1.79042
1.7417
1.36425
0.746517
0.00617893
-0.703424
-1.22676
-1.43988
-1.24471
-0.590421
0.529007
2.0291
3.74207
5.42138
6.89713
8.07931
8.96523
9.58684
10.0067
10.2765
10.4249
10.3996
10.0726
9.40579
8.47607
7.42413
6.39705
-11.453
-10.7638
-9.78475
-8.70129
-7.69047
-6.86787
-6.27046
-5.87014
-5.59399
-5.35236
-5.063
-4.66312
-4.1199
-3.43583
-2.65668
-1.86622
-1.16955
-0.652838
-0.366732
-0.321312
-0.493986
-0.834116
-1.27101
-1.72048
-2.09857
-2.33537
-2.38158
-2.21655
-1.85304
-1.34533
-0.784368
-0.281549
0.0712684
0.218261
0.144928
-0.129645
-0.55722
-1.06841
-1.57931
-2.00569
-2.27722
-2.34441
-2.18703
-1.8192
-1.29779
-0.717619
-0.194532
0.175951
0.335767
0.269795
-0.00216256
-0.429952
-0.941369
-1.44905
-1.86521
-2.11652
-2.15123
-1.94807
-1.52144
-0.93022
-0.272596
0.331599
0.784116
1.02617
1.04418
0.861457
0.533586
0.139871
-0.223729
-0.459994
-0.486069
-0.241237
0.303328
1.13834
2.20621
3.4059
4.6113
5.71727
6.65725
7.40645
7.96785
8.36086
8.60412
8.7028
8.63602
8.36862
7.8961
7.25998
6.53369
5.79766
-9.4315
-8.97464
-8.33857
-7.6175
-6.9071
-6.27713
-5.75875
-5.34618
-5.00631
-4.69282
-4.35984
-3.97195
-3.51159
-2.98344
-2.41606
-1.85758
-1.36495
-0.987762
-0.757403
-0.6825
-0.749974
-0.928086
-1.17138
-1.42668
-1.64105
-1.76976
-1.78232
-1.66747
-1.43627
-1.12332
-0.782259
-0.475068
-0.255903
-0.160277
-0.200356
-0.365944
-0.627448
-0.940841
-1.25376
-1.51368
-1.67617
-1.71117
-1.60817
-1.37959
-1.06199
-0.711531
-0.392873
-0.162463
-0.0573167
-0.0901474
-0.250385
-0.507254
-0.814918
-1.11882
-1.36417
-1.50458
-1.50852
-1.36478
-1.08593
-0.709565
-0.293504
0.0958129
0.400811
0.584518
0.635663
0.567658
0.415445
0.230169
0.0725768
0.00407177
0.077607
0.330595
0.778819
1.41233
2.19348
3.06153
3.94436
4.77643
5.50994
6.11812
6.59139
6.93079
7.14001
7.21904
7.16131
6.96003
6.62193
6.17365
5.65714
5.11894
-7.75289
-7.44351
-7.01479
-6.51834
-6.00788
-5.52568
-5.09468
-4.71751
-4.38062
-4.06136
-3.73576
-3.38512
-3.00091
-2.58752
-2.16262
-1.75411
-1.39414
-1.11125
-0.924227
-0.838678
-0.846655
-0.928206
-1.05447
-1.19183
-1.30689
-1.37142
-1.36657
-1.28594
-1.13723
-0.941809
-0.731403
-0.541852
-0.405206
-0.343425
-0.364937
-0.46415
-0.622987
-0.813989
-1.00455
-1.162
-1.25876
-1.27666
-1.21018
-1.06819
-0.873546
-0.659684
-0.464171
-0.320537
-0.251751
-0.266662
-0.359496
-0.511452
-0.693928
-0.872916
-1.0143
-1.08921
-1.07849
-0.976099
-0.790878
-0.546108
-0.275932
-0.0185872
0.192136
0.333729
0.398695
0.395093
0.344887
0.280576
0.240571
0.263575
0.382847
0.621268
0.987484
1.47369
2.05561
2.69585
3.3505
3.97753
4.54306
5.0241
5.4077
5.68818
5.86345
5.93223
5.89338
5.74848
5.50644
5.18559
4.81181
4.41361
-6.2967
-6.08424
-5.78852
-5.43932
-5.06798
-4.7005
-4.35309
-4.03085
-3.72952
-3.43901
-3.14774
-2.84665
-2.53222
-2.2082
-1.88557
-1.58077
-1.31232
-1.09672
-0.944932
-0.860188
-0.837399
-0.863952
-0.921595
-0.98912
-1.0455
-1.07301
-1.05995
-1.00248
-0.905479
-0.781893
-0.65054
-0.532474
-0.44673
-0.406656
-0.417654
-0.476526
-0.572236
-0.687805
-0.80304
-0.897743
-0.954942
-0.963675
-0.920963
-0.832651
-0.712808
-0.58145
-0.460796
-0.370865
-0.325695
-0.331002
-0.383507
-0.471737
-0.577996
-0.681197
-0.760201
-0.797178
-0.780488
-0.706732
-0.581608
-0.419267
-0.239914
-0.0658821
0.0829768
0.193255
0.260439
0.289611
0.294613
0.295955
0.317811
0.38443
0.516493
0.727894
1.02335
1.3972
1.83375
2.30941
2.79641
3.26716
3.69785
4.07036
4.37252
4.59709
4.74025
4.80044
4.77816
4.67686
4.50444
4.27378
4.00166
3.70636
-4.9912
-4.84483
-4.63924
-4.39219
-4.12249
-3.84642
-3.57522
-3.31408
-3.06284
-2.81774
-2.57386
-2.32737
-2.07736
-1.82688
-1.58285
-1.35509
-1.15439
-0.990301
-0.869105
-0.792493
-0.757104
-0.754938
-0.774501
-0.802474
-0.825681
-0.833048
-0.817274
-0.775964
-0.712026
-0.633182
-0.550561
-0.476576
-0.422508
-0.396366
-0.401457
-0.435881
-0.49291
-0.562127
-0.631127
-0.687518
-0.720943
-0.724803
-0.697438
-0.642544
-0.568681
-0.487832
-0.413209
-0.356767
-0.326987
-0.327408
-0.356106
-0.406092
-0.466499
-0.524353
-0.56665
-0.582457
-0.564695
-0.511363
-0.425961
-0.316954
-0.196261
-0.0769558
0.0293483
0.11481
0.176894
0.218912
0.249586
0.281774
0.330567
0.411027
0.535874
0.713464
0.946308
1.23041
1.55556
1.90663
2.2657
2.61449
2.9364
3.21792
3.44907
3.62321
3.73649
3.78743
3.77674
3.70765
3.58629
3.42166
3.2249
3.00802
-3.79004
-3.6907
-3.54967
-3.37767
-3.18615
-2.98534
-2.78286
-2.58307
-2.38729
-2.19473
-2.00375
-1.81315
-1.6232
-1.43625
-1.25671
-1.09045
-0.943756
-0.822122
-0.729084
-0.665444
-0.628976
-0.614647
-0.615306
-0.622701
-0.628688
-0.626423
-0.611386
-0.582044
-0.540055
-0.489927
-0.438162
-0.392015
-0.358095
-0.341118
-0.34304
-0.362707
-0.396056
-0.436786
-0.477391
-0.510387
-0.529541
-0.530919
-0.513578
-0.479778
-0.434642
-0.385271
-0.33947
-0.304304
-0.284815
-0.283123
-0.29808
-0.325467
-0.358708
-0.389937
-0.411274
-0.416101
-0.400148
-0.362204
-0.30433
-0.231492
-0.150634
-0.0693315
0.00571017
0.0700068
0.122222
0.164526
0.202359
0.243663
0.297707
0.373686
0.479291
0.619451
0.795445
1.00451
1.24002
1.49231
1.74982
2.0005
2.2331
2.438
2.6077
2.73695
2.82252
2.86315
2.85939
2.81371
2.73047
2.61581
2.47709
2.32222
-2.66072
-2.5966
-2.50467
-2.39126
-2.26318
-2.12667
-1.98663
-1.84626
-1.70709
-1.56945
-1.43311
-1.29798
-1.1647
-1.03496
-0.911461
-0.797626
-0.697041
-0.612771
-0.546736
-0.499276
-0.468973
-0.452781
-0.446418
-0.444968
-0.443585
-0.4382
-0.426107
-0.406349
-0.379817
-0.349041
-0.317689
-0.289861
-0.269298
-0.258673
-0.259085
-0.269848
-0.288591
-0.311642
-0.334631
-0.353207
-0.363755
-0.364009
-0.353437
-0.333358
-0.30672
-0.277593
-0.250436
-0.229288
-0.217034
-0.214888
-0.222174
-0.236435
-0.253836
-0.269787
-0.279692
-0.279691
-0.26729
-0.241764
-0.204268
-0.1576
-0.105665
-0.052711
-0.00247332
0.0425835
0.0818046
0.116561
0.150119
0.187191
0.233245
0.293671
0.372934
0.473828
0.596954
0.740494
0.900329
1.07047
1.24374
1.41257
1.56969
1.70874
1.82461
1.91357
1.97328
2.00277
2.00241
1.97383
1.91992
1.84459
1.75253
1.64873
-1.57852
-1.54255
-1.49058
-1.42598
-1.35235
-1.27306
-1.19088
-1.10772
-1.0247
-0.942297
-0.860704
-0.780137
-0.70113
-0.624688
-0.55229
-0.485728
-0.426837
-0.377162
-0.337645
-0.308406
-0.288658
-0.276767
-0.270462
-0.267144
-0.264255
-0.259644
-0.251875
-0.240418
-0.2257
-0.208993
-0.192153
-0.177256
-0.166201
-0.160344
-0.160236
-0.165511
-0.174935
-0.1866
-0.198239
-0.207599
-0.21281
-0.212701
-0.207003
-0.196396
-0.182397
-0.167093
-0.152765
-0.14148
-0.134715
-0.133087
-0.13624
-0.142897
-0.151066
-0.15836
-0.162392
-0.161153
-0.153345
-0.138578
-0.117427
-0.0913044
-0.0621806
-0.032192
-0.00320954
0.0235508
0.0478043
0.0703102
0.0928058
0.117773
0.148076
0.186522
0.235419
0.296182
0.369058
0.453014
0.545787
0.644114
0.744072
0.84148
0.932283
1.01287
1.08027
1.13229
1.16754
1.1854
1.18606
1.17045
1.14019
1.09746
1.04486
0.985154
-31915.4
-31888.7
-31861.4
-31833.3
-31804.6
-31775.3
-31745.4
-31714.9
-31683.9
-31652.5
-31620.6
-31588.3
-31555.6
-31522.7
-31489.4
-31455.9
-31422.1
-31388.2
-31354.1
-31319.8
-31285.4
-31250.9
-31216.2
-31181.5
-31146.6
-31111.5
-31076.4
-31041.1
-31005.7
-30970.3
-30934.7
-30899
-30863.3
-30827.5
-30791.6
-30755.6
-30719.6
-30683.5
-30647.3
-30611
-30574.6
-30538.1
-30501.6
-30464.9
-30428.1
-30391.3
-30354.4
-30317.4
-30280.3
-30243.2
-30206
-30168.8
-30131.5
-30094.1
-30056.7
-30019.2
-29981.6
-29943.9
-29906.2
-29868.4
-29830.6
-29792.8
-29754.9
-29717.1
-29679.2
-29641.4
-29603.6
-29565.9
-29528.2
-29490.6
-29453.1
-29415.6
-29378.3
-29341.2
-29304.3
-29267.7
-29231.3
-29195.3
-29159.7
-29124.5
-29089.8
-29055.6
-29021.9
-28988.8
-28956.2
-28924.2
-28892.7
-28861.7
-28831.3
-28801.3
-4.42783
0.405879
2.84911
4.10741
4.66815
4.7921
4.63785
4.30571
3.85973
3.34096
2.77578
2.18124
1.56846
0.944853
0.315543
0.9277
1.92484
2.99084
3.7122
4.08125
4.16865
4.04809
3.77957
3.40788
2.96522
2.47428
1.95094
1.40637
0.848596
0.283626
3.83542
3.3705
3.47525
3.66857
3.77577
3.75309
3.6063
3.35659
3.02701
2.63777
2.20518
1.74187
1.25749
0.759533
0.25399
5.13044
4.2438
3.86986
3.71053
3.6
3.46157
3.26743
3.01348
2.70577
2.35367
1.96681
1.55386
1.12219
0.678053
0.226789
5.51736
4.60302
4.0492
3.70342
3.45201
3.22575
2.98835
2.72414
2.42892
2.10433
1.75454
1.38455
0.999367
0.603698
0.201903
5.41346
4.60114
4.0202
3.60181
3.27884
3.00102
2.73608
2.46579
2.18145
1.88019
1.56246
1.23043
0.887026
0.535467
0.17903
5.04855
4.36765
3.82852
3.40471
3.06047
2.76341
2.48915
2.22149
1.95088
1.67251
1.3847
1.08769
0.782839
0.472115
0.157777
4.54722
3.99234
3.52148
3.12803
2.79492
2.503
2.23561
1.98014
1.72807
1.47427
1.21612
0.952779
0.684528
0.412375
0.137741
3.97706
3.53298
3.13701
2.791
2.48815
2.21807
1.97015
1.73538
1.50699
1.28037
1.05275
0.822778
0.590117
0.355115
0.118553
3.37474
3.0255
2.70257
2.4108
2.14863
1.91097
1.69153
1.48425
1.28415
1.08747
0.891727
0.695466
0.498046
0.299414
0.0999097
2.75987
2.4917
2.23698
2.001
1.78458
1.58566
1.40073
1.22596
1.05787
0.893633
0.731222
0.569312
0.407185
0.244587
0.081581
2.14247
1.94446
1.75264
1.57163
1.40304
1.24635
1.09977
0.960992
0.827721
0.697974
0.570216
0.443375
0.316797
0.190167
0.0634085
1.52698
1.39103
1.2575
1.12983
1.00961
0.896942
0.791008
0.690514
0.59405
0.500328
0.408293
0.317173
0.226461
0.135874
0.0452946
0.914627
0.835193
0.756475
0.68059
0.608616
0.540797
0.476806
0.416003
0.357639
0.300992
0.245454
0.190563
0.135999
0.081574
0.0271906
-28768.9
-28734.1
-28699.8
-28666.1
-28632.8
-28599.9
-28567.4
-28535.2
-28503.3
-28471.6
-28440.2
-28408.8
-28377.7
-28346.6
-28315.5
)
;

boundaryField
{
    hot
    {
        type            calculated;
        value           nonuniform List<scalar> 
120
(
32284.4
0.0533325
0.0894286
0.126324
0.16425
0.203352
0.243654
0.285019
0.32711
0.369364
0.410965
0.450854
0.487769
0.520325
0.547151
0.565963
0.577179
0.582782
0.582788
0.577484
0.567383
0.553172
0.535627
0.515533
0.493628
0.470548
0.446811
0.422818
0.398867
0.37518
0.351929
0.329261
0.307309
0.286203
0.266065
0.247002
0.229099
0.212409
0.19695
0.182699
0.1696
0.157566
0.146495
0.136274
0.126796
0.117963
0.109696
0.101934
0.0946347
0.087771
0.0813244
0.0752801
0.0696211
0.0643252
0.059362
0.054693
0.0502729
0.0460522
0.0419802
0.038008
0.0340913
0.0301924
0.0262802
0.0223304
0.0183239
0.0142448
0.0100791
0.00581227
0.00142817
-0.00309213
-0.00777107
-0.0126351
-0.017715
-0.0230459
-0.0286677
-0.0346242
-0.0409628
-0.0477327
-0.0549832
-0.0627609
-0.0711062
-0.0800511
-0.0896162
-0.0998098
-0.110629
-0.12206
-0.134089
-0.146702
-0.159896
-0.173687
-0.188111
-0.203227
-0.219111
-0.235842
-0.253489
-0.272081
-0.291589
-0.311893
-0.332759
-0.353822
-0.374579
-0.394391
-0.412519
-0.42816
-0.440512
-0.449199
-0.452501
-0.448489
-0.437019
-0.418398
-0.393298
-0.362634
-0.327425
-0.288683
-0.247325
-0.204126
-0.159699
-0.114499
-0.0688492
-32289.3
)
;
    }
    cold
    {
        type            calculated;
        value           nonuniform List<scalar> 
120
(
28318.3
-0.0211236
-0.036642
-0.0543403
-0.0751272
-0.0999224
-0.129619
-0.165017
-0.206717
-0.254984
-0.309587
-0.369635
-0.433472
-0.498662
-0.562141
-0.616183
-0.659213
-0.69502
-0.722448
-0.740885
-0.750281
-0.751078
-0.744096
-0.730385
-0.711077
-0.68728
-0.659994
-0.630084
-0.598273
-0.565165
-0.531275
-0.497058
-0.462928
-0.42927
-0.396435
-0.36473
-0.334414
-0.305677
-0.278641
-0.253358
-0.229813
-0.20794
-0.18763
-0.168753
-0.151166
-0.13473
-0.119319
-0.104822
-0.0911455
-0.0782142
-0.0659646
-0.0543425
-0.0432989
-0.0327868
-0.0227584
-0.0131637
-0.00394895
0.00494398
0.0135787
0.0220248
0.0303577
0.0386586
0.0470129
0.0555081
0.0642302
0.0732609
0.0826735
0.0925303
0.102882
0.113766
0.125214
0.13725
0.149906
0.16322
0.177249
0.19207
0.207776
0.224477
0.242278
0.261271
0.281506
0.302976
0.325594
0.349176
0.373437
0.397988
0.422346
0.445955
0.468211
0.488488
0.506173
0.520686
0.531508
0.538196
0.540407
0.537913
0.53063
0.51864
0.502212
0.48181
0.458076
0.431796
0.403837
0.375074
0.346315
0.315543
0.283626
0.25399
0.226789
0.201903
0.17903
0.157777
0.137741
0.118553
0.0999097
0.081581
0.0634085
0.0452946
0.0271906
-28315.5
)
;
    }
    interface_left
    {
        type            calculated;
        value           nonuniform List<scalar> 
90
(
23.9977
59.4889
62.0094
35.7947
26.0477
17.0516
12.8012
7.26769
8.87986
9.33196
9.82059
10.1436
10.9079
11.9268
15.0043
14.4562
9.56725
7.63056
5.70513
4.76506
3.58152
2.90015
1.78342
2.36251
2.57456
2.84634
3.01885
3.36922
3.76084
4.85871
4.72849
3.20222
2.59512
1.97925
1.67396
1.27613
1.04171
0.641904
0.868931
0.953836
1.06129
1.12647
1.25337
1.39096
1.77475
1.71559
1.13674
0.901867
0.656034
0.53205
0.369801
0.276827
0.134044
0.138254
0.110901
0.0392259
-0.0313467
-0.182989
-0.33313
-0.695306
-0.795022
-0.762898
-0.774199
-0.815255
-0.838845
-0.852695
-0.835152
-0.695411
-1.20217
-1.53776
-2.14569
-2.63716
-3.65115
-4.66061
-7.19387
-7.51486
-6.05289
-5.56652
-5.19686
-5.02013
-4.73819
-4.45196
-3.56639
-6.59449
-6.62091
-3.46522
-3.26604
-4.98211
-10.4847
-27.9509
)
;
    }
    interface_right
    {
        type            calculated;
        value           nonuniform List<scalar> 
90
(
-11.5566
-112.906
-125.517
-68.9783
-48.7098
-30.9563
-22.8507
-12.7122
-15.3653
-16.0568
-16.7312
-17.1685
-18.2401
-19.7713
-24.5183
-23.4733
-15.2512
-11.9894
-8.74962
-7.18096
-5.2436
-4.15991
-2.47779
-3.11508
-3.28709
-3.44473
-3.51929
-3.68618
-3.93288
-4.73755
-4.47009
-2.78126
-2.10209
-1.42196
-1.09374
-0.703329
-0.498215
-0.232875
-0.161885
-0.0743313
0.103731
0.249741
0.538671
0.802864
1.42329
1.54973
1.34647
1.28873
1.24892
1.22601
1.16146
1.09006
0.83999
1.40718
1.75357
2.35191
2.81798
3.76141
4.69175
7.02287
7.25464
5.68624
5.13926
4.66772
4.43975
4.07174
3.77159
2.89763
4.76973
5.94779
8.03415
9.73322
13.2626
16.8715
26.0375
27.2953
22.348
20.9352
20.4669
20.5988
21.4121
21.864
22.0327
51.2501
50.0489
17.1047
6.79654
2.8223
0.159024
-4.51062
)
;
    }
    interface_top
    {
        type            calculated;
        value           nonuniform List<scalar> 
90
(
-120.682
-198.897
107.522
-3.27686
57.142
-1.52561
33.1433
-1.03138
-33.0154
-0.679753
-44.8449
-0.633613
-58.0892
-0.0627961
-84.8102
81.3938
-2.84685
53.9179
-2.01378
39.7567
-1.84682
27.0267
-1.49285
-29.9995
-1.20378
-42.7447
-1.184
-56.9604
-0.662386
-84.628
80.9162
-3.46135
54.2327
-2.42951
40.2774
-2.17927
27.4867
-1.76379
-31.0836
-1.43483
-44.2963
-1.38157
-59.0664
-0.785283
-87.7697
83.87
-3.6028
56.2748
-2.50356
41.867
-2.20457
28.6492
-1.73201
-32.208
-1.32414
-45.9352
-1.16463
-61.2699
-0.369909
-91.0337
88.0148
-3.1023
59.1554
-2.05248
44.2551
-1.73175
30.6225
-1.19955
-33.2698
-0.65913
-48.0296
-0.301326
-64.9074
0.842292
-98.1856
99.1957
-1.91564
69.7946
-0.689936
56.9377
-0.0412763
48.1182
1.95133
-58.2858
109.969
56.8166
32.6079
17.3524
3.46742
-15.7158
)
;
    }
    interface_bottom
    {
        type            calculated;
        value           nonuniform List<scalar> 
90
(
36.812
111.949
-83.6638
2.48821
-51.1005
0.858679
-32.5377
-0.0462046
31.2891
-0.775094
43.5906
-1.1937
57.1915
-2.17342
84.2633
-85.5642
0.264875
-57.4038
-0.648367
-42.9278
-0.907426
-30.0021
-1.35813
27.1658
-1.83009
39.523
-2.12961
53.0155
-3.12369
79.017
-82.359
-0.623217
-55.5046
-1.30728
-41.6734
-1.43767
-29.2941
-1.80486
25.5977
-2.24098
37.5002
-2.52301
50.4569
-3.53948
75.2474
-79.2934
-0.989273
-53.4176
-1.52202
-40.1123
-1.57825
-28.2245
-1.88852
24.366
-2.27933
35.7857
-2.51779
48.2129
-3.44034
71.9976
-75.9463
-0.959166
-51.1659
-1.45572
-38.4171
-1.50403
-27.008
-1.78358
23.3536
-2.10312
34.3268
-2.23988
46.3321
-2.89132
69.58
-72.8824
-0.577953
-49.412
-1.19585
-37.6257
-1.42708
-27.7848
-2.34358
24.972
-29.055
-4.67663
10.7963
26.2074
48.8219
95.034
)
;
    }
    defaultFaces
    {
        type            empty;
    }
}


// ************************************************************************* //
