/*--------------------------------*- C++ -*----------------------------------*\
| =========                 |                                                 |
| \\      /  F ield         | OpenFOAM: The Open Source CFD Toolbox           |
|  \\    /   O peration     | Version:  5.x                                   |
|   \\  /    A nd           | Web:      www.OpenFOAM.org                      |
|    \\/     M anipulation  |                                                 |
\*---------------------------------------------------------------------------*/
FoamFile
{
    version     2.0;
    format      ascii;
    class       volScalarField;
    location    "17.1";
    object      gradTx;
}
// * * * * * * * * * * * * * * * * * * * * * * * * * * * * * * * * * * * * * //

dimensions      [0 -1 0 1 0 0 0];

internalField   nonuniform List<scalar> 
6300
(
-31.9513
-32.022
-32.1628
-32.3722
-32.6479
-32.9869
-33.3848
-33.8363
-34.3346
-34.8717
-35.4381
-36.0235
-36.6168
-37.2068
-37.7828
-31.8806
-31.952
-32.0942
-32.3058
-32.5847
-32.9279
-33.3313
-33.7895
-34.2959
-34.8423
-35.4191
-36.0156
-36.6201
-37.2208
-37.8061
-31.7384
-31.8112
-31.9561
-32.1721
-32.4572
-32.8088
-33.2229
-33.6946
-34.2171
-34.7824
-35.3804
-35.9997
-36.6273
-37.25
-37.8547
-31.5235
-31.5982
-31.747
-31.9692
-32.2633
-32.627
-33.057
-33.5487
-34.0957
-34.6898
-35.3206
-35.9753
-36.6395
-37.2973
-37.9328
-31.234
-31.3109
-31.4646
-31.6945
-31.9998
-32.379
-32.8295
-33.3475
-33.9272
-34.5606
-35.2367
-35.9416
-36.6581
-37.3667
-38.0473
-30.8676
-30.947
-31.1059
-31.3444
-31.6624
-32.0595
-32.5345
-33.0845
-33.7051
-34.3887
-35.1242
-35.8962
-36.6845
-37.4644
-38.2087
-30.4217
-30.5035
-30.6676
-30.9147
-31.246
-31.6624
-32.1643
-32.7511
-33.4199
-34.1648
-34.9753
-35.8347
-36.7193
-37.5977
-38.4323
-29.894
-29.9778
-30.1462
-30.4009
-30.7445
-31.1797
-31.7094
-32.3357
-33.0588
-33.8756
-34.7775
-35.7481
-36.7604
-37.7751
-38.7395
-29.2826
-29.3674
-29.5384
-29.7983
-30.1513
-30.6025
-31.1579
-31.8235
-32.6041
-33.5014
-34.5114
-35.62
-36.7996
-38.0028
-39.1586
-28.5865
-28.6709
-28.8417
-29.1027
-29.4599
-29.9212
-30.4964
-31.1965
-32.0329
-33.0151
-34.1469
-35.4217
-36.8155
-38.2782
-39.7216
-27.8059
-27.888
-28.0547
-28.3109
-28.6645
-29.1261
-29.71
-30.4335
-31.3165
-32.3796
-33.64
-35.1051
-36.7632
-38.5737
-40.4498
-26.9431
-27.0205
-27.1782
-27.4219
-27.761
-28.209
-28.7844
-29.5114
-30.4206
-31.5477
-32.9297
-34.5966
-36.5596
-38.8045
-41.3003
-26.0029
-26.0729
-26.2157
-26.4376
-26.7488
-27.1647
-27.7074
-28.4076
-29.3076
-30.4621
-31.9361
-33.7939
-36.0763
-38.787
-42.008
-24.9928
-25.0523
-25.174
-25.364
-25.6321
-25.994
-26.4732
-27.1049
-27.9414
-29.0586
-30.5607
-32.57
-35.1705
-38.2702
-41.6811
-23.9233
-23.9695
-24.0642
-24.2122
-24.4218
-24.7063
-25.0871
-25.5983
-26.2958
-27.2721
-28.681
-30.7614
-33.7841
-37.4901
-38.2092
-38.2916
-38.7311
-39.1466
-39.5359
-39.8983
-40.2336
-40.5422
-40.8247
-41.0811
-41.3115
-41.5152
-41.6912
-41.8384
-41.9562
-42.0444
-42.1039
-42.1365
-42.1453
-42.134
-42.1069
-42.0683
-42.0219
-41.9707
-41.9164
-41.8596
-41.7996
-41.7351
-41.664
-41.5845
-41.4951
-41.3951
-41.2849
-41.166
-41.0407
-40.9117
-40.7819
-40.654
-40.5299
-40.4103
-40.295
-40.183
-40.0722
-39.9604
-39.8452
-39.725
-39.5989
-39.4669
-39.3301
-39.1905
-39.0504
-38.9126
-38.7792
-38.6519
-38.5312
-38.417
-38.3078
-38.2018
-38.0966
-37.9901
-37.8806
-37.767
-37.6493
-37.5287
-37.4068
-37.286
-37.1687
-37.057
-36.9526
-36.856
-36.7671
-36.6848
-36.6075
-36.5333
-36.4607
-36.3886
-36.3169
-36.2465
-36.1798
-36.1197
-36.0703
-36.0353
-36.0186
-36.0232
-36.0507
-36.1012
-36.1731
-36.2631
-36.3662
-36.4761
-36.5861
-38.3218
-38.7659
-39.1842
-39.5748
-39.9373
-40.272
-40.5799
-40.862
-41.1187
-41.35
-41.5551
-41.7326
-41.8809
-41.9988
-42.0858
-42.1425
-42.1709
-42.1742
-42.1568
-42.1235
-42.0794
-42.0288
-41.9751
-41.92
-41.8641
-41.8062
-41.7445
-41.6762
-41.5988
-41.5103
-41.4097
-41.2975
-41.1753
-41.0459
-40.9127
-40.7793
-40.6487
-40.5233
-40.404
-40.2905
-40.1812
-40.0737
-39.9651
-39.8525
-39.7336
-39.6073
-39.4738
-39.3342
-39.191
-39.0473
-38.9062
-38.7705
-38.6422
-38.5221
-38.4096
-38.3033
-38.2005
-38.0986
-37.9946
-37.8864
-37.7727
-37.6537
-37.5304
-37.4052
-37.2809
-37.1605
-37.0467
-36.9412
-36.8449
-36.7575
-36.6776
-36.6029
-36.5312
-36.46
-36.388
-36.3148
-36.2414
-36.1701
-36.1046
-36.0493
-36.009
-35.9881
-35.9902
-36.0175
-36.0703
-36.1471
-36.2443
-36.3562
-36.4761
-36.5961
-38.3847
-38.8379
-39.2615
-39.6542
-40.0162
-40.3491
-40.6549
-40.9358
-41.1929
-41.4263
-41.6347
-41.8159
-41.9671
-42.0859
-42.1709
-42.222
-42.2413
-42.2329
-42.2023
-42.1558
-42.1
-42.0404
-41.9813
-41.9249
-41.8713
-41.8185
-41.7633
-41.7015
-41.629
-41.5428
-41.4412
-41.3245
-41.195
-41.0566
-40.9141
-40.7724
-40.636
-40.5078
-40.3893
-40.2798
-40.1769
-40.0769
-39.9756
-39.8687
-39.7528
-39.6264
-39.4893
-39.3435
-39.1924
-39.0404
-38.892
-38.7512
-38.6208
-38.5018
-38.3935
-38.2935
-38.1982
-38.1034
-38.0051
-37.9
-37.7863
-37.6641
-37.535
-37.4024
-37.2703
-37.143
-37.0242
-36.9166
-36.8211
-36.7372
-36.6627
-36.5942
-36.528
-36.4606
-36.3893
-36.3131
-36.2331
-36.1521
-36.0747
-36.0068
-35.9547
-35.9244
-35.9209
-35.9474
-36.005
-36.0919
-36.2041
-36.3349
-36.4758
-36.6171
-38.4853
-38.9523
-39.3834
-39.7778
-40.1371
-40.465
-40.7659
-41.0439
-41.3013
-41.5386
-41.7535
-41.9424
-42.1001
-42.2219
-42.3046
-42.3471
-42.3518
-42.3237
-42.2706
-42.2016
-42.1258
-42.0513
-41.9837
-41.9258
-41.8772
-41.8344
-41.7916
-41.7421
-41.6791
-41.5974
-41.4943
-41.3699
-41.2276
-41.0733
-40.9143
-40.7581
-40.6113
-40.4786
-40.3617
-40.2595
-40.1683
-40.0821
-39.9941
-39.8976
-39.7875
-39.6607
-39.5173
-39.3603
-39.195
-39.0282
-38.8669
-38.7171
-38.5829
-38.4661
-38.3653
-38.2769
-38.1952
-38.1134
-38.0254
-37.9259
-37.8122
-37.6842
-37.5448
-37.3988
-37.2527
-37.1131
-36.9857
-36.8744
-36.7807
-36.7035
-36.6391
-36.5823
-36.5268
-36.4666
-36.3974
-36.317
-36.2262
-36.1288
-36.0312
-35.9416
-35.869
-35.8222
-35.8085
-35.8328
-35.8972
-36.0004
-36.1371
-36.2991
-36.4749
-36.6516
-38.6323
-39.1185
-39.5583
-39.9518
-40.3032
-40.6197
-40.91
-41.1815
-41.4388
-41.6828
-41.9101
-42.1136
-42.2846
-42.4143
-42.496
-42.5269
-42.5093
-42.4505
-42.3619
-42.2571
-42.1499
-42.0521
-41.9721
-41.9135
-41.8749
-41.8501
-41.8297
-41.802
-41.7561
-41.683
-41.5779
-41.441
-41.2776
-41.0968
-40.9103
-40.7301
-40.5665
-40.4265
-40.3128
-40.2236
-40.1524
-40.0899
-40.0248
-39.9464
-39.846
-39.7188
-39.5649
-39.3891
-39.1999
-39.0082
-38.8251
-38.6603
-38.5202
-38.4072
-38.3194
-38.2507
-38.192
-38.1326
-38.0621
-37.9723
-37.8586
-37.721
-37.5639
-37.3954
-37.2259
-37.0657
-36.924
-36.8069
-36.7166
-36.6512
-36.6047
-36.5684
-36.5321
-36.4858
-36.4218
-36.336
-36.2289
-36.1058
-35.976
-35.8518
-35.7463
-35.6724
-35.6411
-35.6603
-35.7337
-35.8603
-36.034
-36.2433
-36.4727
-36.7038
-38.8396
-39.3512
-39.7998
-40.1864
-40.5194
-40.8124
-41.0811
-41.3393
-41.5956
-41.8513
-42.1007
-42.3317
-42.5287
-42.6759
-42.7605
-42.7765
-42.7262
-42.6204
-42.4766
-42.3161
-42.1603
-42.0273
-41.9296
-41.8724
-41.8525
-41.8597
-41.878
-41.8884
-41.8722
-41.8147
-41.7074
-41.5504
-41.3524
-41.1284
-40.8973
-40.6783
-40.4876
-40.3364
-40.2288
-40.1615
-40.1241
-40.1013
-40.0748
-40.0268
-39.943
-39.8155
-39.6442
-39.4371
-39.2084
-38.9758
-38.7571
-38.5679
-38.4183
-38.3122
-38.2461
-38.2102
-38.1899
-38.1677
-38.1266
-38.0531
-37.9395
-37.7858
-37.5994
-37.3937
-37.1854
-36.9916
-36.8269
-36.7007
-36.6168
-36.5716
-36.5557
-36.5547
-36.5518
-36.5305
-36.4775
-36.3855
-36.2545
-36.0923
-35.913
-35.735
-35.578
-35.4612
-35.4012
-35.4098
-35.4936
-35.6527
-35.8794
-36.1586
-36.468
-36.7807
-39.1286
-39.6748
-40.1306
-40.4982
-40.7929
-41.0399
-41.2674
-41.5
-41.753
-42.029
-42.3178
-42.5988
-42.8447
-43.0275
-43.1238
-43.1215
-43.0229
-42.8448
-42.6154
-42.3685
-42.1377
-41.9515
-41.829
-41.7774
-41.7913
-41.8534
-41.9377
-42.0129
-42.0481
-42.0179
-41.9082
-41.719
-41.4646
-41.1704
-40.867
-40.5855
-40.3519
-40.1836
-40.0869
-40.0563
-40.075
-40.118
-40.1557
-40.1587
-40.103
-39.9751
-39.775
-39.5162
-39.2226
-38.9231
-38.6469
-38.4184
-38.2539
-38.1593
-38.1291
-38.1474
-38.1904
-38.2299
-38.2379
-38.1917
-38.0783
-37.8976
-37.6626
-37.3956
-37.1241
-36.8759
-36.674
-36.5339
-36.461
-36.4499
-36.4851
-36.5436
-36.5979
-36.6207
-36.5895
-36.4911
-36.3251
-36.1035
-35.8483
-35.5878
-35.3517
-35.1685
-35.0622
-35.0509
-35.1453
-35.3475
-35.6492
-36.0303
-36.4586
-36.8932
-39.5323
-40.1282
-40.5882
-40.9146
-41.1351
-41.2953
-41.4462
-41.6314
-41.8773
-42.1881
-42.5462
-42.9162
-43.2518
-43.5034
-43.6292
-43.6054
-43.434
-43.1432
-42.7794
-42.3976
-42.0511
-41.7841
-41.6262
-41.5882
-41.6605
-41.8152
-42.0103
-42.195
-42.3179
-42.3358
-42.2236
-41.9814
-41.6344
-41.2253
-40.8052
-40.4237
-40.1221
-39.9276
-39.85
-39.8799
-39.9907
-40.1423
-40.2867
-40.3752
-40.367
-40.2387
-39.9903
-39.6456
-39.2451
-38.837
-38.4678
-38.1766
-37.989
-37.9139
-37.9423
-38.049
-38.1959
-38.3374
-38.4273
-38.4269
-38.3137
-38.0879
-37.7718
-37.4038
-37.0295
-36.6933
-36.4322
-36.2703
-36.2163
-36.2614
-36.3811
-36.5385
-36.6895
-36.7888
-36.7981
-36.6943
-36.4758
-36.1629
-35.7914
-35.4052
-35.0494
-34.7651
-34.5866
-34.5399
-34.6417
-34.8989
-35.3048
-35.834
-36.4402
-37.0593
-40.1017
-40.7771
-41.2381
-41.4832
-41.5635
-41.5635
-41.5752
-41.6752
-41.9081
-42.2791
-42.7573
-43.2835
-43.7796
-44.1606
-44.35
-44.3017
-44.0172
-43.5465
-42.9695
-42.376
-41.8498
-41.4596
-41.2509
-41.24
-41.4109
-41.7191
-42.0978
-42.4663
-42.739
-42.8409
-42.7261
-42.3949
-41.8933
-41.2963
-40.6879
-40.147
-39.7379
-39.5033
-39.4582
-39.5872
-39.8478
-40.177
-40.4982
-40.7308
-40.8041
-40.6751
-40.3442
-39.8552
-39.2789
-38.6946
-38.1767
-37.7857
-37.5619
-37.5192
-37.6429
-37.8928
-38.2091
-38.5193
-38.7468
-38.8245
-38.7115
-38.4081
-37.9556
-37.4211
-36.88
-36.4028
-36.0473
-35.8515
-35.829
-35.9655
-36.2226
-36.5427
-36.8555
-37.0866
-37.1695
-37.0624
-36.7627
-36.3067
-35.7556
-35.179
-34.6441
-34.2092
-33.9212
-33.8148
-33.9145
-34.2363
-34.7826
-35.5269
-36.4034
-37.3082
-40.9134
-41.7348
-42.1987
-42.2887
-42.1065
-41.8137
-41.5765
-41.5272
-41.7398
-42.2157
-42.8993
-43.6939
-44.4735
-45.0935
-45.4133
-45.3379
-44.8685
-44.1029
-43.1835
-42.2572
-41.4527
-40.8738
-40.5908
-40.63
-40.9638
-41.5213
-42.2002
-42.8753
-43.4062
-43.6582
-43.5403
-43.0535
-42.2898
-41.3836
-40.4733
-39.6804
-39.1026
-38.8062
-38.8158
-39.1048
-39.6062
-40.2231
-40.8371
-41.3159
-41.5326
-41.4021
-40.9257
-40.1907
-39.3241
-38.4565
-37.7026
-37.1543
-36.874
-36.8849
-37.1618
-37.6411
-38.2312
-38.82
-39.282
-39.4969
-39.3835
-38.9429
-38.2576
-37.4481
-36.6383
-35.9371
-35.4323
-35.1833
-35.2124
-35.496
-35.9735
-36.5572
-37.1392
-37.5976
-37.8144
-37.708
-37.2745
-36.5875
-35.7564
-34.8929
-34.0947
-33.4417
-32.9941
-32.7932
-32.8674
-33.2506
-33.9751
-35.0297
-36.3256
-37.6894
-42.0771
-43.2071
-43.6978
-43.4865
-42.8078
-41.9818
-41.3054
-41.0014
-41.1916
-41.853
-42.8816
-44.1257
-45.397
-46.4585
-47.0459
-46.9415
-46.1465
-44.8806
-43.4077
-41.9628
-40.7309
-39.862
-39.4667
-39.5959
-40.1944
-41.1486
-42.308
-43.4919
-44.475
-45.0079
-44.8859
-44.111
-42.8914
-41.4769
-40.0895
-38.904
-38.0622
-37.6685
-37.7708
-38.3167
-39.1983
-40.2733
-41.3708
-42.2784
-42.7612
-42.6273
-41.8797
-40.7155
-39.3707
-38.0548
-36.9324
-36.1369
-35.7669
-35.8675
-36.3891
-37.2298
-38.2551
-39.3033
-40.1732
-40.6418
-40.5267
-39.83
-38.7384
-37.4756
-36.2402
-35.1888
-34.4489
-34.1146
-34.2295
-34.7473
-35.5715
-36.5743
-37.6008
-38.4567
-38.9248
-38.8245
-38.1513
-37.076
-35.8037
-34.5125
-33.3365
-32.3785
-31.7116
-31.3756
-31.3751
-31.7735
-32.6922
-34.1849
-36.1501
-38.2906
-43.717
-45.5968
-46.2075
-45.3606
-43.723
-41.9322
-40.4952
-39.7623
-39.9639
-40.961
-42.5533
-44.5184
-46.6228
-48.5064
-49.6746
-49.5396
-48.1028
-45.9561
-43.5915
-41.3619
-39.4862
-38.168
-37.5874
-37.886
-38.913
-40.4802
-42.3807
-44.3976
-46.1923
-47.3007
-47.1715
-45.8089
-43.7736
-41.531
-39.4151
-37.6327
-36.3763
-35.8165
-36.0871
-37.0451
-38.5118
-40.2912
-42.178
-43.8525
-44.8778
-44.7362
-43.4336
-41.5003
-39.3759
-37.3746
-35.6912
-34.5068
-33.9822
-34.2439
-35.1569
-36.5526
-38.2461
-40.0435
-41.6421
-42.6274
-42.5072
-41.286
-39.4659
-37.4634
-35.577
-33.992
-32.8813
-32.3989
-32.6665
-33.5572
-34.9124
-36.5574
-38.308
-39.8741
-40.8538
-40.7661
-39.607
-37.8483
-35.8783
-33.9664
-32.2641
-30.8964
-29.9524
-29.4751
-29.3083
-29.5471
-30.5829
-32.6596
-35.7223
-39.276
-45.8153
-49.7995
-50.8047
-48.3803
-44.8711
-41.3747
-38.6685
-37.1751
-37.5892
-39.2109
-41.6881
-44.7101
-48.1664
-51.5844
-54.1798
-54.0121
-51.0814
-47.3457
-43.5807
-40.2514
-37.4389
-35.4118
-34.4421
-35.127
-36.8537
-39.3319
-42.2859
-45.6231
-48.8978
-51.3757
-51.233
-48.4757
-44.9542
-41.4029
-38.2604
-35.604
-33.6875
-32.7688
-33.4137
-35.0408
-37.3751
-40.1545
-43.2908
-46.3614
-48.6748
-48.5168
-45.8956
-42.5603
-39.2036
-36.2368
-33.7316
-31.9265
-31.0652
-31.6825
-33.2294
-35.4467
-38.0876
-41.0697
-43.9942
-46.205
-46.073
-43.6044
-40.4559
-37.2842
-34.4799
-32.1121
-30.4088
-29.6034
-30.2063
-31.6983
-33.836
-36.3883
-39.281
-42.1358
-44.3199
-44.2506
-41.926
-38.9247
-35.8695
-33.1182
-30.7101
-28.804
-27.5212
-27.1276
-26.6572
-26.1732
-26.9749
-29.7142
-34.5876
-40.977
-47.3306
-58.2606
-60.267
-52.9404
-46.0336
-39.6948
-35.0976
-31.84
-33.4745
-36.2284
-40.0378
-44.2765
-49.7648
-55.8471
-62.6638
-62.4634
-55.2193
-48.7772
-42.9428
-38.3967
-34.2604
-31.1332
-28.914
-30.868
-33.7121
-37.4987
-41.639
-46.9388
-52.7506
-59.2243
-59.0599
-52.2427
-46.1777
-40.6862
-36.4057
-32.5098
-29.5617
-27.4696
-29.3257
-32.0182
-35.5974
-39.504
-44.4982
-49.9606
-56.0309
-55.8444
-49.3859
-43.6512
-38.4699
-34.4341
-30.7639
-27.9871
-26.019
-27.7825
-30.3366
-33.7309
-37.4377
-42.1791
-47.3739
-53.1564
-53.0033
-46.9019
-41.4794
-36.5759
-32.7542
-29.2753
-26.6436
-24.7798
-26.4658
-28.9097
-32.1623
-35.7291
-40.3086
-45.3633
-51.0307
-50.983
-45.2193
-40.0788
-35.4231
-31.7756
-28.4335
-25.8139
-23.8096
-24.8904
-24.026
-20.9478
-20.5767
-23.6955
-31.27
-44.1081
-41.3607
-79.6662
-82.897
-56.6164
-46.3457
-35.5152
-29.5982
-19.4588
-27.747
-31.7252
-37.769
-42.043
-50.5079
-59.0522
-81.2524
-81.0578
-58.2022
-49.3336
-40.4495
-35.9521
-29.6288
-25.5473
-17.3764
-25.3271
-29.2133
-35.1562
-39.3226
-47.517
-55.6504
-76.6316
-76.4667
-54.9265
-46.5752
-38.2258
-33.997
-28.051
-24.2032
-16.4848
-24.0336
-27.7188
-33.348
-37.2875
-45.0314
-52.6843
-72.3966
-72.2038
-51.8338
-43.9453
-36.0864
-32.1051
-26.5098
-22.8833
-15.5991
-22.7441
-26.2339
-31.5649
-35.2979
-42.6355
-49.9073
-68.655
-68.4992
-49.2218
-41.7553
-34.31
-30.5348
-25.2186
-21.7724
-14.8444
-21.6341
-24.9566
-30.0364
-33.6113
-40.6521
-47.7085
-65.9713
-65.9464
-47.6151
-40.5348
-33.5248
-29.9933
-25.1163
-21.9379
-15.6555
-25.4543
-24.5825
-11.8243
-9.15289
-11.2607
-20.3729
-50.2136
-36.6984
-36.8022
-36.8773
-36.9183
-36.9234
-36.8945
-36.8363
-36.7557
-36.6608
-36.56
-36.4619
-36.3737
-36.3018
-36.2511
-36.2249
-36.7184
-36.8309
-36.9114
-36.9541
-36.9575
-36.9239
-36.8588
-36.77
-36.6665
-36.5575
-36.4519
-36.3574
-36.2806
-36.2266
-36.1987
-36.7606
-36.8915
-36.9833
-37.0293
-37.0285
-36.9846
-36.9049
-36.799
-36.6778
-36.5517
-36.4307
-36.3233
-36.2366
-36.1759
-36.1446
-36.8303
-36.9913
-37.1008
-37.1514
-37.1427
-37.0812
-36.9771
-36.8435
-36.6938
-36.5408
-36.3959
-36.2687
-36.1667
-36.0957
-36.0593
-36.9364
-37.1424
-37.2774
-37.3325
-37.3099
-37.2201
-37.079
-36.9041
-36.7131
-36.5218
-36.3434
-36.1887
-36.0659
-35.981
-35.9376
-37.0932
-37.3646
-37.5339
-37.5915
-37.5442
-37.4105
-37.2144
-36.9809
-36.7329
-36.4898
-36.2671
-36.0768
-35.9273
-35.8247
-35.7725
-37.324
-37.6889
-37.9022
-37.9552
-37.865
-37.6634
-37.3874
-37.0722
-36.7476
-36.4373
-36.1586
-35.924
-35.742
-35.6179
-35.5552
-37.6669
-38.1649
-38.4306
-38.4622
-38.2971
-37.9906
-37.5995
-37.1727
-36.7482
-36.3531
-36.006
-35.7187
-35.4985
-35.3499
-35.2751
-38.1856
-38.8731
-39.1932
-39.166
-38.8706
-38.4024
-37.8473
-37.2711
-36.7193
-36.2211
-35.7935
-35.4461
-35.1836
-35.0081
-34.9202
-38.9922
-39.9487
-40.3032
-40.1381
-39.6168
-38.9011
-38.1162
-37.345
-36.637
-36.0183
-35.5009
-35.0887
-34.7818
-34.5785
-34.4774
-40.2957
-41.6263
-41.9327
-41.4664
-40.5572
-39.4692
-38.3713
-37.3558
-36.4653
-35.7143
-35.1031
-34.6261
-34.2762
-34.0469
-33.9335
-42.5169
-44.328
-44.3349
-43.2376
-41.6765
-40.0472
-38.544
-37.2416
-36.1541
-35.2704
-34.571
-34.0365
-33.6501
-33.3994
-33.2761
-46.5951
-48.834
-47.8414
-45.4727
-42.864
-40.4989
-38.5161
-36.9123
-35.6391
-34.6421
-33.8742
-33.2986
-32.8883
-32.6245
-32.4954
-54.9099
-56.5714
-52.724
-47.9476
-43.808
-40.5682
-38.1092
-36.2526
-34.848
-33.7847
-32.985
-32.3955
-31.9801
-31.7149
-31.5857
-74.4904
-69.8177
-58.5354
-49.786
-43.8521
-39.8569
-37.0998
-35.1408
-33.7155
-32.6636
-31.8856
-31.3184
-30.9215
-30.6693
-30.5467
-22.9005
-22.9326
-22.9981
-23.1
-23.2437
-23.438
-23.6976
-24.0475
-24.533
-25.2401
-26.346
-28.2521
-31.9339
-39.6646
-54.1099
-21.9484
-21.9666
-22.0035
-22.06
-22.1378
-22.24
-22.3721
-22.5444
-22.7778
-23.1171
-23.6711
-24.7579
-27.5384
-37.2333
-80.0689
-20.9837
-20.9878
-20.9954
-21.0052
-21.0151
-21.0215
-21.0192
-20.9999
-20.9502
-20.8452
-20.6267
-20.1095
-18.5159
-11.8285
25.5283
-20.0161
-20.0065
-19.9857
-19.9505
-19.8949
-19.8093
-19.6786
-19.4774
-19.162
-18.6518
-17.785
-16.2122
-13.1922
-7.74336
-3.80991
-19.0551
-19.0329
-18.9862
-18.9099
-18.7954
-18.6288
-18.3875
-18.0351
-17.5103
-16.7063
-15.4271
-13.2991
-9.57951
-2.62625
13.4478
-18.1096
-18.0764
-18.0072
-17.8959
-17.7323
-17.5001
-17.1738
-16.7132
-16.0542
-15.0926
-13.6579
-11.4807
-8.20797
-3.85053
-1.97948
-17.1871
-17.1448
-17.0573
-16.9182
-16.7169
-16.4369
-16.0535
-15.5295
-14.8092
-13.8091
-12.4057
-10.4204
-7.58778
-3.34912
4.9088
-16.2939
-16.2447
-16.1433
-15.9837
-15.7561
-15.4456
-15.031
-14.4825
-13.7592
-12.8067
-11.5588
-9.94833
-7.94343
-5.63838
-3.48115
-15.435
-15.3807
-15.2697
-15.0965
-14.8528
-14.5265
-14.1015
-13.5571
-12.8686
-12.0101
-10.9645
-9.75034
-8.5073
-7.82448
-10.3717
-14.6137
-14.5563
-14.4392
-14.2583
-14.0068
-13.676
-13.2549
-12.7318
-12.0961
-11.3438
-10.4875
-9.57263
-8.68216
-7.76717
-5.0558
-13.8323
-13.7731
-13.6532
-13.4691
-13.216
-12.8881
-12.4793
-11.9847
-11.4046
-10.7497
-10.0514
-9.37814
-8.87413
-8.95719
-11.8312
-13.0919
-13.0323
-12.9117
-12.7277
-12.4772
-12.1565
-11.7631
-11.2971
-10.7651
-10.1859
-9.59795
-9.06619
-8.65845
-8.20897
-5.58506
-12.393
-12.3337
-12.2141
-12.0326
-11.787
-11.4754
-11.0973
-10.6552
-10.1585
-9.62812
-9.10552
-8.66816
-8.47179
-8.97073
-12.5339
-11.7353
-11.677
-11.5596
-11.382
-11.1426
-10.8406
-10.4758
-10.0513
-9.57525
-9.06495
-8.55393
-8.10279
-7.80228
-7.60458
-5.49014
-11.1182
-11.0613
-10.9469
-10.7741
-10.5419
-10.2492
-9.89585
-9.48329
-9.01576
-8.50229
-7.96076
-7.43281
-7.0614
-7.56948
-13.4449
-10.5405
-10.4854
-10.3747
-10.2077
-9.98313
-9.69995
-9.35702
-8.95342
-8.48819
-7.9591
-7.35816
-6.65412
-5.70975
-3.80706
3.41762
-10.0012
-9.94817
-9.84173
-9.68109
-9.4651
-9.1922
-8.86032
-8.46634
-8.00495
-7.46582
-6.82716
-6.04235
-5.0236
-3.74045
-3.60017
-9.49866
-9.44802
-9.34637
-9.19295
-8.98657
-8.72542
-8.40674
-8.02607
-7.57571
-7.04165
-6.39766
-5.59302
-4.52106
-2.88019
0.801667
-9.03129
-8.98329
-8.88695
-8.7416
-8.54609
-8.29859
-7.99622
-7.63421
-7.20459
-6.69384
-6.07973
-5.32934
-4.41361
-3.43728
-3.56182
-8.59727
-8.55212
-8.46158
-8.32509
-8.1417
-7.90987
-7.6271
-7.28931
-6.8898
-6.41779
-5.85644
-5.18049
-4.34825
-3.22986
-0.970702
-8.19459
-8.15249
-8.06812
-7.94114
-7.77095
-7.55652
-7.2962
-6.98727
-6.62537
-6.20379
-5.71275
-5.14016
-4.48161
-3.81463
-3.85177
-7.82115
-7.7822
-7.70425
-7.58722
-7.43092
-7.23506
-6.99906
-6.722
-6.4024
-6.03804
-5.62568
-5.15954
-4.62083
-3.91043
-2.41777
-7.47477
-7.43899
-7.36753
-7.26055
-7.11838
-6.94146
-6.73044
-6.48628
-6.21051
-5.90561
-5.57597
-5.22932
-4.87928
-4.54947
-4.28798
-7.15324
-7.12058
-7.05546
-6.95834
-6.82998
-6.67154
-6.48482
-6.27253
-6.03884
-5.79038
-5.53807
-5.30147
-5.1237
-5.14104
-5.97656
-6.8544
-6.8247
-6.76562
-6.67782
-6.56245
-6.42128
-6.25698
-6.07363
-5.87743
-5.67783
-5.48925
-5.33276
-5.23262
-5.16444
-4.62768
-6.57619
-6.54923
-6.49571
-6.41646
-6.31286
-6.18707
-6.04237
-5.88366
-5.71837
-5.55764
-5.41816
-5.32493
-5.31937
-5.51322
-6.52366
-6.3167
-6.29222
-6.24369
-6.172
-6.07867
-5.96601
-5.83748
-5.69828
-5.55615
-5.42269
-5.31495
-5.25622
-5.26763
-5.29493
-4.68004
-6.07421
-6.05191
-6.00774
-5.94259
-5.85792
-5.75596
-5.64001
-5.51493
-5.38792
-5.26989
-5.17771
-5.13882
-5.20485
-5.5226
-6.85061
-5.84721
-5.8268
-5.78637
-5.72673
-5.64917
-5.55563
-5.44888
-5.33291
-5.21346
-5.09915
-5.00346
-4.94856
-4.96726
-5.0487
-4.5211
-5.63438
-5.6156
-5.57835
-5.52331
-5.45153
-5.36447
-5.26418
-5.15331
-5.03544
-4.91547
-4.80089
-4.7072
-4.68611
-4.99773
-7.24743
-5.43461
-5.41722
-5.38269
-5.33153
-5.26448
-5.18252
-5.08681
-4.97858
-4.8589
-4.72805
-4.58383
-4.41541
-4.17391
-3.60087
-1.11168
-5.24691
-5.23074
-5.19859
-5.15079
-5.0878
-5.01012
-4.91813
-4.8118
-4.69011
-4.54991
-4.38357
-4.17439
-3.89197
-3.53466
-3.67159
-5.07044
-5.05537
-5.02536
-4.9806
-4.92133
-4.84767
-4.75942
-4.65569
-4.53417
-4.38992
-4.21308
-3.98423
-3.66202
-3.12523
-1.76326
-4.90443
-4.89039
-4.86237
-4.8205
-4.76486
-4.69535
-4.61147
-4.51194
-4.39403
-4.25258
-4.0787
-3.8589
-3.58111
-3.28883
-3.47234
-4.74818
-4.73511
-4.70901
-4.66997
-4.61801
-4.553
-4.4744
-4.38096
-4.27022
-4.13776
-3.97621
-3.77386
-3.51026
-3.12201
-2.2147
-4.60102
-4.58888
-4.56464
-4.52841
-4.48024
-4.42009
-4.34763
-4.262
-4.16151
-4.04315
-3.90205
-3.73137
-3.52599
-3.31564
-3.42105
-4.4623
-4.45104
-4.42861
-4.39513
-4.3508
-4.29575
-4.23
-4.15337
-4.06522
-3.96434
-3.84843
-3.71297
-3.54517
-3.28998
-2.64037
-4.3314
-4.32098
-4.30024
-4.26941
-4.2288
-4.17882
-4.11995
-4.05272
-3.97779
-3.89596
-3.8084
-3.71702
-3.62505
-3.53821
-3.46873
-4.20774
-4.19807
-4.17888
-4.15048
-4.11332
-4.06809
-4.0157
-3.95743
-3.89514
-3.83155
-3.77104
-3.72149
-3.70138
-3.77438
-4.24878
-4.0908
-4.08179
-4.06394
-4.03762
-4.00345
-3.96232
-3.91552
-3.86495
-3.8134
-3.76502
-3.72606
-3.70552
-3.71306
-3.7318
-3.49636
-3.98013
-3.97164
-3.95487
-3.93023
-3.89843
-3.86049
-3.81798
-3.77316
-3.72945
-3.69194
-3.66829
-3.67006
-3.71697
-3.86571
-4.44226
-3.87535
-3.86725
-3.85126
-3.82783
-3.79766
-3.76185
-3.72203
-3.68061
-3.6412
-3.60925
-3.59287
-3.60325
-3.65015
-3.70254
-3.40271
-3.7762
-3.76835
-3.75284
-3.7301
-3.7008
-3.666
-3.6272
-3.58666
-3.54777
-3.51575
-3.49888
-3.51108
-3.57954
-3.78396
-4.54069
-3.68251
-3.67476
-3.65944
-3.63692
-3.60779
-3.57292
-3.53357
-3.49157
-3.44958
-3.41173
-3.38469
-3.37986
-3.41451
-3.48183
-3.20866
-3.5942
-3.58643
-3.57105
-3.54834
-3.51876
-3.48295
-3.4418
-3.39647
-3.34853
-3.3002
-3.25509
-3.22121
-3.22679
-3.41615
-4.68237
-3.51128
-3.5034
-3.48775
-3.46453
-3.43405
-3.3967
-3.35294
-3.30319
-3.24775
-3.18644
-3.11769
-3.03517
-2.91147
-2.60262
-1.22516
-3.43385
-3.42578
-3.4097
-3.38576
-3.35411
-3.31492
-3.26823
-3.21386
-3.15105
-3.07785
-2.98987
-2.87773
-2.72471
-2.5312
-2.62153
-3.36202
-3.35371
-3.33713
-3.31235
-3.27943
-3.23833
-3.18886
-3.13039
-3.06156
-2.97953
-2.87882
-2.74868
-2.56608
-2.26265
-1.49138
-3.29596
-3.28738
-3.27026
-3.2446
-3.21041
-3.16757
-3.11574
-3.05414
-2.98123
-2.89419
-2.78822
-2.65606
-2.49138
-2.31898
-2.4148
-3.23586
-3.227
-3.20931
-3.18278
-3.14741
-3.10306
-3.04941
-2.98574
-2.91071
-2.822
-2.71579
-2.58605
-2.42203
-2.18903
-1.66699
-3.18192
-3.17277
-3.15449
-3.12711
-3.09064
-3.04502
-2.99003
-2.92522
-2.8497
-2.76198
-2.65972
-2.53983
-2.40059
-2.2598
-2.29436
-3.13433
-3.12487
-3.10599
-3.07775
-3.04023
-2.99348
-2.93749
-2.87215
-2.79717
-2.71204
-2.61589
-2.50706
-2.38023
-2.20878
-1.83381
-3.09332
-3.08352
-3.06399
-3.03484
-2.99623
-2.94835
-2.89144
-2.82578
-2.7517
-2.66975
-2.58087
-2.48681
-2.39086
-2.29909
-2.22473
-3.05911
-3.04894
-3.02868
-2.99851
-2.95866
-2.9095
-2.85148
-2.78524
-2.7117
-2.63228
-2.54944
-2.46786
-2.3986
-2.3773
-2.56398
-3.03196
-3.02136
-3.00027
-2.96889
-2.92758
-2.8768
-2.81723
-2.74978
-2.67578
-2.5972
-2.51713
-2.44036
-2.37303
-2.31108
-2.13811
-3.01218
-3.00108
-2.97899
-2.94618
-2.90306
-2.85022
-2.78845
-2.71887
-2.64303
-2.56316
-2.48255
-2.4063
-2.34373
-2.32196
-2.48681
-3.00012
-2.98842
-2.96516
-2.93063
-2.88531
-2.82983
-2.76509
-2.69231
-2.6131
-2.52965
-2.44493
-2.36274
-2.28609
-2.20324
-1.98277
-2.99618
-2.98379
-2.95915
-2.92259
-2.8746
-2.81587
-2.74733
-2.67022
-2.5861
-2.49701
-2.40556
-2.31534
-2.23277
-2.18009
-2.29277
-3.00085
-2.98766
-2.96143
-2.92249
-2.87135
-2.80872
-2.73553
-2.65299
-2.56256
-2.46601
-2.36534
-2.26263
-2.15868
-2.0421
-1.80113
-3.01469
-3.00059
-2.97254
-2.93087
-2.87609
-2.8089
-2.73024
-2.64124
-2.54328
-2.43787
-2.32655
-2.21079
-2.09337
-1.99049
-2.022
-3.03833
-3.0232
-2.9931
-2.94835
-2.88944
-2.81706
-2.73212
-2.63572
-2.52917
-2.41384
-2.29083
-2.16012
-2.01797
-1.84554
-1.54385
-3.07247
-3.05621
-3.02385
-2.97567
-2.91215
-2.83395
-2.74195
-2.63725
-2.52117
-2.39516
-2.26045
-2.11738
-1.9636
-1.79035
-1.57704
-3.11791
-3.10042
-3.06557
-3.01364
-2.94505
-2.86043
-2.7606
-2.64667
-2.52007
-2.3825
-2.23589
-2.08209
-1.92275
-1.76297
-1.64618
-3.17549
-3.15668
-3.11916
-3.06318
-2.9891
-2.89746
-2.78904
-2.66491
-2.52659
-2.37613
-2.21633
-2.05065
-1.8822
-1.70574
-1.45009
-3.24614
-3.22592
-3.18558
-3.12529
-3.04534
-2.94615
-2.82839
-2.69301
-2.54153
-2.37625
-2.20084
-2.02113
-1.84722
-1.70349
-1.70119
-3.33082
-3.30915
-3.26586
-3.20106
-3.11493
-3.00775
-2.87996
-2.73231
-2.56605
-2.38341
-2.18834
-1.9876
-1.79129
-1.60303
-1.32592
-3.43056
-3.40739
-3.36108
-3.29165
-3.19915
-3.08366
-2.94534
-2.78452
-2.60194
-2.39921
-2.17977
-1.95098
-1.72977
-1.56428
-1.64259
-3.54639
-3.52171
-3.47235
-3.39825
-3.29932
-3.17543
-3.02635
-2.85185
-2.65182
-2.4266
-2.1777
-1.90912
-1.62954
-1.35621
-1.12923
-3.67935
-3.65318
-3.6008
-3.52209
-3.41685
-3.28468
-3.12501
-2.93692
-2.7192
-2.47044
-2.1893
-1.87489
-1.52497
-1.11597
-0.458224
-3.83048
-3.80286
-3.74754
-3.66437
-3.55306
-3.41305
-3.2434
-3.04255
-2.80815
-2.53677
-2.22399
-1.86534
-1.46143
-1.04845
-0.911501
-4.00081
-3.97176
-3.91361
-3.8262
-3.70921
-3.56201
-3.38344
-3.1715
-2.92277
-2.63186
-2.29055
-1.88721
-1.4042
-0.789233
0.311406
-4.1913
-4.16088
-4.1
-4.00857
-3.88633
-3.73274
-3.54668
-3.32598
-3.0667
-2.76193
-2.40019
-1.96441
-1.4386
-0.86729
-0.775196
-4.40293
-4.37115
-4.30761
-4.21233
-4.08523
-3.92604
-3.73397
-3.50726
-3.24222
-2.93157
-2.56124
-2.10413
-1.50461
-0.612552
1.27603
-4.63663
-4.60348
-4.53727
-4.43818
-4.30642
-4.14216
-3.94531
-3.71515
-3.44942
-3.14266
-2.78255
-2.34275
-1.77378
-1.04984
-0.850704
-4.89335
-4.85876
-4.78977
-4.68672
-4.55018
-4.3809
-4.1798
-3.94774
-3.68512
-3.39078
-3.05921
-2.67108
-2.15056
-1.12267
2.65035
-5.17408
-5.13794
-5.06591
-4.95852
-4.81667
-4.64176
-4.43579
-4.20156
-3.94285
-3.66477
-3.37514
-3.09135
-2.87969
-3.10185
-6.05863
-5.47992
-5.44205
-5.36661
-5.25425
-5.10613
-4.92418
-4.7114
-4.47238
-4.21402
-3.94677
-3.68702
-3.46152
-3.30754
-3.18199
-1.99071
-5.81205
-5.77226
-5.69296
-5.57481
-5.41909
-5.228
-5.00523
-4.75663
-4.49138
-4.22356
-3.97511
-3.78203
-3.71566
-4.00221
-5.89829
-6.17182
-6.1299
-6.04627
-5.92147
-5.75661
-5.55384
-5.31699
-5.05246
-4.77051
-4.48691
-4.22475
-4.01456
-3.87871
-3.70469
-2.31981
-6.56069
-6.51651
-6.42819
-6.29594
-6.12045
-5.90335
-5.64797
-5.36038
-5.0508
-4.73537
-4.43831
-4.19545
-4.06825
-4.24804
-5.88296
-6.98025
-6.93378
-6.84061
-6.70045
-6.51318
-6.27944
-6.00132
-5.68358
-5.33515
-4.97105
-4.61425
-4.29601
-4.04462
-3.78088
-2.47809
-7.43208
-7.38347
-7.28567
-7.13766
-6.9382
-6.68634
-6.38218
-6.02809
-5.6304
-5.20168
-4.76339
-4.35015
-4.02956
-4.0353
-5.62336
-7.91767
-7.86732
-7.76561
-7.6106
-7.3996
-7.12956
-6.79773
-6.40287
-5.94718
-5.43895
-4.89515
-4.33997
-3.78787
-3.19089
-2.41657
-8.43823
-8.38684
-8.28256
-8.12241
-7.90201
-7.61569
-7.25705
-6.8199
-6.30045
-5.70093
-5.0348
-4.32764
-3.57734
-2.46962
1.32795
-8.99449
-8.94309
-8.8383
-8.67608
-8.45018
-8.15205
-7.77087
-7.2941
-6.70933
-6.00915
-5.20295
-4.34527
-3.61503
-3.6163
-6.9566
-9.58643
-9.53641
-9.43393
-9.27397
-9.04852
-8.74609
-8.35109
-7.8433
-7.19834
-6.39101
-5.40684
-4.27441
-3.14473
-2.44421
-2.89452
-10.2131
-10.1662
-10.0695
-9.91733
-9.70031
-9.40442
-9.00962
-8.48775
-7.80011
-6.89569
-5.71369
-4.20164
-2.37639
-0.472929
0.85484
-10.8724
-10.8304
-10.7436
-10.6057
-10.4069
-10.1314
-9.7564
-9.24731
-8.55243
-7.59312
-6.24974
-4.34636
-1.66238
1.89814
5.52627
-11.5609
-11.5258
-11.453
-11.3366
-11.1666
-10.9277
-10.5963
-10.1359
-9.48837
-8.55727
-7.17469
-5.03316
-1.55707
4.22227
12.7172
-12.2737
-12.2475
-12.1928
-12.1046
-11.9741
-11.7881
-11.5257
-11.1545
-10.6212
-9.83497
-8.62667
-6.64676
-3.05123
4.66055
25.8075
-146.467
-88.0188
-61.5409
-48.8902
-42.1153
-38.0701
-35.4429
-33.6324
-32.3351
-31.3849
-30.6847
-30.1749
-29.8185
-29.592
-29.482
-182.172
-82.3633
-54.6711
-43.9953
-38.6408
-35.461
-33.3694
-31.9046
-30.8392
-30.0489
-29.4606
-29.029
-28.7254
-28.5319
-28.4376
46.9014
-26.6271
-35.9842
-35.4051
-33.656
-32.0963
-30.8607
-29.8995
-29.1523
-28.5727
-28.1277
-27.7941
-27.556
-27.4028
-27.3277
-7.05306
-15.4543
-24.1975
-27.6273
-28.5398
-28.5064
-28.1616
-27.7458
-27.349
-27.003
-26.7173
-26.4929
-26.3278
-26.2194
-26.1657
25.8954
-4.04413
-16.1007
-21.5977
-24.0804
-25.1329
-25.5116
-25.5789
-25.5103
-25.3914
-25.2644
-25.1506
-25.0601
-24.9979
-24.9664
-1.43356
-5.05265
-12.559
-17.6615
-20.614
-22.2275
-23.0777
-23.5065
-23.7066
-23.7853
-23.8025
-23.792
-23.7727
-23.7552
-23.7453
11.4462
-3.36165
-10.6868
-15.2181
-18.0777
-19.852
-20.9366
-21.593
-21.9872
-22.2219
-22.3599
-22.4395
-22.484
-22.5073
-22.5172
-3.08616
-6.86698
-10.7548
-13.9358
-16.2949
-17.9554
-19.0927
-19.8615
-20.3786
-20.7257
-20.9578
-21.1114
-21.2101
-21.2687
-21.2961
-14.993
-10.298
-11.3136
-13.2243
-14.9972
-16.4223
-17.5047
-18.3049
-18.8881
-19.3092
-19.6102
-19.8214
-19.9639
-20.0519
-20.0939
-4.95094
-9.76331
-11.2508
-12.6083
-13.9412
-15.1271
-16.1127
-16.899
-17.5102
-17.9762
-18.3249
-18.579
-18.7556
-18.867
-18.9209
-16.7763
-11.5375
-11.2784
-12.0095
-12.9871
-13.971
-14.8592
-15.6147
-16.233
-16.7248
-17.1054
-17.3904
-17.5927
-17.7221
-17.7852
-5.09641
-9.85372
-10.6183
-11.2395
-12.0288
-12.8812
-13.698
-14.4256
-15.0437
-15.5504
-15.9524
-16.2593
-16.4803
-16.6233
-16.6934
-17.256
-10.9426
-10.0578
-10.3526
-11.0265
-11.8163
-12.5986
-13.3125
-13.9317
-14.4488
-14.8655
-15.1877
-15.4222
-15.575
-15.6502
-4.32496
-8.26163
-8.67819
-9.2026
-9.94378
-10.7567
-11.5466
-12.2651
-12.8908
-13.4168
-13.8441
-14.177
-14.4209
-14.5805
-14.6594
-18.1351
-8.02516
-7.22366
-7.90201
-8.81124
-9.71299
-10.5442
-11.2823
-11.919
-12.4534
-12.8883
-13.2283
-13.4781
-13.6421
-13.7233
11.4066
-1.32453
-4.74145
-6.44109
-7.6839
-8.71825
-9.60658
-10.3699
-11.0183
-11.5591
-11.9984
-12.342
-12.5949
-12.7612
-12.8436
-0.583156
-1.09211
-3.45179
-5.29741
-6.70132
-7.82493
-8.75574
-9.53722
-10.1924
-10.7352
-11.175
-11.5188
-11.7719
-11.9385
-12.0211
6.82861
0.425543
-2.51912
-4.46049
-5.91339
-7.06549
-8.0086
-8.79223
-9.4446
-9.98289
-10.4183
-10.7585
-11.0091
-11.1741
-11.256
-0.36112
-0.458473
-2.28317
-3.96279
-5.33435
-6.45118
-7.37221
-8.13838
-8.77601
-9.30202
-9.72758
-10.0604
-10.3058
-10.4674
-10.5477
3.64669
-0.14294
-2.14797
-3.67901
-4.9322
-5.97286
-6.84337
-7.57381
-8.18494
-8.69089
-9.10134
-9.423
-9.66058
-9.81728
-9.89515
-0.843711
-1.06671
-2.34194
-3.58819
-4.67765
-5.61269
-6.41179
-7.09209
-7.66691
-8.14609
-8.53675
-8.84401
-9.07154
-9.22189
-9.29668
1.10598
-1.25976
-2.55603
-3.60626
-4.53032
-5.34694
-6.06272
-6.68361
-7.21531
-7.66278
-8.03007
-8.32038
-8.5361
-8.67899
-8.75015
-1.58666
-2.19549
-2.94098
-3.71195
-4.45762
-5.15121
-5.77954
-6.33707
-6.82219
-7.23514
-7.57687
-7.84854
-8.05126
-8.18588
-8.25304
-3.85648
-3.03631
-3.30824
-3.8352
-4.4211
-5.0008
-5.54553
-6.04082
-6.47921
-6.85695
-7.17231
-7.4246
-7.61369
-7.73964
-7.80257
-2.20151
-3.11872
-3.4984
-3.91751
-4.38888
-4.87467
-5.34585
-5.78409
-6.17834
-6.52209
-6.81154
-7.04456
-7.21997
-7.33715
-7.3958
-4.4039
-3.5744
-3.6612
-3.96354
-4.34665
-4.7587
-5.16904
-5.5579
-5.91255
-6.22493
-6.48997
-6.70453
-6.86669
-6.97532
-7.02977
-2.44816
-3.39375
-3.67431
-3.95347
-4.28432
-4.64392
-5.00716
-5.35547
-5.67612
-5.96065
-6.20346
-6.40089
-6.5506
-6.6511
-6.70155
-4.5699
-3.67493
-3.6884
-3.90751
-4.20203
-4.52662
-4.85566
-5.17223
-5.46478
-5.72534
-5.94845
-6.1304
-6.26867
-6.36165
-6.40836
-2.5142
-3.32523
-3.55968
-3.80919
-4.09886
-4.40622
-4.71281
-5.00569
-5.27565
-5.51604
-5.72204
-5.89023
-6.0182
-6.10433
-6.14763
-4.69419
-3.37593
-3.42051
-3.68299
-3.98341
-4.28635
-4.57948
-4.85507
-5.10707
-5.33062
-5.5219
-5.678
-5.79678
-5.87675
-5.91696
-0.48838
-2.4802
-3.13002
-3.53043
-3.86622
-4.17329
-4.45834
-4.72084
-4.95825
-5.1676
-5.34618
-5.49168
-5.60232
-5.67678
-5.71422
-2.20058
-2.5164
-3.01274
-3.42276
-3.76898
-4.07552
-4.35285
-4.60404
-4.8289
-5.02597
-5.19343
-5.32959
-5.43298
-5.50252
-5.53748
-1.51499
-2.42724
-2.9554
-3.35939
-3.6993
-3.99804
-4.26552
-4.50554
-4.71887
-4.90489
-5.06243
-5.19024
-5.28716
-5.35229
-5.38501
-2.37431
-2.60481
-2.9843
-3.34051
-3.65823
-3.94226
-4.19726
-4.42556
-4.6278
-4.80359
-4.95209
-5.07234
-5.16341
-5.22457
-5.25528
-2.2282
-2.6789
-3.02937
-3.34836
-3.64055
-3.90666
-4.14753
-4.3637
-4.55509
-4.72123
-4.86138
-4.9747
-5.06045
-5.11799
-5.14687
-2.6144
-2.82259
-3.0963
-3.37481
-3.641
-3.88857
-4.11497
-4.31903
-4.49993
-4.65694
-4.78928
-4.89622
-4.97708
-5.03131
-5.05852
-2.71655
-2.92077
-3.15991
-3.40982
-3.65439
-3.88518
-4.09794
-4.29044
-4.46137
-4.60977
-4.73484
-4.83585
-4.9122
-4.96339
-4.98908
-2.81631
-2.99468
-3.21605
-3.44854
-3.67735
-3.89432
-4.09497
-4.27684
-4.43846
-4.57881
-4.69709
-4.79261
-4.8648
-4.91319
-4.93747
-2.79218
-3.03871
-3.26448
-3.48983
-3.70854
-3.91478
-4.10505
-4.27731
-4.43033
-4.56319
-4.67515
-4.76558
-4.83392
-4.87974
-4.90273
-2.97136
-3.09715
-3.3132
-3.53572
-3.74838
-3.94635
-4.12762
-4.29115
-4.43619
-4.56207
-4.66817
-4.75389
-4.81869
-4.86215
-4.88396
-2.68863
-3.09289
-3.35744
-3.58846
-3.79844
-3.98951
-4.16253
-4.31784
-4.45535
-4.5747
-4.67535
-4.75672
-4.81829
-4.8596
-4.88033
-3.11097
-3.18564
-3.42497
-3.65582
-3.86163
-4.0452
-4.20973
-4.35689
-4.48714
-4.60031
-4.69591
-4.77331
-4.83195
-4.87133
-4.89111
-2.49558
-3.16403
-3.49838
-3.74057
-3.94027
-4.11412
-4.26901
-4.40767
-4.53079
-4.63814
-4.7291
-4.80295
-4.85899
-4.89668
-4.91562
-3.30874
-3.37443
-3.6358
-3.85483
-4.03687
-4.1962
-4.33958
-4.46924
-4.58539
-4.68735
-4.77419
-4.84494
-4.89878
-4.93505
-4.95329
-2.18346
-3.44893
-3.80262
-3.99479
-4.14925
-4.28936
-4.41966
-4.54021
-4.64985
-4.74707
-4.83044
-4.89869
-4.95078
-4.98593
-5.00364
-5.15738
-4.1566
-4.08161
-4.16094
-4.27159
-4.38935
-4.50651
-4.61877
-4.72292
-4.81642
-4.8972
-4.96366
-5.01454
-5.04894
-5.06629
-3.84823
-4.22136
-4.25344
-4.30535
-4.38899
-4.48975
-4.59677
-4.70295
-4.8034
-4.89459
-4.97392
-5.03944
-5.08974
-5.1238
-5.14098
-5.17378
-4.52295
-4.41151
-4.42772
-4.49452
-4.5858
-4.68762
-4.79112
-4.89031
-4.98101
-5.06023
-5.12581
-5.17622
-5.21038
-5.22762
-4.0574
-4.44995
-4.48092
-4.51497
-4.58304
-4.67453
-4.7773
-4.88228
-4.98312
-5.0754
-5.15601
-5.22272
-5.27398
-5.30871
-5.32623
-5.1714
-4.62803
-4.54822
-4.57859
-4.65531
-4.75544
-4.86545
-4.97632
-5.08188
-5.17791
-5.26144
-5.33037
-5.38322
-5.41898
-5.43702
-4.1597
-4.48418
-4.53899
-4.61004
-4.71132
-4.82949
-4.95302
-5.07404
-5.18727
-5.2891
-5.377
-5.44918
-5.50433
-5.54158
-5.56033
-5.00725
-4.52761
-4.5185
-4.62048
-4.75562
-4.89981
-5.04232
-5.17717
-5.30058
-5.40997
-5.5035
-5.57981
-5.63789
-5.67701
-5.69668
-4.10322
-4.24428
-4.42085
-4.60791
-4.79364
-4.97129
-5.13696
-5.28826
-5.42362
-5.54185
-5.64196
-5.72311
-5.78462
-5.82594
-5.84669
-3.1012
-3.93627
-4.31592
-4.59627
-4.83727
-5.05111
-5.24156
-5.41042
-5.55857
-5.68631
-5.79358
-5.88006
-5.94538
-5.98916
-6.01112
-4.00475
-3.94451
-4.27995
-4.61196
-4.89977
-5.14717
-5.36118
-5.54696
-5.70768
-5.84501
-5.95964
-6.05171
-6.12109
-6.16752
-6.1908
-2.46458
-3.67798
-4.24635
-4.65836
-4.99034
-5.26641
-5.50039
-5.70092
-5.87305
-6.01946
-6.14136
-6.23913
-6.31274
-6.36198
-6.38666
-4.00817
-3.85937
-4.32135
-4.76034
-5.11973
-5.41489
-5.66284
-5.87459
-6.05628
-6.21094
-6.33985
-6.44334
-6.52131
-6.57349
-6.59965
-1.72864
-3.6166
-4.41231
-4.9176
-5.29374
-5.59615
-5.85043
-6.06915
-6.25828
-6.4203
-6.55599
-6.66527
-6.74778
-6.80308
-6.83082
-4.20214
-4.13232
-4.70495
-5.16454
-5.51896
-5.81084
-6.06271
-6.28428
-6.4791
-6.64796
-6.79046
-6.90581
-6.99316
-7.0518
-7.08125
-0.659935
-4.2019
-5.07611
-5.48452
-5.78761
-6.05332
-6.29604
-6.51797
-6.71795
-6.89392
-7.0438
-7.16579
-7.25847
-7.32081
-7.35214
-9.18129
-6.12407
-5.77073
-5.87766
-6.08221
-6.31177
-6.54382
-6.76692
-6.97347
-7.158
-7.31651
-7.44613
-7.54486
-7.61135
-7.64479
-5.30239
-6.16855
-6.14571
-6.20302
-6.35945
-6.56848
-6.79781
-7.02736
-7.2443
-7.44015
-7.60928
-7.74792
-7.85363
-7.92484
-7.96066
-8.66337
-6.8304
-6.46502
-6.45956
-6.60015
-6.81111
-7.05164
-7.29657
-7.52977
-7.74087
-7.92322
-8.0726
-8.18636
-8.26293
-8.30141
-5.4558
-6.47307
-6.53441
-6.61467
-6.79201
-7.0332
-7.30244
-7.57392
-7.83059
-8.06156
-8.26007
-8.422
-8.54492
-8.62746
-8.66888
-8.21223
-6.77957
-6.59065
-6.70236
-6.93952
-7.23581
-7.55168
-7.86156
-8.14925
-8.4048
-8.62233
-8.7985
-8.93154
-9.02054
-9.06512
-5.29307
-6.22237
-6.43811
-6.70294
-7.04597
-7.42483
-7.80508
-8.16462
-8.49023
-8.77444
-9.0133
-9.20496
-9.34873
-9.44448
-9.49232
-7.378
-6.16069
-6.25149
-6.64923
-7.12753
-7.61288
-8.07286
-8.49123
-8.85997
-9.17558
-9.43705
-9.64468
-9.79926
-9.90171
-9.95273
-4.65879
-5.19059
-5.85172
-6.53958
-7.20421
-7.81855
-8.36953
-8.85232
-9.26661
-9.61431
-9.89821
-10.1212
-10.286
-10.3946
-10.4486
-1.57025
-4.13067
-5.43339
-6.44607
-7.3158
-8.06824
-8.71357
-9.26098
-9.7195
-10.0973
-10.4016
-10.6382
-10.8117
-10.9256
-10.9819
-3.84516
-3.94415
-5.21648
-6.45184
-7.50885
-8.3923
-9.1256
-9.73139
-10.2284
-10.6315
-10.9521
-11.1991
-11.3789
-11.4964
-11.5544
1.09025
-2.9428
-5.02526
-6.58145
-7.82243
-8.82063
-9.62619
-10.2773
-10.8025
-11.2228
-11.5537
-11.8065
-11.9895
-12.1085
-12.1671
-3.26069
-3.296
-5.19952
-6.92995
-8.30462
-9.38273
-10.234
-10.9107
-11.4496
-11.8763
-12.2095
-12.4624
-12.6445
-12.7625
-12.8205
4.50001
-2.35184
-5.49398
-7.52551
-8.99274
-10.1024
-10.9631
-11.6399
-12.1744
-12.5948
-12.921
-13.1674
-13.3441
-13.4582
-13.5142
-3.32004
-3.98386
-6.55971
-8.51295
-9.92922
-10.9948
-11.8199
-12.4679
-12.9784
-13.3787
-13.6881
-13.9208
-14.0872
-14.1943
-14.2468
9.65992
-4.28808
-8.0578
-9.87329
-11.1092
-12.0543
-12.7998
-13.3913
-13.8591
-14.2256
-14.5083
-14.7203
-14.8713
-14.9684
-15.0158
-22.4186
-11.6606
-10.913
-11.6361
-12.4912
-13.2523
-13.8866
-14.4006
-14.81
-15.1309
-15.3777
-15.5621
-15.693
-15.7768
-15.8178
-7.22329
-12.0813
-12.7469
-13.3073
-13.9384
-14.5385
-15.0568
-15.4826
-15.8223
-16.0876
-16.2904
-16.441
-16.5473
-16.6152
-16.6482
-22.0741
-15.4135
-14.6538
-14.9293
-15.4072
-15.8815
-16.2913
-16.6244
-16.8863
-17.0877
-17.2394
-17.3507
-17.4284
-17.4776
-17.5015
-8.13063
-14.648
-15.8417
-16.4109
-16.8784
-17.2693
-17.5792
-17.8157
-17.9923
-18.1222
-18.2165
-18.2836
-18.3293
-18.3578
-18.3714
-23.251
-17.5794
-17.4633
-17.9631
-18.4028
-18.7132
-18.9179
-19.0487
-19.1307
-19.1815
-19.2126
-19.2313
-19.2422
-19.2481
-19.2508
-8.72015
-16.6527
-18.6572
-19.5572
-20.017
-20.2307
-20.308
-20.3154
-20.2908
-20.2545
-20.2173
-20.1844
-20.1585
-20.1409
-20.1319
-25.493
-19.8428
-20.6181
-21.4568
-21.8022
-21.8428
-21.7466
-21.6045
-21.459
-21.3282
-21.2189
-21.1327
-21.0691
-21.0275
-21.0069
-9.37726
-18.5707
-22.5349
-23.699
-23.7992
-23.5498
-23.2171
-22.8959
-22.617
-22.3871
-22.2045
-22.0651
-21.9646
-21.8995
-21.8676
13.1228
-20.9299
-26.3963
-26.6802
-26.0388
-25.3147
-24.6795
-24.1579
-23.7409
-23.413
-23.1602
-22.9705
-22.8354
-22.7486
-22.7061
-80.6346
-43.1409
-33.8565
-30.3039
-28.3358
-27.018
-26.0631
-25.3474
-24.8028
-24.387
-24.0719
-23.8381
-23.6727
-23.5668
-23.5151
-60.5241
-45.7621
-37.3363
-32.8272
-30.1812
-28.4692
-27.2807
-26.4179
-25.7752
-25.2911
-24.927
-24.6583
-24.4686
-24.3474
-24.2883
-50.6649
-43.983
-38.0963
-34.0566
-31.378
-29.5569
-28.272
-27.3356
-26.6377
-26.1117
-25.716
-25.4236
-25.217
-25.0849
-25.0204
-45.4459
-41.6518
-37.5738
-34.3408
-31.9793
-30.2723
-29.0214
-28.0877
-27.3806
-26.8418
-26.4332
-26.1294
-25.9137
-25.7753
-25.7077
-42.8616
-39.5177
-36.4643
-34.0198
-32.1259
-30.671
-29.5505
-28.6823
-28.0068
-27.4817
-27.0775
-26.7739
-26.5567
-26.4167
-26.348
-42.5995
-37.182
-34.932
-33.3166
-31.9678
-30.8374
-29.9043
-29.1432
-28.5285
-28.0375
-27.6521
-27.3584
-27.1462
-27.0085
-26.9407
-13.0777
-13.0631
-13.0323
-12.9816
-12.9049
-12.7929
-12.6313
-12.3986
-12.0607
-11.5628
-10.8133
-9.65585
-7.83917
-5.1203
-2.54035
-13.9694
-13.9692
-13.968
-13.9643
-13.9556
-13.9385
-13.9087
-13.8609
-13.7909
-13.6994
-13.6066
-13.5977
-13.9646
-15.6514
-21.5943
-14.8613
-14.8762
-14.9062
-14.952
-15.0147
-15.097
-15.2039
-15.3456
-15.5427
-15.8371
-16.3161
-17.1639
-18.77
-21.9264
-28.0444
-15.7382
-15.768
-15.8287
-15.9227
-16.0543
-16.2307
-16.4642
-16.7749
-17.1972
-17.7904
-18.6567
-19.9719
-22.025
-25.2401
-30.0602
-16.5854
-16.629
-16.7179
-16.8557
-17.0489
-17.3076
-17.6473
-18.0926
-18.681
-19.4704
-20.5484
-22.0419
-24.1179
-26.9487
-30.5884
-17.3891
-17.4447
-17.5581
-17.7335
-17.9782
-18.3032
-18.725
-19.2672
-19.9637
-20.8618
-22.0246
-23.5296
-25.456
-27.8485
-30.643
-18.1371
-18.2027
-18.3362
-18.5419
-18.8271
-19.2021
-19.6821
-20.2874
-21.0448
-21.9885
-23.1586
-24.5958
-26.3281
-28.3462
-30.5674
-18.8193
-18.893
-19.0421
-19.271
-19.586
-19.9962
-20.5141
-21.1554
-21.9396
-22.8889
-24.0256
-25.3668
-26.9144
-28.6408
-30.474
-19.428
-19.5076
-19.6684
-19.914
-20.2496
-20.6826
-21.2225
-21.8805
-22.6694
-23.6019
-24.6881
-25.9314
-27.3218
-28.8287
-30.3954
-19.9571
-20.0409
-20.2099
-20.4668
-20.8158
-21.2623
-21.8128
-22.4748
-23.2556
-24.161
-25.1936
-26.349
-27.6128
-28.9566
-30.3373
-20.4025
-20.4891
-20.6635
-20.9276
-21.2845
-21.7378
-22.2917
-22.9504
-23.7171
-24.5931
-25.5762
-26.6582
-27.8236
-29.0478
-30.2972
-20.7611
-20.8496
-21.0274
-21.2957
-21.6568
-22.1127
-22.6658
-23.3178
-24.0692
-24.9182
-25.8598
-26.884
-27.9758
-29.1136
-30.271
-21.0313
-21.1209
-21.3005
-21.5712
-21.9341
-22.3904
-22.941
-23.5859
-24.3238
-25.1509
-26.0606
-27.0424
-28.0818
-29.1599
-30.2546
-21.2119
-21.3021
-21.4827
-21.7545
-22.118
-22.5738
-23.1219
-23.7611
-24.489
-25.3009
-26.1892
-27.1433
-28.1492
-29.1896
-30.2453
-21.3023
-21.3927
-21.5738
-21.846
-22.2097
-22.665
-23.2115
-23.8477
-24.5704
-25.3744
-26.252
-27.1924
-28.1819
-29.2042
-30.241
-24.021
-100.621
-110.278
-68.0354
-52.5587
-38.023
-30.7427
-19.6163
-27.2445
-30.8407
-36.308
-40.2278
-48.084
-56.1298
-77.1622
-76.9913
-55.3819
-47.0141
-38.6604
-34.4349
-28.4834
-24.6252
-16.8325
-24.6019
-28.4465
-34.3629
-38.5645
-46.859
-55.1959
-76.7491
-76.9026
-55.8761
-47.7134
-39.4651
-35.2713
-29.2904
-25.3815
-17.3961
-25.5001
-29.531
-35.7493
-40.1736
-48.9103
-57.6774
-80.3175
-80.5174
-58.5606
-50.0372
-41.4182
-37.0343
-30.7747
-26.6791
-18.297
-26.8646
-31.1359
-37.7397
-42.4348
-51.7056
-60.9677
-84.8486
-85.0135
-61.6886
-52.6614
-43.6034
-39.0028
-32.449
-28.1622
-19.3726
-28.5736
-33.2303
-40.5291
-45.7817
-56.2284
-66.6939
-93.6629
-94.2883
-69.4584
-60.1407
-51.4652
-47.3504
-42.186
-38.8914
-32.2531
-63.8286
-61.6799
-23.4443
-11.9703
-8.85222
-10.0628
-18.1831
-37.1643
-61.6296
-68.9397
-59.3677
-50.1259
-41.8276
-35.9734
-31.842
-32.8528
-35.1407
-38.5172
-42.3794
-47.4688
-53.178
-59.6248
-59.4502
-52.6238
-46.5682
-41.1001
-36.8536
-32.9994
-30.1047
-28.0884
-30.1091
-33.0083
-36.8609
-41.1028
-46.5565
-52.5968
-59.3985
-59.5428
-53.0402
-47.199
-41.8658
-37.6964
-33.8803
-31.0078
-29.0198
-31.1943
-34.272
-38.3445
-42.8242
-48.5779
-54.9452
-62.1147
-62.3066
-55.5369
-49.4483
-43.8843
-39.5328
-35.5478
-32.5504
-30.4834
-32.8009
-36.0696
-40.3911
-45.1388
-51.2292
-57.9518
-65.5039
-65.6728
-58.4753
-52.0269
-46.1628
-41.5925
-37.4256
-34.3138
-32.2117
-34.7855
-38.4072
-43.2203
-48.5521
-55.4396
-63.0982
-71.7952
-72.392
-64.9889
-58.4485
-52.7171
-48.4518
-44.8679
-42.4911
-41.7317
-46.9914
-43.9472
-31.7964
-23.8781
-20.3234
-20.2386
-23.2014
-37.3334
-47.3421
-51.9112
-50.2247
-46.3345
-42.1127
-38.7232
-36.6629
-36.6223
-37.8731
-40.0269
-42.7639
-45.9609
-49.1641
-51.622
-51.4879
-48.756
-45.2761
-41.7806
-38.7072
-36.134
-34.3193
-33.5309
-34.3515
-36.1972
-38.7984
-41.8959
-45.4095
-48.9013
-51.6347
-51.7543
-49.2522
-45.9529
-42.5907
-39.6129
-37.1112
-35.3606
-34.6492
-35.5881
-37.5804
-40.3532
-43.6405
-47.3616
-51.0582
-53.9595
-54.1205
-51.5324
-48.1039
-44.6044
-41.5036
-38.8991
-37.0816
-36.3561
-37.3675
-39.4872
-42.4286
-45.9092
-49.8426
-53.7414
-56.791
-56.9397
-54.1835
-50.5511
-46.859
-43.6015
-40.8827
-39.0117
-38.3172
-39.4887
-41.8684
-45.1644
-49.0823
-53.5403
-58.0073
-61.5919
-62.0156
-59.2771
-55.5914
-51.8577
-48.5721
-45.8115
-43.7616
-42.5427
-42.1119
-39.3279
-34.054
-29.5022
-26.7979
-26.0259
-26.8411
-35.7526
-40.8878
-43.8907
-44.2551
-43.0206
-41.1994
-39.5588
-38.5755
-38.532
-39.3054
-40.6969
-42.4861
-44.4439
-46.2236
-47.3516
-47.2664
-45.9654
-44.0063
-41.8535
-39.8406
-38.1761
-37.0561
-36.6565
-37.1176
-38.2982
-40.0212
-42.0897
-44.2938
-46.298
-47.6348
-47.7413
-46.6119
-44.7974
-42.7619
-40.844
-39.2603
-38.2172
-37.9021
-38.4651
-39.7647
-41.6211
-43.8321
-46.1805
-48.3163
-49.7504
-49.8932
-48.7381
-46.8618
-44.7505
-42.7595
-41.1169
-40.0404
-39.7279
-40.338
-41.7218
-43.6897
-46.0277
-48.5059
-50.7539
-52.2553
-52.3896
-51.1535
-49.1612
-46.9293
-44.8345
-43.1192
-42.0154
-41.7358
-42.452
-44.0102
-46.2132
-48.8348
-51.6281
-54.187
-55.9401
-56.1929
-54.9293
-52.8033
-50.353
-47.9364
-45.7319
-43.8355
-42.219
-40.621
-38.2942
-35.2715
-32.466
-30.4898
-29.5276
-29.4477
-34.3463
-37.5038
-39.6698
-40.5879
-40.5515
-40.0261
-39.4479
-39.1349
-39.2653
-39.8474
-40.7943
-41.9656
-43.1832
-44.2215
-44.8283
-44.7955
-44.1224
-43.0157
-41.7248
-40.4723
-39.4344
-38.7554
-38.5428
-38.8474
-39.6181
-40.7467
-42.0883
-43.4659
-44.6557
-45.4063
-45.5081
-44.9581
-43.9602
-42.7638
-41.5938
-40.631
-40.0254
-39.8905
-40.2813
-41.1473
-42.3784
-43.8257
-45.3056
-46.5849
-47.401
-47.5346
-46.9824
-45.9582
-44.7233
-43.5138
-42.5197
-41.8989
-41.7711
-42.1943
-43.1152
-44.4177
-45.9442
-47.5008
-48.8412
-49.6885
-49.8127
-49.2125
-48.1164
-46.8023
-45.5212
-44.475
-43.8321
-43.7204
-44.2027
-45.2234
-46.6591
-48.3399
-50.0536
-51.527
-52.4489
-52.5539
-51.8232
-50.4823
-48.7997
-46.9952
-45.2087
-43.5062
-41.8687
-40.1794
-38.2625
-36.1764
-34.2355
-32.7215
-31.759
-31.3107
-33.3293
-35.5475
-37.2458
-38.2954
-38.7864
-38.9288
-38.955
-39.0558
-39.3482
-39.8642
-40.5683
-41.3786
-42.1809
-42.8407
-43.226
-43.2466
-42.9039
-42.2902
-41.5407
-40.7949
-40.1758
-39.7829
-39.6844
-39.9063
-40.4226
-41.1653
-42.035
-42.9084
-43.646
-44.112
-44.2136
-43.9491
-43.4089
-42.7276
-42.0453
-41.4873
-41.1559
-41.1219
-41.4132
-42.004
-42.8246
-43.7723
-44.7194
-45.5206
-46.0343
-46.1634
-45.9064
-45.3581
-44.6596
-43.958
-43.3848
-43.0476
-43.0208
-43.3339
-43.9592
-44.8232
-45.8175
-46.807
-47.6385
-48.163
-48.2788
-47.9858
-47.3853
-46.6278
-45.8695
-45.2502
-44.8839
-44.8497
-45.1781
-45.8391
-46.7521
-47.7976
-48.8252
-49.6613
-50.1338
-50.1181
-49.5958
-48.6534
-47.4222
-46.0279
-44.5644
-43.0835
-41.593
-40.0654
-38.4747
-36.8723
-35.3902
-34.1592
-33.2498
-32.6561
-32.6277
-34.3398
-35.7557
-36.8075
-37.5231
-37.9987
-38.355
-38.7006
-39.1094
-39.6099
-40.1895
-40.803
-41.3837
-41.8554
-42.1486
-42.221
-42.0756
-41.7602
-41.3515
-40.935
-40.5915
-40.3867
-40.3645
-40.5411
-40.901
-41.4012
-41.9763
-42.5466
-43.0272
-43.3427
-43.4462
-43.3371
-43.0609
-42.6927
-42.3179
-42.0174
-41.8581
-41.8848
-42.1139
-42.5298
-43.0876
-43.7198
-44.3435
-44.8703
-45.2215
-45.3482
-45.2498
-44.9743
-44.6002
-44.2172
-43.9101
-43.7492
-43.7813
-44.0237
-44.4594
-45.0412
-45.6975
-46.3409
-46.878
-47.2259
-47.3338
-47.2016
-46.8805
-46.4543
-46.0178
-45.661
-45.4576
-45.4566
-45.6747
-46.0919
-46.6543
-47.2812
-47.8723
-48.3192
-48.5219
-48.412
-47.9732
-47.2406
-46.2792
-45.1605
-43.945
-42.6746
-41.3707
-40.0423
-38.7035
-37.395
-36.1832
-35.1337
-34.2859
-33.6428
-32.1476
-33.5585
-34.7901
-35.8035
-36.6056
-37.2406
-37.7701
-38.2546
-38.7383
-39.2418
-39.7617
-40.2746
-40.7436
-41.1271
-41.389
-41.5093
-41.4919
-41.3648
-41.1732
-40.9703
-40.8074
-40.7273
-40.7586
-40.9118
-41.1777
-41.529
-41.9244
-42.3139
-42.6464
-42.8785
-42.985
-42.9656
-42.8453
-42.6673
-42.4834
-42.3442
-42.2924
-42.3563
-42.5458
-42.8511
-43.2434
-43.6795
-44.1072
-44.473
-44.7318
-44.857
-44.8485
-44.7323
-44.5538
-44.3669
-44.2251
-44.1726
-44.2392
-44.4351
-44.7494
-45.1518
-45.5963
-46.0278
-46.3898
-46.6346
-46.7345
-46.6894
-46.5271
-46.2955
-46.0515
-45.8508
-45.7398
-45.7481
-45.8848
-46.1354
-46.4638
-46.8162
-47.1273
-47.3287
-47.3599
-47.1795
-46.7739
-46.1572
-45.3629
-44.4322
-43.405
-42.3138
-41.1836
-40.0343
-38.8888
-37.7785
-36.7426
-35.8177
-35.0274
-34.3765
-31.8178
-33.0354
-34.1389
-35.1037
-35.9289
-36.6341
-37.2502
-37.8099
-38.3386
-38.85
-39.3442
-39.8095
-40.2267
-40.574
-40.8333
-40.9959
-41.0662
-41.062
-41.0115
-40.9478
-40.9039
-40.9075
-40.9772
-41.1202
-41.3312
-41.5934
-41.8811
-42.1635
-42.4099
-42.5952
-42.705
-42.7394
-42.7128
-42.6507
-42.5843
-42.5453
-42.5601
-42.6467
-42.8112
-43.047
-43.3362
-43.6513
-43.9599
-44.2298
-44.4344
-44.5585
-44.6021
-44.5802
-44.5192
-44.4519
-44.4112
-44.4247
-44.5109
-44.6759
-44.9126
-45.2016
-45.5138
-45.8148
-46.0702
-46.252
-46.344
-46.346
-46.2736
-46.1545
-46.0226
-45.9117
-45.8499
-45.8548
-45.9307
-46.0668
-46.2387
-46.4106
-46.5401
-46.5835
-46.5027
-46.2712
-45.8784
-45.3297
-44.643
-43.8431
-42.9568
-42.0095
-41.0238
-40.021
-39.0231
-38.0549
-37.1422
-36.3081
-35.5679
-34.9272
-31.59
-32.6768
-33.6873
-34.6048
-35.4251
-36.1558
-36.8116
-37.4096
-37.964
-38.4831
-38.968
-39.4136
-39.8104
-40.1476
-40.4168
-40.6153
-40.7477
-40.8261
-40.8687
-40.8969
-40.9322
-40.9925
-41.0903
-41.2308
-41.4111
-41.6211
-41.8452
-42.0649
-42.2616
-42.4206
-42.5337
-42.6011
-42.6315
-42.64
-42.646
-42.6686
-42.7246
-42.8251
-42.9736
-43.1663
-43.3915
-43.6323
-43.8686
-44.0807
-44.2528
-44.376
-44.4502
-44.4842
-44.4938
-44.4988
-44.5192
-44.5722
-44.6691
-44.8134
-45.0005
-45.218
-45.4474
-45.6674
-45.8568
-45.9986
-46.0831
-46.1097
-46.0874
-46.032
-45.9635
-45.902
-45.864
-45.8595
-45.8898
-45.9467
-46.0135
-46.0662
-46.0769
-46.0172
-45.8624
-45.5951
-45.2073
-44.7009
-44.086
-43.3784
-42.5967
-41.7604
-40.8886
-40.0004
-39.1149
-38.2514
-37.4287
-36.663
-35.9655
-35.3416
-31.4326
-32.4279
-33.3698
-34.2458
-35.0504
-35.7852
-36.4564
-37.0722
-37.6402
-38.1653
-38.6486
-39.0882
-39.4798
-39.8189
-40.1023
-40.3301
-40.5069
-40.6416
-40.7465
-40.836
-40.9243
-41.0234
-41.142
-41.284
-41.448
-41.6285
-41.8159
-41.9992
-42.1675
-42.3121
-42.4282
-42.5162
-42.5814
-42.6333
-42.6834
-42.744
-42.8252
-42.934
-43.0727
-43.2386
-43.4245
-43.6198
-43.8121
-43.9892
-44.1416
-44.264
-44.3561
-44.4233
-44.475
-44.5233
-44.5803
-44.6566
-44.7589
-44.8894
-45.0448
-45.2171
-45.3947
-45.564
-45.7119
-45.8278
-45.9054
-45.9441
-45.9487
-45.9282
-45.8943
-45.8584
-45.8299
-45.814
-45.8104
-45.8125
-45.8087
-45.7824
-45.7151
-45.5878
-45.3842
-45.0926
-44.7071
-44.2283
-43.6625
-43.0203
-42.3152
-41.5623
-40.7773
-39.9761
-39.1748
-38.389
-37.6331
-36.9196
-36.2573
-35.6514
-31.3247
-32.2557
-33.1474
-33.9895
-34.7763
-35.5062
-36.1808
-36.8037
-37.3784
-37.9075
-38.3921
-38.8318
-39.225
-39.5704
-39.8676
-40.1184
-40.3268
-40.4999
-40.6466
-40.7769
-40.9006
-41.0263
-41.1602
-41.3053
-41.4615
-41.6257
-41.7925
-41.9553
-42.1076
-42.2444
-42.3631
-42.4641
-42.5507
-42.6289
-42.706
-42.7896
-42.8861
-42.9999
-43.1325
-43.282
-43.444
-43.6117
-43.7773
-43.9333
-44.0738
-44.1954
-44.298
-44.3847
-44.4613
-44.5352
-44.6137
-44.7034
-44.8083
-44.9294
-45.0647
-45.2086
-45.3538
-45.4915
-45.6131
-45.712
-45.7837
-45.8276
-45.846
-45.8439
-45.8278
-45.8041
-45.7778
-45.751
-45.7225
-45.6871
-45.636
-45.5578
-45.4395
-45.2682
-45.0328
-44.7252
-44.3412
-43.881
-43.349
-42.7527
-42.1026
-41.4104
-40.6891
-39.952
-39.2125
-38.4835
-37.7767
-37.1023
-36.4678
-35.8783
-31.2531
-32.1401
-32.9964
-33.813
-34.5841
-35.3066
-35.9798
-36.6045
-37.1821
-37.7138
-38.2004
-38.6422
-39.0391
-39.3914
-39.7
-39.9674
-40.1977
-40.3964
-40.5704
-40.7272
-40.8741
-41.0175
-41.1621
-41.3106
-41.4635
-41.6192
-41.7748
-41.9263
-42.07
-42.203
-42.3237
-42.4326
-42.5321
-42.626
-42.7192
-42.8165
-42.9221
-43.0389
-43.1678
-43.3075
-43.4552
-43.6065
-43.7564
-43.8998
-44.0332
-44.1542
-44.2627
-44.3606
-44.4517
-44.5403
-44.6311
-44.7283
-44.8342
-44.9493
-45.0719
-45.1984
-45.3238
-45.442
-45.5473
-45.6351
-45.7023
-45.7479
-45.7728
-45.7799
-45.7723
-45.7537
-45.7262
-45.6905
-45.6446
-45.5841
-45.5024
-45.3909
-45.2401
-45.041
-44.7855
-44.4678
-44.085
-43.6373
-43.1279
-42.5629
-41.9505
-41.3004
-40.6236
-39.9314
-39.2351
-38.5459
-37.8738
-37.2274
-36.6136
-36.0374
-31.2094
-32.0688
-32.9024
-33.7021
-34.4619
-35.1781
-35.8487
-36.4732
-37.0518
-37.585
-38.0733
-38.5172
-38.9175
-39.2751
-39.5917
-39.87
-40.1139
-40.3283
-40.5189
-40.6917
-40.8527
-41.007
-41.1585
-41.3097
-41.4614
-41.613
-41.7629
-41.9086
-42.048
-42.1791
-42.3012
-42.4147
-42.5215
-42.6243
-42.7264
-42.8314
-42.9421
-43.0605
-43.1873
-43.3216
-43.4614
-43.6035
-43.7445
-43.881
-44.0103
-44.1309
-44.2426
-44.3466
-44.4454
-44.542
-44.6396
-44.7406
-44.8468
-44.9582
-45.0735
-45.19
-45.3039
-45.4109
-45.5068
-45.5879
-45.6519
-45.6977
-45.7255
-45.7367
-45.7329
-45.7159
-45.6866
-45.6446
-45.5876
-45.5119
-45.4117
-45.2804
-45.1105
-44.895
-44.6277
-44.3042
-43.9223
-43.4823
-42.9869
-42.4413
-41.8525
-41.229
-40.5803
-39.9165
-39.2477
-38.5838
-37.9338
-37.3055
-36.7055
-36.1383
-31.1887
-32.0348
-32.8573
-33.6485
-34.4024
-35.1151
-35.7841
-36.4081
-36.987
-37.5208
-38.01
-38.4552
-38.8574
-39.2178
-39.5385
-39.8222
-40.0727
-40.2945
-40.4929
-40.6733
-40.8409
-41.0004
-41.1553
-41.3079
-41.4593
-41.6094
-41.7569
-41.9002
-42.0377
-42.1681
-42.2909
-42.4066
-42.5167
-42.6235
-42.7296
-42.838
-42.951
-43.0702
-43.196
-43.3279
-43.464
-43.6021
-43.7392
-43.8725
-44
-44.1204
-44.2334
-44.3402
-44.4424
-44.5425
-44.6429
-44.7456
-44.8518
-44.9615
-45.0735
-45.1854
-45.2941
-45.396
-45.4874
-45.5654
-45.6278
-45.6735
-45.7023
-45.7149
-45.7125
-45.6959
-45.6654
-45.6201
-45.5578
-45.4748
-45.366
-45.2254
-45.0466
-44.8235
-44.5508
-44.2246
-43.8432
-43.4069
-42.9183
-42.382
-41.8046
-41.1939
-40.5588
-39.9087
-39.2532
-38.6016
-37.9624
-37.3431
-36.7498
-36.1874
-28.107
-32.1931
-32.7615
-32.3393
-31.6271
-30.8698
-30.162
-29.5385
-29.0078
-28.5682
-28.214
-27.939
-27.7378
-27.606
-27.5408
-27.4034
-30.2685
-31.3844
-31.5632
-31.3006
-30.8554
-30.3591
-29.8768
-29.4398
-29.0618
-28.7478
-28.4987
-28.3136
-28.1912
-28.1303
-28.5388
-30.0932
-30.9445
-31.2283
-31.1565
-30.8924
-30.542
-30.1698
-29.8126
-29.4913
-29.2167
-28.9944
-28.8268
-28.7149
-28.6589
-29.9591
-30.6208
-31.0721
-31.2492
-31.2048
-31.0154
-30.747
-30.4476
-30.1497
-29.8741
-29.6334
-29.4354
-29.2844
-29.1827
-29.1316
-31.2414
-31.3588
-31.474
-31.4914
-31.3981
-31.2176
-30.9829
-30.724
-30.4646
-30.2218
-30.0075
-29.8294
-29.6925
-29.5999
-29.5532
-32.2997
-32.0988
-31.9739
-31.8443
-31.6784
-31.474
-31.2429
-31.0008
-30.7628
-30.5411
-30.3453
-30.1822
-30.0565
-29.9711
-29.928
-33.1456
-32.7629
-32.4783
-32.2337
-31.9973
-31.7572
-31.5139
-31.2737
-31.0446
-30.8346
-30.6505
-30.4977
-30.38
-30.3001
-30.2598
-33.8132
-33.329
-32.9426
-32.6148
-32.3197
-32.0437
-31.782
-31.5353
-31.3072
-31.1022
-30.9245
-30.778
-30.6656
-30.5896
-30.5512
-34.3363
-33.7975
-33.3482
-32.9632
-32.6232
-32.3158
-32.0349
-31.7783
-31.5468
-31.3423
-31.1673
-31.0242
-30.915
-30.8413
-30.8042
-34.7429
-34.1763
-33.6896
-33.2667
-32.894
-32.5616
-32.2634
-31.9964
-31.7594
-31.553
-31.3783
-31.2365
-31.1288
-31.0565
-31.0201
-35.0545
-34.4754
-33.9671
-33.5199
-33.1244
-32.7732
-32.4609
-32.1842
-31.9415
-31.7321
-31.5563
-31.4145
-31.3074
-31.2357
-31.1997
-35.287
-34.7036
-34.1836
-33.7213
-33.3106
-32.9458
-32.6227
-32.3382
-32.0902
-31.8777
-31.7002
-31.5578
-31.4507
-31.3791
-31.3433
-35.4523
-34.8684
-34.3425
-33.8712
-33.4507
-33.0768
-32.746
-32.4556
-32.2034
-31.9881
-31.8091
-31.6659
-31.5585
-31.4868
-31.451
-35.5583
-34.9753
-34.4466
-33.9705
-33.5442
-33.1647
-32.829
-32.5347
-32.2796
-32.0624
-31.8821
-31.7383
-31.6305
-31.5587
-31.5228
-35.6101
-35.0278
-34.4981
-34.0198
-33.5909
-33.2088
-32.8708
-32.5744
-32.3179
-32.0997
-31.9188
-31.7746
-31.6666
-31.5947
-31.5587
)
;

boundaryField
{
    hot
    {
        type            calculated;
        value           nonuniform List<scalar> 
120
(
-31.9336
-31.8627
-31.7202
-31.5049
-31.2148
-30.8477
-30.4013
-29.8732
-29.2615
-28.5655
-27.7855
-26.9239
-25.9856
-24.9782
-23.9119
-22.8926
-21.9439
-20.9826
-20.0184
-19.0605
-18.1177
-17.1975
-16.3061
-15.4484
-14.6279
-13.847
-13.1068
-12.4078
-11.7499
-11.1324
-10.5543
-10.0144
-9.5113
-9.04327
-8.60854
-8.20511
-7.83089
-7.48373
-7.16142
-6.86185
-6.58295
-6.32284
-6.07981
-5.85233
-5.6391
-5.43897
-5.25096
-5.07421
-4.90795
-4.75146
-4.60406
-4.46512
-4.33401
-4.21017
-4.09307
-3.98226
-3.87739
-3.77818
-3.68445
-3.59615
-3.51326
-3.43587
-3.3641
-3.29811
-3.23808
-3.18421
-3.1367
-3.09577
-3.06166
-3.03462
-3.01497
-3.00305
-2.99929
-3.00416
-3.01823
-3.04212
-3.07654
-3.12229
-3.1802
-3.25119
-3.33624
-3.43635
-3.55255
-3.68589
-3.83739
-4.00807
-4.19891
-4.41088
-4.64492
-4.902
-5.18313
-5.4894
-5.82202
-6.18231
-6.57174
-6.99185
-7.4442
-7.9302
-8.45099
-9.00721
-9.59879
-10.2247
-10.8827
-11.5695
-12.28
-13.0812
-13.9694
-14.8575
-15.7309
-16.5747
-17.3753
-18.1208
-18.8011
-19.4082
-19.9363
-20.3809
-20.7391
-21.0089
-21.1894
-21.2797
)
;
    }
    cold
    {
        type            calculated;
        value           nonuniform List<scalar> 
120
(
-36.2182
-36.1916
-36.1367
-36.0501
-35.9266
-35.7593
-35.5394
-35.2563
-34.8982
-34.4522
-33.9053
-33.2455
-32.4635
-31.5538
-30.5165
-29.4548
-28.4143
-27.3091
-26.1523
-24.9585
-23.7427
-22.5195
-21.3027
-20.1041
-18.9341
-17.8008
-16.7107
-15.6689
-14.679
-13.7435
-12.8641
-12.0417
-11.2763
-10.5677
-9.91455
-9.31533
-8.76791
-8.26981
-7.8183
-7.41047
-7.0434
-6.71418
-6.42007
-6.15848
-5.92704
-5.7236
-5.54624
-5.39321
-5.26297
-5.15411
-5.06534
-4.99551
-4.94355
-4.90849
-4.88942
-4.88553
-4.89606
-4.92037
-4.95787
-5.00808
-5.07064
-5.1453
-5.23195
-5.33063
-5.44155
-5.56504
-5.70161
-5.85189
-6.01662
-6.19663
-6.39283
-6.6062
-6.83776
-7.08863
-7.35999
-7.65317
-7.96964
-8.31105
-8.67925
-9.07627
-9.50427
-9.96546
-10.462
-10.9959
-11.5688
-12.1816
-12.8349
-13.5281
-14.2598
-15.0275
-15.8279
-16.6563
-17.5074
-18.3747
-19.2514
-20.1297
-21.0018
-21.8597
-22.6956
-23.5024
-24.2737
-25.0044
-25.691
-26.331
-26.9239
-27.5246
-28.1151
-28.645
-29.1188
-29.5414
-29.9172
-30.2496
-30.5415
-30.7949
-31.011
-31.1907
-31.3343
-31.442
-31.5138
-31.5498
)
;
    }
    interface_left
    {
        type            calculated;
        value           nonuniform List<scalar> 
90
(
-63.283
-115.254
57.4222
-3.32843
24.9504
-2.50832
10.5963
-2.5278
-13.0021
-2.83272
-14.4369
-3.24486
-15.5865
-3.47383
-18.694
9.29996
-4.16119
3.46374
-4.16104
0.631898
-4.2056
-1.34428
-4.1826
-6.72815
-4.1261
-7.36597
-4.06306
-7.92873
-3.94456
-9.20334
0.953518
-4.00154
-0.746514
-3.7937
-1.54519
-3.62514
-2.15156
-3.44047
-4.6508
-3.25407
-4.90799
-3.08393
-5.14588
-2.89789
-5.77752
-0.0787896
-2.81605
-0.915156
-2.59202
-1.2856
-2.39525
-1.56133
-2.19423
-2.74238
-1.9966
-2.6471
-1.80843
-2.41984
-1.6244
-2.09777
-1.33983
-1.45687
-1.6083
-1.28629
-1.75873
-1.14148
-1.78065
-1.03449
-0.0251519
-0.974938
1.06122
-0.967497
2.61736
-1.05083
5.70407
-8.7189
-0.871035
-7.51851
-1.06098
-7.31344
-1.33271
-7.0801
-1.96424
4.40809
-9.99619
-3.51121
1.26074
7.16022
17.5985
41.5956
)
;
    }
    interface_right
    {
        type            calculated;
        value           nonuniform List<scalar> 
90
(
-186.792
-261.55
111.378
-4.77268
47.5487
-2.11901
21.7002
-1.38846
-19.7612
-0.960543
-21.494
-0.845925
-22.6773
-0.617647
-27.2099
21.735
-1.37497
11.4117
-1.16682
6.27644
-1.23526
2.73586
-1.33595
-4.71132
-1.47254
-5.19752
-1.65868
-5.39509
-1.82581
-5.94217
1.07741
-2.15606
-0.908923
-2.33511
-1.96172
-2.53873
-2.6266
-2.74348
-2.65799
-2.94879
-2.42776
-3.15375
-2.02682
-3.38331
-1.16133
-6.05609
-3.49117
-5.72207
-3.68827
-5.63505
-3.8637
-5.43935
-4.04594
-2.49338
-4.22338
-1.58963
-4.37823
-0.341892
-4.58173
2.25236
-11.8704
-4.41612
-10.1828
-4.48723
-9.44205
-4.47205
-8.52034
-4.44285
0.234537
-4.35785
3.90874
-4.16971
9.40102
-4.0923
20.9472
-32.1488
-2.78396
-27.9272
-2.48925
-28.5605
-2.20054
-31.3555
-3.1702
42.257
-111.199
-69.743
-53.8954
-47.0217
-44.5255
-46.651
)
;
    }
    interface_top
    {
        type            calculated;
        value           nonuniform List<scalar> 
90
(
-24.021
-100.621
-110.278
-68.0354
-52.5587
-38.023
-30.7427
-19.6163
-27.2445
-30.8407
-36.308
-40.2278
-48.084
-56.1298
-77.1622
-76.9913
-55.3819
-47.0141
-38.6604
-34.4349
-28.4834
-24.6252
-16.8325
-24.6019
-28.4465
-34.3629
-38.5645
-46.859
-55.1959
-76.7491
-76.9026
-55.8761
-47.7134
-39.4651
-35.2713
-29.2904
-25.3815
-17.3961
-25.5001
-29.531
-35.7493
-40.1736
-48.9103
-57.6774
-80.3175
-80.5174
-58.5606
-50.0372
-41.4182
-37.0343
-30.7747
-26.6791
-18.297
-26.8646
-31.1359
-37.7397
-42.4348
-51.7056
-60.9677
-84.8486
-85.0135
-61.6886
-52.6614
-43.6034
-39.0028
-32.449
-28.1622
-19.3726
-28.5736
-33.2303
-40.5291
-45.7817
-56.2284
-66.6939
-93.6629
-94.2883
-69.4584
-60.1407
-51.4652
-47.3504
-42.186
-38.8914
-32.2531
-63.8286
-61.6799
-23.4443
-11.9703
-8.85222
-10.0628
-18.1831
)
;
    }
    interface_bottom
    {
        type            calculated;
        value           nonuniform List<scalar> 
90
(
-41.3607
-79.6662
-82.897
-56.6164
-46.3457
-35.5152
-29.5982
-19.4588
-27.747
-31.7252
-37.769
-42.043
-50.5079
-59.0522
-81.2524
-81.0578
-58.2022
-49.3336
-40.4495
-35.9521
-29.6288
-25.5473
-17.3764
-25.3271
-29.2133
-35.1562
-39.3226
-47.517
-55.6504
-76.6316
-76.4667
-54.9265
-46.5752
-38.2258
-33.997
-28.051
-24.2032
-16.4848
-24.0336
-27.7188
-33.348
-37.2875
-45.0314
-52.6843
-72.3966
-72.2038
-51.8338
-43.9453
-36.0864
-32.1051
-26.5098
-22.8833
-15.5991
-22.7441
-26.2339
-31.5649
-35.2979
-42.6355
-49.9073
-68.655
-68.4992
-49.2218
-41.7553
-34.31
-30.5348
-25.2186
-21.7724
-14.8444
-21.6341
-24.9566
-30.0364
-33.6113
-40.6521
-47.7085
-65.9713
-65.9464
-47.6151
-40.5348
-33.5248
-29.9933
-25.1163
-21.9379
-15.6555
-25.4543
-24.5825
-11.8243
-9.15289
-11.2607
-20.3729
-50.2136
)
;
    }
    defaultFaces
    {
        type            empty;
    }
}


// ************************************************************************* //
