/*--------------------------------*- C++ -*----------------------------------*\
| =========                 |                                                 |
| \\      /  F ield         | OpenFOAM: The Open Source CFD Toolbox           |
|  \\    /   O peration     | Version:  5.x                                   |
|   \\  /    A nd           | Web:      www.OpenFOAM.org                      |
|    \\/     M anipulation  |                                                 |
\*---------------------------------------------------------------------------*/
FoamFile
{
    version     2.0;
    format      ascii;
    class       volScalarField;
    location    "2.2";
    object      gradTy;
}
// * * * * * * * * * * * * * * * * * * * * * * * * * * * * * * * * * * * * * //

dimensions      [0 -1 0 1 0 0 0];

internalField   nonuniform List<scalar> 
6300
(
32285.3
32255.7
32226.1
32196.3
32166.3
32135.9
32105.2
32074.1
32042.5
32010.4
31977.8
31944.6
31910.8
31876.5
31841.5
0.0515116
0.154058
0.255146
0.353704
0.448509
0.538148
0.621003
0.695266
0.759004
0.810276
0.847309
0.868736
0.873864
0.862939
0.837322
0.0863686
0.258351
0.428015
0.593628
0.753195
0.904379
1.04446
1.17037
1.27874
1.36614
1.42936
1.46582
1.47407
1.45434
1.40886
0.121983
0.364971
0.604943
0.839611
1.06628
1.28173
1.48213
1.66303
1.81947
1.94622
2.0382
2.09114
2.10232
2.07152
2.00178
0.158574
0.474607
0.787179
1.09359
1.39059
1.67414
1.9393
2.18015
2.38989
2.56106
2.68611
2.75822
2.77255
2.72764
2.62695
0.19628
0.587706
0.975573
1.357
1.72835
2.08493
2.42077
2.7284
2.9989
3.22204
3.38695
3.4831
3.50202
3.43956
3.29852
0.235122
0.704364
1.17041
1.63049
2.08088
2.51649
2.93045
3.3138
3.65526
3.94127
4.15655
4.28521
4.31289
4.23006
4.03642
0.274968
0.824221
1.37121
1.91367
2.4482
2.96969
3.47074
3.94109
4.36706
4.73126
5.01279
5.18829
5.23429
5.13139
4.87094
0.315496
0.946347
1.57653
2.2048
2.82858
3.44334
4.04175
4.61278
5.14065
5.60392
5.97506
6.22089
6.30462
6.19026
5.85089
0.356168
1.06914
1.78378
2.50041
3.21798
3.93333
4.64016
5.32766
5.97883
6.56871
7.06266
7.41561
7.57304
7.47416
7.0579
0.396204
1.19026
1.98906
2.79508
3.6096
4.43186
5.25792
6.07885
6.87833
7.62946
8.29127
8.80588
9.09779
9.07546
8.62826
0.434593
1.30663
2.18713
3.08128
3.99348
4.92661
5.88081
6.85152
7.8262
8.77955
9.66712
10.4189
10.9368
11.1017
10.7708
0.470128
1.41456
2.37154
3.34943
4.35644
5.40028
6.48722
7.62024
8.79543
9.99545
11.1788
12.2656
13.129
13.6237
13.6972
0.501486
1.50995
2.53506
3.58845
4.68259
5.83088
7.04757
8.3468
9.73983
11.228
12.7871
14.3359
15.6898
16.5668
17.0706
0.527355
1.5887
2.67028
3.78675
4.9546
6.19309
7.52538
8.97959
10.5891
12.3897
14.4057
16.6013
18.7274
19.8832
17.5606
31809
31779
31748.7
31718.1
31687.1
31655.8
31624.3
31592.5
31560.5
31528.3
31495.8
31463.2
31430.4
31397.5
31364.5
31331.3
31298.1
31264.9
31231.6
31198.2
31164.9
31131.5
31098.1
31064.8
31031.4
30997.9
30964.5
30931.1
30897.6
30864.2
30830.8
30797.3
30763.9
30730.6
30697.2
30663.9
30630.6
30597.4
30564.2
30530.9
30497.7
30464.5
30431.3
30398.1
30365
30331.8
30298.7
30265.6
30232.6
30199.6
30166.6
30133.6
30100.7
30067.9
30035
30002.2
29969.3
29936.5
29903.7
29871
29838.2
29805.5
29772.9
29740.2
29707.7
29675.2
29642.7
29610.3
29577.9
29545.5
29513.2
29480.9
29448.7
29416.4
29384.2
29352.1
29319.9
29287.9
29255.8
29223.8
29191.8
29159.9
29127.9
29095.9
29063.9
29031.8
28999.6
28967.4
28935
28902.5
0.802651
0.764804
0.722794
0.678728
0.634368
0.590902
0.548815
0.507912
0.467481
0.426563
0.384279
0.340134
0.294238
0.247401
0.201072
0.157131
0.117579
0.0841838
0.0581514
0.0398957
0.0289426
0.0239856
0.0230799
0.0239401
0.0242939
0.0222337
0.0165109
0.00672325
-0.00663776
-0.0222919
-0.0384141
-0.0529753
-0.0641194
-0.0705041
-0.0715435
-0.0675139
-0.0595073
-0.0492467
-0.0387977
-0.0302234
-0.0252399
-0.0249276
-0.0295472
-0.0384924
-0.0503932
-0.0633559
-0.0752985
-0.0843217
-0.089044
-0.0888412
-0.0839481
-0.0754122
-0.0649101
-0.0544603
-0.0460816
-0.0414517
-0.0416204
-0.0468269
-0.0564528
-0.0691238
-0.0829458
-0.0958369
-0.105893
-0.111717
-0.112656
-0.108898
-0.101421
-0.0918114
-0.0819703
-0.0737732
-0.0687234
-0.0676622
-0.0705806
-0.076567
-0.0839049
-0.0903093
-0.0932662
-0.090419
-0.0799374
-0.0608144
-0.0330508
0.0022845
0.0431198
0.0865554
0.129131
0.167166
0.197139
0.216092
0.221981
0.213949
1.34762
1.28108
1.2077
1.13143
1.05559
0.982357
0.912498
0.845434
0.779543
0.712717
0.643007
0.569233
0.491435
0.411057
0.330839
0.254412
0.185674
0.128088
0.0840311
0.0543457
0.0381535
0.0329692
0.0350779
0.0401095
0.0437175
0.042256
0.0333461
0.0162425
-0.0080685
-0.0370663
-0.0671672
-0.0943924
-0.115107
-0.126688
-0.127991
-0.11955
-0.103477
-0.0831045
-0.0624208
-0.0454123
-0.0353973
-0.0344694
-0.0431371
-0.0602257
-0.0830716
-0.107985
-0.130908
-0.148143
-0.157007
-0.156298
-0.14648
-0.129592
-0.108883
-0.0882594
-0.0716295
-0.0622435
-0.0621417
-0.0717972
-0.090018
-0.114138
-0.140474
-0.164976
-0.183945
-0.194683
-0.195943
-0.188116
-0.173129
-0.154082
-0.134693
-0.118634
-0.108872
-0.107108
-0.113409
-0.126102
-0.141948
-0.156602
-0.165258
-0.163403
-0.147515
-0.11562
-0.0676254
-0.00541404
0.0672817
0.145203
0.222044
0.291054
0.345739
0.380593
0.391794
0.37773
1.9083
1.80726
1.69681
1.58358
1.47314
1.36902
1.27223
1.18134
1.09303
1.00311
0.907669
0.804215
0.692435
0.574573
0.455243
0.340716
0.23781
0.15261
0.0893209
0.0494729
0.0316227
0.0315634
0.0429821
0.0584461
0.0705614
0.0731262
0.062105
0.0362676
-0.00262117
-0.0501212
-0.0999285
-0.14505
-0.179111
-0.197532
-0.198329
-0.182433
-0.153497
-0.117265
-0.0806056
-0.0503831
-0.0323207
-0.0300441
-0.0444501
-0.0735174
-0.112621
-0.155328
-0.194556
-0.223863
-0.238603
-0.236717
-0.219041
-0.189122
-0.152579
-0.116155
-0.086594
-0.0695142
-0.0684616
-0.0842833
-0.114939
-0.155812
-0.200495
-0.241935
-0.273707
-0.291155
-0.292173
-0.277504
-0.250544
-0.21671
-0.182486
-0.154296
-0.137375
-0.134813
-0.14691
-0.170971
-0.201589
-0.231411
-0.252271
-0.256481
-0.238033
-0.193504
-0.122568
-0.0281098
0.0840153
0.2055
0.32632
0.435656
0.522975
0.579233
0.598062
0.576743
2.49212
2.34699
2.18991
2.03174
1.88159
1.74511
1.62348
1.51354
1.40885
1.30143
1.18388
1.05119
0.902195
0.740205
0.572731
0.41029
0.26445
0.145582
0.0608556
0.012923
-0.000527361
0.0136285
0.0450602
0.0816041
0.111156
0.123559
0.112198
0.0750842
0.0152238
-0.0598567
-0.139442
-0.211636
-0.265642
-0.29376
-0.292711
-0.264099
-0.214031
-0.152046
-0.0895288
-0.0378508
-0.00652052
-0.00160427
-0.0246594
-0.0723666
-0.13699
-0.20769
-0.2725
-0.320573
-0.344154
-0.339883
-0.309246
-0.258202
-0.196115
-0.134182
-0.0835987
-0.0537192
-0.0504961
-0.0754214
-0.125162
-0.192014
-0.265201
-0.332829
-0.384107
-0.4113
-0.411006
-0.384603
-0.33787
-0.279912
-0.221603
-0.173741
-0.145212
-0.141417
-0.163191
-0.206407
-0.262384
-0.319132
-0.363264
-0.382192
-0.366113
-0.309416
-0.211386
-0.0762499
0.0872674
0.266749
0.447128
0.611957
0.744935
0.831761
0.86214
0.831549
3.10842
2.90393
2.6846
2.46835
2.27038
2.09981
1.95789
1.83819
1.72857
1.61437
1.48189
1.32164
1.13067
0.913729
0.68297
0.455952
0.252246
0.0893842
-0.0205998
-0.0732887
-0.0724382
-0.0291919
0.039768
0.114821
0.176438
0.208201
0.199362
0.146645
0.0549739
-0.0631187
-0.189611
-0.30443
-0.389468
-0.432004
-0.426803
-0.376678
-0.291743
-0.187615
-0.0828621
0.00396226
0.0572956
0.0670934
0.0306084
-0.0468782
-0.152633
-0.268557
-0.37457
-0.452575
-0.489836
-0.481042
-0.428864
-0.343213
-0.239456
-0.135894
-0.0508179
0.000432512
0.00797488
-0.0308538
-0.110772
-0.219123
-0.337939
-0.447294
-0.52922
-0.571051
-0.567461
-0.521007
-0.441383
-0.343646
-0.245702
-0.165371
-0.117456
-0.111223
-0.148616
-0.223486
-0.322086
-0.425036
-0.510566
-0.558328
-0.552694
-0.484862
-0.353647
-0.165272
0.0675193
0.326691
0.590317
0.834108
1.03334
1.16556
1.214
1.17095
3.77036
3.48224
3.17487
2.87865
2.6197
2.41326
2.26031
2.14832
2.05491
1.95361
1.81989
1.63633
1.39653
1.10715
0.787815
0.46804
0.181218
-0.0429658
-0.18457
-0.236607
-0.20541
-0.109051
0.0256904
0.167372
0.284698
0.351296
0.349699
0.274286
0.132755
-0.0543017
-0.256607
-0.440127
-0.574515
-0.639012
-0.625606
-0.539405
-0.397119
-0.224104
-0.0504035
0.0939773
0.183777
0.202412
0.144891
0.0192888
-0.153663
-0.343725
-0.517002
-0.643282
-0.701872
-0.684706
-0.596717
-0.454333
-0.282552
-0.111021
0.0306365
0.117488
0.133184
0.0728467
-0.0554736
-0.231197
-0.424337
-0.60129
-0.732104
-0.796244
-0.785674
-0.705207
-0.571014
-0.407711
-0.244467
-0.110354
-0.0297085
-0.0182352
-0.0801014
-0.206419
-0.375546
-0.556048
-0.712271
-0.81137
-0.82886
-0.751593
-0.578233
-0.318268
0.00976677
0.380206
0.76205
1.12041
1.41823
1.61999
1.69759
1.63717
4.49889
4.08828
3.64908
3.23526
2.89344
2.64967
2.50376
2.43167
2.39262
2.33955
2.22964
2.032
1.73379
1.3437
0.89329
0.432667
0.0199818
-0.294242
-0.477527
-0.519797
-0.432228
-0.244194
0.00160309
0.254982
0.465991
0.592575
0.606315
0.497117
0.276075
-0.0235478
-0.350675
-0.646598
-0.860228
-0.958227
-0.929261
-0.782922
-0.546772
-0.261613
0.0242458
0.262558
0.412703
0.447363
0.357178
0.153604
-0.13009
-0.443103
-0.727145
-0.931502
-1.02304
-0.990396
-0.84294
-0.607826
-0.32533
-0.0431751
0.190968
0.336964
0.367839
0.274398
0.0680418
-0.218235
-0.534088
-0.821769
-1.03104
-1.12906
-1.10458
-0.966814
-0.742602
-0.471732
-0.201321
0.0216175
0.157611
0.180326
0.0811905
-0.127737
-0.412656
-0.722046
-0.996259
-1.18195
-1.2415
-1.15672
-0.92755
-0.569305
-0.109067
0.41728
0.967583
1.49386
1.94145
2.25317
2.37993
2.29488
5.33167
4.73547
4.08678
3.4882
3.02597
2.74515
2.64091
2.66747
2.7505
2.80736
2.76569
2.57251
2.20337
1.66708
1.01347
0.328254
-0.283051
-0.734086
-0.973561
-0.989971
-0.803735
-0.462531
-0.0334199
0.403586
0.76884
0.996333
1.03994
0.880985
0.532531
0.0467881
-0.489703
-0.971598
-1.31248
-1.4603
-1.40197
-1.1558
-0.767034
-0.300163
0.167326
0.558065
0.807893
0.87205
0.732708
0.403253
-0.0643394
-0.58424
-1.05208
-1.38223
-1.52306
-1.46147
-1.21544
-0.829599
-0.367668
0.0937575
0.478181
0.72216
0.781459
0.638496
0.306592
-0.162734
-0.684455
-1.15521
-1.49021
-1.63834
-1.58665
-1.35295
-0.981427
-0.535136
-0.0898625
0.278745
0.508006
0.554312
0.400543
0.0603363
-0.414561
-0.938729
-1.40774
-1.73421
-1.86198
-1.76979
-1.46276
-0.967231
-0.323117
0.419835
1.20769
1.98058
2.6603
3.15268
3.36725
3.24771
6.34329
5.45828
4.45232
3.5448
2.89728
2.58636
2.5897
2.82194
3.14607
3.41706
3.5199
3.3664
2.91362
2.1594
1.17915
0.117397
-0.816887
-1.47859
-1.79083
-1.75198
-1.39841
-0.807478
-0.0798312
0.65549
1.27004
1.66487
1.76523
1.53771
0.986655
0.190174
-0.70738
-1.49969
-2.04279
-2.25926
-2.1452
-1.73407
-1.0998
-0.339642
0.420882
1.05644
1.4704
1.58973
1.38196
0.851774
0.0766861
-0.800393
-1.57533
-2.10565
-2.31462
-2.19819
-1.78932
-1.161
-0.409338
0.341515
0.967572
1.37324
1.48628
1.27461
0.742969
-0.0318412
-0.908271
-1.68419
-2.21855
-2.43542
-2.33088
-1.93762
-1.32797
-0.597132
0.131941
0.736479
1.1218
1.21636
0.988316
0.44232
-0.345557
-1.23487
-2.02454
-2.57261
-2.79926
-2.69223
-2.26945
-1.57914
-0.679523
0.357691
1.46934
2.60142
3.64888
4.45219
4.83567
4.6715
7.69386
6.35526
4.67612
3.227
2.2839
1.97507
2.20885
2.84408
3.61817
4.26891
4.64324
4.59127
4.05794
2.97719
1.4622
-0.277028
-1.74325
-2.72635
-3.11369
-2.96718
-2.33493
-1.34931
-0.137311
1.08128
2.08764
2.75741
2.96266
2.66031
1.79417
0.479082
-1.07664
-2.38665
-3.24349
-3.53423
-3.31623
-2.63368
-1.6139
-0.379682
0.854348
1.87389
2.55715
2.77841
2.49543
1.65292
0.364535
-1.16367
-2.45089
-3.29188
-3.57478
-3.35609
-2.67926
-1.67008
-0.449894
0.768919
1.77427
2.44564
2.65861
2.37143
1.52945
0.245329
-1.27688
-2.56107
-3.40412
-3.69537
-3.49092
-2.83393
-1.84907
-0.65664
0.533021
1.50983
2.15426
2.34288
2.0339
1.17257
-0.130531
-1.67451
-2.98926
-3.87387
-4.21707
-4.06936
-3.46138
-2.49249
-1.23409
0.188325
1.7015
3.34405
4.98893
6.3562
7.09261
6.88831
9.74885
7.74266
4.56869
2.18057
0.757161
0.582406
1.24991
2.66625
4.26791
5.51877
6.38045
6.50928
5.99056
4.42028
2.06812
-1.0646
-3.36534
-4.83203
-5.20534
-4.88188
-3.78036
-2.21714
-0.204332
1.81267
3.3899
4.51882
4.89099
4.59475
3.24813
1.11446
-1.79976
-3.92624
-5.25942
-5.54184
-5.15629
-4.01898
-2.43686
-0.419506
1.59661
3.17554
4.30909
4.69316
4.41455
3.09606
0.997664
-1.87405
-3.96909
-5.28182
-5.55732
-5.17378
-4.04789
-2.48307
-0.488558
1.50362
3.06183
4.17804
4.55108
4.26709
2.95255
0.865253
-1.9883
-4.07329
-5.38434
-5.66923
-5.30267
-4.20244
-2.66917
-0.712236
1.24053
2.76172
3.843
4.1859
3.87477
2.53892
0.4313
-2.44432
-4.57344
-5.95479
-6.34182
-6.10929
-5.17309
-3.82274
-2.02492
-0.111809
1.74727
4.08316
6.72857
9.16835
10.7039
10.5554
13.355
10.8117
3.32967
-0.255045
-2.56763
-2.02311
-0.787352
2.22158
5.42279
7.32904
9.17299
9.35979
9.43743
6.98927
3.79806
-3.05023
-6.18847
-8.51218
-8.30036
-7.91702
-5.89065
-3.7324
-0.277408
3.17734
5.33772
7.36994
7.78184
8.04174
5.83545
2.87382
-3.65726
-6.60822
-8.78849
-8.51137
-8.07891
-6.04483
-3.88658
-0.457585
2.96841
5.1185
7.14027
7.56212
7.83108
5.66224
2.74433
-3.70288
-6.61385
-8.76545
-8.4889
-8.06053
-6.04861
-3.91489
-0.523912
2.86319
4.98581
6.98057
7.38962
7.64667
5.48835
2.58854
-3.80648
-6.70006
-8.84226
-8.58121
-8.17097
-6.19459
-4.09936
-0.76189
2.56947
4.64702
6.59496
6.97064
7.19118
5.01657
2.09901
-4.2891
-7.23441
-9.46757
-9.35873
-9.16252
-7.48119
-5.79737
-2.9818
-0.334217
1.10632
4.37645
8.76426
13.2825
16.7402
17.2418
20.1755
20.9923
-3.5215
-4.52255
-10.0067
-5.62401
-5.37801
1.50003
8.44243
9.22906
14.3518
12.3675
16.5215
10.6283
10.7942
-10.3783
-10.1846
-15.8436
-11.6424
-13.3182
-8.19086
-7.11502
-0.350145
6.40587
7.4701
12.5543
10.8916
15.04
9.51043
9.7732
-10.6702
-10.4
-15.8563
-11.7046
-13.3079
-8.24955
-7.16623
-0.491384
6.17745
7.24621
12.2753
10.6512
14.758
9.30703
9.57317
-10.624
-10.3522
-15.7457
-11.6392
-13.2277
-8.22478
-7.15722
-0.553746
6.04352
7.09387
12.0664
10.447
14.5043
9.09181
9.34486
-10.6668
-10.4089
-15.7609
-11.7081
-13.2946
-8.35791
-7.31846
-0.802803
5.70382
6.71888
11.6109
9.97872
13.9565
8.56401
8.76424
-11.0916
-10.9209
-16.3528
-12.5015
-14.3543
-9.79289
-9.40173
-3.69685
1.18145
-2.1693
3.06016
10.6121
18.9239
27.0332
31.5699
29.8814
67.6459
-44.2319
-2.33533
-31.6549
-3.26914
-19.5199
0.6847
20.3253
4.88389
29.7637
6.53497
38.0722
5.5408
48.5163
-48.4755
-5.75439
-37.3753
-6.52344
-28.5176
-4.65882
-18.6918
-0.412
17.8287
3.81176
27.4524
5.63114
35.9728
4.84222
46.4873
-47.513
-5.94818
-36.7618
-6.61341
-28.1322
-4.73278
-18.5003
-0.519116
17.448
3.66839
26.9883
5.48503
35.4455
4.71637
45.8663
-47.0232
-5.93549
-36.4087
-6.59162
-27.8894
-4.73702
-18.3743
-0.577602
17.2084
3.55094
26.6419
5.32671
34.9956
4.53388
45.2794
-46.7182
-6.04221
-36.2254
-6.71707
-27.8142
-4.91201
-18.426
-0.83341
16.7433
3.2053
26.0189
4.90588
34.2125
4.05545
44.3077
-46.7342
-6.54175
-36.6078
-7.432
-28.7844
-6.10125
-20.6596
-3.22345
14.5452
-17.8045
-1.60447
11.3614
24.8527
42.4665
70.8028
28866.7
28827.4
28788.1
28748.7
28709.3
28669.9
28630.6
28591.3
28552.2
28513.1
28474.2
28435.3
28396.6
28357.9
28319.3
0.1903
0.147799
0.0935696
0.0337099
-0.0255656
-0.0787789
-0.121737
-0.151752
-0.167605
-0.169337
-0.157971
-0.135237
-0.103326
-0.064714
-0.0220278
0.335395
0.259092
0.161987
0.0553659
-0.0494732
-0.142793
-0.217355
-0.268724
-0.29509
-0.296829
-0.275955
-0.235615
-0.179668
-0.112379
-0.0382256
0.510666
0.391241
0.239972
0.075287
-0.0848568
-0.225525
-0.336132
-0.410665
-0.447176
-0.44691
-0.413387
-0.351588
-0.267342
-0.166907
-0.0567203
0.733272
0.555232
0.331369
0.0906645
-0.139717
-0.338318
-0.49098
-0.590628
-0.636035
-0.630247
-0.579092
-0.490005
-0.371204
-0.231185
-0.0784691
1.0267
0.765034
0.439598
0.0957118
-0.226364
-0.497056
-0.698846
-0.824832
-0.876091
-0.858949
-0.782726
-0.658136
-0.496284
-0.308158
-0.10444
1.42442
1.0386
0.566267
0.0789408
-0.3644
-0.724702
-0.982519
-1.13376
-1.18455
-1.14673
-1.03473
-0.863525
-0.647639
-0.40072
-0.135575
1.97585
1.39867
0.707922
0.0181793
-0.58548
-1.05484
-1.37277
-1.54316
-1.58161
-1.5087
-1.34593
-1.1136
-0.830024
-0.511507
-0.172716
2.75643
1.87231
0.848561
-0.128671
-0.940865
-1.53639
-1.91055
-2.0845
-2.09003
-1.96053
-1.72669
-1.41491
-1.04735
-0.642567
-0.216496
3.88513
2.48553
0.942664
-0.440573
-1.51293
-2.23933
-2.64854
-2.79427
-2.73347
-2.51671
-2.18537
-1.77201
-1.3019
-0.794911
-0.267196
5.55555
3.24202
0.877131
-1.06334
-2.43094
-3.25947
-3.65001
-3.71056
-3.53286
-3.18745
-2.72608
-2.18584
-1.59334
-0.967977
-0.324574
8.08537
4.04974
0.387097
-2.25901
-3.88799
-4.71761
-4.98146
-4.86512
-4.49994
-3.97417
-3.34564
-2.65194
-1.91764
-1.15908
-0.387694
11.9562
4.48433
-1.1196
-4.47193
-6.14441
-6.74148
-6.69311
-6.26849
-5.62761
-4.86364
-4.03035
-3.15865
-2.26619
-1.363
-0.454816
17.5326
3.05099
-4.87791
-8.36478
-9.47626
-9.41079
-8.78101
-7.88809
-6.87837
-5.82243
-4.75347
-3.68609
-2.62546
-1.57192
-0.523381
22.2775
-4.93518
-13.0782
-14.633
-13.9851
-12.6444
-11.1321
-9.62447
-8.17536
-6.79421
-5.475
-4.2068
-2.97765
-1.77584
-0.590169
0.545532
1.644
2.76515
3.92573
5.14515
6.44722
7.86243
9.43162
11.2112
13.2804
15.7485
18.7445
22.2974
25.6122
23.0124
0.556416
1.67701
2.82139
4.00729
5.25556
6.5923
8.05209
9.68343
11.5585
13.792
16.5811
20.3036
25.8025
35.382
56.9524
0.561917
1.69349
2.84881
4.04555
5.30455
6.65196
8.12262
9.766
11.657
13.9178
16.7654
20.629
26.474
36.8249
59.3988
0.562044
1.69349
2.84746
4.04058
5.29217
6.62604
8.07324
9.67662
11.4987
13.6361
16.2443
19.5785
24.0164
29.7796
34.4461
0.557064
1.67785
2.81893
3.99501
5.22265
6.52143
7.91541
9.43535
11.1216
13.0274
15.2192
17.7614
20.6386
23.4961
25.1604
0.547462
1.64811
2.76612
3.91365
5.10376
6.35071
7.67013
9.07862
10.592
12.22
13.9508
15.7118
17.2746
18.0413
16.5601
0.533886
1.60633
2.6928
3.80272
4.94539
6.1297
7.36301
8.64903
9.98294
11.3413
12.6614
13.7998
14.4633
14.1477
12.4747
0.517069
1.5548
2.60322
3.66904
4.75814
5.87466
7.01931
8.1862
9.35687
10.4893
11.4981
12.2177
12.3322
11.1966
7.09687
0.497756
1.49586
2.50156
3.51921
4.55186
5.60009
6.66018
7.72077
8.75736
9.72328
10.5357
11.0557
11.0691
10.304
8.72877
0.476641
1.43165
2.39161
3.35898
4.33475
5.31731
6.30073
7.27202
8.20693
9.06389
9.77625
10.2456
10.3467
9.97414
9.19407
0.454328
1.36401
2.27652
3.19293
4.11295
5.03395
5.94971
6.84855
7.71066
8.50492
9.18561
9.69138
9.95318
9.92727
9.69121
0.431308
1.2944
2.15872
3.0244
3.89047
4.75423
5.61048
6.4506
7.26152
8.02486
8.71645
9.30657
9.75948
10.0264
10.0102
0.407958
1.22394
2.03997
2.8556
3.6696
4.47973
5.28246
6.07294
6.84545
7.59464
8.3178
9.01706
9.695
10.3221
10.747
0.384564
1.15345
1.92152
2.68793
3.45144
4.2104
4.96296
5.70777
6.44561
7.18253
7.93575
8.74239
9.66586
10.7582
11.7277
0.36134
1.08353
1.80423
2.52228
3.23645
3.94552
4.64885
5.34748
6.04641
6.75913
7.51664
8.38662
9.51947
11.2797
14.6926
0.338452
1.01466
1.68877
2.35935
3.025
3.68463
4.33802
4.98699
5.63765
6.30464
7.01945
7.84832
8.93742
10.6536
14.1273
0.316047
0.947252
1.57578
2.19985
2.81775
3.42809
4.03027
4.62534
5.21758
5.81697
6.44308
7.12932
7.9199
8.80716
9.28905
0.294261
0.881703
1.46589
2.04463
2.61575
3.17724
3.72747
4.26568
4.79254
5.31078
5.82498
6.33789
6.83528
7.24223
7.36973
0.273227
0.818417
1.35979
1.89471
2.42046
2.93421
3.43304
3.91392
4.37352
4.80741
5.20779
5.55728
5.81347
5.8714
5.45749
0.253073
0.757788
1.25817
1.75117
2.23351
2.70156
3.15109
3.57696
3.97235
4.32732
4.62597
4.84147
4.92938
4.82827
4.52657
0.233913
0.700173
1.16167
1.61503
2.0565
2.48177
2.88558
3.26118
3.59928
3.88637
4.10191
4.21429
4.17657
3.92445
3.36197
0.215841
0.645866
1.07084
1.48716
1.89075
2.27688
2.63967
2.97145
3.26165
3.49514
3.6495
3.69137
3.57266
3.23617
2.69987
0.198922
0.595067
0.986037
1.36812
1.73714
2.08823
2.41532
2.71059
2.96342
3.15886
3.27523
3.27998
3.12002
2.68667
1.63885
0.183184
0.547864
0.907409
1.25815
1.596
1.91623
2.21308
2.47923
2.70507
2.87751
2.9785
2.98299
2.85725
2.5639
2.12637
0.168619
0.50423
0.8349
1.15713
1.46711
1.76049
2.03216
2.27589
2.4838
2.64579
2.74879
2.77647
2.71088
2.54127
2.28886
0.155186
0.464031
0.768254
1.06464
1.34975
1.61983
1.87067
2.09743
2.29444
2.45505
2.57141
2.63472
2.63677
2.57616
2.48059
0.142814
0.427044
0.707056
0.979976
1.24283
1.49255
1.72591
1.93963
2.13039
2.29506
2.43089
2.53555
2.6062
2.63534
2.59629
0.131415
0.392989
0.650789
0.902307
1.14506
1.37663
1.59481
1.79778
1.98446
2.15511
2.31203
2.46
2.60449
2.74189
2.83591
0.12089
0.361556
0.59889
0.830733
1.05505
1.27002
1.47429
1.66725
1.84969
2.02471
2.1994
2.3869
2.60772
2.8786
3.12056
0.111141
0.332439
0.550807
0.764394
0.971526
1.17086
1.36163
1.54406
1.72007
1.89458
2.07788
2.29068
2.57621
3.03541
3.94835
0.102077
0.305358
0.506051
0.702543
0.893429
1.07766
1.25478
1.42533
1.59151
1.75835
1.93591
2.14398
2.42411
2.87716
3.80849
0.093621
0.280079
0.464214
0.644591
0.819963
0.989403
1.1525
1.30965
1.46251
1.61469
1.77275
1.94727
2.15196
2.38679
2.51951
0.0857101
0.256414
0.424993
0.590121
0.750623
0.905562
1.05436
1.19696
1.33399
1.46698
1.59819
1.72964
1.85891
1.96738
2.00593
0.0782979
0.234227
0.388171
0.53887
0.685155
0.825995
0.960539
1.08814
1.20831
1.3205
1.42348
1.51354
1.58032
1.59654
1.48906
0.0713497
0.213419
0.353608
0.49069
0.623474
0.750808
0.871551
0.984494
1.08817
1.18045
1.25775
1.31362
1.33686
1.31163
1.23551
0.0648398
0.193921
0.321207
0.445499
0.565585
0.680207
0.78799
0.887297
0.975963
1.05082
1.10692
1.13637
1.12709
1.06207
0.914898
0.0587463
0.175672
0.290888
0.403234
0.511498
0.614365
0.710324
0.797499
0.873356
0.934235
0.97461
0.986034
0.956052
0.869586
0.731708
0.0530476
0.158611
0.262567
0.36381
0.461164
0.553327
0.638769
0.715572
0.781162
0.831901
0.862418
0.864466
0.824251
0.712815
0.437962
0.0477193
0.142668
0.236134
0.327092
0.414443
0.496964
0.573223
0.641441
0.699295
0.743622
0.77001
0.772262
0.741922
0.669542
0.561634
0.0427323
0.127756
0.211447
0.292882
0.371081
0.444959
0.51327
0.574518
0.626833
0.667814
0.694376
0.702707
0.6888
0.650952
0.597014
0.0380523
0.113772
0.188329
0.260926
0.330726
0.396826
0.458231
0.51381
0.562252
0.602031
0.631415
0.648607
0.652319
0.643548
0.630721
0.0336405
0.100597
0.166576
0.230918
0.292945
0.351961
0.407247
0.458068
0.503698
0.543481
0.576934
0.603884
0.624522
0.638976
0.645309
0.0294547
0.0881022
0.145964
0.202521
0.257261
0.309694
0.359373
0.40594
0.449215
0.489338
0.526981
0.563559
0.601034
0.640061
0.674347
0.0254516
0.0761549
0.126262
0.17539
0.223185
0.269347
0.313667
0.356108
0.396933
0.436929
0.477783
0.522628
0.576483
0.644456
0.714748
0.0215882
0.0646235
0.107242
0.149189
0.19025
0.230285
0.269275
0.307409
0.345237
0.383936
0.425828
0.475454
0.542148
0.64726
0.847632
0.0178233
0.0533835
0.0886914
0.123606
0.158033
0.191956
0.225484
0.258931
0.292947
0.328739
0.368516
0.416442
0.481151
0.583933
0.791722
0.0141192
0.0423203
0.0704169
0.0983665
0.126172
0.153907
0.181756
0.210069
0.239433
0.270786
0.305559
0.345793
0.393732
0.447707
0.474516
0.0104416
0.0313314
0.0522473
0.0732312
0.0943636
0.115784
0.137715
0.160485
0.184547
0.210469
0.238822
0.269807
0.302139
0.330369
0.34289
0.00676015
0.0203258
0.0340331
0.0479964
0.0623604
0.0773134
0.0930978
0.110011
0.12838
0.148474
0.17027
0.1929
0.21341
0.223955
0.204104
0.00304773
0.00922338
0.0156438
0.0224868
0.0299526
0.0382709
0.0477035
0.0585338
0.0710242
0.0853079
0.101149
0.117477
0.131616
0.138663
0.134985
-0.000719849
-0.00204758
-0.00303677
-0.00345185
-0.00304276
-0.00154018
0.00134488
0.0059109
0.0124311
0.021069
0.0317016
0.0435849
0.0547572
0.0608298
0.0507648
-0.00456467
-0.0135523
-0.0221137
-0.0299597
-0.0367935
-0.0423064
-0.0461752
-0.0480623
-0.047625
-0.0445468
-0.0386058
-0.0298038
-0.0185499
-0.00578676
0.00753601
-0.00850742
-0.0253518
-0.0416853
-0.0571676
-0.0714576
-0.0842096
-0.0950661
-0.103643
-0.109508
-0.112143
-0.110892
-0.104887
-0.0928967
-0.0727838
-0.0385005
-0.0125681
-0.0375049
-0.061846
-0.0852007
-0.107186
-0.127425
-0.145535
-0.161102
-0.173628
-0.18243
-0.186472
-0.184117
-0.172877
-0.149614
-0.114198
-0.0167668
-0.0500706
-0.0826899
-0.114182
-0.144124
-0.172115
-0.197764
-0.220667
-0.240329
-0.256017
-0.266486
-0.269512
-0.261199
-0.234879
-0.177002
-0.0211247
-0.0631108
-0.104315
-0.144238
-0.182415
-0.218427
-0.251897
-0.282478
-0.309783
-0.333222
-0.351662
-0.362775
-0.362021
-0.342051
-0.298543
-0.0256649
-0.0766933
-0.126827
-0.175503
-0.222207
-0.266499
-0.308032
-0.346561
-0.381916
-0.413892
-0.441922
-0.464272
-0.476179
-0.465562
-0.401379
-0.0304141
-0.090896
-0.150351
-0.208135
-0.263671
-0.316485
-0.36625
-0.412842
-0.456391
-0.497299
-0.536119
-0.573014
-0.605974
-0.626264
-0.613981
-0.0354035
-0.105811
-0.175034
-0.242327
-0.307024
-0.368585
-0.426668
-0.481233
-0.532697
-0.582149
-0.631648
-0.684483
-0.744563
-0.809578
-0.824961
-0.04067
-0.121548
-0.201055
-0.27832
-0.352553
-0.423098
-0.489525
-0.551774
-0.610395
-0.666963
-0.724856
-0.790915
-0.879718
-1.02735
-1.34656
-0.0462567
-0.138238
-0.228632
-0.316417
-0.40064
-0.480468
-0.555281
-0.624832
-0.689516
-0.750852
-0.812388
-0.881548
-0.974012
-1.12597
-1.43429
-0.052213
-0.156029
-0.258019
-0.356988
-0.451778
-0.541318
-0.624689
-0.701267
-0.770958
-0.834599
-0.894621
-0.955994
-1.02698
-1.116
-1.20244
-0.0585928
-0.175087
-0.289504
-0.400458
-0.506562
-0.606449
-0.698812
-0.782483
-0.856598
-0.920856
-0.975911
-1.02376
-1.06743
-1.10782
-1.13372
-0.0654528
-0.195586
-0.323394
-0.447295
-0.565662
-0.676805
-0.778968
-0.870334
-0.949082
-1.0135
-1.0622
-1.09442
-1.11016
-1.1097
-1.09065
-0.0728489
-0.2177
-0.359996
-0.497974
-0.629776
-0.753397
-0.86662
-0.966946
-1.05151
-1.11706
-1.15994
-1.17651
-1.16414
-1.12448
-1.07183
-0.0808325
-0.241589
-0.399597
-0.552942
-0.699571
-0.837208
-0.963228
-1.0745
-1.16716
-1.23634
-1.27596
-1.27869
-1.23708
-1.14827
-1.0278
-0.0894468
-0.267386
-0.442435
-0.612573
-0.775611
-0.929084
-1.07008
-1.19498
-1.2991
-1.37616
-1.4176
-1.41167
-1.3428
-1.19404
-0.976445
-0.0987238
-0.29519
-0.488685
-0.677133
-0.858293
-1.02963
-1.1881
-1.32989
-1.44983
-1.54072
-1.59212
-1.58835
-1.50401
-1.28761
-0.779001
-0.108683
-0.325057
-0.538438
-0.746755
-0.947798
-1.1391
-1.31772
-1.47996
-1.62073
-1.73271
-1.80496
-1.82099
-1.75692
-1.58412
-1.3103
-0.119329
-0.357002
-0.591708
-0.82143
-1.04407
-1.25737
-1.45873
-1.64494
-1.81163
-1.9523
-2.05683
-2.10927
-2.08532
-1.95078
-1.65244
-0.130661
-0.391008
-0.648439
-0.901021
-1.14683
-1.38392
-1.61025
-1.82349
-2.02059
-2.19698
-2.34489
-2.45059
-2.49053
-2.43119
-2.26359
-0.142668
-0.427039
-0.708537
-0.985317
-1.25564
-1.51795
-1.77087
-2.01323
-2.24394
-2.46143
-2.66226
-2.83759
-2.96469
-2.98677
-2.75673
-0.155345
-0.465066
-0.771912
-1.07409
-1.37003
-1.6585
-1.93881
-2.21108
-2.47648
-2.73745
-2.99734
-3.25808
-3.51178
-3.71746
-3.77339
-0.168695
-0.505088
-0.838527
-1.16721
-1.48961
-1.80471
-2.11234
-2.41369
-2.7121
-3.01423
-3.33183
-3.68345
-4.09224
-4.55213
-4.79371
-0.182739
-0.54716
-0.908448
-1.26468
-1.61425
-1.95611
-2.29024
-2.61836
-2.94512
-3.28028
-3.64269
-4.06914
-4.63722
-5.5384
-7.36372
-0.197519
-0.591407
-0.981879
-1.36679
-1.74424
-2.11287
-2.47231
-2.82396
-3.17232
-3.5274
-3.90908
-4.35647
-4.95087
-5.88293
-7.68269
-0.213096
-0.638026
-1.05918
-1.47407
-1.88035
-2.27602
-2.6598
-3.03183
-3.39486
-3.75605
-4.12984
-4.54171
-5.03005
-5.62489
-6.17589
-0.22955
-0.68727
-1.14082
-1.58732
-2.02384
-2.44743
-2.85544
-3.24597
-3.61868
-3.97596
-4.32415
-4.67386
-5.03526
-5.39731
-5.6768
-0.246962
-0.73941
-1.22735
-1.70752
-2.1763
-2.62965
-3.06321
-3.47247
-3.85322
-4.20217
-4.5174
-4.7979
-5.04002
-5.22706
-5.3037
-0.265398
-0.79468
-1.31928
-1.83563
-2.33946
-2.82562
-3.28786
-3.71877
-4.10985
-4.4518
-4.73478
-4.94858
-5.08305
-5.13348
-5.13081
-0.284885
-0.853199
-1.41694
-1.97242
-2.5149
-3.03821
-3.53427
-3.99271
-4.40059
-4.74237
-5.0002
-5.15436
-5.18442
-5.07679
-4.86293
-0.305384
-0.914889
-1.52035
-2.11823
-2.70364
-3.26971
-3.8068
-4.30177
-4.73723
-5.09124
-5.3376
-5.44631
-5.38142
-5.09384
-4.58436
-0.326761
-0.979385
-1.62902
-2.2727
-2.90582
-3.52132
-4.10859
-4.65215
-5.13042
-5.51487
-5.77059
-5.8588
-5.73304
-5.26499
-3.7029
-0.348762
-1.04595
-1.74184
-2.43449
-3.12022
-3.79254
-4.44071
-5.04786
-5.58877
-6.02787
-6.3199
-6.41988
-6.32235
-6.19585
-6.87958
-0.370994
-1.11342
-1.85689
-2.60108
-3.34393
-4.08053
-4.80131
-5.48958
-6.11781
-6.64299
-7.00258
-7.11808
-6.93176
-6.56406
-6.91503
-0.39292
-1.18017
-1.97145
-2.76859
-3.57199
-4.37948
-5.18447
-5.97297
-6.7184
-7.37311
-7.85473
-8.02586
-7.6671
-6.43315
-3.62743
-0.413862
-1.24413
-2.08192
-2.93174
-3.79721
-4.68016
-5.57909
-6.48626
-7.38196
-8.22342
-8.92248
-9.30158
-9.01022
-7.39372
-3.4295
-0.433033
-1.30287
-2.18403
-3.08403
-4.01029
-4.96973
-5.96798
-7.00749
-8.08319
-9.17258
-10.2124
-11.0428
-11.2736
-9.98463
-5.24183
-0.449586
-1.35375
-2.27304
-3.21808
-4.20031
-5.23232
-6.32821
-7.50358
-8.7749
-10.1561
-11.6478
-13.2005
-14.5922
-14.974
-11.0409
-0.462671
-1.39411
-2.34417
-3.3263
-4.35575
-5.45056
-6.63322
-7.93304
-9.39025
-11.063
-13.0407
-15.4701
-18.612
-22.96
-29.443
-12.122
-27.5933
-26.0713
-22.2667
-18.7352
-15.7753
-13.2967
-11.1752
-9.31216
-7.63613
-6.09557
-4.65259
-3.27832
-1.94965
-0.647052
-118.788
-61.9406
-39.9804
-29.1363
-22.6729
-18.279
-15.0039
-12.3939
-10.2066
-8.30031
-6.58659
-5.00628
-3.51737
-2.08803
-0.692375
-132.04
-72.0608
-46.1699
-32.9635
-25.1734
-20.0057
-16.2492
-13.3192
-10.9057
-8.83076
-6.98497
-5.29648
-3.71504
-2.20302
-0.730123
-72.4583
-58.5088
-43.5505
-33.0294
-25.8527
-20.7522
-16.9206
-13.8858
-11.3697
-9.20206
-7.27408
-5.51235
-3.86449
-2.29083
-0.759087
-51.1087
-45.657
-37.8496
-30.7727
-25.0902
-20.6175
-17.0386
-14.0923
-11.5916
-9.40691
-7.44775
-5.64911
-3.96242
-2.34952
-0.778627
-32.4372
-34.4412
-31.6414
-27.5474
-23.4876
-19.8621
-16.7173
-13.9893
-11.594
-9.45514
-7.50993
-5.70812
-4.00909
-2.37904
-0.788692
-23.9249
-26.5612
-26.3319
-24.2984
-21.5834
-18.7728
-16.1064
-13.6552
-11.4184
-9.36885
-7.4725
-5.69576
-4.00785
-2.38098
-0.789755
-13.3104
-20.671
-22.2751
-21.5226
-19.7454
-17.5833
-15.3461
-13.1722
-11.1127
-9.17616
-7.35201
-5.6217
-3.96421
-2.35817
-0.782681
-16.0711
-18.7785
-19.8549
-19.4584
-18.1748
-16.4459
-14.5418
-12.6097
-10.7215
-8.90543
-7.16632
-5.49707
-3.88482
-2.31413
-0.768576
-16.7942
-18.0185
-18.4575
-18.0101
-16.9133
-15.4302
-13.7567
-12.0169
-10.2803
-8.58123
-6.93209
-5.33286
-3.77657
-2.25263
-0.748635
-17.5141
-17.8037
-17.6757
-17.0126
-15.9202
-14.5467
-13.0178
-11.4216
-9.81302
-8.22232
-6.66321
-5.13881
-3.64584
-2.17728
-0.724023
-17.9879
-17.879
-17.2655
-16.3133
-15.1221
-13.7712
-12.3256
-10.835
-9.33328
-7.84146
-6.3702
-4.92293
-3.49816
-2.09128
-0.695795
-19.1501
-18.3047
-17.0903
-15.7801
-14.4349
-13.0613
-11.6647
-10.2559
-8.84669
-7.44631
-6.06053
-4.69141
-3.33805
-1.99738
-0.664859
-20.7862
-18.9867
-16.9816
-15.271
-13.7675
-12.3673
-11.0123
-9.67725
-8.3539
-7.04102
-5.73927
-4.44893
-3.16913
-1.89781
-0.631973
-25.8311
-19.8116
-16.6684
-14.618
-13.0283
-11.6419
-10.346
-9.09041
-7.85384
-6.62799
-5.41008
-4.19912
-2.99431
-1.79443
-0.597774
-24.7581
-18.6389
-15.5963
-13.6452
-12.1478
-10.8536
-9.65165
-8.49038
-7.3463
-6.20943
-5.07605
-3.94503
-2.81605
-1.68883
-0.562799
-16.1462
-15.3297
-13.7662
-12.3574
-11.1261
-10.0013
-8.92904
-7.87838
-6.83375
-5.78844
-4.74037
-3.68951
-2.63658
-1.58238
-0.527524
-12.7346
-12.5391
-11.8288
-10.9461
-10.0304
-9.11243
-8.19143
-7.2622
-6.32165
-5.36937
-4.40661
-3.43542
-2.45799
-1.47638
-0.492383
-9.35391
-10.1059
-10.0111
-9.55777
-8.93632
-8.22566
-7.45953
-6.65384
-5.81769
-4.95756
-4.07871
-3.18565
-2.28231
-1.37203
-0.457775
-7.71423
-8.26079
-8.44243
-8.28615
-7.90414
-7.3774
-6.75509
-6.06663
-5.33038
-4.55873
-3.76065
-2.94303
-2.11143
-1.27044
-0.424065
-5.68095
-6.66908
-7.10836
-7.17127
-6.97247
-6.59547
-6.09659
-5.51258
-4.86764
-4.17825
-3.45615
-2.71012
-1.94706
-1.17259
-0.391574
-4.53474
-5.4585
-6.03565
-6.23811
-6.16454
-5.89817
-5.49718
-5.00083
-4.43577
-3.82048
-3.16826
-2.48904
-1.7906
-1.07928
-0.360565
-2.72839
-4.4886
-5.22312
-5.49663
-5.49047
-5.29435
-4.96399
-4.5368
-4.03875
-3.48834
-2.8991
-2.2813
-1.64307
-0.991109
-0.331232
-3.48907
-4.23098
-4.73072
-4.94935
-4.94829
-4.78375
-4.49801
-4.12195
-3.6781
-3.18316
-2.64977
-2.08775
-1.50508
-0.90843
-0.303693
-3.72176
-4.14151
-4.43354
-4.55462
-4.51963
-4.3573
-4.09476
-3.75415
-3.35292
-2.90469
-2.4203
-1.90855
-1.37679
-0.831365
-0.277992
-3.97336
-4.14073
-4.25504
-4.26825
-4.17937
-4.00043
-3.74569
-3.42846
-3.06035
-2.65131
-2.20982
-1.74323
-1.25797
-0.759819
-0.254104
-4.11369
-4.17677
-4.14675
-4.05277
-3.90165
-3.69619
-3.44001
-3.13808
-2.79621
-2.42045
-2.01678
-1.59088
-1.14811
-0.693523
-0.231946
-4.41012
-4.27745
-4.08285
-3.87695
-3.66163
-3.42716
-3.16609
-2.87544
-2.55558
-2.20897
-1.83916
-1.45023
-1.04645
-0.63208
-0.211394
-4.78519
-4.42111
-4.02677
-3.70765
-3.43491
-3.17658
-2.91271
-2.63306
-2.33351
-2.01358
-1.67482
-1.31991
-0.952122
-0.575023
-0.192301
-5.92057
-4.58576
-3.91844
-3.50613
-3.19817
-2.92982
-2.67027
-2.40449
-2.1256
-1.83126
-1.52168
-1.19851
-0.864264
-0.521869
-0.174511
-5.65432
-4.28684
-3.63299
-3.23212
-2.9339
-2.67693
-2.43216
-2.185
-1.92841
-1.65952
-1.37796
-1.08482
-0.782058
-0.472158
-0.157878
-3.63934
-3.49232
-3.17185
-2.8868
-2.64097
-2.41556
-2.19568
-1.97207
-1.73974
-1.49657
-1.24227
-0.97779
-0.704808
-0.425487
-0.142267
-2.83316
-2.81823
-2.68609
-2.51424
-2.33383
-2.15035
-1.96177
-1.76517
-1.5586
-1.34133
-1.11366
-0.876661
-0.631955
-0.381521
-0.127569
-2.02437
-2.22551
-2.22789
-2.14759
-2.0288
-1.88867
-1.73341
-1.56518
-1.38487
-1.1933
-0.991514
-0.780881
-0.563076
-0.339996
-0.113694
-1.63006
-1.77079
-1.82709
-1.80765
-1.73859
-1.63748
-1.51406
-1.37355
-1.21897
-1.05237
-0.875503
-0.690074
-0.497855
-0.300708
-0.10057
-1.14452
-1.37468
-1.47889
-1.50214
-1.47062
-1.40177
-1.30656
-1.19169
-1.06139
-0.918556
-0.765431
-0.603978
-0.436053
-0.263493
-0.0881416
-0.876863
-1.06602
-1.18688
-1.23466
-1.22856
-1.18435
-1.11269
-1.02053
-0.91251
-0.791879
-0.661136
-0.522371
-0.377466
-0.228213
-0.0763596
-0.483802
-0.804784
-0.945612
-1.00458
-1.01295
-0.985983
-0.933046
-0.860386
-0.772375
-0.672216
-0.562406
-0.44502
-0.321896
-0.194736
-0.0651778
-0.539775
-0.668641
-0.761177
-0.809613
-0.821855
-0.805639
-0.767083
-0.710887
-0.640664
-0.559246
-0.468928
-0.371649
-0.269123
-0.162924
-0.0545485
-0.513996
-0.557712
-0.607351
-0.639768
-0.65051
-0.640792
-0.613358
-0.571117
-0.516716
-0.452448
-0.380277
-0.301917
-0.218896
-0.13262
-0.0444193
-0.429792
-0.442654
-0.465468
-0.484959
-0.493357
-0.488235
-0.469901
-0.439778
-0.399611
-0.351128
-0.295917
-0.235415
-0.170925
-0.103651
-0.0347319
-0.348556
-0.320666
-0.325874
-0.337834
-0.345575
-0.344836
-0.334616
-0.315401
-0.288271
-0.25447
-0.215224
-0.171677
-0.124882
-0.0758217
-0.0254217
-0.185757
-0.175673
-0.181569
-0.19362
-0.203663
-0.208006
-0.205562
-0.196507
-0.181552
-0.161585
-0.137511
-0.110187
-0.0804099
-0.0489198
-0.0164182
-0.0446708
-0.0195584
-0.0329657
-0.0507795
-0.0656912
-0.0758716
-0.0810852
-0.081698
-0.0783014
-0.0715421
-0.0620467
-0.0503958
-0.0371221
-0.0227177
-0.00764619
0.260223
0.163335
0.118724
0.0900689
0.0690154
0.0528315
0.0402124
0.0303405
0.0226254
0.0166106
0.011929
0.00827485
0.0053849
0.00302375
0.000973576
0.390259
0.309958
0.259359
0.225662
0.200361
0.179077
0.159618
0.140895
0.122383
0.103847
0.0851991
0.0664212
0.0475291
0.0285519
0.00952295
0.514522
0.435985
0.388283
0.355449
0.328937
0.304073
0.278528
0.251317
0.222169
0.191172
0.158567
0.124653
0.089737
0.0541187
0.0180852
0.584837
0.540625
0.506906
0.480869
0.456389
0.42956
0.398612
0.363096
0.323252
0.279624
0.232853
0.183587
0.132437
0.0799766
0.0267437
0.675021
0.638004
0.620218
0.60523
0.58549
0.557926
0.521884
0.477895
0.426975
0.370267
0.308881
0.243835
0.176052
0.106374
0.0355803
0.718887
0.722048
0.73161
0.73291
0.720044
0.692197
0.650691
0.597521
0.534729
0.464169
0.387457
0.30599
0.220989
0.133547
0.044673
0.749458
0.801667
0.848759
0.870447
0.865019
0.835969
0.787612
0.723843
0.647889
0.562353
0.469345
0.370606
0.267625
0.161718
0.0540947
0.740154
0.884856
0.98357
1.02683
1.02642
0.993167
0.935251
0.858642
0.767716
0.665738
0.555219
0.438174
0.316298
0.191084
0.0639103
0.613822
0.999996
1.1569
1.21357
1.21063
1.16751
1.09589
1.0034
0.895228
0.775063
0.645634
0.509105
0.367292
0.221815
0.0741763
1.07185
1.27436
1.39987
1.44173
1.42276
1.36166
1.27103
1.15905
1.03109
0.890832
0.74099
0.58371
0.420837
0.254049
0.0849395
1.3694
1.60223
1.70093
1.71215
1.66417
1.57634
1.46102
1.32581
1.17549
1.01327
0.841518
0.662206
0.477104
0.287898
0.0962382
1.89866
2.02327
2.06275
2.0237
1.93327
1.81014
1.66483
1.50308
1.32818
1.14233
0.947307
0.744729
0.536226
0.323454
0.108105
2.32107
2.50344
2.47913
2.37095
2.22511
2.05935
1.88008
1.68949
1.48848
1.27779
1.05835
0.831374
0.598318
0.360804
0.120572
3.1832
3.12716
2.95379
2.74438
2.53079
2.31796
2.10321
1.88315
1.65552
1.41932
1.17463
0.922251
0.663511
0.400042
0.133673
4.03737
3.83238
3.45351
3.12074
2.83597
2.57792
2.33004
2.08209
1.82851
1.56677
1.29625
1.01756
0.731991
0.441299
0.147454
6.17334
4.65839
3.92123
3.46379
3.12261
2.83086
2.55692
2.28496
2.0072
1.72032
1.42357
1.11763
0.804037
0.484749
0.161974
6.4269
4.9443
4.19473
3.72613
3.37496
3.07143
2.78245
2.49187
2.19222
1.88074
1.55727
1.22304
0.880041
0.530623
0.177309
5.12775
4.72121
4.27316
3.90693
3.59426
3.30192
3.00911
2.70509
2.38547
2.04951
1.69845
1.33455
0.960508
0.579205
0.193551
4.68886
4.52697
4.29479
4.05058
3.79945
3.53276
3.24357
2.92916
2.59008
2.22877
1.84856
1.4531
1.04602
0.630812
0.210799
4.33076
4.38157
4.32479
4.19905
4.01547
3.77926
3.49557
3.17039
2.81015
2.42115
2.00927
1.57973
1.13719
0.685757
0.229151
4.15976
4.3109
4.40272
4.38771
4.26805
4.05874
3.77639
3.43597
3.05019
2.62945
2.18224
1.7154
1.23454
0.744297
0.248682
3.86868
4.28145
4.55487
4.64907
4.58291
4.38897
4.09754
3.73309
3.31451
2.85616
2.36885
1.86082
1.3384
0.806571
0.269429
3.61201
4.34878
4.83148
5.02181
4.98652
4.78693
4.46941
4.0678
3.60648
3.10297
2.56986
2.01625
1.44881
0.872536
0.291368
2.80822
4.59257
5.31115
5.55125
5.50425
5.2668
4.89971
4.444
3.92776
3.37035
2.78511
2.18128
1.56535
0.941907
0.314398
4.66562
5.5765
6.12313
6.28008
6.15427
5.8367
5.39156
4.86223
4.27765
3.65707
3.01327
2.35474
1.6871
1.01411
0.338322
5.84521
6.81339
7.20573
7.20528
6.93747
6.49522
5.9419
5.31885
4.65256
3.95993
3.25168
2.53453
1.81259
1.08824
0.362844
7.94551
8.45019
8.56113
8.31617
7.84184
7.23088
6.54069
5.80551
5.04577
4.27364
3.49627
2.71766
1.93974
1.16311
0.387568
9.65293
10.3604
10.1637
9.58637
8.84112
8.02158
7.17073
6.30925
5.44759
4.59099
3.74174
2.90032
2.066
1.23724
0.412011
13.1981
12.8987
12.0306
10.9732
9.89199
8.83406
7.80816
6.81313
5.84592
4.90325
3.98179
3.07806
2.18839
1.30892
0.435616
16.8034
15.8318
14.029
12.3766
10.9267
9.62432
8.42417
7.29772
6.22723
5.2008
4.20953
3.24605
2.30372
1.37631
0.457786
25.9431
19.3423
15.923
13.6395
11.859
10.3436
8.989
7.74347
6.57795
5.47393
4.41799
3.39935
2.40869
1.43754
0.477907
27.1864
20.6434
17.0283
14.5531
12.6073
10.9512
9.47813
8.13366
6.88599
5.71369
4.60055
3.53322
2.50012
1.49076
0.495382
22.22
19.9114
17.3419
15.0992
13.1543
11.4318
9.87796
8.45665
7.1417
5.91239
4.7513
3.64334
2.57507
1.53428
0.509651
20.774
19.3605
17.4286
15.4385
13.5469
11.7953
10.1858
8.70579
7.33796
6.06371
4.86518
3.72591
2.63093
1.56659
0.520221
20.2185
19.1696
17.5557
15.7095
13.8423
12.0602
10.4036
8.87708
7.46925
6.16246
4.93792
3.77773
2.66552
1.58641
0.526678
20.2794
19.371
17.8443
15.9951
14.0785
12.2381
10.531
8.96598
7.53038
6.2041
4.96598
3.79624
2.67714
1.59278
0.528707
20.9435
20.0018
18.357
16.3276
14.2617
12.3235
10.5598
8.96502
7.51561
6.18454
4.94656
3.7796
2.66463
1.58508
0.52611
21.2933
21.121
19.1369
16.6857
14.3563
12.2878
10.4713
8.86312
7.41868
6.10034
4.87784
3.72685
2.62752
1.56309
0.518828
21.2806
23.4985
20.2411
16.9591
14.2698
12.0772
10.2382
8.64752
7.23418
5.94961
4.75945
3.63824
2.56619
1.52709
0.506962
49.2839
29.6781
21.3624
16.8212
13.8383
11.621
9.83255
8.30881
6.96026
5.73333
4.5932
3.51551
2.48197
1.47791
0.490793
48.1088
28.0172
19.8623
15.6011
12.8753
10.867
9.24315
7.84847
6.60191
5.45677
4.3836
3.36213
2.37729
1.41697
0.470784
16.4608
18.0666
15.6585
13.3147
11.4142
9.8461
8.49462
7.28528
6.17314
5.13026
4.13809
3.18331
2.25558
1.34622
0.447569
6.55957
10.9035
11.41
10.7205
9.72216
8.67481
7.64741
6.65461
5.69629
4.76854
3.86662
2.98573
2.1211
1.26805
0.421913
2.75225
6.40521
7.99201
8.34068
8.06425
7.48969
6.77618
6.00001
5.19822
4.38888
3.58056
2.77686
1.9786
1.18506
0.394658
0.230726
3.34184
5.43396
6.39498
6.61336
6.40109
5.94846
5.36323
4.70541
4.00851
3.29131
2.56421
1.83281
1.09991
0.366647
-4.13075
0.986218
3.66154
4.96496
5.46152
5.4794
5.21283
4.77685
4.23974
3.64226
3.00892
2.35454
1.68808
1.015
0.338658
-0.471899
-1.42276
-2.39523
-3.40524
-4.47125
-5.61596
-6.86892
-8.27095
-9.88206
-11.7969
-14.177
-17.3269
-21.8913
-29.4456
-44.5343
-0.475456
-1.43408
-2.41632
-3.43969
-4.52462
-5.69641
-6.98824
-8.44607
-10.1372
-12.1657
-14.7022
-18.0421
-22.72
-29.7152
-40.6676
-0.471301
-1.42176
-2.39629
-3.41257
-4.49109
-5.65678
-6.94153
-8.38789
-10.0548
-12.0264
-14.4241
-17.4195
-21.2311
-26.0276
-31.4723
-0.459284
-1.38539
-2.33448
-3.32321
-4.37039
-5.49809
-6.73318
-8.10911
-9.66783
-11.4611
-13.548
-15.9807
-18.7571
-21.6918
-24.1212
-0.439731
-1.32602
-2.23302
-3.17541
-4.16914
-5.23199
-6.38399
-7.64748
-9.04625
-10.6021
-12.3262
-14.1982
-16.1247
-17.8613
-18.9093
-0.413355
-1.24592
-2.09617
-2.97625
-3.89875
-4.87672
-5.92327
-7.05058
-8.26753
-9.57491
-10.9562
-12.3614
-13.6819
-14.7196
-15.1715
-0.38112
-1.14814
-1.92949
-2.73465
-3.57289
-4.45285
-5.38177
-6.364
-7.39837
-8.47378
-9.56225
-10.6092
-11.522
-12.1635
-12.3639
-0.344104
-1.03602
-1.73899
-2.45998
-3.20531
-3.98001
-4.78695
-5.62526
-6.48815
-7.35955
-8.20983
-8.99102
-9.63347
-10.0484
-10.1435
-0.303374
-0.912867
-1.53044
-2.16096
-2.80833
-3.47494
-4.16073
-4.86193
-5.56939
-6.26641
-6.92649
-7.51157
-7.97238
-8.25324
-8.30402
-0.259897
-0.781621
-1.30896
-1.84507
-2.39211
-2.95068
-3.51908
-4.09233
-4.66105
-5.2102
-5.71812
-6.15636
-6.49121
-6.68812
-6.71965
-0.21449
-0.644756
-1.07871
-1.51825
-1.96434
-2.41657
-2.87256
-3.32726
-3.77226
-4.1952
-4.57943
-4.90453
-5.14795
-5.28835
-5.31051
-0.167798
-0.504199
-0.842874
-1.18486
-1.53042
-1.87872
-2.22733
-2.57186
-2.90554
-3.21889
-3.49985
-3.73436
-3.90771
-4.00682
-4.02317
-0.1203
-0.361366
-0.603727
-0.847885
-1.09378
-1.34053
-1.58616
-1.82733
-2.05912
-2.27495
-2.46673
-2.62535
-2.7417
-2.80802
-2.81963
-0.0723346
-0.217238
-0.362781
-0.509172
-0.656275
-0.80346
-0.949447
-1.09217
-1.22866
-1.35506
-1.46674
-1.55861
-1.6257
-1.66393
-1.67094
-32288.7
-32266.1
-32243.4
-32220.4
-32197
-32173.2
-32148.9
-32124
-32098.3
-32071.8
-32044.4
-32016.1
-31986.7
-31956.2
-31924.6
-98.4224
-140.427
56.5003
-0.632921
37.7757
2.55598
21.8359
-1.72134
-24.0589
-6.42144
-34.046
-8.24265
-42.8347
-7.24223
-54.1283
51.6076
5.06707
39.6004
6.02239
29.9884
4.04552
19.3188
-0.550674
-20.3789
-5.16822
-30.8845
-7.2106
-40.2639
-6.47201
-51.959
50.8485
5.32816
39.3051
6.19387
29.9411
4.19495
19.3958
-0.419512
-20.2372
-5.06333
-30.8267
-7.13784
-40.3009
-6.41841
-52.1006
51.1553
5.41297
39.5599
6.26232
30.1531
4.24
19.5491
-0.414198
-20.3932
-5.09556
-31.0988
-7.18269
-40.6976
-6.43558
-52.6668
51.9374
5.59056
40.2956
6.49235
30.8772
4.49203
20.2162
-0.205413
-20.7324
-4.93774
-31.9151
-6.99109
-42.2084
-5.97463
-55.3664
57.9722
7.63812
47.3665
9.48257
40.1401
8.82229
33.747
6.8356
-24.5442
71.9375
44.6439
28.3904
16.4381
5.49951
-7.25049
-55.5917
-53.8737
-8.26257
-2.01486
7.60871
3.56955
4.03559
-3.47363
-11.1077
-11.7511
-17.287
-14.9593
-19.4331
-12.9305
-13.0655
10.0587
9.89583
16.1182
11.5855
13.4441
7.89193
6.74068
-0.603102
-7.94456
-9.10943
-14.6496
-12.8655
-17.4037
-11.4127
-11.7043
10.6574
10.3727
16.4072
11.8741
13.6712
8.12198
6.94451
-0.408087
-7.76508
-8.95778
-14.5282
-12.7647
-17.335
-11.341
-11.6463
10.8031
10.5056
16.5618
11.9965
13.8
8.21161
7.0243
-0.384385
-7.79916
-9.00059
-14.6185
-12.8324
-17.4416
-11.3666
-11.6556
11.1052
10.8274
17.0077
12.4069
14.2918
8.64308
7.48846
-0.048454
-7.60326
-8.76811
-14.503
-12.5278
-17.2079
-10.5549
-10.5208
14.4915
14.696
22.3874
18.1797
21.9941
17.1416
19.0882
13.2728
11.0102
30.5014
28.7455
22.1964
14.9778
8.10741
2.44161
-34.7726
-30.5272
-16.3431
-8.25902
-2.88522
-1.90557
-2.28168
-5.04739
-8.2245
-10.0371
-11.8528
-11.8834
-11.839
-9.06242
-5.49767
2.04086
5.52771
8.12105
7.9428
7.56886
5.39862
3.07731
-0.661332
-4.40696
-6.75265
-8.96432
-9.41875
-9.708
-7.30907
-4.07314
3.07455
6.31482
8.72393
8.43592
7.97722
5.75093
3.38262
-0.393093
-4.17228
-6.55104
-8.79346
-9.27358
-9.58452
-7.19514
-3.96139
3.20383
6.4462
8.85612
8.55714
8.08872
5.84321
3.45587
-0.34823
-4.15474
-6.54826
-8.80252
-9.27525
-9.57309
-7.13597
-3.83806
3.44642
6.76246
9.24286
8.98018
8.55303
6.32083
3.94944
0.132512
-3.67742
-6.0193
-8.19515
-8.48278
-8.52848
-5.60531
-1.6456
6.73314
10.9714
14.5419
15.3242
16.3273
15.6693
15.6061
14.5928
15.2383
19.6624
19.7508
16.9675
13.0177
8.98204
5.70655
-24.3871
-21.4922
-15.6394
-10.6004
-7.05151
-5.42832
-5.15787
-6.02864
-7.30599
-8.31861
-8.98925
-8.91514
-8.17924
-6.32917
-3.65199
-0.142493
2.44633
4.11501
4.58197
4.28035
3.12292
1.45497
-0.709417
-2.88519
-4.58875
-5.80932
-6.20977
-5.88321
-4.41062
-2.07477
1.11842
3.45389
4.92461
5.24368
4.82868
3.58451
1.84747
-0.372989
-2.59601
-4.34051
-5.59633
-6.02598
-5.72239
-4.26511
-1.93772
1.25355
3.58568
5.05139
5.3619
4.93657
3.67915
1.92771
-0.308507
-2.54492
-4.29636
-5.55184
-5.96984
-5.64287
-4.14476
-1.76111
1.50234
3.901
5.42812
5.79041
5.41363
4.19914
2.49208
0.303494
-1.86552
-3.50951
-4.60628
-4.78606
-4.1242
-2.14832
0.866324
4.93708
8.20861
10.7114
12.1508
13.0527
13.3406
13.492
13.5245
14.0258
15.0671
14.8922
13.4193
11.1816
8.76264
6.66298
-18.5185
-16.7165
-13.7638
-10.7959
-8.44483
-7.00314
-6.39072
-6.42439
-6.76872
-7.09251
-7.19809
-6.89992
-6.12384
-4.787
-3.00486
-1.00011
0.689898
1.83941
2.32781
2.22417
1.5823
0.547435
-0.741156
-2.04345
-3.12038
-3.83536
-4.04773
-3.70873
-2.75532
-1.31102
0.397382
1.83814
2.7836
3.10844
2.87411
2.12774
1.00841
-0.349253
-1.70884
-2.83376
-3.5889
-3.83429
-3.52163
-2.58809
-1.15805
0.540389
1.97277
2.91012
3.22622
2.98263
2.22647
1.09758
-0.268526
-1.63352
-2.75866
-3.50718
-3.7372
-3.39914
-2.42875
-0.95109
0.803531
2.29454
3.29073
3.6649
3.48053
2.78674
1.7281
0.44628
-0.809658
-1.78774
-2.33788
-2.30131
-1.61213
-0.187167
1.85744
4.29193
6.55285
8.4121
9.75141
10.6621
11.2086
11.5488
11.7815
12.0356
12.2233
11.9032
10.9724
9.60679
8.0836
6.66885
-14.7332
-13.5976
-11.9103
-10.103
-8.52868
-7.38384
-6.6932
-6.3728
-6.26103
-6.18067
-5.98833
-5.57291
-4.87598
-3.8861
-2.67833
-1.40458
-0.288281
0.515723
0.926094
0.942961
0.607496
0.00519348
-0.753239
-1.52633
-2.17327
-2.58524
-2.67973
-2.4191
-1.80697
-0.927663
0.0616616
0.935542
1.53622
1.77829
1.65682
1.20793
0.512458
-0.322833
-1.15965
-1.85959
-2.31558
-2.44629
-2.215
-1.62613
-0.764924
0.210283
1.07265
1.66338
1.89645
1.76673
1.31047
0.608966
-0.230202
-1.06756
-1.76335
-2.20922
-2.32265
-2.06602
-1.44325
-0.539946
0.484293
1.40057
2.04903
2.34368
2.28095
1.89969
1.28548
0.551761
-0.153942
-0.682264
-0.914366
-0.756365
-0.159637
0.88168
2.2871
3.89673
5.47551
6.86156
7.96922
8.79623
9.37339
9.76063
10.0075
10.141
10.1107
9.79327
9.15177
8.25881
7.24834
6.26053
-12.0093
-11.2731
-10.2297
-9.0745
-7.99411
-7.11045
-6.46255
-6.02076
-5.70814
-5.43007
-5.09983
-4.65127
-4.05001
-3.29898
-2.44685
-1.58238
-0.816796
-0.241183
0.0909692
0.16905
0.0168823
-0.312282
-0.744271
-1.19093
-1.56457
-1.79237
-1.82314
-1.63567
-1.24343
-0.702786
-0.107881
0.426293
0.80517
0.971574
0.910942
0.643157
0.217781
-0.294277
-0.807619
-1.23679
-1.51072
-1.57961
-1.42335
-1.05637
-0.536017
0.0426247
0.563617
0.931644
1.08904
1.02103
0.747566
0.318552
-0.19453
-0.705494
-1.12798
-1.39002
-1.44101
-1.26021
-0.861735
-0.302986
0.320499
0.892227
1.31677
1.53709
1.54002
1.34809
1.01491
0.616885
0.246322
-0.00336162
-0.0526257
0.156798
0.652636
1.4262
2.42271
3.54594
4.6757
5.7119
6.59119
7.29013
7.81172
8.17461
8.39654
8.48227
8.41146
8.15001
7.69311
7.07998
6.38039
5.67097
-9.88139
-9.39086
-8.71008
-7.93827
-7.17625
-6.49758
-5.93511
-5.48272
-5.10551
-4.75463
-4.38172
-3.94953
-3.43974
-2.85748
-2.23316
-1.61783
-1.0718
-0.647559
-0.378348
-0.273359
-0.318916
-0.481748
-0.714234
-0.960738
-1.16596
-1.28325
-1.28089
-1.14719
-0.893644
-0.556107
-0.190033
0.140606
0.38002
0.491728
0.463301
0.305248
0.0478618
-0.263933
-0.576855
-0.837596
-1.00117
-1.03721
-0.935168
-0.70755
-0.39109
-0.0420697
0.274811
0.503177
0.606153
0.571123
0.408619
0.149153
-0.161953
-0.470878
-0.723695
-0.874781
-0.893185
-0.767883
-0.511053
-0.159279
0.231207
0.595807
0.878562
1.04353
1.07967
0.999854
0.837702
0.642441
0.4725
0.386914
0.436585
0.657506
1.06497
1.64966
2.37585
3.18572
4.01062
4.78817
5.47289
6.0394
6.4786
6.79156
6.98175
7.04897
6.98672
6.78817
6.45941
6.0256
5.52655
5.00656
-8.11669
-7.78256
-7.32151
-6.78791
-6.23836
-5.71737
-5.24914
-4.83644
-4.46498
-4.1109
-3.74898
-3.35958
-2.93383
-2.47656
-2.00657
-1.55351
-1.15147
-0.830734
-0.611232
-0.499029
-0.485888
-0.550962
-0.664063
-0.790045
-0.894008
-0.946498
-0.927831
-0.831313
-0.664864
-0.450573
-0.221215
-0.0137715
0.138713
0.213623
0.202265
0.110324
-0.0437624
-0.232021
-0.421284
-0.578376
-0.67532
-0.693692
-0.627872
-0.486707
-0.293097
-0.0805261
0.113422
0.25523
0.321958
0.304742
0.209257
0.0540783
-0.132553
-0.317095
-0.465937
-0.550639
-0.55233
-0.464989
-0.297123
-0.071343
0.179164
0.417218
0.609952
0.735437
0.786286
0.770162
0.708154
0.631515
0.577189
0.582405
0.679178
0.889581
1.22207
1.66937
2.20848
2.80386
3.41374
3.99814
4.52484
4.97199
5.32729
5.58532
5.74404
5.80211
5.75826
5.6138
5.377
5.06517
4.70285
4.31716
-6.58791
-6.35699
-6.03741
-5.66053
-5.25932
-4.86119
-4.48322
-4.13079
-3.79941
-3.47848
-3.15583
-2.82198
-2.47334
-2.11398
-1.75562
-1.41577
-1.1141
-0.868163
-0.689646
-0.582091
-0.540275
-0.551059
-0.595388
-0.651101
-0.696226
-0.712251
-0.686919
-0.616185
-0.505023
-0.366783
-0.220884
-0.0890555
0.00906586
0.0596962
0.0572212
0.00484283
-0.0862241
-0.198711
-0.312083
-0.405813
-0.462657
-0.471456
-0.429114
-0.341424
-0.222447
-0.0922034
0.0270764
0.115365
0.158606
0.151035
0.0958214
0.00426234
-0.106193
-0.214752
-0.300571
-0.346062
-0.339711
-0.278078
-0.166616
-0.0190378
0.14503
0.303871
0.43816
0.534805
0.589327
0.606524
0.59966
0.588443
0.596122
0.646041
0.758132
0.94584
1.21383
1.55687
1.96009
2.40112
2.85356
3.29119
3.69135
4.03684
4.31606
4.5221
4.65128
4.70204
4.6747
4.57244
4.40264
4.17747
3.91283
3.62609
-5.21916
-5.05907
-4.83584
-4.56815
-4.27582
-3.976
-3.68051
-3.39483
-3.11881
-2.84853
-2.57881
-2.3057
-2.02831
-1.74996
-1.47806
-1.22307
-0.996504
-0.808534
-0.665907
-0.57052
-0.51895
-0.502889
-0.510354
-0.527441
-0.540383
-0.537596
-0.511424
-0.459313
-0.38421
-0.294058
-0.200331
-0.11584
-0.0522327
-0.0177976
-0.0159998
-0.0449651
-0.0978795
-0.164163
-0.231203
-0.286402
-0.319215
-0.322898
-0.29569
-0.24123
-0.16805
-0.0881245
-0.0146722
0.0403388
0.0683965
0.0659044
0.0346963
-0.0183691
-0.0825916
-0.145179
-0.193303
-0.216159
-0.206723
-0.16294
-0.0881359
0.00950218
0.118406
0.225862
0.320557
0.394817
0.446101
0.477521
0.497421
0.518149
0.554218
0.620137
0.728188
0.88648
1.09754
1.35768
1.65725
1.98193
2.31471
2.63819
2.93661
3.19713
3.41023
3.56958
3.67147
3.71443
3.69905
3.62833
3.50802
3.3466
3.15464
2.94355
-3.96135
-3.85205
-3.69826
-3.51127
-3.30311
-3.08457
-2.86366
-2.64498
-2.42995
-2.21776
-2.00671
-1.79557
-1.5847
-1.37666
-1.17616
-0.989477
-0.823344
-0.683634
-0.574167
-0.495879
-0.446517
-0.42087
-0.411494
-0.40978
-0.407217
-0.396645
-0.373313
-0.335576
-0.285101
-0.226512
-0.166511
-0.112581
-0.0715547
-0.0483247
-0.0449528
-0.060317
-0.0903145
-0.128553
-0.167406
-0.199257
-0.21775
-0.21885
-0.201536
-0.16802
-0.123394
-0.0747488
-0.0298898
0.00410161
0.0221555
0.0221023
0.00502363
-0.0249555
-0.0613652
-0.0964529
-0.12244
-0.132777
-0.123213
-0.0924897
-0.0425536
0.0218044
0.0938503
0.166217
0.232368
0.287903
0.331467
0.365094
0.393982
0.425753
0.469323
0.533557
0.62589
0.751125
0.910577
1.1017
1.31826
1.55109
1.78924
2.02127
2.23646
2.42569
2.58181
2.69979
2.77655
2.81082
2.8031
2.75566
2.67261
2.55973
2.42401
2.27296
-2.77999
-2.70909
-2.60849
-2.48486
-2.34535
-2.19654
-2.04359
-1.88987
-1.73701
-1.58537
-1.43473
-1.28505
-1.13703
-0.992503
-0.85437
-0.726306
-0.612152
-0.515201
-0.437546
-0.379607
-0.339955
-0.315443
-0.301621
-0.293363
-0.285607
-0.274091
-0.255968
-0.230207
-0.197696
-0.161025
-0.123971
-0.0907641
-0.065274
-0.0502799
-0.0469493
-0.0546205
-0.0709052
-0.0920831
-0.113714
-0.131368
-0.141354
-0.141337
-0.130736
-0.110829
-0.0845445
-0.0559404
-0.0294768
-0.00920379
0.00197108
0.00279987
-0.00608913
-0.0222981
-0.0420584
-0.0608478
-0.0741258
-0.0780681
-0.0701849
-0.0497191
-0.017751
0.023024
0.0688216
0.115514
0.159453
0.198219
0.231134
0.259484
0.286384
0.316358
0.354666
0.406508
0.476207
0.566494
0.678009
0.809079
0.955829
1.1126
1.27258
1.42859
1.57372
1.70192
1.80833
1.88937
1.94281
1.9677
1.96434
1.93426
1.88016
1.80576
1.71548
1.61406
-1.64882
-1.60889
-1.55188
-1.48132
-1.40099
-1.31446
-1.22463
-1.13352
-1.04231
-0.951529
-0.861386
-0.772133
-0.684357
-0.599145
-0.51809
-0.443117
-0.376197
-0.318996
-0.272547
-0.237014
-0.211606
-0.194638
-0.183752
-0.176239
-0.169428
-0.161066
-0.149639
-0.134575
-0.116298
-0.0961066
-0.0759095
-0.057851
-0.0438961
-0.0354562
-0.03312
-0.0365371
-0.0444661
-0.0549767
-0.0657656
-0.0745363
-0.0793775
-0.0790819
-0.0733491
-0.0628374
-0.0490489
-0.034063
-0.0201625
-0.00942074
-0.00332748
-0.00252107
-0.0066729
-0.0145383
-0.0241606
-0.03319
-0.0392658
-0.0403978
-0.0352854
-0.023521
-0.00563909
0.0170028
0.042497
0.0687662
0.0939835
0.116952
0.137371
0.155953
0.174355
0.194958
0.220517
0.253743
0.296872
0.351293
0.417281
0.493882
0.578974
0.669472
0.761659
0.851566
0.935343
1.00955
1.07137
1.11869
1.15019
1.16525
1.16405
1.14745
1.11696
1.07466
1.02299
0.964574
-31894.6
-31866.5
-31837.7
-31808.2
-31778
-31747.2
-31715.8
-31683.8
-31651.2
-31618.2
-31584.8
-31550.9
-31516.7
-31482.2
-31447.4
-31412.4
-31377.1
-31341.7
-31306.2
-31270.5
-31234.7
-31198.9
-31162.9
-31126.9
-31090.8
-31054.6
-31018.3
-30982
-30945.6
-30909.1
-30872.6
-30836.1
-30799.6
-30763
-30726.4
-30689.8
-30653.2
-30616.6
-30580
-30543.3
-30506.6
-30469.9
-30433.1
-30396.3
-30359.5
-30322.6
-30285.8
-30248.9
-30212
-30175.2
-30138.3
-30101.4
-30064.6
-30027.7
-29990.8
-29953.9
-29917
-29880
-29843.1
-29806.1
-29769.2
-29732.3
-29695.4
-29658.6
-29621.8
-29585.1
-29548.4
-29511.9
-29475.4
-29439
-29402.8
-29366.7
-29330.7
-29295
-29259.5
-29224.2
-29189.3
-29154.7
-29120.5
-29086.8
-29053.5
-29020.7
-28988.4
-28956.7
-28925.5
-28894.9
-28864.7
-28835.2
-28806.1
-28777.4
-3.97656
0.575278
2.88333
4.0718
4.59703
4.70511
4.54671
4.21751
3.77881
3.26997
2.71632
2.13429
1.53462
0.924433
0.308718
1.1199
2.02762
3.0193
3.69128
4.03074
4.10252
3.97586
3.70761
3.34045
2.90512
2.42336
1.91039
1.37696
0.830784
0.277662
3.86729
3.39618
3.47498
3.64324
3.73213
3.69836
3.5466
3.29662
2.97025
2.58673
2.1616
1.70696
1.23206
0.744084
0.24881
5.07952
4.21485
3.84118
3.67454
3.55616
3.41219
3.21556
2.96204
2.65722
2.30994
1.92937
1.52378
1.10022
0.664688
0.222304
5.42899
4.5425
4.0003
3.65754
3.40577
3.17868
2.94142
2.67878
2.38664
2.06646
1.72218
1.35856
0.980379
0.59214
0.198024
5.31233
4.5258
3.95995
3.54955
3.23069
2.95536
2.69264
2.42503
2.1441
1.84708
1.53433
1.20791
0.870594
0.525472
0.175675
4.94778
4.2884
3.76412
3.35002
3.01208
2.71944
2.44878
2.18458
1.91768
1.64342
1.36017
1.06814
0.768621
0.46348
0.154882
4.45366
3.91587
3.45814
3.07431
2.74818
2.46154
2.19845
1.94686
1.6986
1.44875
1.19479
0.935869
0.672271
0.404947
0.135253
3.89418
3.4633
3.07825
2.7409
2.44481
2.18009
1.93662
1.7058
1.48113
1.25821
1.03436
0.808283
0.57965
0.348787
0.116435
3.30416
2.96488
2.65069
2.36624
2.11009
1.87739
1.66215
1.45859
1.26193
1.06858
0.876158
0.683256
0.48926
0.294115
0.0981381
2.70222
2.44139
2.19338
1.96329
1.7519
1.55725
1.376
1.2045
1.03941
0.878041
0.718436
0.559327
0.400022
0.240274
0.0801407
2.09787
1.90506
1.71818
1.54163
1.37698
1.2237
1.08011
0.943996
0.813172
0.685738
0.560221
0.435594
0.311229
0.186819
0.0622915
1.49532
1.36282
1.23264
1.1081
0.990671
0.880479
0.776736
0.678207
0.583547
0.49152
0.401118
0.311601
0.22248
0.133484
0.0444975
0.895721
0.818254
0.741487
0.667439
0.597135
0.53081
0.468152
0.408552
0.35129
0.295678
0.241133
0.187211
0.133608
0.0801391
0.0267121
-28746.5
-28713.3
-28680.6
-28648.4
-28616.7
-28585.4
-28554.4
-28523.8
-28493.4
-28463.2
-28433.3
-28403.5
-28373.8
-28344.3
-28314.8
)
;

boundaryField
{
    hot
    {
        type            calculated;
        value           nonuniform List<scalar> 
120
(
32285.3
0.0515116
0.0863686
0.121983
0.158574
0.19628
0.235122
0.274968
0.315496
0.356168
0.396204
0.434593
0.470128
0.501486
0.527355
0.545532
0.556416
0.561917
0.562044
0.557064
0.547462
0.533886
0.517069
0.497756
0.476641
0.454328
0.431308
0.407958
0.384564
0.36134
0.338452
0.316047
0.294261
0.273227
0.253073
0.233913
0.215841
0.198922
0.183184
0.168619
0.155186
0.142814
0.131415
0.12089
0.111141
0.102077
0.093621
0.0857101
0.0782979
0.0713497
0.0648398
0.0587463
0.0530476
0.0477193
0.0427323
0.0380523
0.0336405
0.0294547
0.0254516
0.0215882
0.0178233
0.0141192
0.0104416
0.00676015
0.00304773
-0.000719849
-0.00456467
-0.00850742
-0.0125681
-0.0167668
-0.0211247
-0.0256649
-0.0304141
-0.0354035
-0.04067
-0.0462567
-0.052213
-0.0585928
-0.0654528
-0.0728489
-0.0808325
-0.0894468
-0.0987238
-0.108683
-0.119329
-0.130661
-0.142668
-0.155345
-0.168695
-0.182739
-0.197519
-0.213096
-0.22955
-0.246962
-0.265398
-0.284885
-0.305384
-0.326761
-0.348762
-0.370994
-0.39292
-0.413862
-0.433033
-0.449586
-0.462671
-0.471899
-0.475456
-0.471301
-0.459284
-0.439731
-0.413355
-0.38112
-0.344104
-0.303374
-0.259897
-0.21449
-0.167798
-0.1203
-0.0723346
-32288.7
)
;
    }
    cold
    {
        type            calculated;
        value           nonuniform List<scalar> 
120
(
28319.3
-0.0220278
-0.0382256
-0.0567203
-0.0784691
-0.10444
-0.135575
-0.172716
-0.216496
-0.267196
-0.324574
-0.387694
-0.454816
-0.523381
-0.590169
-0.647052
-0.692375
-0.730123
-0.759087
-0.778627
-0.788692
-0.789755
-0.782681
-0.768576
-0.748635
-0.724023
-0.695795
-0.664859
-0.631973
-0.597774
-0.562799
-0.527524
-0.492383
-0.457775
-0.424065
-0.391574
-0.360565
-0.331232
-0.303693
-0.277992
-0.254104
-0.231946
-0.211394
-0.192301
-0.174511
-0.157878
-0.142267
-0.127569
-0.113694
-0.10057
-0.0881416
-0.0763596
-0.0651778
-0.0545485
-0.0444193
-0.0347319
-0.0254217
-0.0164182
-0.00764619
0.000973576
0.00952295
0.0180852
0.0267437
0.0355803
0.044673
0.0540947
0.0639103
0.0741763
0.0849395
0.0962382
0.108105
0.120572
0.133673
0.147454
0.161974
0.177309
0.193551
0.210799
0.229151
0.248682
0.269429
0.291368
0.314398
0.338322
0.362844
0.387568
0.412011
0.435616
0.457786
0.477907
0.495382
0.509651
0.520221
0.526678
0.528707
0.52611
0.518828
0.506962
0.490793
0.470784
0.447569
0.421913
0.394658
0.366647
0.338658
0.308718
0.277662
0.24881
0.222304
0.198024
0.175675
0.154882
0.135253
0.116435
0.0981381
0.0801407
0.0622915
0.0444975
0.0267121
-28314.8
)
;
    }
    interface_left
    {
        type            calculated;
        value           nonuniform List<scalar> 
90
(
23.0124
56.9524
59.3988
34.4461
25.1604
16.5601
12.4747
7.09687
8.72877
9.19407
9.69121
10.0102
10.747
11.7277
14.6926
14.1273
9.28905
7.36973
5.45749
4.52657
3.36197
2.69987
1.63885
2.12637
2.28886
2.48059
2.59629
2.83591
3.12056
3.94835
3.80849
2.51951
2.00593
1.48906
1.23551
0.914898
0.731708
0.437962
0.561634
0.597014
0.630721
0.645309
0.674347
0.714748
0.847632
0.791722
0.474516
0.34289
0.204104
0.134985
0.0507648
0.00753601
-0.0385005
-0.114198
-0.177002
-0.298543
-0.401379
-0.613981
-0.824961
-1.34656
-1.43429
-1.20244
-1.13372
-1.09065
-1.07183
-1.0278
-0.976445
-0.779001
-1.3103
-1.65244
-2.26359
-2.75673
-3.77339
-4.79371
-7.36372
-7.68269
-6.17589
-5.6768
-5.3037
-5.13081
-4.86293
-4.58436
-3.7029
-6.87958
-6.91503
-3.62743
-3.4295
-5.24183
-11.0409
-29.443
)
;
    }
    interface_right
    {
        type            calculated;
        value           nonuniform List<scalar> 
90
(
-12.122
-118.788
-132.04
-72.4583
-51.1087
-32.4372
-23.9249
-13.3104
-16.0711
-16.7942
-17.5141
-17.9879
-19.1501
-20.7862
-25.8311
-24.7581
-16.1462
-12.7346
-9.35391
-7.71423
-5.68095
-4.53474
-2.72839
-3.48907
-3.72176
-3.97336
-4.11369
-4.41012
-4.78519
-5.92057
-5.65432
-3.63934
-2.83316
-2.02437
-1.63006
-1.14452
-0.876863
-0.483802
-0.539775
-0.513996
-0.429792
-0.348556
-0.185757
-0.0446708
0.260223
0.390259
0.514522
0.584837
0.675021
0.718887
0.749458
0.740154
0.613822
1.07185
1.3694
1.89866
2.32107
3.1832
4.03737
6.17334
6.4269
5.12775
4.68886
4.33076
4.15976
3.86868
3.61201
2.80822
4.66562
5.84521
7.94551
9.65293
13.1981
16.8034
25.9431
27.1864
22.22
20.774
20.2185
20.2794
20.9435
21.2933
21.2806
49.2839
48.1088
16.4608
6.55957
2.75225
0.230726
-4.13075
)
;
    }
    interface_top
    {
        type            calculated;
        value           nonuniform List<scalar> 
90
(
-127.187
-209.711
113.385
-3.57149
60.4747
-1.58029
35.2839
-0.891223
-34.753
-0.380596
-47.1524
-0.196945
-61.0095
0.566263
-89.0226
86.7376
-2.17486
57.6535
-1.20384
42.6837
-0.956329
29.2877
-0.528897
-30.2717
-0.14325
-43.3807
0.00226679
-57.8836
0.730926
-86.0623
84.9148
-1.95181
56.9642
-1.04167
42.4637
-0.825533
29.2916
-0.424934
-30.1415
-0.060031
-43.36
0.069959
-57.9933
0.790019
-86.3657
85.3649
-1.91573
57.3015
-1.02611
42.745
-0.822918
29.5095
-0.427336
-30.3872
-0.0593751
-43.7642
0.0806825
-58.6038
0.82899
-87.3907
86.5687
-1.88448
58.2783
-0.964737
43.6716
-0.724613
30.3752
-0.272348
-31.096
0.173564
-45.2204
0.415347
-61.3458
1.36135
-93.1643
95.0648
-1.40481
66.9356
-0.281681
54.542
0.218466
46.0366
1.96237
-55.6436
105.468
54.6198
31.4805
16.9224
3.70747
-14.4875
)
;
    }
    interface_bottom
    {
        type            calculated;
        value           nonuniform List<scalar> 
90
(
35.1055
106.311
-79.158
2.4483
-48.1265
1.02355
-30.4446
0.294508
29.9557
-0.298791
41.7295
-0.625286
54.7648
-1.54377
80.5498
-80.699
0.883279
-53.9313
0.118405
-40.1816
-0.062913
-27.8644
-0.438581
26.9237
-0.827716
38.9322
-1.03234
52.1282
-1.85016
77.6194
-78.7126
0.594494
-52.8612
-0.0745039
-39.5264
-0.199408
-27.4946
-0.531398
26.4117
-0.889852
38.3188
-1.07686
51.4066
-1.88229
76.6372
-77.8507
0.542042
-52.3243
-0.116971
-39.1608
-0.246399
-27.2774
-0.588238
26.0873
-0.963631
37.8666
-1.17499
50.8067
-2.00925
75.7484
-77.2489
0.368486
-51.9858
-0.309641
-38.9741
-0.46948
-27.2392
-0.84614
25.526
-1.26389
37.1186
-1.52716
49.846
-2.41201
74.4487
-76.9164
-0.145511
-52.2037
-0.965494
-39.8595
-1.40263
-29.5018
-2.5351
26.3535
-30.7519
-5.00182
11.327
27.5762
51.4066
100.086
)
;
    }
    defaultFaces
    {
        type            empty;
    }
}


// ************************************************************************* //
