/*--------------------------------*- C++ -*----------------------------------*\
| =========                 |                                                 |
| \\      /  F ield         | OpenFOAM: The Open Source CFD Toolbox           |
|  \\    /   O peration     | Version:  5.x                                   |
|   \\  /    A nd           | Web:      www.OpenFOAM.org                      |
|    \\/     M anipulation  |                                                 |
\*---------------------------------------------------------------------------*/
FoamFile
{
    version     2.0;
    format      ascii;
    class       volScalarField;
    location    "3.5";
    object      gradTy;
}
// * * * * * * * * * * * * * * * * * * * * * * * * * * * * * * * * * * * * * //

dimensions      [0 -1 0 1 0 0 0];

internalField   nonuniform List<scalar> 
6300
(
32284.9
32254.7
32224.4
32193.9
32163.1
32132.1
32100.7
32068.9
32036.6
32003.7
31970.4
31936.4
31901.9
31866.7
31831
0.0524209
0.156773
0.259629
0.359893
0.45631
0.547435
0.631611
0.70699
0.771594
0.823435
0.860699
0.881988
0.88659
0.874753
0.847866
0.0878939
0.262908
0.435543
0.604028
0.766316
0.920016
1.06235
1.19016
1.30001
1.38841
1.45204
1.48829
1.49566
1.47437
1.42672
0.124144
0.371429
0.615622
0.854375
1.08493
1.30399
1.50763
1.69131
1.84994
1.97817
2.07083
2.12351
2.13345
2.10042
2.0275
0.161396
0.483044
0.801141
1.11292
1.41505
1.70339
1.97289
2.2175
2.43026
2.60353
2.72959
2.80148
2.81423
2.76634
2.66133
0.199793
0.598212
0.992977
1.38113
1.75895
2.12163
2.46304
2.77557
3.05007
3.2761
3.44253
3.5386
3.55564
3.48939
3.34271
0.239356
0.717035
1.19142
1.65969
2.118
2.56113
2.98208
3.37167
3.71835
4.00829
4.22583
4.35474
4.38035
4.29289
4.09202
0.279952
0.839149
1.396
1.94819
2.49222
3.02284
3.53249
4.01067
4.44339
4.81288
5.09777
5.2742
5.31815
5.20979
4.94025
0.321254
0.963607
1.60525
2.24487
2.87985
3.50551
4.11438
4.69514
5.23167
5.70207
6.0782
6.32614
6.40829
6.28786
5.93731
0.362713
1.08878
1.81652
2.54621
3.27679
4.005
4.72438
5.42386
6.08609
6.68554
7.18682
7.54388
7.70101
7.59608
7.16663
0.403536
1.21228
2.02583
2.84668
3.67611
4.51333
5.35429
6.18985
7.00331
7.76721
8.43967
8.96158
9.25581
9.22881
8.7675
0.442691
1.33097
2.22784
3.13857
4.06764
5.01794
5.9896
6.97794
7.97012
8.94031
9.84311
10.607
11.1318
11.2959
10.9533
0.478946
1.44109
2.41599
3.41215
4.43794
5.50119
6.60826
7.76219
8.95895
10.1808
11.3855
12.4913
13.3688
13.8696
13.9403
0.510953
1.53845
2.58288
3.6561
4.7708
5.94062
7.18009
8.50362
9.92267
11.4386
13.0267
14.6041
15.9823
16.8735
17.3839
0.537373
1.61887
2.72098
3.8586
5.04854
6.31043
7.66787
9.14955
10.7895
12.6243
14.6787
16.9162
19.0827
20.2584
17.8813
31797.8
31767.1
31736.2
31704.9
31673.2
31641.3
31609.1
31576.6
31543.9
31511
31477.9
31444.6
31411.2
31377.6
31343.9
31310.2
31276.3
31242.5
31208.6
31174.6
31140.7
31106.8
31072.8
31038.9
31005
30971
30937.1
30903.2
30869.2
30835.3
30801.5
30767.6
30733.8
30700.1
30666.4
30632.7
30599.1
30565.6
30532.1
30498.6
30465.2
30431.8
30398.4
30365.1
30331.8
30298.5
30265.3
30232.2
30199.1
30166.1
30133.1
30100.3
30067.4
30034.7
30001.9
29969.2
29936.6
29904
29871.5
29839
29806.5
29774.1
29741.8
29709.6
29677.4
29645.3
29613.3
29581.3
29549.4
29517.6
29485.8
29454.1
29422.4
29390.8
29359.2
29327.6
29296.1
29264.7
29233.3
29202
29170.7
29139.4
29108.2
29076.9
29045.6
29014.2
28982.8
28951.3
28919.6
28887.9
0.811748
0.772415
0.728794
0.683037
0.636943
0.591726
0.547879
0.505205
0.462972
0.420203
0.376
0.329858
0.28189
0.232927
0.184449
0.138381
0.0967734
0.0614343
0.0336019
0.0137048
0.00126569
-0.00504284
-0.00720034
-0.00753473
-0.00836217
-0.0116284
-0.0186094
-0.0297199
-0.0444653
-0.0615482
-0.0791155
-0.0951051
-0.107628
-0.115316
-0.117564
-0.114641
-0.107645
-0.0983097
-0.0887202
-0.0809596
-0.0767632
-0.0772263
-0.0826182
-0.092335
-0.105003
-0.118718
-0.131385
-0.141091
-0.146437
-0.146783
-0.142348
-0.134166
-0.123899
-0.113555
-0.105142
-0.100335
-0.100181
-0.104927
-0.113964
-0.125934
-0.138962
-0.150984
-0.160107
-0.16494
-0.164824
-0.159929
-0.151208
-0.140213
-0.12881
-0.118848
-0.111811
-0.108545
-0.109064
-0.112505
-0.11722
-0.121006
-0.12144
-0.11625
-0.103678
-0.0827665
-0.05354
-0.0170601
0.024637
0.0687121
0.111784
0.150261
0.180712
0.20026
0.206923
0.199881
1.36299
1.29389
1.21775
1.13861
1.05984
0.983662
0.910876
0.840881
0.772019
0.702136
0.629241
0.552131
0.470846
0.386867
0.302998
0.222951
0.150717
0.0898397
0.0427584
0.0103424
-0.00829355
-0.0156754
-0.0155852
-0.0124747
-0.0107739
-0.0142013
-0.0251869
-0.0444987
-0.071143
-0.102564
-0.135125
-0.16478
-0.187834
-0.201612
-0.204937
-0.198332
-0.18392
-0.165058
-0.145771
-0.130085
-0.121355
-0.121701
-0.131649
-0.150026
-0.174161
-0.200345
-0.224496
-0.24289
-0.252816
-0.253042
-0.244008
-0.227727
-0.207424
-0.186986
-0.170304
-0.160618
-0.159967
-0.168833
-0.186043
-0.208963
-0.233944
-0.256973
-0.274376
-0.283469
-0.282994
-0.273313
-0.256303
-0.235
-0.213052
-0.194074
-0.180996
-0.175516
-0.177741
-0.186081
-0.197422
-0.207568
-0.211883
-0.206008
-0.186557
-0.151645
-0.101223
-0.0371612
0.0368741
0.115735
0.193259
0.262862
0.318214
0.35396
0.366392
0.353964
1.93037
1.82558
1.71111
1.59371
1.47907
1.3708
1.26994
1.17502
1.08263
0.988503
0.888652
0.780517
0.663787
0.540759
0.416153
0.296383
0.188422
0.0984986
0.0309189
-0.0127386
-0.0339315
-0.0369383
-0.028187
-0.0152503
-0.00566387
-0.00575144
-0.0196332
-0.0485753
-0.0907965
-0.141794
-0.195167
-0.243811
-0.281246
-0.302806
-0.306455
-0.293111
-0.266449
-0.232259
-0.197478
-0.169035
-0.152715
-0.15219
-0.168379
-0.199266
-0.240206
-0.284738
-0.325738
-0.356723
-0.373001
-0.372475
-0.355945
-0.32692
-0.290985
-0.254852
-0.225236
-0.207737
-0.205895
-0.22057
-0.249752
-0.288874
-0.331592
-0.370915
-0.400472
-0.415632
-0.414281
-0.397115
-0.367446
-0.330581
-0.292886
-0.260676
-0.239113
-0.231268
-0.237492
-0.255216
-0.279227
-0.302417
-0.316888
-0.315211
-0.291593
-0.24276
-0.168451
-0.0715308
0.042252
0.164767
0.286222
0.396062
0.484023
0.541303
0.561725
0.542674
2.5215
2.37124
2.20866
2.04486
1.88914
1.74727
1.62047
1.50549
1.39575
1.28311
1.15999
1.02128
0.865797
0.696922
0.522342
0.352808
0.200151
0.0749776
-0.0153735
-0.0681741
-0.0857634
-0.0751388
-0.0468225
-0.0132081
0.0133695
0.0225548
0.00759964
-0.0335379
-0.0978203
-0.177611
-0.262029
-0.338994
-0.397529
-0.4298
-0.432453
-0.407078
-0.359827
-0.300325
-0.240067
-0.190539
-0.161344
-0.158621
-0.183959
-0.234038
-0.301092
-0.374227
-0.441415
-0.491743
-0.517398
-0.514967
-0.485888
-0.436074
-0.374843
-0.313345
-0.262732
-0.232322
-0.228053
-0.251427
-0.299157
-0.363618
-0.434137
-0.498932
-0.547307
-0.571581
-0.568352
-0.538929
-0.488957
-0.427367
-0.364828
-0.311952
-0.277482
-0.266765
-0.280689
-0.315302
-0.362217
-0.409821
-0.445147
-0.45601
-0.432941
-0.370558
-0.268241
-0.130184
0.0350538
0.215322
0.395908
0.560765
0.694007
0.781716
0.813893
0.786187
3.14597
2.93462
2.70799
2.48436
2.27927
2.10205
1.95396
1.82842
1.71304
1.59282
1.45377
1.28619
1.08708
0.861293
0.621255
0.38492
0.172292
0.00129831
-0.115753
-0.174329
-0.17824
-0.138832
-0.0731048
-0.00105093
0.0574297
0.0856043
0.0725159
0.0148082
-0.0825325
-0.206785
-0.339648
-0.460736
-0.551653
-0.599469
-0.598837
-0.55257
-0.47087
-0.369506
-0.267232
-0.182786
-0.131882
-0.124668
-0.163937
-0.244394
-0.353247
-0.472307
-0.581396
-0.66232
-0.702266
-0.695858
-0.645716
-0.561698
-0.459112
-0.356192
-0.27116
-0.219292
-0.21043
-0.247238
-0.324495
-0.429664
-0.544949
-0.650616
-0.728871
-0.767157
-0.760162
-0.710352
-0.62722
-0.525536
-0.422876
-0.336738
-0.281666
-0.266793
-0.294105
-0.357688
-0.444225
-0.534917
-0.608642
-0.64568
-0.630911
-0.555868
-0.419506
-0.227983
0.0062015
0.265411
0.528234
0.770978
0.969548
1.10208
1.15228
1.11271
3.81723
3.52002
3.20298
2.89717
2.62928
2.41487
2.25496
2.13673
2.0373
1.92963
1.78862
1.59652
1.34676
1.04617
0.714823
0.382877
0.0844646
-0.150075
-0.300356
-0.359223
-0.333114
-0.240448
-0.108519
0.0306293
0.145108
0.208049
0.20166
0.120201
-0.0285176
-0.223585
-0.434249
-0.625951
-0.767873
-0.838931
-0.830967
-0.749116
-0.610261
-0.440025
-0.268759
-0.126763
-0.0395366
-0.0238125
-0.0846348
-0.213891
-0.390737
-0.58478
-0.761964
-0.891941
-0.953916
-0.939759
-0.854359
-0.714093
-0.543894
-0.373315
-0.231866
-0.144365
-0.127072
-0.184836
-0.30967
-0.481173
-0.66964
-0.841803
-0.968018
-1.02796
-1.01365
-0.929784
-0.792221
-0.625135
-0.457156
-0.316812
-0.227982
-0.206096
-0.255309
-0.367037
-0.520266
-0.684457
-0.82498
-0.90996
-0.915684
-0.829489
-0.650213
-0.387228
-0.0586989
0.310284
0.689456
1.04479
1.34017
1.54098
1.61992
1.56356
4.55676
4.13398
3.68181
3.25536
2.90229
2.64922
2.49596
2.41793
2.37345
2.31441
2.19705
1.98984
1.67963
1.27534
0.809236
0.332529
-0.0953586
-0.422803
-0.616619
-0.666506
-0.583857
-0.398627
-0.154356
0.0978078
0.306971
0.430303
0.438876
0.32242
0.0922091
-0.217955
-0.55619
-0.862882
-1.08617
-1.19222
-1.16953
-1.02778
-0.794877
-0.512066
-0.228171
0.0080897
0.155734
0.187232
0.0931734
-0.114896
-0.4035
-0.72157
-1.01055
-1.21952
-1.31523
-1.28629
-1.14205
-0.909633
-0.629262
-0.348529
-0.114926
0.0316203
0.0643282
-0.0258913
-0.227679
-0.508291
-0.817846
-1.09919
-1.30263
-1.39573
-1.36735
-1.22656
-0.999766
-0.726049
-0.451669
-0.222732
-0.0779224
-0.0430394
-0.126514
-0.316641
-0.580541
-0.868095
-1.12131
-1.28838
-1.33283
-1.23716
-1.00147
-0.640869
-0.181868
0.340467
0.884993
1.40491
1.84694
2.15536
2.28238
2.20197
5.40306
4.79027
4.1236
3.5079
3.03129
2.73983
2.62861
2.65083
2.73052
2.78319
2.73487
2.53146
2.14798
1.59348
0.918907
0.21186
-0.419843
-0.887978
-1.14017
-1.16467
-0.982346
-0.641853
-0.21159
0.226877
0.592401
0.817781
0.856101
0.688412
0.328035
-0.171937
-0.723587
-1.21995
-1.57333
-1.73095
-1.67956
-1.43777
-1.0514
-0.585711
-0.119034
0.270508
0.518214
0.579035
0.435114
0.100026
-0.373877
-0.900293
-1.37439
-1.71024
-1.8561
-1.79891
-1.55674
-1.17428
-0.715195
-0.255924
0.127329
0.371489
0.4327
0.293668
-0.0322224
-0.493772
-1.00672
-1.46878
-1.79617
-1.93845
-1.88293
-1.64724
-1.27491
-0.827952
-0.380775
-0.00753793
0.2304
0.290423
0.155837
-0.160039
-0.606773
-1.1012
-1.54171
-1.84339
-1.95179
-1.84644
-1.53263
-1.03622
-0.396253
0.338677
1.11595
1.87717
2.54608
3.03092
3.24355
3.12921
6.43241
5.52416
4.49201
3.56013
2.89366
2.57092
2.5691
2.80099
3.12651
3.39737
3.49602
3.33237
2.86258
2.08452
1.07532
-0.0173254
-0.979888
-1.66414
-1.99161
-1.9607
-1.60863
-1.01438
-0.280668
0.46095
1.07961
1.47459
1.56995
1.33184
0.764843
-0.0515402
-0.970635
-1.78295
-2.34244
-2.57067
-2.46382
-2.056
-1.42218
-0.660824
0.101131
0.737126
1.14976
1.26562
1.05229
0.514795
-0.26868
-1.1544
-1.93735
-2.4746
-2.68939
-2.57794
-2.17351
-1.5493
-0.801451
-0.0538997
0.56983
0.974756
1.08937
0.882257
0.358539
-0.405286
-1.26891
-2.03235
-2.55631
-2.76605
-2.65801
-2.2647
-1.65754
-0.930212
-0.203439
0.402452
0.794889
0.904093
0.699217
0.184975
-0.564356
-1.41194
-2.16207
-2.67672
-2.87854
-2.75594
-2.32676
-1.63828
-0.747404
0.275897
1.37004
2.48232
3.5103
4.29845
4.67554
4.51708
7.80846
6.43646
4.71601
3.23018
2.26103
1.93986
2.17302
2.81631
3.6012
4.25953
4.63488
4.5741
4.02107
2.90839
1.35187
-0.433857
-1.94073
-2.95413
-3.35916
-3.21923
-2.58369
-1.58778
-0.361169
0.872046
1.88887
2.56282
2.76395
2.44884
1.56072
0.216717
-1.37149
-2.71008
-3.58863
-3.89294
-3.68156
-2.99971
-1.97666
-0.736858
0.502623
1.52533
2.20861
2.42619
2.13621
1.28372
-0.0163024
-1.55656
-2.85417
-3.70336
-3.99253
-3.77894
-3.1068
-2.10241
-0.887343
0.326367
1.32735
1.99601
2.20928
1.92669
1.095
-0.17315
-1.6754
-2.94083
-3.76896
-4.05129
-3.84391
-3.19016
-2.21326
-1.03172
0.147921
1.11977
1.76719
1.96999
1.68805
0.868481
-0.380486
-1.86305
-3.12151
-3.96056
-4.27247
-4.1069
-3.49432
-2.53179
-1.28926
0.111097
1.59799
3.20888
4.81985
6.15791
6.87868
6.67998
9.90474
7.85052
4.60213
2.15621
0.695331
0.510524
1.18636
2.62773
4.25815
5.52916
6.40177
6.52466
5.98547
4.37139
1.95847
-1.25197
-3.61219
-5.12018
-5.51149
-5.19149
-4.07773
-2.49343
-0.451209
1.59471
3.19185
4.3319
4.7013
4.39093
3.01306
0.836586
-2.13181
-4.29971
-5.66179
-5.95783
-5.57681
-4.43481
-2.84332
-0.81247
1.21623
2.80224
3.93803
4.3176
4.03012
2.69702
0.581978
-2.30818
-4.41676
-5.73861
-6.01969
-5.6403
-4.51858
-2.95896
-0.971322
1.01291
2.56336
3.67297
4.04317
3.7618
2.4599
0.39605
-2.42295
-4.47906
-5.7676
-6.04173
-5.67262
-4.58099
-3.06369
-1.13051
0.79846
2.30423
3.3797
3.73391
3.45101
2.1703
0.139736
-2.63687
-4.68493
-6.00349
-6.35397
-6.10157
-5.16577
-3.82852
-2.05838
-0.178315
1.64739
3.93531
6.52237
8.90638
10.4059
10.2601
13.5865
10.9842
3.33265
-0.336239
-2.70794
-2.15814
-0.902686
2.1669
5.43264
7.37247
9.24829
9.42859
9.49773
6.98471
3.71347
-3.29443
-6.51088
-8.89434
-8.68815
-8.30679
-6.24941
-4.05853
-0.546623
2.9636
5.15298
7.21067
7.61748
7.87019
5.61536
2.59678
-4.04492
-7.04977
-9.27011
-8.99777
-8.56792
-6.51723
-4.34272
-0.885043
2.56724
4.72743
6.75637
7.16949
7.42967
5.23628
2.29637
-4.18534
-7.11229
-9.27262
-8.99798
-8.57068
-6.56098
-4.43193
-1.05046
2.32405
4.43409
6.41464
6.81524
7.06643
4.92193
2.05262
-4.26914
-7.12262
-9.22702
-8.95851
-8.54177
-6.58485
-4.51301
-1.2233
2.05836
4.10828
6.03077
6.41518
6.65079
4.55185
1.73422
-4.45981
-7.29883
-9.44045
-9.30363
-9.08032
-7.41533
-5.7486
-2.9858
-0.389464
1.03119
4.23089
8.51709
12.9282
16.3024
16.7892
20.5525
21.3891
-3.67177
-4.69667
-10.3182
-5.84299
-5.60409
1.42357
8.51647
9.30794
14.5364
12.4926
16.7283
10.6899
10.8493
-10.7966
-10.6091
-16.3976
-12.1171
-13.8356
-8.61336
-7.52596
-0.639654
6.23446
7.30373
12.4667
10.7556
14.9603
9.31745
9.57425
-11.1951
-10.9296
-16.4679
-12.2646
-13.8931
-8.778
-7.68996
-0.949899
5.77883
6.84158
11.9014
10.2416
14.3623
8.85047
9.11088
-11.1814
-10.9118
-16.3131
-12.1961
-13.7798
-8.77531
-7.70843
-1.11963
5.45598
6.4912
11.4314
9.80239
13.8208
8.42763
8.68065
-11.1097
-10.8449
-16.1035
-12.0887
-13.6288
-8.75421
-7.71609
-1.30455
5.0919
6.09578
10.8966
9.31069
13.2122
7.96829
8.19068
-11.114
-10.917
-16.1583
-12.3778
-14.1351
-9.66737
-9.247
-3.67351
1.09234
-2.14699
2.96177
10.3317
18.4429
26.3565
30.7812
30.4579
69.0824
-45.2891
-2.43902
-32.4691
-3.42885
-20.0827
0.584909
20.673
4.85274
30.2949
6.51267
38.752
5.46846
49.383
-49.741
-6.104
-38.4026
-6.90971
-29.3616
-5.0254
-19.3462
-0.717497
17.8619
3.55713
27.6191
5.37227
36.2283
4.52146
46.8268
-48.6384
-6.4547
-37.6967
-7.13631
-28.9322
-5.24271
-19.1791
-1.00138
17.1465
3.19694
26.7199
4.98662
35.1628
4.14957
45.5182
-47.7896
-6.54832
-37.0628
-7.18856
-28.4788
-5.32257
-18.9395
-1.17281
16.563
2.92216
25.9047
4.65433
34.1247
3.79987
44.1682
-46.8325
-6.61619
-36.3361
-7.22273
-27.9555
-5.40161
-18.6594
-1.36655
15.8882
2.61325
24.9569
4.30195
32.9408
3.51104
42.7639
-45.8523
-6.70581
-35.8693
-7.47927
-28.1552
-6.09272
-20.1672
-3.19956
14.1002
-17.3602
-1.57733
11.0651
24.2284
41.4209
69.0864
28852.9
28814.6
28776.2
28737.8
28699.3
28660.9
28622.5
28584.2
28546
28507.9
28469.9
28432
28394.2
28356.5
28318.8
0.177566
0.136802
0.0845038
0.0266505
-0.0306687
-0.0820892
-0.123505
-0.152284
-0.167232
-0.168386
-0.156745
-0.133997
-0.102285
-0.0640264
-0.0217878
0.313887
0.240575
0.146818
0.0436777
-0.057778
-0.148015
-0.219947
-0.269231
-0.294094
-0.294899
-0.273613
-0.23331
-0.177759
-0.111128
-0.0377909
0.479852
0.364843
0.218561
0.0590634
-0.0960666
-0.23221
-0.339006
-0.41057
-0.44499
-0.443482
-0.409482
-0.347858
-0.264304
-0.164934
-0.0560378
0.692289
0.520381
0.303518
0.0700814
-0.153341
-0.345751
-0.493295
-0.58905
-0.631812
-0.624555
-0.572974
-0.484334
-0.366665
-0.228266
-0.0774636
0.974189
0.720866
0.405042
0.0710795
-0.24163
-0.50416
-0.699374
-0.820521
-0.868652
-0.849949
-0.773522
-0.649839
-0.489753
-0.303999
-0.103014
1.35828
0.983839
0.524692
0.0508169
-0.380105
-0.729887
-0.979519
-1.12501
-1.17233
-1.13307
-1.02132
-0.851743
-0.638509
-0.394961
-0.133609
1.89286
1.33149
0.659053
-0.0124116
-0.599729
-1.05577
-1.36381
-1.52766
-1.56257
-1.48867
-1.32696
-1.0973
-0.817578
-0.503725
-0.17007
2.65158
1.7902
0.792421
-0.159802
-0.950643
-1.52966
-1.8923
-2.05926
-2.06163
-1.93206
-1.70055
-1.39291
-1.03078
-0.63229
-0.213016
3.75066
2.38532
0.880244
-0.468568
-1.51337
-2.21995
-2.61646
-2.75545
-2.69262
-2.4774
-2.15026
-1.743
-1.28033
-0.78164
-0.26272
5.37893
3.12016
0.811774
-1.08136
-2.41431
-3.22029
-3.59813
-3.65346
-3.47598
-3.13467
-2.68009
-2.1485
-1.5659
-0.951219
-0.318941
7.84668
3.90464
0.328078
-2.25434
-3.84225
-4.64876
-4.9023
-4.78429
-4.42317
-3.9052
-3.2869
-2.60502
-1.88353
-1.1384
-0.380765
11.6237
4.32361
-1.14971
-4.42178
-6.05158
-6.63019
-6.57801
-6.1582
-5.5272
-4.77605
-3.9573
-3.10114
-2.2248
-1.33806
-0.446487
17.0653
2.91569
-4.82883
-8.2314
-9.31207
-9.24239
-8.62133
-7.7433
-6.75137
-5.71448
-4.66509
-3.61742
-2.57648
-1.54257
-0.513603
21.6938
-4.89737
-12.85
-14.3629
-13.7229
-12.406
-10.9216
-9.44228
-8.02047
-6.66541
-5.37115
-4.12696
-2.92112
-1.74212
-0.57896
0.555955
1.6754
2.81795
4.00063
5.24326
6.57006
8.01214
9.61115
11.4246
13.5335
16.0493
19.1038
22.7268
26.1077
23.4532
0.567105
1.70921
2.87554
4.08415
5.35627
6.71851
8.20611
9.86855
11.7795
14.0559
16.8991
20.6949
26.3043
36.0803
58.1012
0.572773
1.7262
2.90379
4.12356
5.40673
6.77993
8.27868
9.95342
11.8806
14.1847
17.0875
21.0268
26.9883
37.5498
60.5928
0.572972
1.7264
2.90276
4.11896
5.39468
6.75416
8.22905
9.86302
11.7199
13.8979
16.5561
19.9543
24.4779
30.3515
35.0979
0.567974
1.71069
2.87406
4.07303
5.32446
6.64827
8.06897
9.61788
11.3361
13.2778
15.5108
18.1003
21.03
23.9361
25.616
0.558274
1.68064
2.82065
3.99068
5.20399
6.4751
7.81987
9.25518
10.7971
12.4554
14.2179
16.0102
17.5986
18.3723
16.8481
0.544533
1.63834
2.7464
3.87827
5.0434
6.25079
7.5079
8.81844
10.1774
11.5608
12.9043
14.0616
14.7332
14.4042
12.6871
0.527501
1.58615
2.65563
3.74276
4.85348
5.99195
7.15886
8.34809
9.54073
10.6938
11.72
12.4503
12.5626
11.4001
7.21996
0.507936
1.52643
2.55262
3.59088
4.64429
5.71339
6.79432
7.87539
8.93154
9.91503
10.7412
11.2682
11.2774
10.4916
8.87766
0.486547
1.46138
2.44121
3.4285
4.4242
5.42663
6.42968
7.42002
8.37282
9.24555
9.97005
10.4457
10.5444
10.1581
9.35261
0.46395
1.39287
2.32463
3.26028
4.19946
5.13946
6.07389
6.99073
7.86973
8.67901
9.37175
9.88511
10.1482
10.1157
9.86588
0.440643
1.3224
2.20535
3.08961
3.97415
4.85616
5.73031
6.58774
7.41507
8.19343
8.89804
9.4983
9.95728
10.2242
10.1977
0.417012
1.25109
2.08517
2.91876
3.75059
4.57834
5.39835
6.20568
6.99442
7.75908
8.4968
9.20961
9.89978
10.5364
10.9642
0.393346
1.17978
1.96534
2.74914
3.52989
4.30589
5.07522
5.83651
6.59052
7.34346
8.11287
8.93666
9.87944
10.9938
11.9784
0.36986
1.10908
1.84673
2.58163
3.31249
4.03807
4.75769
5.47242
6.18738
6.9164
7.6912
8.58108
9.73999
11.5412
15.0354
0.346726
1.03946
1.73003
2.41694
3.09877
3.77439
4.44357
5.10818
5.7745
6.45755
7.18964
8.0387
9.15455
10.9129
14.4696
0.32409
0.971356
1.61587
2.25579
2.88938
3.5152
4.13262
4.74276
5.35001
5.96466
6.60686
7.31105
8.12296
9.03575
9.53848
0.302091
0.905164
1.5049
2.09905
2.68538
3.26183
3.82675
4.37936
4.92038
5.45266
5.98104
6.50862
7.02132
7.44342
7.5826
0.280863
0.841294
1.39781
1.94773
2.48825
3.01648
3.52944
4.02402
4.49682
4.94338
5.3558
5.71653
5.98263
6.04756
5.63296
0.260535
0.780142
1.29531
1.80294
2.29966
2.78175
3.24489
3.68381
4.0915
4.45781
4.76647
4.99015
5.08365
4.98473
4.68284
0.241223
0.722071
1.19806
1.66573
2.12124
2.56019
2.97718
3.36528
3.71494
4.01228
4.23617
4.35421
4.31829
4.06287
3.49091
0.223023
0.667378
1.10659
1.53695
1.95434
2.35388
2.72955
3.07345
3.37473
3.61775
3.77939
3.82518
3.70539
3.36085
2.81071
0.205997
0.616261
1.02126
1.4172
1.79983
2.16416
2.50398
2.81124
3.07498
3.27975
3.40309
3.41114
3.24856
2.80163
1.7127
0.190173
0.568805
0.942219
1.30668
1.65804
1.99146
2.30103
2.57925
2.81619
2.99832
3.10685
3.11561
2.9892
2.68825
2.23725
0.175541
0.524975
0.869401
1.20528
1.52872
1.83532
2.11986
2.37594
2.59548
2.76801
2.8799
2.91396
2.85107
2.67907
2.41793
0.162055
0.484623
0.802523
1.11251
1.4111
1.69451
1.95845
2.19802
2.40743
2.57982
2.70701
2.77966
2.78871
2.73181
2.63751
0.149641
0.447516
0.741148
1.02765
1.30403
1.56722
1.81398
2.04104
2.2451
2.42302
2.57201
2.68954
2.77216
2.81053
2.77277
0.138205
0.413356
0.684729
0.949815
1.20614
1.45133
1.68321
1.90005
2.10093
2.28632
2.45886
2.62368
2.78636
2.94215
3.05081
0.127645
0.381821
0.632678
0.878071
1.11599
1.34469
1.56289
1.77015
1.96753
2.15857
2.35108
2.55933
2.80535
3.1065
3.37378
0.117857
0.352594
0.584424
0.811521
1.03225
1.24535
1.45017
1.64714
1.83852
2.02982
2.23237
2.46876
2.78608
3.29439
4.30038
0.108751
0.325386
0.539461
0.749393
0.953822
1.15177
1.34292
1.528
1.70959
1.89328
2.09018
2.32201
2.63418
3.13671
4.1614
0.100245
0.299959
0.497378
0.691092
0.879894
1.06292
1.23987
1.41132
1.57919
1.74757
1.92375
2.11949
2.35011
2.61643
2.7768
0.0922793
0.276128
0.457872
0.636206
0.809981
0.978304
1.14067
1.29712
1.44846
1.59646
1.74375
1.89276
2.04128
2.16976
2.22559
0.0848076
0.253759
0.420738
0.584489
0.743859
0.89783
1.04557
1.18647
1.32007
1.44585
1.56257
1.66638
1.74638
1.77355
1.66958
0.0777974
0.232763
0.385847
0.535821
0.681491
0.821688
0.955246
1.08091
1.19711
1.30155
1.39036
1.45656
1.48817
1.46843
1.39587
0.0712252
0.213074
0.353119
0.490148
0.622928
0.750164
0.870411
0.981917
1.08232
1.16813
1.23386
1.27078
1.26564
1.20002
1.04609
0.0650711
0.194641
0.322487
0.447429
0.568223
0.6835
0.791654
0.890648
0.977684
1.04867
1.09737
1.11423
1.08513
0.992934
0.843808
0.0593148
0.177407
0.293876
0.407595
0.517354
0.621789
0.719266
0.807692
0.884204
0.944686
0.982999
0.989613
0.948441
0.825399
0.511416
0.0539322
0.161303
0.267179
0.370516
0.470188
0.564917
0.653173
0.733019
0.801865
0.856114
0.890655
0.898193
0.86862
0.790472
0.671287
0.0488932
0.146238
0.242246
0.335988
0.426461
0.512546
0.592929
0.665995
0.729674
0.781239
0.817075
0.832558
0.822543
0.784053
0.723901
0.0441616
0.132103
0.218892
0.303733
0.385787
0.464142
0.537774
0.605499
0.665907
0.7173
0.757643
0.784642
0.796254
0.79269
0.78333
0.0396958
0.118771
0.196893
0.273419
0.347688
0.419025
0.48673
0.550093
0.608412
0.661045
0.70749
0.747424
0.78052
0.805366
0.815476
0.0354506
0.106102
0.176007
0.244675
0.311632
0.376437
0.438711
0.4982
0.554875
0.609102
0.661872
0.714971
0.77053
0.828294
0.878507
0.0313793
0.093954
0.155983
0.217124
0.277077
0.335613
0.392635
0.448272
0.50305
0.558183
0.61604
0.680824
0.759028
0.856482
0.952647
0.0274364
0.0821868
0.136578
0.190403
0.243511
0.295848
0.347528
0.398949
0.450991
0.505386
0.565413
0.637375
0.734176
0.885588
1.17278
0.0235794
0.0706709
0.11757
0.164185
0.210486
0.256547
0.302612
0.349205
0.39731
0.448691
0.506513
0.576693
0.671422
0.820423
1.11527
0.0197698
0.0592902
0.0987629
0.138191
0.177634
0.217249
0.257337
0.298422
0.341366
0.387537
0.439046
0.498981
0.570999
0.654003
0.705534
0.0159742
0.0479447
0.07999
0.112189
0.144669
0.17763
0.211378
0.246358
0.283193
0.32269
0.365742
0.412896
0.462967
0.509465
0.537325
0.0121639
0.0365492
0.0611133
0.0859974
0.111376
0.137473
0.164571
0.193015
0.223183
0.255388
0.289603
0.324802
0.357435
0.37789
0.36058
0.00831428
0.0250313
0.0420176
0.0594664
0.0775906
0.0966279
0.116838
0.138484
0.16177
0.186702
0.212794
0.238505
0.260378
0.272556
0.272005
0.00440394
0.0133284
0.0226039
0.0324708
0.0431765
0.0549749
0.0681169
0.0828236
0.0992236
0.117224
0.136263
0.154886
0.170068
0.176078
0.160218
0.000413362
0.00138337
0.00278275
0.004897
0.00800917
0.0123958
0.0183172
0.0259966
0.0355766
0.0470357
0.0600348
0.0736684
0.0861427
0.0948004
0.0995282
-0.00367605
-0.010858
-0.0175318
-0.0233655
-0.0280377
-0.0312424
-0.0326954
-0.0321413
-0.029365
-0.0242111
-0.0166223
-0.00673149
0.00487986
0.0162637
0.0199416
-0.00788296
-0.0234505
-0.0384268
-0.0524304
-0.0650981
-0.0760906
-0.0850941
-0.0918134
-0.0959479
-0.0971378
-0.0948665
-0.0883143
-0.0762133
-0.0569111
-0.0293881
-0.012227
-0.0364517
-0.0599944
-0.082419
-0.103317
-0.122313
-0.139071
-0.153272
-0.164566
-0.172458
-0.176072
-0.173739
-0.162296
-0.135784
-0.0808408
-0.0167297
-0.0499248
-0.0823355
-0.113464
-0.14285
-0.170085
-0.194817
-0.21674
-0.235537
-0.250737
-0.261397
-0.265478
-0.25883
-0.234391
-0.186836
-0.0214151
-0.0639411
-0.105564
-0.145714
-0.183872
-0.219588
-0.252506
-0.28237
-0.308995
-0.332158
-0.351279
-0.364655
-0.367707
-0.349037
-0.279883
-0.0263112
-0.0785828
-0.129813
-0.179345
-0.226584
-0.271027
-0.312309
-0.350241
-0.384849
-0.416376
-0.445139
-0.470988
-0.491655
-0.498726
-0.474214
-0.0314504
-0.0939461
-0.155238
-0.214564
-0.271231
-0.324657
-0.374432
-0.42041
-0.462832
-0.502502
-0.541012
-0.580905
-0.62503
-0.670331
-0.666898
-0.0368704
-0.110144
-0.182026
-0.251627
-0.318125
-0.380815
-0.439185
-0.493041
-0.542717
-0.589424
-0.635911
-0.68787
-0.757573
-0.875763
-1.14019
-0.0426144
-0.127306
-0.210394
-0.29084
-0.367658
-0.439967
-0.507064
-0.568567
-0.624655
-0.676487
-0.726997
-0.782499
-0.856427
-0.979624
-1.23297
-0.0487308
-0.14558
-0.240596
-0.332569
-0.420319
-0.502732
-0.57882
-0.647847
-0.709538
-0.764457
-0.814605
-0.864318
-0.92105
-0.993082
-1.06645
-0.0552719
-0.165126
-0.272907
-0.377226
-0.476683
-0.569884
-0.655474
-0.732212
-0.799117
-0.855729
-0.902504
-0.941249
-0.975034
-1.00559
-1.02407
-0.0622916
-0.18611
-0.307622
-0.425255
-0.537385
-0.642316
-0.73827
-0.823398
-0.895834
-0.953823
-0.995969
-1.02161
-1.03124
-1.02649
-1.00885
-0.0698421
-0.208693
-0.345027
-0.477103
-0.603084
-0.720977
-0.828576
-0.92339
-1.00258
-1.06291
-1.10088
-1.11309
-1.09743
-1.05631
-1.00403
-0.0779708
-0.233024
-0.385386
-0.533182
-0.674394
-0.806781
-0.927756
-1.03423
-1.1224
-1.18752
-1.22368
-1.2239
-1.18129
-1.09386
-0.978822
-0.0867162
-0.259221
-0.428915
-0.593829
-0.75183
-0.900505
-1.037
-1.15777
-1.25823
-1.33223
-1.37143
-1.36445
-1.29626
-1.15059
-0.93814
-0.0961055
-0.287368
-0.47576
-0.659275
-0.835737
-1.00268
-1.15716
-1.29541
-1.41242
-1.5011
-1.55124
-1.54749
-1.46502
-1.25369
-0.757834
-0.106153
-0.317508
-0.525991
-0.729615
-0.92625
-1.11352
-1.28858
-1.44781
-1.58626
-1.69674
-1.76847
-1.78519
-1.72327
-1.55437
-1.28573
-0.11686
-0.34964
-0.579596
-0.804804
-1.02327
-1.23282
-1.43098
-1.61464
-1.77953
-1.91928
-2.0239
-2.0775
-2.05581
-1.92432
-1.62857
-0.128218
-0.383734
-0.636495
-0.884677
-1.12647
-1.36003
-1.58344
-1.79449
-1.99024
-2.16622
-2.31474
-2.42209
-2.46458
-2.40833
-2.24373
-0.140215
-0.419739
-0.696571
-0.968986
-1.23537
-1.49429
-1.7445
-1.98496
-2.21468
-2.43221
-2.63417
-2.8117
-2.94193
-2.96757
-2.74026
-0.152839
-0.457614
-0.759713
-1.05748
-1.34947
-1.63459
-1.91231
-2.18287
-2.44759
-2.70901
-2.97055
-3.23417
-3.49189
-3.70248
-3.76422
-0.166091
-0.497346
-0.825862
-1.14998
-1.46832
-1.78003
-2.08509
-2.38485
-2.68278
-2.98571
-3.30548
-3.66073
-4.07456
-4.54074
-4.78893
-0.179987
-0.538978
-0.895066
-1.24648
-1.59178
-1.93009
-2.26155
-2.58808
-2.9145
-3.25072
-3.61578
-4.04658
-4.62088
-5.53039
-7.3671
-0.194565
-0.582626
-0.967511
-1.34724
-1.72009
-2.08488
-2.44145
-2.79137
-3.13939
-3.4957
-3.8804
-4.33279
-4.9344
-5.87614
-7.6884
-0.209886
-0.628477
-1.04354
-1.45276
-1.85398
-2.2454
-2.62594
-2.99599
-3.35853
-3.72097
-4.098
-4.51537
-5.01171
-5.61734
-6.18215
-0.226025
-0.67678
-1.12361
-1.56384
-1.99469
-2.41345
-2.81771
-3.20582
-3.57772
-3.93609
-4.28758
-4.64311
-5.01312
-5.38687
-5.68152
-0.243065
-0.727802
-1.20828
-1.68142
-2.14378
-2.59158
-3.02069
-3.42689
-3.8063
-4.15598
-4.47435
-4.76077
-5.01192
-5.21133
-5.30359
-0.261072
-0.78178
-1.29805
-1.80647
-2.30299
-2.78269
-3.23957
-3.66656
-4.05553
-4.39759
-4.68331
-4.90292
-5.04664
-5.11019
-5.12527
-0.280076
-0.838842
-1.39326
-1.93978
-2.47388
-2.98962
-3.47921
-3.93262
-4.33734
-4.67831
-4.93818
-5.09775
-5.13704
-5.04269
-4.84533
-0.300043
-0.898923
-1.49394
-2.08171
-2.65751
-3.21471
-3.74396
-4.2325
-4.66341
-5.01533
-5.26268
-5.3761
-5.32022
-5.04672
-4.55817
-0.320846
-0.961681
-1.59967
-2.23194
-2.85407
-3.45919
-4.03698
-4.57237
-5.04432
-5.42496
-5.68019
-5.77201
-5.65452
-5.2001
-3.66272
-0.342242
-1.02642
-1.70936
-2.38922
-3.06242
-3.72265
-4.35943
-4.9563
-5.48863
-5.92166
-6.21118
-6.31326
-6.2228
-6.1055
-6.78677
-0.363854
-1.092
-1.82119
-2.55111
-3.27978
-4.00238
-4.70958
-5.38505
-6.00188
-6.51801
-6.87231
-6.9882
-6.80969
-6.45631
-6.81549
-0.38516
-1.15686
-1.9325
-2.71386
-3.50135
-4.2928
-5.08176
-5.85451
-6.58504
-7.22672
-7.699
-7.86756
-7.51801
-6.31226
-3.56513
-0.405504
-1.219
-2.03982
-2.87237
-3.72015
-4.58493
-5.46518
-6.35328
-7.22988
-8.05306
-8.73657
-9.10672
-8.82087
-7.2386
-3.3586
-0.424122
-1.27604
-2.13898
-3.02029
-3.92715
-4.86629
-5.84315
-6.86002
-7.91181
-8.97638
-9.99174
-10.8014
-11.024
-9.76056
-5.12234
-0.440186
-1.32542
-2.2254
-3.15046
-4.11172
-5.12145
-6.19332
-7.34248
-8.58484
-9.93386
-11.3897
-12.9039
-14.259
-14.6261
-10.7794
-0.452873
-1.36456
-2.29439
-3.25547
-4.26263
-5.33345
-6.48981
-7.76021
-9.18379
-10.8171
-12.7471
-15.1168
-18.18
-22.4179
-28.7366
-11.9259
-27.0499
-25.5556
-21.8286
-18.3689
-15.4686
-13.0391
-10.9593
-9.13262
-7.48908
-5.97827
-4.56309
-3.21527
-1.91215
-0.634609
-116.213
-60.6334
-39.1568
-28.5469
-22.2202
-17.9174
-14.709
-12.1514
-10.0074
-8.1387
-6.45851
-4.90901
-3.44906
-2.04749
-0.678933
-129.179
-70.534
-45.2115
-32.2906
-24.666
-19.6062
-15.9269
-13.0563
-10.6911
-8.65735
-6.848
-5.19271
-3.64229
-2.15989
-0.715832
-70.9592
-57.2939
-42.6539
-32.3563
-25.3307
-20.3362
-16.5833
-13.6101
-11.1445
-9.02016
-7.13047
-5.40359
-3.78828
-2.24566
-0.744122
-50.0898
-44.7307
-37.0805
-30.1497
-24.5848
-20.204
-16.6981
-13.8114
-11.361
-9.21997
-7.29985
-5.53698
-3.88378
-2.3029
-0.763176
-31.8166
-33.7583
-31.0076
-26.9944
-23.0164
-19.4642
-16.3828
-13.7097
-11.3625
-9.26638
-7.36002
-5.59418
-3.92905
-2.33154
-0.772945
-23.4789
-26.0444
-25.8113
-23.8147
-21.1524
-18.3974
-15.784
-13.3817
-11.1896
-9.181
-7.32259
-5.58144
-3.92737
-2.33315
-0.773889
-13.0632
-20.274
-21.8395
-21.0973
-19.3527
-17.2321
-15.0387
-12.9077
-10.8892
-8.99132
-7.20372
-5.5082
-3.8841
-2.31049
-0.766853
-15.7832
-18.4239
-19.4703
-19.0758
-17.8141
-16.1174
-14.2499
-12.3557
-10.5049
-8.72505
-7.02088
-5.38535
-3.80577
-2.267
-0.752919
-16.4954
-17.681
-18.1017
-17.6566
-16.5774
-15.1212
-13.4795
-11.7735
-10.0713
-8.40622
-6.79037
-5.22362
-3.69909
-2.20637
-0.733255
-17.1993
-17.4693
-17.3342
-16.6777
-15.6026
-14.2538
-12.7538
-11.1886
-9.61192
-8.05319
-6.52574
-5.03255
-3.57032
-2.13213
-0.709001
-17.6596
-17.539
-16.9286
-15.9894
-14.8179
-13.4914
-12.0733
-10.6117
-9.14002
-7.67842
-6.23731
-4.81996
-3.42485
-2.0474
-0.681187
-18.7866
-17.9487
-16.7514
-15.4623
-14.1408
-12.7926
-11.4229
-10.0419
-8.66107
-7.2894
-5.93236
-4.59192
-3.26712
-1.95488
-0.650702
-20.3804
-18.608
-16.6378
-14.9579
-13.4821
-12.1086
-10.7802
-9.47198
-8.17574
-6.89019
-5.61587
-4.353
-3.10065
-1.85675
-0.61829
-25.3035
-19.4046
-16.3226
-14.3116
-12.7525
-11.3934
-10.1235
-8.8937
-7.68298
-6.48316
-5.29143
-4.10676
-2.92831
-1.75483
-0.584571
-24.2414
-18.245
-15.2635
-13.3514
-11.884
-10.6161
-9.43896
-8.30216
-7.18261
-6.07049
-4.96207
-3.8562
-2.75252
-1.65067
-0.550075
-15.7865
-14.9916
-13.4618
-12.0824
-10.8768
-9.7757
-8.7264
-7.69861
-6.67708
-5.65522
-4.63092
-3.60411
-2.57544
-1.54564
-0.515269
-12.4357
-12.2485
-11.5556
-10.6927
-9.79708
-8.89933
-7.99888
-7.0907
-6.17177
-5.24164
-4.3015
-3.3533
-2.39915
-1.441
-0.480576
-9.11312
-9.85668
-9.76739
-9.3256
-8.71883
-8.02479
-7.27672
-6.49022
-5.67422
-4.83499
-3.97767
-3.10662
-2.22562
-1.33792
-0.446392
-7.50272
-8.04315
-8.22395
-8.07307
-7.70114
-7.18777
-6.58121
-5.91023
-5.19277
-4.4409
-3.66335
-2.86683
-2.05673
-1.23752
-0.413074
-5.50893
-6.47934
-6.91082
-6.97404
-6.78166
-6.41544
-5.93042
-5.36248
-4.7352
-4.06463
-3.3622
-2.63648
-1.89416
-1.14074
-0.380939
-4.38807
-5.28975
-5.85342
-6.05247
-5.98287
-5.72559
-5.33721
-4.85593
-4.30768
-3.71046
-3.07722
-2.41764
-1.73929
-1.04838
-0.350247
-2.63111
-4.33487
-5.0492
-5.31744
-5.3144
-5.12676
-4.80848
-4.39587
-3.91415
-3.3813
-2.81052
-2.21183
-1.59315
-0.96104
-0.32119
-3.3453
-4.06708
-4.55474
-4.77079
-4.77408
-4.61864
-4.34525
-3.98378
-3.5561
-3.07847
-2.56319
-2.01988
-1.45632
-0.879071
-0.293889
-3.55543
-3.96185
-4.24889
-4.37187
-4.34398
-4.19242
-3.94317
-3.61764
-3.23274
-2.80177
-2.33531
-1.84199
-1.32901
-0.802605
-0.26839
-3.77234
-3.93952
-4.05693
-4.07771
-3.99974
-3.834
-3.59405
-3.29273
-2.94136
-2.5497
-2.12609
-1.67774
-1.211
-0.731562
-0.244672
-3.88838
-3.95171
-3.93205
-3.85209
-3.71643
-3.52712
-3.28752
-3.00254
-2.67796
-2.31981
-1.93403
-1.52626
-1.10181
-0.665688
-0.222658
-4.13685
-4.02152
-3.84903
-3.66513
-3.47035
-3.25512
-3.01249
-2.73985
-2.43784
-2.10909
-1.75722
-1.38635
-1.00072
-0.604607
-0.20223
-4.46399
-4.13099
-3.7739
-3.48571
-3.23845
-3.00214
-2.75828
-2.49752
-2.21629
-1.91441
-1.59362
-1.25668
-0.90691
-0.547873
-0.183246
-5.47531
-4.25716
-3.65089
-3.27782
-2.99893
-2.75439
-2.51579
-2.2694
-2.00906
-1.73285
-1.44121
-1.13591
-0.819529
-0.495016
-0.165558
-5.20887
-3.95839
-3.36591
-3.00452
-2.73553
-2.50248
-2.2787
-2.05094
-1.81285
-1.562
-1.29826
-1.02285
-0.737788
-0.44559
-0.14902
-3.31707
-3.20263
-2.92041
-2.66701
-2.44716
-2.2441
-2.04436
-1.83963
-1.62548
-1.4001
-1.16342
-0.916468
-0.660999
-0.399196
-0.133503
-2.55889
-2.56336
-2.45487
-2.30617
-2.14712
-1.9834
-1.81347
-1.63486
-1.44589
-1.24603
-1.03569
-0.815998
-0.588605
-0.355501
-0.118894
-1.79876
-2.0025
-2.01724
-1.9525
-1.85029
-1.72699
-1.5886
-1.43725
-1.27386
-1.09924
-0.914447
-0.72087
-0.520171
-0.314237
-0.105104
-1.42939
-1.57288
-1.63477
-1.62484
-1.56809
-1.48103
-1.37272
-1.24799
-1.10961
-0.959489
-0.799298
-0.63068
-0.455368
-0.275191
-0.0920604
-0.979647
-1.19991
-1.30214
-1.32967
-1.30692
-1.24981
-1.16823
-1.0682
-0.953489
-0.826727
-0.689991
-0.545133
-0.393938
-0.238192
-0.0797032
-0.735434
-0.908897
-1.02137
-1.0694
-1.06959
-1.03556
-0.976548
-0.898584
-0.805728
-0.700882
-0.586317
-0.46398
-0.335664
-0.203096
-0.0679818
-0.390072
-0.660221
-0.785328
-0.842336
-0.856001
-0.838654
-0.798004
-0.739297
-0.666283
-0.581776
-0.488031
-0.386972
-0.280337
-0.169766
-0.0568489
-0.398865
-0.512254
-0.596563
-0.645351
-0.663933
-0.657912
-0.631983
-0.589933
-0.534805
-0.469075
-0.394816
-0.313829
-0.227739
-0.138063
-0.0462567
-0.350107
-0.384466
-0.432446
-0.469326
-0.488932
-0.490979
-0.477142
-0.449637
-0.410678
-0.362287
-0.306266
-0.244224
-0.177626
-0.107836
-0.0361545
-0.230958
-0.247203
-0.276017
-0.305278
-0.326108
-0.33506
-0.331776
-0.317282
-0.29309
-0.260789
-0.221888
-0.177776
-0.129725
-0.0789205
-0.0264867
-0.125526
-0.101192
-0.119258
-0.147067
-0.171513
-0.187621
-0.194181
-0.191649
-0.18112
-0.163863
-0.141122
-0.114057
-0.0837319
-0.0511335
-0.0171926
0.0844473
0.0742856
0.0442886
0.00883006
-0.0226902
-0.0467941
-0.0628852
-0.0715562
-0.0738119
-0.0707344
-0.0633506
-0.0525953
-0.0393131
-0.024276
-0.00820586
0.27181
0.263562
0.211652
0.162014
0.121002
0.0884853
0.0632734
0.0440956
0.0298044
0.0194133
0.0120874
0.0071176
0.00389166
0.00186653
0.000544826
0.695463
0.483186
0.377466
0.309229
0.258815
0.21871
0.185257
0.156367
0.130724
0.107442
0.0858972
0.0656257
0.0462669
0.0275233
0.00913547
0.82452
0.628843
0.517275
0.44409
0.389488
0.344332
0.304087
0.266398
0.230015
0.194275
0.15883
0.123506
0.0882191
0.0529355
0.0176461
0.826697
0.716121
0.630457
0.566067
0.513622
0.466561
0.421158
0.375535
0.328871
0.280912
0.231688
0.181367
0.130173
0.0783542
0.0261596
0.849464
0.786123
0.728889
0.679769
0.634037
0.587655
0.538396
0.485408
0.428638
0.368436
0.305314
0.239839
0.172567
0.104036
0.0347607
0.891639
0.851906
0.821707
0.79114
0.754922
0.710762
0.658238
0.597919
0.530801
0.457995
0.380584
0.299563
0.215838
0.130238
0.0435338
0.910953
0.911088
0.9148
0.906453
0.881339
0.839694
0.783507
0.715163
0.636923
0.550763
0.458368
0.361172
0.260417
0.157208
0.0525606
0.906544
0.967802
1.01629
1.03343
1.01925
0.978738
0.917232
0.839293
0.748555
0.647869
0.539493
0.425257
0.306703
0.185179
0.0619174
0.874424
1.0334
1.13955
1.18216
1.17547
1.13237
1.06238
0.972321
0.867105
0.750325
0.624693
0.492346
0.355055
0.214361
0.0716727
0.702119
1.1357
1.30696
1.36514
1.35699
1.3047
1.22148
1.11589
0.993696
0.858937
0.714564
0.562875
0.405773
0.24493
0.0818855
1.20389
1.42017
1.55292
1.5942
1.56918
1.49852
1.39612
1.27099
1.12902
0.974232
0.809522
0.637168
0.459093
0.277029
0.0926038
1.52222
1.76267
1.86241
1.8693
1.81308
1.7144
1.58656
1.43779
1.27327
1.09642
0.909794
0.715438
0.515188
0.310771
0.103866
2.08243
2.2029
2.2364
2.18825
2.08647
1.95054
1.79154
1.61556
1.42607
1.22542
1.01544
0.797805
0.57418
0.346243
0.115704
2.52583
2.70355
2.66709
2.54447
2.38359
2.2027
2.00834
1.8027
1.58665
1.36091
1.1264
0.884339
0.63617
0.383523
0.128146
3.42846
3.35295
3.15762
2.92728
2.69462
2.46424
2.23299
1.99707
1.75396
1.50248
1.24262
0.975119
0.701272
0.4227
0.141226
4.32146
4.08559
3.67249
3.31172
3.00406
2.72641
2.46088
2.19646
1.92708
1.6499
1.36414
1.07031
0.769659
0.463896
0.154986
6.55647
4.9413
4.15105
3.6593
3.29269
2.98016
2.68802
2.39931
2.10562
1.80327
1.49129
1.17025
0.841597
0.50728
0.169484
6.80663
5.22419
4.42232
3.91998
3.54378
3.21976
2.91279
2.60563
2.29019
1.96334
1.62473
1.27546
0.917475
0.553081
0.184795
5.39668
4.96503
4.48562
4.09309
3.75866
3.44753
3.13771
2.81771
2.48268
2.1316
1.76557
1.38675
0.997803
0.601588
0.201013
4.91466
4.73907
4.48859
4.22586
3.95736
3.6744
3.36971
3.04023
2.68631
2.31025
1.9153
1.50507
1.08318
0.653124
0.21824
4.51324
4.56512
4.50008
4.36266
4.16611
3.91639
3.61892
3.27975
2.90534
2.50201
2.07564
1.63149
1.17424
0.708014
0.236575
4.32045
4.4724
4.56184
4.54053
4.41178
4.19156
3.89709
3.54375
3.14445
2.70979
2.24833
1.76702
1.27152
0.766529
0.2561
3.99904
4.42309
4.70052
4.79303
4.721
4.5183
4.21616
3.83967
3.40814
2.93618
2.43482
1.91242
1.3754
0.828823
0.276855
3.72321
4.47562
4.96762
5.1598
5.12096
4.91412
4.58686
4.17382
3.6999
3.18299
2.63592
2.06796
1.48591
0.894863
0.298821
2.88181
4.709
5.44294
5.68703
5.63759
5.39357
5.01716
4.55025
4.02153
3.45075
2.85153
2.2333
1.60268
0.964373
0.321897
4.77404
5.70158
6.25846
6.41809
6.28936
5.96496
5.5103
4.96961
4.37238
3.73827
3.08034
2.40726
1.72479
1.03678
0.34589
5.97065
6.95156
7.34986
7.34942
7.07702
6.62682
6.06321
5.42823
4.74885
4.04235
3.31968
2.58773
1.85074
1.11119
0.370503
8.09651
8.60615
8.71815
8.46963
7.98815
7.36745
6.6657
5.91768
5.14418
4.35765
3.56546
2.77172
1.97847
1.1864
0.395336
9.82304
10.5369
10.3368
9.75164
8.99596
8.16438
7.30033
6.42483
5.54855
4.6769
3.81232
2.95537
2.10539
1.2609
0.419901
13.4064
13.1023
12.223
11.152
10.0565
8.98387
7.94292
6.93254
5.94972
4.99126
4.05388
3.13418
2.22849
1.33298
0.443637
17.052
16.0672
14.2422
12.5695
11.1012
9.78137
8.56429
7.42111
6.33398
5.29097
4.28319
3.30325
2.34453
1.40078
0.465938
26.2959
19.6155
16.1557
13.8451
12.0427
10.5076
9.13434
7.87077
6.6876
5.56622
4.49316
3.4576
2.45019
1.46239
0.486183
27.5476
20.9273
17.2713
14.7678
12.7986
11.1213
9.62826
8.2646
6.99833
5.80793
4.6771
3.59242
2.54222
1.51594
0.503764
22.5038
20.1805
17.5865
15.3196
13.3517
11.6072
10.0323
8.5908
7.25639
6.00829
4.829
3.70329
2.61763
1.55972
0.518114
21.0369
19.6217
17.6745
15.6638
13.7496
11.9754
10.3438
8.84262
7.45452
6.16087
4.94368
3.78636
2.67379
1.59217
0.528729
20.4789
19.4323
17.8067
15.9408
14.0505
12.2446
10.5646
9.01593
7.58707
6.26035
5.01681
3.83836
2.70844
1.61201
0.535187
20.5483
19.6449
18.1059
16.2349
14.2926
12.4263
10.6944
9.10603
7.64871
6.30208
5.04474
3.85665
2.71985
1.61824
0.537164
21.2424
20.299
18.6358
16.5784
14.4821
12.5148
10.7243
9.10517
7.63348
6.28182
5.02458
3.83934
2.70682
1.61021
0.534457
21.6158
21.4531
19.4393
16.9489
14.582
12.4806
10.6353
9.00192
7.53491
6.19601
4.95442
3.78543
2.66886
1.5877
0.527
21.6454
23.8927
20.574
17.2335
14.4977
12.2684
10.3993
8.78311
7.34738
6.04262
4.83385
3.69512
2.60632
1.55097
0.514894
50.1773
30.1976
21.7238
17.0982
14.0618
11.806
9.9876
8.43901
7.0689
5.8226
4.66463
3.57015
2.52054
1.50087
0.498419
48.9854
28.5124
20.2014
15.8594
13.0837
11.0399
9.38855
7.97098
6.70444
5.54125
4.45133
3.41403
2.41396
1.43883
0.478045
16.7567
18.3813
15.9226
13.533
11.5972
10.0015
8.62714
7.39807
6.26823
5.20903
4.20151
3.23204
2.29008
1.36681
0.454413
6.67281
11.086
11.596
10.8914
9.87463
8.80921
7.76489
6.75626
5.78298
4.84094
3.92525
3.03096
2.15323
1.28725
0.428302
2.79206
6.50126
8.11282
8.46673
8.18583
7.60232
6.87786
6.08991
5.27604
4.45455
3.63413
2.8184
2.0082
1.2028
0.400565
0.213334
3.3732
5.50303
6.48286
6.70719
6.49333
6.03492
5.44158
4.77439
4.06742
3.33976
2.60201
1.85986
1.11615
0.372062
-4.26345
0.960461
3.69182
5.02364
5.53285
5.55418
5.28567
4.84455
4.30037
3.69466
3.0524
2.38866
1.7126
1.02976
0.343585
-0.461794
-1.39226
-2.3438
-3.33191
-4.37459
-5.49395
-6.71877
-8.08881
-9.66251
-11.5321
-13.855
-16.9281
-21.3801
-28.7477
-43.4643
-0.46518
-1.40306
-2.36396
-3.36496
-4.42595
-5.57162
-6.83429
-8.25875
-9.91059
-11.8913
-14.3674
-17.6267
-22.1907
-29.0149
-39.6985
-0.461049
-1.39081
-2.34404
-3.33799
-4.39262
-5.53226
-6.78798
-8.20131
-9.82974
-11.7553
-14.0963
-17.0206
-20.741
-25.4227
-30.7376
-0.449251
-1.3551
-2.28338
-3.25033
-4.27428
-5.37679
-6.58406
-7.92872
-9.45175
-11.2036
-13.2421
-15.6182
-18.33
-21.1972
-23.5731
-0.430102
-1.29696
-2.18404
-3.10565
-4.07737
-5.11654
-6.24273
-7.47776
-8.84486
-10.3654
-12.0503
-13.88
-15.7635
-17.4629
-18.4922
-0.404294
-1.2186
-2.05017
-2.91086
-3.81298
-4.76926
-5.79253
-6.8947
-8.08451
-9.36277
-10.7135
-12.0881
-13.3809
-14.3988
-14.8469
-0.372766
-1.12297
-1.88717
-2.67464
-3.49442
-4.35498
-5.26341
-6.224
-7.23567
-8.28766
-9.35281
-10.378
-11.2731
-11.9045
-12.1069
-0.336568
-1.01333
-1.70089
-2.40608
-3.13508
-3.89282
-4.68212
-5.5022
-6.34648
-7.19937
-8.03207
-8.79789
-9.42906
-9.83914
-9.93818
-0.296739
-0.892904
-1.49698
-2.11372
-2.74697
-3.39908
-4.07003
-4.75618
-5.44866
-6.13126
-6.77819
-7.35243
-7.80604
-8.08482
-8.13997
-0.254223
-0.76456
-1.2804
-1.80484
-2.34
-2.8865
-3.44272
-4.00383
-4.56072
-5.09878
-5.59697
-6.02759
-6.35784
-6.55411
-6.58972
-0.209816
-0.630709
-1.05522
-1.48522
-1.92168
-2.3642
-2.8105
-3.25567
-3.69158
-4.10618
-4.4833
-4.80309
-5.04359
-5.18406
-5.20969
-0.164148
-0.493235
-0.824559
-1.15914
-1.49727
-1.83813
-2.17939
-2.51678
-2.84373
-3.15103
-3.42697
-3.65785
-3.82937
-3.92882
-3.94793
-0.117687
-0.35352
-0.590632
-0.829521
-1.07014
-1.31165
-1.55213
-1.78834
-2.01552
-2.22725
-2.41568
-2.57196
-2.68721
-2.75391
-2.76751
-0.0707653
-0.212528
-0.354924
-0.498163
-0.64212
-0.786188
-0.929128
-1.06893
-1.20273
-1.32677
-1.43653
-1.52709
-1.5936
-1.6321
-1.64031
-32289
-32267
-32244.9
-32222.5
-32199.7
-32176.6
-32152.9
-32128.6
-32103.6
-32077.8
-32051.1
-32023.5
-31994.8
-31965.1
-31934.2
-96.0124
-136.91
54.9741
-0.653623
36.6297
2.36342
21.0499
-1.87199
-23.6109
-6.51148
-33.4012
-8.35833
-42.0511
-7.47374
-53.1873
49.8644
4.42749
38.2099
5.36113
28.8442
3.41676
18.4068
-1.10554
-20.5983
-5.67273
-30.9947
-7.73213
-40.3336
-7.06614
-52.0198
49.6285
4.55532
38.3468
5.4819
29.1319
3.52872
18.6935
-1.04748
-20.8127
-5.67681
-31.418
-7.76066
-40.9512
-7.05708
-52.8563
50.7392
4.81207
39.2189
5.72735
29.8355
3.73327
19.2064
-0.92966
-21.0991
-5.63699
-31.9261
-7.73623
-41.6623
-6.97072
-53.8253
52.2617
5.24661
40.5372
6.21013
31.033
4.21492
20.2396
-0.533984
-21.4267
-5.32649
-32.8119
-7.39329
-43.303
-6.32366
-56.7187
58.9912
7.61836
48.2112
9.53654
40.8773
8.90355
34.3827
6.91602
-25.1017
73.3066
45.4604
28.8755
16.676
5.50603
-7.5218
-54.2539
-52.5796
-8.14029
-2.05897
7.27918
3.32981
3.75296
-3.57249
-11.0206
-11.6783
-17.0922
-14.8639
-19.2501
-12.9569
-13.1154
9.4034
9.22304
15.2978
10.8565
12.6733
7.22601
6.09142
-1.1277
-8.35148
-9.51335
-14.9823
-13.2494
-17.7427
-11.8566
-12.1551
9.94977
9.66521
15.6715
11.1838
12.9879
7.47837
6.31728
-1.00499
-8.33899
-9.53005
-15.0966
-13.3399
-17.9165
-11.9198
-12.2225
10.3049
10.0132
16.1258
11.5495
13.388
7.77194
6.59146
-0.874176
-8.35162
-9.55738
-15.2309
-13.4195
-18.0798
-11.9218
-12.2051
10.8862
10.6151
16.9109
12.2535
14.1891
8.46041
7.302
-0.356591
-8.03678
-9.21132
-15.0443
-13.0189
-17.7796
-10.978
-10.9285
14.6181
14.8409
22.7111
18.4293
22.3424
17.4003
19.4021
13.4724
11.1637
31.0449
29.2516
22.5681
15.2011
8.18886
2.40806
-33.9627
-29.8325
-16.0198
-8.15475
-2.9382
-2.00108
-2.38693
-5.09734
-8.2094
-9.99721
-11.7889
-11.8456
-11.8286
-9.15085
-5.70037
1.62747
5.00943
7.52693
7.33841
6.9607
4.8229
2.53569
-1.14523
-4.8358
-7.15391
-9.34255
-9.80337
-10.1002
-7.74369
-4.55349
2.50928
5.71367
8.10505
7.82298
7.37304
5.16358
2.81056
-0.948242
-4.71369
-7.08526
-9.32315
-9.80166
-10.1103
-7.71398
-4.46667
2.72757
5.98941
8.42198
8.1318
7.67232
5.42081
3.02453
-0.804268
-4.63796
-7.04674
-9.3167
-9.7861
-10.0783
-7.60004
-4.2468
3.15041
6.5249
9.05529
8.80074
8.37981
6.12258
3.72268
-0.150115
-4.01708
-6.39001
-8.59456
-8.87464
-8.90758
-5.91114
-1.85603
6.71009
11.0499
14.7087
15.5204
16.5577
15.897
15.842
14.8138
15.4748
19.9887
20.079
17.2392
13.2093
9.09252
5.75332
-23.8409
-21.0282
-15.3348
-10.4365
-6.99312
-5.42685
-5.17939
-6.04371
-7.30506
-8.31042
-8.984
-8.93348
-8.2384
-6.45746
-3.86861
-0.466313
2.04071
3.65276
4.09278
3.78265
2.63503
0.986967
-1.14877
-3.29639
-4.9808
-6.19074
-6.59335
-6.27843
-4.83114
-2.5283
0.624942
2.93295
4.38841
4.70395
4.29195
3.05563
1.32824
-0.881806
-3.09549
-4.83288
-6.08312
-6.50803
-6.19891
-4.73354
-2.39433
0.812947
3.15991
4.63902
4.95802
4.5373
3.27823
1.52054
-0.727216
-2.97606
-4.7359
-5.99516
-6.40775
-6.0662
-4.53807
-2.1117
1.20743
3.65032
5.21005
5.58769
5.21487
3.99031
2.26443
0.0480521
-2.14873
-3.81108
-4.91601
-5.08618
-4.39783
-2.36869
0.720691
4.88807
8.23955
10.8062
12.2868
13.2181
13.5214
13.6837
13.7226
14.2377
15.3024
15.1257
13.6242
11.3426
8.87654
6.73735
-18.1198
-16.3722
-13.5045
-10.6234
-8.34492
-6.95351
-6.37088
-6.41836
-6.76934
-7.10138
-7.22175
-6.9495
-6.21182
-4.92744
-3.20824
-1.27093
0.360708
1.46627
1.9273
1.81054
1.16774
0.140461
-1.13525
-2.42401
-3.49097
-4.20151
-4.41658
-4.0873
-3.15064
-1.72773
-0.042313
1.37986
2.3132
2.63253
2.39781
1.65475
0.540913
-0.810198
-2.16318
-3.28205
-4.0316
-4.27147
-3.95261
-3.01148
-1.57207
0.137141
1.58004
2.52661
2.84935
2.60948
1.85364
0.722166
-0.648639
-2.01839
-3.14595
-3.8929
-4.11541
-3.76282
-2.76964
-1.2622
0.526206
2.04747
3.06698
3.45527
3.27641
2.57991
1.51245
0.217976
-1.05002
-2.03488
-2.58356
-2.53403
-1.81886
-0.353014
1.74508
4.24095
6.5594
8.46752
9.84438
10.783
11.3488
11.7029
11.9458
12.2093
12.404
12.0799
11.1326
9.74149
8.18992
6.74951
-14.4276
-13.329
-11.6937
-9.94244
-8.41929
-7.31549
-6.65502
-6.35595
-6.26087
-6.19711
-6.02488
-5.63574
-4.97248
-4.02359
-2.86195
-1.63541
-0.561765
0.207854
0.593806
0.595901
0.254048
-0.348341
-1.10296
-1.87109
-2.5144
-2.92577
-3.02373
-2.77085
-2.17036
-1.3052
-0.330554
0.530647
1.12212
1.35889
1.23563
0.787737
0.095206
-0.735946
-1.56805
-2.2631
-2.71407
-2.83952
-2.60244
-2.00699
-1.13837
-0.155228
0.714864
1.31244
1.55082
1.42459
0.969896
0.268392
-0.571632
-1.40951
-2.10412
-2.5459
-2.65125
-2.38195
-1.74177
-0.817346
0.22964
1.1671
1.83285
2.13952
2.08335
1.70366
1.08734
0.349734
-0.359029
-0.886832
-1.11256
-0.940458
-0.320878
0.7522
2.19666
3.8493
5.47014
6.89388
8.03294
8.88489
9.48101
9.88236
10.1394
10.28
10.2526
9.93177
9.27995
8.3715
7.34323
6.33831
-11.7686
-11.0585
-10.0498
-8.93296
-7.8898
-7.03906
-6.41871
-5.99979
-5.70731
-5.44903
-5.14036
-4.71672
-4.14443
-3.42614
-2.60911
-1.77976
-1.04647
-0.498117
-0.186972
-0.123499
-0.284512
-0.617975
-1.05127
-1.49794
-1.87186
-2.1014
-2.13612
-1.955
-1.57123
-1.0404
-0.455483
0.0697832
0.441746
0.603635
0.540846
0.272947
-0.150946
-0.660379
-1.17035
-1.59566
-1.86537
-1.92967
-1.76838
-1.3959
-0.869624
-0.284868
0.242058
0.615441
0.777281
0.712644
0.441505
0.0140318
-0.497773
-1.00699
-1.42644
-1.68339
-1.72665
-1.53519
-1.12327
-0.549019
0.0907557
0.67794
1.11574
1.34625
1.35609
1.16813
0.836836
0.439924
0.0713367
-0.173806
-0.214474
0.00871945
0.524035
1.32259
2.34847
3.50341
4.66472
5.73015
6.63498
7.35515
7.89369
8.26955
8.50085
8.59249
8.52382
8.26021
7.7969
7.17404
6.46295
5.7419
-9.68935
-9.21789
-8.56166
-7.81735
-7.08321
-6.43087
-5.89232
-5.46154
-5.10449
-4.77349
-4.42139
-4.01176
-3.52662
-2.97087
-2.37404
-1.78579
-1.2649
-0.862536
-0.611133
-0.519671
-0.574778
-0.743889
-0.980345
-1.22957
-1.43728
-1.55761
-1.55936
-1.43101
-1.18393
-0.85351
-0.494564
-0.17037
0.063832
0.171868
0.141373
-0.0172613
-0.273971
-0.584094
-0.894592
-1.15235
-1.31249
-1.34471
-1.23848
-1.00635
-0.685136
-0.331279
-0.00969521
0.223021
0.329819
0.298012
0.138187
-0.118937
-0.427688
-0.733785
-0.982799
-1.12866
-1.14008
-1.00594
-0.738584
-0.375082
0.0275658
0.403867
0.697074
0.870728
0.913656
0.838945
0.680798
0.489297
0.323912
0.244744
0.303626
0.537214
0.961059
1.56563
2.3144
3.14835
3.99736
4.7977
5.5029
6.08699
6.54065
6.86493
7.06338
7.13585
7.07575
6.87623
6.54361
6.10364
5.59702
5.06902
-7.96322
-7.64335
-7.20031
-6.68707
-6.15879
-5.65882
-5.21072
-4.81714
-4.46412
-4.12837
-3.78524
-3.41553
-3.0105
-2.57478
-2.12662
-1.69486
-1.31268
-1.00959
-0.805009
-0.704813
-0.70091
-0.77286
-0.891064
-1.02104
-1.12854
-1.18462
-1.16997
-1.07803
-0.916675
-0.70774
-0.483644
-0.280976
-0.132448
-0.0604593
-0.0736234
-0.166288
-0.320126
-0.507313
-0.694833
-0.849643
-0.943867
-0.959152
-0.889934
-0.745122
-0.547699
-0.331261
-0.133522
0.0118771
0.0819071
0.0676821
-0.0250643
-0.177606
-0.361469
-0.542821
-0.687747
-0.767542
-0.763165
-0.668561
-0.49238
-0.25755
0.00228002
0.249416
0.450536
0.583415
0.64059
0.629881
0.572761
0.501036
0.452309
0.464476
0.570126
0.791716
1.13782
1.60098
2.15768
2.7716
3.40008
4.00226
4.54523
5.00664
5.37393
5.64152
5.80735
5.87009
5.82848
5.68393
5.44493
5.12922
4.76189
4.37065
-6.46629
-6.24615
-5.94002
-5.57845
-5.19357
-4.81209
-4.4506
-4.11434
-3.79888
-3.49387
-3.18739
-2.87015
-2.53859
-2.19661
-1.85559
-1.53253
-1.24658
-1.01482
-0.848594
-0.75132
-0.71784
-0.735253
-0.784857
-0.844912
-0.893854
-0.913521
-0.891899
-0.825059
-0.717963
-0.583837
-0.441902
-0.31366
-0.218548
-0.170207
-0.174179
-0.227264
-0.318298
-0.430096
-0.542217
-0.634225
-0.688957
-0.695321
-0.650281
-0.559692
-0.437683
-0.304355
-0.18202
-0.0907737
-0.0447171
-0.0496161
-0.102249
-0.191212
-0.298904
-0.404348
-0.486519
-0.527675
-0.516212
-0.448689
-0.330663
-0.176051
-0.00475757
0.1612
0.302235
0.405089
0.465248
0.487624
0.485731
0.479632
0.492993
0.549572
0.66965
0.866893
1.14602
1.50163
1.91854
2.37387
2.84065
3.29208
3.70501
4.06185
4.35075
4.56465
4.69979
4.7546
4.72946
4.62763
4.45671
4.22914
3.9612
3.67062
-5.12475
-4.97277
-4.75957
-4.50336
-4.22345
-3.93654
-3.65414
-3.38156
-3.11862
-2.86146
-2.60503
-2.3454
-2.08169
-1.81706
-1.55871
-1.31679
-1.10248
-0.925678
-0.79291
-0.705985
-0.661509
-0.651312
-0.663627
-0.68481
-0.701354
-0.701904
-0.678969
-0.630082
-0.558202
-0.47121
-0.380472
-0.29867
-0.237332
-0.204654
-0.204048
-0.233629
-0.286606
-0.352446
-0.418596
-0.47252
-0.503732
-0.505545
-0.476251
-0.41954
-0.343999
-0.261656
-0.185781
-0.128385
-0.0979983
-0.0982111
-0.127149
-0.177881
-0.239607
-0.299422
-0.344386
-0.363609
-0.350018
-0.301568
-0.221658
-0.118602
-0.00413754
0.108848
0.208889
0.288221
0.344292
0.380294
0.404735
0.430186
0.471425
0.543212
0.658039
0.824142
1.04406
1.314
1.62408
1.95965
2.30333
2.63733
2.94557
3.21489
3.43558
3.60118
3.70791
3.75426
3.74088
3.67085
3.55006
3.38721
3.19309
2.97938
-3.89088
-3.78751
-3.64102
-3.46241
-3.26341
-3.05451
-2.84352
-2.63489
-2.43
-2.22803
-2.02728
-1.82653
-1.62612
-1.42847
-1.23817
-1.0613
-0.904393
-0.773137
-0.671228
-0.59954
-0.555832
-0.534973
-0.529648
-0.531408
-0.531907
-0.524128
-0.503432
-0.468238
-0.420228
-0.364001
-0.306201
-0.254238
-0.214874
-0.192944
-0.190474
-0.20633
-0.236419
-0.274376
-0.31261
-0.343545
-0.360871
-0.360592
-0.341729
-0.306533
-0.260137
-0.209667
-0.162963
-0.127129
-0.107244
-0.105469
-0.120693
-0.148744
-0.183089
-0.215905
-0.239347
-0.246819
-0.234044
-0.199774
-0.146005
-0.0776051
-0.00140877
0.0751149
0.145343
0.20483
0.252217
0.289595
0.322265
0.357991
0.40585
0.47486
0.572579
0.70388
0.870076
1.06854
1.29289
1.53375
1.77992
2.0197
2.24216
2.43794
2.59977
2.72249
2.80297
2.83993
2.83387
2.78716
2.704
2.59029
2.4532
2.3004
-2.73117
-2.66433
-2.56871
-2.45082
-2.31761
-2.17548
-2.02948
-1.88286
-1.73719
-1.59282
-1.44952
-1.3072
-1.16655
-1.02931
-0.898304
-0.777083
-0.669369
-0.578349
-0.506038
-0.452819
-0.417266
-0.396278
-0.38548
-0.37984
-0.374394
-0.36497
-0.34879
-0.324867
-0.294103
-0.259079
-0.223542
-0.191682
-0.167331
-0.153232
-0.150531
-0.158556
-0.174925
-0.19593
-0.217153
-0.234192
-0.243382
-0.242419
-0.230748
-0.209678
-0.18216
-0.152278
-0.124513
-0.102927
-0.0904313
-0.0882676
-0.0957881
-0.110565
-0.128792
-0.145905
-0.157327
-0.159205
-0.149039
-0.12608
-0.0914369
-0.0478524
0.00083202
0.050431
0.0972511
0.138846
0.174543
0.20566
0.235381
0.268312
0.309807
0.365156
0.438751
0.533361
0.649618
0.785797
0.937926
1.10021
1.2657
1.42703
1.57715
1.70989
1.82026
1.90463
1.96071
1.98753
1.98543
1.95596
1.90191
1.82706
1.73595
1.63343
-1.62015
-1.58259
-1.52848
-1.46126
-1.38463
-1.30204
-1.21632
-1.12944
-1.04252
-0.95609
-0.870327
-0.785469
-0.702072
-0.621186
-0.544347
-0.473419
-0.41031
-0.356628
-0.313365
-0.280666
-0.257738
-0.242921
-0.233896
-0.228003
-0.222623
-0.215551
-0.205312
-0.19136
-0.174126
-0.154908
-0.135601
-0.11833
-0.105039
-0.0971223
-0.0951563
-0.098785
-0.106769
-0.117184
-0.12774
-0.136154
-0.140531
-0.139681
-0.133319
-0.122121
-0.107602
-0.0918576
-0.0771797
-0.0656488
-0.0587563
-0.057136
-0.0604486
-0.0674331
-0.0761123
-0.0841154
-0.0890623
-0.088949
-0.0824699
-0.0692226
-0.0497574
-0.0254561
0.00174415
0.0297371
0.056673
0.0813431
0.103452
0.123729
0.143866
0.16629
0.193806
0.22917
0.274654
0.331664
0.400467
0.480083
0.568333
0.66206
0.757462
0.850483
0.937184
1.01405
1.07821
1.1275
1.16057
1.17681
1.17638
1.16018
1.12976
1.08724
1.03513
0.97611
-31905
-31877.6
-31849.5
-31820.7
-31791.3
-31761.2
-31730.5
-31699.2
-31667.4
-31635.1
-31602.4
-31569.3
-31535.8
-31502
-31467.9
-31433.5
-31399
-31364.2
-31329.3
-31294.3
-31259.1
-31223.8
-31188.4
-31152.9
-31117.3
-31081.6
-31045.7
-31009.8
-30973.9
-30937.8
-30901.6
-30865.4
-30829.2
-30792.9
-30756.6
-30720.2
-30683.8
-30647.3
-30610.8
-30574.2
-30537.6
-30500.9
-30464.1
-30427.3
-30390.4
-30353.5
-30316.5
-30279.5
-30242.5
-30205.4
-30168.4
-30131.3
-30094.2
-30057
-30019.8
-29982.6
-29945.3
-29908
-29870.7
-29833.3
-29795.9
-29758.6
-29721.2
-29683.9
-29646.6
-29609.4
-29572.2
-29535.1
-29498.1
-29461.1
-29424.3
-29387.6
-29351.1
-29314.7
-29278.6
-29242.7
-29207.1
-29171.9
-29137.1
-29102.7
-29068.8
-29035.4
-29002.5
-28970.2
-28938.4
-28907.2
-28876.5
-28846.3
-28816.6
-28787.4
-4.12788
0.532562
2.89465
4.11173
4.65137
4.76526
4.60728
4.27509
3.83123
3.3158
2.75467
2.16458
1.55647
0.937626
0.313129
1.07449
2.01269
3.03234
3.72352
4.07437
4.1516
4.02616
3.75615
3.38518
2.94462
2.45666
1.93684
1.39612
0.84238
0.281544
3.88394
3.41138
3.49852
3.67566
3.77098
3.74064
3.58961
3.3382
3.00872
2.62086
2.19051
1.73
1.24879
0.754233
0.25221
5.12664
4.25036
3.87468
3.70963
3.59327
3.45037
3.25346
2.9983
2.69065
2.3396
1.95452
1.54385
1.11482
0.673549
0.225274
5.48847
4.58874
4.04022
3.69491
3.44208
3.21413
2.97555
2.71089
2.41599
2.09238
1.74411
1.37606
0.993106
0.599866
0.200614
5.37437
4.57589
4.00257
3.58771
3.26602
2.98853
2.72371
2.45372
2.17004
1.86983
1.5535
1.22316
0.881677
0.532196
0.177929
5.00716
4.33789
3.80646
3.38733
3.04577
2.75026
2.47703
2.21026
1.94062
1.66338
1.37691
1.08142
0.778246
0.469313
0.156835
4.50771
3.96206
3.49806
3.10938
2.77947
2.48973
2.22389
1.96969
1.71879
1.46619
1.20932
0.947356
0.680578
0.409973
0.136935
3.94156
3.50458
3.11433
2.77267
2.47302
2.20528
1.95913
1.7258
1.49867
1.27325
1.04684
0.818108
0.586738
0.353068
0.117868
3.34429
3.00039
2.68202
2.39394
2.13465
1.89923
1.68155
1.47571
1.27684
1.08131
0.886668
0.691505
0.495196
0.297695
0.099335
2.73493
2.47066
2.21943
1.98642
1.77243
1.57546
1.39211
1.21866
1.05169
0.888474
0.727023
0.566047
0.404849
0.243182
0.081112
2.12315
1.9279
1.73863
1.55987
1.39319
1.23807
1.0928
0.955109
0.822781
0.693878
0.566903
0.440812
0.31497
0.189071
0.0630433
1.51328
1.37914
1.24734
1.12124
1.00237
0.890854
0.785885
0.686206
0.590449
0.497355
0.405899
0.315328
0.22515
0.13509
0.0450334
0.906466
0.828059
0.750342
0.675377
0.604211
0.537086
0.473684
0.413384
0.355454
0.299194
0.24401
0.189453
0.135212
0.0811039
0.0270343
-28755.8
-28721.9
-28688.6
-28655.8
-28623.4
-28591.4
-28559.8
-28528.5
-28497.5
-28466.7
-28436.1
-28405.7
-28375.4
-28345.2
-28315.1
)
;

boundaryField
{
    hot
    {
        type            calculated;
        value           nonuniform List<scalar> 
120
(
32284.9
0.0524209
0.0878939
0.124144
0.161396
0.199793
0.239356
0.279952
0.321254
0.362713
0.403536
0.442691
0.478946
0.510953
0.537373
0.555955
0.567105
0.572773
0.572972
0.567974
0.558274
0.544533
0.527501
0.507936
0.486547
0.46395
0.440643
0.417012
0.393346
0.36986
0.346726
0.32409
0.302091
0.280863
0.260535
0.241223
0.223023
0.205997
0.190173
0.175541
0.162055
0.149641
0.138205
0.127645
0.117857
0.108751
0.100245
0.0922793
0.0848076
0.0777974
0.0712252
0.0650711
0.0593148
0.0539322
0.0488932
0.0441616
0.0396958
0.0354506
0.0313793
0.0274364
0.0235794
0.0197698
0.0159742
0.0121639
0.00831428
0.00440394
0.000413362
-0.00367605
-0.00788296
-0.012227
-0.0167297
-0.0214151
-0.0263112
-0.0314504
-0.0368704
-0.0426144
-0.0487308
-0.0552719
-0.0622916
-0.0698421
-0.0779708
-0.0867162
-0.0961055
-0.106153
-0.11686
-0.128218
-0.140215
-0.152839
-0.166091
-0.179987
-0.194565
-0.209886
-0.226025
-0.243065
-0.261072
-0.280076
-0.300043
-0.320846
-0.342242
-0.363854
-0.38516
-0.405504
-0.424122
-0.440186
-0.452873
-0.461794
-0.46518
-0.461049
-0.449251
-0.430102
-0.404294
-0.372766
-0.336568
-0.296739
-0.254223
-0.209816
-0.164148
-0.117687
-0.0707653
-32289
)
;
    }
    cold
    {
        type            calculated;
        value           nonuniform List<scalar> 
120
(
28318.8
-0.0217878
-0.0377909
-0.0560378
-0.0774636
-0.103014
-0.133609
-0.17007
-0.213016
-0.26272
-0.318941
-0.380765
-0.446487
-0.513603
-0.57896
-0.634609
-0.678933
-0.715832
-0.744122
-0.763176
-0.772945
-0.773889
-0.766853
-0.752919
-0.733255
-0.709001
-0.681187
-0.650702
-0.61829
-0.584571
-0.550075
-0.515269
-0.480576
-0.446392
-0.413074
-0.380939
-0.350247
-0.32119
-0.293889
-0.26839
-0.244672
-0.222658
-0.20223
-0.183246
-0.165558
-0.14902
-0.133503
-0.118894
-0.105104
-0.0920604
-0.0797032
-0.0679818
-0.0568489
-0.0462567
-0.0361545
-0.0264867
-0.0171926
-0.00820586
0.000544826
0.00913547
0.0176461
0.0261596
0.0347607
0.0435338
0.0525606
0.0619174
0.0716727
0.0818855
0.0926038
0.103866
0.115704
0.128146
0.141226
0.154986
0.169484
0.184795
0.201013
0.21824
0.236575
0.2561
0.276855
0.298821
0.321897
0.34589
0.370503
0.395336
0.419901
0.443637
0.465938
0.486183
0.503764
0.518114
0.528729
0.535187
0.537164
0.534457
0.527
0.514894
0.498419
0.478045
0.454413
0.428302
0.400565
0.372062
0.343585
0.313129
0.281544
0.25221
0.225274
0.200614
0.177929
0.156835
0.136935
0.117868
0.099335
0.081112
0.0630433
0.0450334
0.0270343
-28315.1
)
;
    }
    interface_left
    {
        type            calculated;
        value           nonuniform List<scalar> 
90
(
23.4532
58.1012
60.5928
35.0979
25.616
16.8481
12.6871
7.21996
8.87766
9.35261
9.86588
10.1977
10.9642
11.9784
15.0354
14.4696
9.53848
7.5826
5.63296
4.68284
3.49091
2.81071
1.7127
2.23725
2.41793
2.63751
2.77277
3.05081
3.37378
4.30038
4.1614
2.7768
2.22559
1.66958
1.39587
1.04609
0.843808
0.511416
0.671287
0.723901
0.78333
0.815476
0.878507
0.952647
1.17278
1.11527
0.705534
0.537325
0.36058
0.272005
0.160218
0.0995282
0.0199416
-0.0293881
-0.0808408
-0.186836
-0.279883
-0.474214
-0.666898
-1.14019
-1.23297
-1.06645
-1.02407
-1.00885
-1.00403
-0.978822
-0.93814
-0.757834
-1.28573
-1.62857
-2.24373
-2.74026
-3.76422
-4.78893
-7.3671
-7.6884
-6.18215
-5.68152
-5.30359
-5.12527
-4.84533
-4.55817
-3.66272
-6.78677
-6.81549
-3.56513
-3.3586
-5.12234
-10.7794
-28.7366
)
;
    }
    interface_right
    {
        type            calculated;
        value           nonuniform List<scalar> 
90
(
-11.9259
-116.213
-129.179
-70.9592
-50.0898
-31.8166
-23.4789
-13.0632
-15.7832
-16.4954
-17.1993
-17.6596
-18.7866
-20.3804
-25.3035
-24.2414
-15.7865
-12.4357
-9.11312
-7.50272
-5.50893
-4.38807
-2.63111
-3.3453
-3.55543
-3.77234
-3.88838
-4.13685
-4.46399
-5.47531
-5.20887
-3.31707
-2.55889
-1.79876
-1.42939
-0.979647
-0.735434
-0.390072
-0.398865
-0.350107
-0.230958
-0.125526
0.0844473
0.27181
0.695463
0.82452
0.826697
0.849464
0.891639
0.910953
0.906544
0.874424
0.702119
1.20389
1.52222
2.08243
2.52583
3.42846
4.32146
6.55647
6.80663
5.39668
4.91466
4.51324
4.32045
3.99904
3.72321
2.88181
4.77404
5.97065
8.09651
9.82304
13.4064
17.052
26.2959
27.5476
22.5038
21.0369
20.4789
20.5483
21.2424
21.6158
21.6454
50.1773
48.9854
16.7567
6.67281
2.79206
0.213334
-4.26345
)
;
    }
    interface_top
    {
        type            calculated;
        value           nonuniform List<scalar> 
90
(
-124.061
-204.416
110.408
-3.46813
58.7091
-1.64483
34.1162
-1.06601
-34.0038
-0.646331
-46.1495
-0.546587
-59.7493
0.0962805
-87.2255
84.0899
-2.69453
55.8394
-1.73764
41.2656
-1.50539
28.1796
-1.09517
-30.3297
-0.746722
-43.3066
-0.654298
-57.7292
-0.00778084
-85.7721
83.2822
-2.7295
55.8533
-1.73725
41.572
-1.48786
28.5427
-1.06474
-30.7058
-0.696837
-43.9567
-0.576787
-58.6823
0.124454
-87.2565
85.0356
-2.60462
57.0488
-1.63666
42.5119
-1.38825
29.2491
-0.952883
-31.2052
-0.55832
-44.7476
-0.403084
-59.8102
0.363821
-89.0536
87.365
-2.37368
58.791
-1.38573
44.0346
-1.10288
30.5731
-0.609314
-31.9898
-0.126683
-46.3836
0.148811
-62.836
1.15135
-95.3082
96.8493
-1.62459
68.1913
-0.442234
55.589
0.115758
46.9405
1.95109
-56.8242
107.504
55.629
32.0189
17.1596
3.66233
-14.9375
)
;
    }
    interface_bottom
    {
        type            calculated;
        value           nonuniform List<scalar> 
90
(
35.7856
108.61
-80.9937
2.46998
-49.3247
0.967578
-31.2673
0.18355
30.5272
-0.455212
42.5328
-0.818877
55.8149
-1.78637
82.1105
-82.6762
0.664681
-55.3179
-0.138998
-41.2716
-0.343981
-28.7065
-0.750672
27.1259
-1.17879
39.3017
-1.42532
52.6514
-2.3132
78.426
-80.336
0.159226
-54.0361
-0.52564
-40.4832
-0.664803
-28.2877
-1.02312
26.197
-1.42142
38.1424
-1.65394
51.2254
-2.54147
76.4025
-78.7781
-0.0903844
-53.0315
-0.729936
-39.7673
-0.84909
-27.8422
-1.19473
25.4082
-1.5945
37.0646
-1.84038
49.8096
-2.75733
74.2791
-77.065
-0.335637
-51.902
-0.936076
-38.9542
-1.0491
-27.3299
-1.3917
24.4901
-1.78479
35.8009
-2.01283
48.1797
-2.83217
72.0948
-75.2572
-0.514121
-51.0382
-1.21228
-38.9112
-1.53684
-28.7438
-2.52178
25.5908
-29.963
-4.88928
11.0271
26.8804
50.1429
97.6753
)
;
    }
    defaultFaces
    {
        type            empty;
    }
}


// ************************************************************************* //
