/*--------------------------------*- C++ -*----------------------------------*\
| =========                 |                                                 |
| \\      /  F ield         | OpenFOAM: The Open Source CFD Toolbox           |
|  \\    /   O peration     | Version:  5.x                                   |
|   \\  /    A nd           | Web:      www.OpenFOAM.org                      |
|    \\/     M anipulation  |                                                 |
\*---------------------------------------------------------------------------*/
FoamFile
{
    version     2.0;
    format      ascii;
    class       volScalarField;
    location    "3.2";
    object      gradTy;
}
// * * * * * * * * * * * * * * * * * * * * * * * * * * * * * * * * * * * * * //

dimensions      [0 -1 0 1 0 0 0];

internalField   nonuniform List<scalar> 
6300
(
32285
32255
32224.8
32194.5
32163.9
32133.1
32101.8
32070.2
32038
32005.4
31972.2
31938.5
31904.1
31869.2
31833.6
0.0522191
0.15617
0.258635
0.358521
0.454583
0.545382
0.629272
0.704412
0.768837
0.82057
0.857807
0.879156
0.883912
0.872321
0.845766
0.087555
0.261895
0.433872
0.60172
0.763407
0.916555
1.0584
1.1858
1.29535
1.38355
1.44713
1.48347
1.4911
1.47023
1.42315
0.123663
0.369993
0.613248
0.851096
1.08079
1.29906
1.50199
1.68507
1.84324
1.97118
2.06374
2.11655
2.12685
2.09441
2.02232
0.160768
0.481167
0.798035
1.10863
1.40961
1.6969
1.96545
2.20925
2.42136
2.59422
2.72011
2.79214
2.80535
2.75825
2.65436
0.19901
0.595872
0.989102
1.37576
1.75214
2.11347
2.45366
2.76512
3.03876
3.26421
3.43037
3.52655
3.54415
3.4789
3.33367
0.238412
0.71421
1.18674
1.65318
2.10973
2.55119
2.9706
3.35881
3.70437
3.99349
4.2106
4.33957
4.36579
4.27955
4.08053
0.27884
0.835819
1.39047
1.94049
2.4824
3.01099
3.51873
3.99518
4.42642
4.79478
5.079
5.25534
5.29991
5.19297
4.92574
0.319969
0.959754
1.59884
2.23593
2.8684
3.49163
4.09816
4.67676
5.21138
5.68022
6.0553
6.30288
6.38555
6.26671
5.91897
0.361252
1.08439
1.80921
2.53598
3.26365
3.98898
4.70555
5.40234
6.06211
6.65944
7.15912
7.51535
7.67269
7.56934
7.1432
0.4019
1.20736
2.01762
2.83515
3.66124
4.4951
5.33271
6.16497
6.97529
7.73631
8.4064
8.92672
9.22054
9.1948
8.73701
0.440885
1.32554
2.21875
3.12578
4.05106
4.99749
5.96522
6.94957
7.93778
8.90414
9.80347
10.5646
11.088
11.2524
10.9127
0.476982
1.43518
2.40608
3.39815
4.41973
5.47861
6.58113
7.73031
8.92214
10.139
11.3388
12.4402
13.3145
13.814
13.8857
0.508849
1.53211
2.57224
3.64104
4.75112
5.9161
7.15041
8.4684
9.88149
11.391
12.9724
14.5432
15.9157
16.8039
17.3131
0.535154
1.61218
2.70973
3.84264
5.02763
6.28426
7.63601
9.11142
10.7444
12.5712
14.6167
16.8444
19.0014
20.1727
17.8093
31800.6
31770.1
31739.3
31708.1
31676.7
31644.9
31612.9
31580.6
31548
31515.3
31482.3
31449.2
31415.9
31382.5
31349
31315.4
31281.7
31248
31214.2
31180.4
31146.6
31112.8
31079
31045.2
31011.4
30977.6
30943.7
30909.9
30876.1
30842.3
30808.5
30774.8
30741.1
30707.4
30673.8
30640.2
30606.7
30573.2
30539.7
30506.3
30472.9
30439.5
30406.2
30372.9
30339.6
30306.4
30273.2
30240
30206.9
30173.9
30141
30108
30075.2
30042.4
30009.6
29976.9
29944.2
29911.5
29878.9
29846.3
29813.8
29781.3
29748.9
29716.6
29684.3
29652.1
29620
29587.9
29555.9
29523.9
29492
29460.2
29428.3
29396.5
29364.8
29333.1
29301.5
29269.9
29238.4
29206.9
29175.4
29144
29112.6
29081.1
29049.7
29018.1
28986.5
28954.8
28923
28891.2
0.810023
0.771071
0.727862
0.682537
0.636887
0.592119
0.548726
0.506508
0.464742
0.422453
0.378748
0.333123
0.285692
0.237279
0.189356
0.143838
0.10276
0.0679221
0.0405524
0.0210754
0.00901355
0.00304373
0.00119394
0.00114596
0.000593809
-0.00239914
-0.00910198
-0.019926
-0.0343765
-0.051159
-0.0684262
-0.0841229
-0.0963672
-0.103796
-0.105808
-0.102677
-0.0954966
-0.086001
-0.0762705
-0.0683844
-0.0640739
-0.0644309
-0.0697223
-0.0793427
-0.0919177
-0.105545
-0.11813
-0.127762
-0.133045
-0.133342
-0.128876
-0.120683
-0.110431
-0.10013
-0.0917947
-0.0870982
-0.0870914
-0.0920181
-0.101268
-0.113479
-0.126769
-0.139069
-0.148483
-0.153617
-0.153812
-0.149242
-0.140865
-0.130239
-0.119242
-0.109725
-0.10318
-0.10045
-0.101544
-0.105587
-0.110915
-0.115308
-0.116319
-0.111658
-0.0995502
-0.0790283
-0.0501111
-0.0138629
0.027671
0.0716367
0.114634
0.15305
0.183434
0.202888
0.209417
0.202192
1.36006
1.29161
1.21618
1.13777
1.05975
0.984324
0.912292
0.843053
0.774961
0.705871
0.633802
0.557557
0.477175
0.394128
0.311202
0.232089
0.160758
0.100729
0.0544263
0.0227107
0.00469696
-0.00213248
-0.00154478
0.00202678
0.00417181
0.00118891
-0.00933902
-0.0281737
-0.0543218
-0.0852342
-0.117284
-0.14644
-0.16902
-0.18236
-0.185291
-0.178339
-0.163625
-0.144501
-0.124986
-0.109098
-0.100183
-0.100358
-0.11014
-0.128358
-0.152338
-0.178374
-0.202386
-0.220653
-0.230469
-0.230608
-0.221516
-0.205212
-0.184928
-0.164559
-0.148002
-0.138501
-0.138097
-0.147269
-0.164842
-0.188172
-0.213599
-0.237099
-0.254993
-0.264587
-0.264626
-0.255477
-0.239028
-0.21833
-0.197047
-0.178807
-0.16655
-0.161973
-0.165175
-0.174544
-0.186939
-0.198129
-0.203436
-0.19847
-0.17981
-0.145555
-0.0956438
-0.0319531
0.0418343
0.120543
0.197978
0.267514
0.322784
0.358397
0.370618
0.357888
1.92613
1.8223
1.70884
1.59251
1.47894
1.37173
1.27192
1.17804
1.08671
0.993673
0.894968
0.788048
0.6726
0.550908
0.427665
0.309249
0.202592
0.113888
0.0474148
0.00473767
-0.0156
-0.0178619
-0.00845027
0.00509426
0.0152689
0.0157789
0.00252499
-0.0257489
-0.0672631
-0.117527
-0.17016
-0.218079
-0.254829
-0.275761
-0.278853
-0.265025
-0.237949
-0.203407
-0.168322
-0.139611
-0.123046
-0.122288
-0.138252
-0.168916
-0.209637
-0.253956
-0.294754
-0.325552
-0.341667
-0.341008
-0.324383
-0.295311
-0.25939
-0.223342
-0.193893
-0.17665
-0.175157
-0.190271
-0.219977
-0.259693
-0.303056
-0.343058
-0.37331
-0.389172
-0.38853
-0.372087
-0.343176
-0.307129
-0.270338
-0.239146
-0.218733
-0.212171
-0.219802
-0.239024
-0.264581
-0.289305
-0.305238
-0.304891
-0.282421
-0.23452
-0.160918
-0.0644837
0.0490064
0.171379
0.292786
0.40261
0.490524
0.54767
0.567827
0.548358
2.51581
2.36685
2.20566
2.04329
1.88899
1.74849
1.62302
1.50935
1.40092
1.28964
1.16797
1.03082
0.877018
0.709923
0.537177
0.369473
0.218575
0.0950304
0.00613399
-0.0454076
-0.0619302
-0.0504052
-0.0213117
0.0130097
0.0402779
0.0501838
0.0360123
-0.00426375
-0.0676111
-0.146415
-0.229829
-0.30581
-0.363423
-0.394861
-0.396787
-0.370795
-0.323032
-0.263105
-0.202487
-0.152642
-0.123156
-0.12015
-0.145205
-0.194999
-0.261766
-0.334618
-0.401532
-0.451606
-0.477032
-0.474408
-0.445184
-0.395286
-0.334046
-0.272634
-0.222217
-0.192129
-0.188313
-0.212273
-0.260708
-0.325972
-0.397363
-0.463066
-0.512356
-0.537534
-0.535194
-0.50666
-0.457606
-0.397005
-0.335576
-0.283972
-0.250974
-0.241938
-0.257741
-0.294389
-0.343423
-0.393144
-0.430484
-0.443168
-0.421649
-0.360495
-0.259067
-0.121569
0.0433946
0.223611
0.404282
0.569266
0.70258
0.790217
0.822111
0.793872
3.13861
2.929
2.7042
2.48244
2.27916
2.10363
1.95712
1.8331
1.71923
1.60058
1.46325
1.29758
1.10057
0.877068
0.639422
0.405487
0.19516
0.0262687
-0.0889491
-0.145992
-0.148662
-0.108261
-0.0417151
0.0310676
0.0902739
0.119245
0.107075
0.050428
-0.0457184
-0.168681
-0.300219
-0.420012
-0.509726
-0.556477
-0.554943
-0.507939
-0.425651
-0.323818
-0.221161
-0.136379
-0.0851575
-0.0776236
-0.116558
-0.196664
-0.305156
-0.423853
-0.532585
-0.613174
-0.652812
-0.646136
-0.595779
-0.511615
-0.408974
-0.306117
-0.221292
-0.169799
-0.161496
-0.199052
-0.277227
-0.383452
-0.499883
-0.606729
-0.686145
-0.725542
-0.719599
-0.670799
-0.588684
-0.488093
-0.386681
-0.302024
-0.248727
-0.235954
-0.265679
-0.331931
-0.421289
-0.514818
-0.591245
-0.630702
-0.617956
-0.544464
-0.409155
-0.218205
0.0158227
0.275195
0.538376
0.781532
0.980422
1.11304
1.163
1.12278
3.80794
3.51301
3.19839
2.89498
2.62936
2.41697
2.25886
2.14225
2.04441
1.93842
1.79933
1.60945
1.36227
1.06457
0.736313
0.407495
0.112066
-0.119796
-0.267818
-0.32489
-0.297431
-0.203781
-0.0711168
0.0686578
0.183791
0.247532
0.242164
0.16198
0.0147698
-0.178622
-0.387544
-0.577549
-0.717921
-0.787647
-0.778601
-0.695915
-0.55644
-0.385745
-0.214121
-0.0718139
0.0157243
0.0317898
-0.0286493
-0.157482
-0.333879
-0.527463
-0.704194
-0.833739
-0.895313
-0.880795
-0.795084
-0.65458
-0.484242
-0.313664
-0.172398
-0.0853037
-0.0686731
-0.127367
-0.253382
-0.426265
-0.616231
-0.789916
-0.917589
-0.978865
-0.965741
-0.882936
-0.746392
-0.580387
-0.413682
-0.274939
-0.188144
-0.168791
-0.221034
-0.336213
-0.493164
-0.661132
-0.805248
-0.893414
-0.901739
-0.817453
-0.639362
-0.376871
-0.0482407
0.321299
0.701307
1.05755
1.35369
1.55492
1.63374
1.57663
4.54511
4.12537
3.67643
3.25313
2.90289
2.65218
2.50082
2.42437
2.38134
2.32391
2.20853
2.00383
1.69672
1.29608
0.833998
0.361407
-0.0625783
-0.386608
-0.577673
-0.625533
-0.541536
-0.355502
-0.110779
0.14171
0.351291
0.475312
0.484965
0.370026
0.141734
-0.166223
-0.502136
-0.806585
-1.02788
-1.13228
-1.10833
-0.965702
-0.732215
-0.44904
-0.164898
0.0715858
0.219494
0.251337
0.157714
-0.0498429
-0.337885
-0.655375
-0.943785
-1.15222
-1.24742
-1.21801
-1.07333
-0.840542
-0.559894
-0.279037
-0.0455314
0.100623
0.132582
0.0412237
-0.16208
-0.444512
-0.756057
-1.03939
-1.24468
-1.33935
-1.31225
-1.17249
-0.946551
-0.673715
-0.400447
-0.173074
-0.0304694
0.00144667
-0.0857838
-0.280364
-0.549188
-0.841804
-1.09983
-1.2711
-1.31888
-1.22552
-0.991102
-0.630778
-0.171214
0.352324
0.898452
1.42009
1.86363
2.17303
2.30021
2.21893
5.38845
4.77976
4.11753
3.50608
3.03307
2.74432
2.63492
2.65834
2.739
2.79287
2.74636
2.54564
2.16587
1.61603
0.946801
0.245311
-0.381181
-0.84491
-1.09377
-1.11608
-0.9326
-0.591763
-0.161653
0.276522
0.641967
0.867754
0.90715
0.74127
0.383385
-0.113602
-0.662071
-1.15541
-1.50619
-1.66178
-1.609
-1.36636
-0.979585
-0.513772
-0.0470869
0.342491
0.590357
0.651512
0.508097
0.173652
-0.299529
-0.825205
-1.29859
-1.63379
-1.77903
-1.72125
-1.47849
-1.09547
-0.635892
-0.176271
0.207073
0.450944
0.511367
0.37097
0.043122
-0.420879
-0.936549
-1.4013
-1.73108
-1.87524
-1.82105
-1.58616
-1.21428
-0.767703
-0.321159
0.0508205
0.286563
0.343223
0.204021
-0.117631
-0.570974
-1.0723
-1.51935
-1.82662
-1.93929
-1.83671
-1.52415
-1.0276
-0.386329
0.350793
1.13083
1.89501
2.56666
3.05346
3.26675
3.15144
6.4138
5.51125
4.48552
3.55964
2.89788
2.57815
2.57774
2.80989
3.13525
3.40635
3.50624
3.34529
2.8799
2.10791
1.10603
0.0211954
-0.934188
-1.61266
-1.93612
-1.90299
-1.55029
-0.956612
-0.224179
0.516032
1.13372
1.52856
1.62489
1.38897
0.825303
0.0131107
-0.901441
-1.70955
-2.26561
-2.4914
-2.3831
-1.97465
-1.34081
-0.57981
0.181707
0.81741
1.23003
1.34622
1.13351
0.596874
-0.185631
-1.07038
-1.85246
-2.38894
-2.60304
-2.4909
-2.08571
-1.46069
-0.71201
0.0362759
0.660464
1.06537
1.17928
0.970588
0.444329
-0.322894
-1.19041
-1.95764
-2.48479
-2.69682
-2.59008
-2.19713
-1.58964
-0.861684
-0.134543
0.470853
0.86143
0.967001
0.756517
0.234708
-0.523691
-1.38098
-2.14018
-2.66237
-2.86964
-2.75028
-2.32217
-1.63283
-0.73951
0.287408
1.38595
2.50308
3.53576
4.32758
4.70631
4.54675
7.78401
6.42014
4.70974
3.23289
2.27018
1.95215
2.18565
2.82717
3.60964
4.26635
4.64171
4.58335
4.03541
2.9308
1.38471
-0.389362
-1.88598
-2.89165
-3.29202
-3.15013
-2.51505
-1.5213
-0.297947
0.931938
1.94632
2.61919
2.82105
2.50856
1.62506
0.287173
-1.29414
-2.62669
-3.50068
-3.80218
-3.58947
-2.90754
-1.88523
-0.646646
0.591613
1.6135
2.29652
2.51446
2.22533
1.37408
0.0754402
-1.46349
-2.76002
-3.6084
-3.89689
-3.68259
-3.00956
-2.00404
-0.787626
0.427456
1.42955
2.09877
2.31167
2.02744
1.19246
-0.0805504
-1.58875
-2.85975
-3.69235
-3.97749
-3.7713
-3.1171
-2.13852
-0.954542
0.227332
1.20017
1.84665
2.04585
1.75727
0.927696
-0.334046
-1.83091
-3.10231
-3.95163
-4.27037
-4.10844
-3.49638
-2.53185
-1.28513
0.120815
1.6142
3.23267
4.8516
6.19646
6.92091
6.7211
9.87073
7.82816
4.59776
2.16587
0.714189
0.53198
1.20599
2.64147
4.26512
5.53149
6.40174
6.52639
5.99251
4.38942
1.99166
-1.19946
-3.54478
-5.0423
-5.42879
-5.10752
-3.9963
-2.41668
-0.381145
1.65814
3.25066
4.38805
4.75786
4.45037
3.07911
0.911736
-2.0451
-4.2042
-5.5602
-5.85345
-5.47157
-4.33062
-2.74113
-0.713064
1.31305
2.89753
4.03269
4.41282
4.12658
2.79549
0.682476
-2.20568
-4.31298
-5.63417
-5.9148
-5.53492
-4.41224
-2.85115
-0.861371
1.12529
2.67792
3.78923
4.15986
3.8773
2.57131
0.50041
-2.32869
-4.3932
-5.68828
-5.96572
-5.59768
-4.50423
-2.98322
-1.04441
0.890172
2.3994
3.47593
3.82703
3.53705
2.24297
0.194163
-2.60554
-4.67223
-6.00491
-6.36327
-6.11477
-5.1782
-3.83723
-2.06007
-0.171719
1.66238
3.9617
6.56224
8.95898
10.4667
10.3203
13.5349
10.9468
3.33601
-0.31262
-2.66983
-2.12116
-0.870232
2.18478
5.43503
7.36702
9.23542
9.41769
9.48923
6.99234
3.74099
-3.22759
-6.4245
-8.79292
-8.58484
-8.20254
-6.15214
-3.96866
-0.469847
3.0276
5.21031
7.26212
7.66989
7.92393
5.67946
2.67303
-3.94491
-6.93828
-9.15022
-8.87702
-8.44686
-6.39974
-4.2287
-0.77679
2.67029
4.82844
6.85599
7.27062
7.53228
5.34273
2.4056
-4.07244
-6.99809
-9.15844
-8.884
-8.457
-6.44637
-4.31571
-0.930759
2.44799
4.56164
6.54612
6.9485
7.20076
5.05151
2.17303
-4.16974
-7.03475
-9.14974
-8.88354
-8.46877
-6.50713
-4.42968
-1.12828
2.1654
4.22159
6.14973
6.53125
6.7626
4.64495
1.80358
-4.43577
-7.29918
-9.46123
-9.33008
-9.11199
-7.4424
-5.77079
-2.99517
-0.386087
1.04083
4.25725
8.56666
13.002
16.3949
16.8848
20.4667
21.2979
-3.63124
-4.65076
-10.2383
-5.78557
-5.54435
1.44692
8.50325
9.29413
14.4971
12.4684
16.6845
10.6817
10.8431
-10.6869
-10.4973
-16.2537
-11.9919
-13.6997
-8.49969
-7.41478
-0.556634
6.29023
7.35843
12.5036
10.8032
14.9953
9.37698
9.63483
-11.0641
-10.7977
-16.3189
-12.1267
-13.7506
-8.6474
-7.56082
-0.833636
5.88354
6.94735
12.0018
10.3486
14.4676
8.96641
9.22758
-11.0547
-10.7853
-16.1889
-12.0729
-13.6596
-8.65343
-7.58651
-0.991301
5.59235
6.63128
11.5811
9.95325
13.9823
8.58168
8.83418
-11.0189
-10.7564
-16.0402
-12.0153
-13.5674
-8.67685
-7.6387
-1.20111
5.22257
6.22809
11.0506
9.45164
13.3706
8.08903
8.30603
-11.1274
-10.936
-16.2198
-12.4221
-14.1994
-9.70954
-9.29417
-3.69041
1.10204
-2.1572
2.97981
10.3907
18.5469
26.5042
30.9535
30.3307
68.745
-45.0264
-2.40899
-32.2627
-3.38305
-19.9361
0.617845
20.5962
4.87044
30.175
6.52958
38.5978
5.4977
49.1839
-49.4191
-6.00419
-38.1372
-6.79862
-29.1402
-4.91747
-19.1703
-0.623034
17.8783
3.63999
27.6068
5.4559
36.1982
4.61735
46.779
-48.3687
-6.31794
-37.47
-6.9961
-28.7364
-5.10595
-19.0102
-0.870883
17.2428
3.32494
26.812
5.11998
35.2614
4.29762
45.6375
-47.6261
-6.39786
-36.9222
-7.04467
-28.3504
-5.18255
-18.8126
-1.02981
16.7265
3.07455
26.0935
4.81726
34.348
3.97655
44.4525
-46.8294
-6.48637
-36.3301
-7.1116
-27.9387
-5.29439
-18.6183
-1.24931
16.0864
2.74264
25.2026
4.43053
33.2318
3.61919
43.1091
-46.0752
-6.68539
-36.0524
-7.48295
-28.3084
-6.10637
-20.2854
-3.21392
14.1882
-17.4463
-1.57252
11.1413
24.3777
41.6644
69.4804
28856
28817.5
28778.9
28740.2
28701.5
28662.9
28624.3
28585.8
28547.3
28509
28470.8
28432.7
28394.7
28356.8
28318.9
0.179621
0.138514
0.0858297
0.027575
-0.0301327
-0.0819033
-0.123611
-0.152612
-0.167706
-0.168931
-0.157292
-0.134488
-0.102671
-0.0642722
-0.0218722
0.317376
0.24347
0.14904
0.0451988
-0.0569329
-0.147775
-0.220207
-0.269866
-0.29497
-0.295887
-0.274594
-0.234183
-0.178442
-0.111562
-0.0379394
0.484904
0.369009
0.221714
0.0611618
-0.0949791
-0.232018
-0.339544
-0.411643
-0.446398
-0.445032
-0.410999
-0.349195
-0.265343
-0.165592
-0.0562626
0.699114
0.525959
0.307655
0.0727217
-0.15212
-0.345769
-0.494302
-0.590763
-0.633946
-0.62684
-0.575174
-0.486252
-0.368145
-0.229198
-0.0777817
0.98312
0.728072
0.410237
0.0742009
-0.240447
-0.50463
-0.701128
-0.823158
-0.871779
-0.853208
-0.776605
-0.652493
-0.491786
-0.305273
-0.103448
1.36982
0.992985
0.531036
0.0543072
-0.379222
-0.731166
-0.982414
-1.12896
-1.1768
-1.13761
-1.02554
-0.855329
-0.641232
-0.396658
-0.134185
1.90776
1.34301
0.666624
-0.0087699
-0.599564
-1.05838
-1.36839
-1.53344
-1.56885
-1.49487
-1.33262
-1.10205
-0.821153
-0.50594
-0.17082
2.67093
1.80462
0.801193
-0.156451
-0.951874
-1.53437
-1.89932
-2.06755
-2.0703
-1.9404
-1.70801
-1.39909
-1.03539
-0.63513
-0.213975
3.77604
2.40322
0.889872
-0.466422
-1.51714
-2.22789
-2.62694
-2.76711
-2.70436
-2.48842
-2.15994
-1.75091
-1.28617
-0.785217
-0.263924
5.41307
3.14219
0.821365
-1.08209
-2.42246
-3.23314
-3.61346
-3.66957
-3.49162
-3.14895
-2.6924
-2.15843
-1.57316
-0.955642
-0.320425
7.89419
3.93118
0.335496
-2.26089
-3.85757
-4.6688
-4.92419
-4.80608
-4.44357
-3.92336
-3.30227
-2.61725
-1.89239
-1.14376
-0.382561
11.6919
4.35296
-1.14957
-4.4393
-6.07817
-6.66034
-6.60844
-6.18698
-5.55321
-4.79863
-3.97607
-3.11588
-2.2354
-1.34444
-0.448616
17.1639
2.93858
-4.8474
-8.26846
-9.35541
-9.28597
-8.66225
-7.78021
-6.78364
-5.74186
-4.68748
-3.6348
-2.58887
-1.54999
-0.516076
21.8188
-4.91459
-12.9101
-14.4317
-13.789
-12.4659
-10.9744
-9.48794
-8.05929
-6.69769
-5.39718
-4.14698
-2.93529
-1.75057
-0.581771
0.553654
1.66847
2.80627
3.98405
5.2215
6.54274
7.97875
9.57097
11.3766
13.4763
15.981
19.0217
22.6281
25.9932
23.3516
0.564755
1.70213
2.86362
4.0672
5.33402
6.69055
8.17188
9.82726
11.73
13.9964
16.827
20.6055
26.1886
35.9174
57.8296
0.570398
1.71904
2.89174
4.10644
5.38426
6.75171
8.24417
9.91181
11.8307
14.1249
17.0148
20.9362
26.87
37.381
60.3109
0.570594
1.71924
2.89071
4.10186
5.37227
6.72609
8.19481
9.8219
11.6709
13.8396
16.4862
19.8694
24.3729
30.2205
34.9487
0.565615
1.70359
2.86213
4.05613
5.30237
6.62068
8.03548
9.57794
11.289
13.2226
15.4461
18.0248
20.9423
23.8373
25.5145
0.555954
1.67366
2.80894
3.97412
5.18242
6.44828
7.78752
9.21694
10.7526
12.4041
14.1595
15.9447
17.5275
18.2999
16.7868
0.542268
1.63153
2.735
3.86218
5.02251
6.22495
7.47694
8.78219
10.1357
11.5137
12.8521
14.0053
14.6753
14.3497
12.6434
0.525301
1.57954
2.64458
3.72722
4.83337
5.96721
7.12941
8.31392
9.50192
10.6507
11.6733
12.4015
12.5146
11.3583
7.1954
0.50581
1.52005
2.54196
3.57593
4.62501
5.68978
6.76639
7.84325
8.89541
9.87538
10.6989
11.2248
11.2355
10.4548
8.85018
0.4845
1.45524
2.43097
3.41416
4.40577
5.40414
6.40322
7.38974
8.33903
9.20877
9.93115
10.4061
10.506
10.1235
9.32438
0.461982
1.38697
2.3148
3.24654
4.18184
5.11803
6.04876
6.96211
7.83791
8.64449
9.33528
9.84779
10.1115
10.0815
9.83597
0.438753
1.31673
2.19592
3.07645
3.95731
4.83572
5.7064
6.56055
7.38488
8.16065
8.86324
9.46227
9.92108
10.1892
10.1662
0.415196
1.24565
2.07613
2.90615
3.73447
4.5588
5.37552
6.17972
6.96558
7.72764
8.46312
9.17413
9.86303
10.4992
10.928
0.3916
1.17455
1.95665
2.73703
3.51443
4.28716
5.05335
5.81164
6.56281
7.3131
8.08002
8.90137
9.84161
10.9532
11.9366
0.368179
1.10404
1.83836
2.56999
3.29763
4.02007
4.73667
5.4485
6.16069
6.88702
7.65913
8.54607
9.7012
11.4963
14.9778
0.345104
1.0346
1.72196
2.40572
3.08445
3.75705
4.42332
5.08513
5.74875
6.42915
7.15853
8.00453
9.11638
10.8683
14.4119
0.322521
0.966656
1.60807
2.24493
2.87553
3.49845
4.11307
4.72052
5.32517
5.9373
6.57694
7.27839
8.08709
8.99606
9.49573
0.300568
0.900603
1.49733
2.08851
2.67196
3.2456
3.80782
4.35785
4.89641
5.42635
5.95246
6.47778
6.9882
7.40809
7.54568
0.279379
0.836852
1.39044
1.93748
2.47519
3.0007
3.51105
4.00316
4.47365
4.91806
5.32854
5.68753
5.95219
6.01619
5.60188
0.259084
0.775799
1.28811
1.79292
2.2869
2.76634
3.22696
3.66349
4.06901
4.43337
4.74038
4.96281
5.05554
4.95647
4.6548
0.239799
0.717808
1.19098
1.65589
2.10871
2.54507
2.95959
3.34538
3.69296
3.9885
4.21099
4.32816
4.2921
4.03746
3.46728
0.221619
0.663175
1.09961
1.52725
1.94198
2.33895
2.71218
3.05382
3.35306
3.59437
3.75475
3.79993
3.68048
3.33758
2.79014
0.204607
0.6121
1.01435
1.40758
1.78757
2.14934
2.48672
2.79171
3.0534
3.25644
3.37852
3.38603
3.22403
2.77977
1.6987
0.188792
0.564669
0.935348
1.29711
1.64582
1.97667
2.28377
2.55966
2.79448
2.97476
3.08187
3.08986
2.96362
2.66419
2.21584
0.174164
0.520849
0.862543
1.19571
1.51649
1.82049
2.1025
2.35616
2.57343
2.74391
2.85407
2.8869
2.8235
2.65203
2.39274
0.160679
0.480498
0.79566
1.10292
1.39883
1.67958
1.94092
2.17794
2.3849
2.55495
2.67999
2.75079
2.75845
2.70086
2.6064
0.148262
0.443382
0.734265
1.01803
1.29169
1.55216
1.79624
2.02061
2.222
2.39725
2.54359
2.65852
2.73874
2.7753
2.73744
0.136823
0.409209
0.67782
0.940147
1.19372
1.43614
1.66524
1.87926
2.07726
2.25965
2.429
2.59039
2.74936
2.90142
3.00719
0.126258
0.37766
0.625741
0.868355
1.10349
1.32937
1.54472
1.74905
1.94336
2.13112
2.31996
2.52395
2.76478
3.05973
3.32193
0.116466
0.34842
0.577463
0.801764
1.01968
1.22994
1.43185
1.62582
1.81402
2.00186
2.20042
2.43193
2.74266
3.24079
4.22744
0.107356
0.321202
0.532481
0.739608
0.941211
1.1363
1.32452
1.50658
1.68496
1.86515
2.05802
2.28491
2.59041
3.08263
4.08794
0.0988485
0.295768
0.490387
0.681292
0.867267
1.04744
1.22148
1.38992
1.55465
1.71964
1.89202
2.08332
2.30851
2.5682
2.72262
0.0908814
0.271933
0.450877
0.626403
0.797359
0.962842
1.12233
1.27585
1.42417
1.569
1.7129
1.85822
2.00267
2.12689
2.17897
0.0834092
0.249563
0.413743
0.574694
0.731257
0.882415
1.02734
1.16539
1.29613
1.41902
1.53282
1.63372
1.7109
1.7357
1.63082
0.0763988
0.228567
0.378855
0.526035
0.668914
0.806328
0.937116
1.06003
1.17354
1.27537
1.36172
1.42571
1.45553
1.43458
1.36117
0.0698263
0.208878
0.346128
0.480369
0.610371
0.734848
0.852372
0.961217
1.05907
1.1425
1.20614
1.24145
1.23542
1.16992
1.01737
0.0636714
0.190443
0.315495
0.43765
0.555672
0.668204
0.773663
0.870047
0.954616
1.02337
1.07024
1.08592
1.05664
0.965716
0.819075
0.0579136
0.173205
0.286876
0.397806
0.50479
0.60648
0.701265
0.78709
0.861158
0.91946
0.956028
0.961621
0.920663
0.800221
0.494994
0.0525288
0.157093
0.260165
0.360705
0.457591
0.549558
0.635098
0.712308
0.778659
0.830652
0.863333
0.869661
0.839902
0.76306
0.646449
0.0474871
0.14202
0.235216
0.326146
0.413814
0.497106
0.574723
0.645077
0.706142
0.755265
0.788954
0.802773
0.791852
0.753528
0.694921
0.0427529
0.127876
0.211843
0.293858
0.373081
0.448602
0.519401
0.584306
0.641928
0.690609
0.728384
0.753081
0.762845
0.758094
0.748014
0.0382853
0.114537
0.18983
0.263514
0.334926
0.403383
0.468181
0.528601
0.583935
0.633538
0.676911
0.713773
0.743932
0.766376
0.775771
0.0340396
0.101866
0.168936
0.234751
0.298828
0.360713
0.42001
0.476439
0.529934
0.580806
0.629972
0.679134
0.730394
0.783738
0.83027
0.0299703
0.0897228
0.148917
0.2072
0.264259
0.319846
0.373838
0.426324
0.477765
0.529272
0.583052
0.643054
0.715427
0.80585
0.895973
0.0260321
0.0779692
0.129533
0.180504
0.230717
0.280095
0.328722
0.376944
0.425561
0.476172
0.531825
0.598401
0.687944
0.828192
1.09441
0.022183
0.0664769
0.110564
0.15434
0.197759
0.240874
0.283896
0.327299
0.371985
0.419584
0.473029
0.537815
0.62527
0.763082
1.03691
0.0183845
0.0551301
0.0918139
0.128428
0.165019
0.201723
0.238813
0.276773
0.316397
0.358949
0.406374
0.461505
0.527647
0.603544
0.648897
0.0146032
0.0438279
0.0731156
0.102536
0.132206
0.162311
0.193136
0.225101
0.258787
0.294942
0.334382
0.377566
0.423271
0.465241
0.489229
0.0108098
0.0324839
0.0543278
0.0764764
0.0990973
0.122406
0.146676
0.172242
0.199472
0.228669
0.259805
0.291891
0.321509
0.339446
0.321305
0.00697911
0.0210238
0.0353317
0.0500925
0.0655163
0.0818396
0.0993239
0.118238
0.138804
0.16106
0.184583
0.207945
0.227874
0.238724
0.237278
0.00308909
0.00938261
0.016024
0.0232524
0.0313162
0.0404738
0.0509866
0.0630966
0.0769709
0.0925832
0.109484
0.126397
0.14056
0.146557
0.132036
-0.000880381
-0.0024984
-0.00368826
-0.0041637
-0.00363812
-0.0018266
0.00154786
0.00673871
0.0139413
0.0232227
0.0343899
0.0467714
0.0589304
0.0686502
0.0755921
-0.00494833
-0.014675
-0.0238938
-0.0322709
-0.0394802
-0.045206
-0.0491448
-0.0510076
-0.0505221
-0.0474367
-0.0415361
-0.0326877
-0.0209928
-0.00731545
0.00445394
-0.00913365
-0.0272028
-0.0446809
-0.061185
-0.0763475
-0.0898201
-0.101272
-0.110376
-0.116781
-0.120041
-0.119498
-0.114112
-0.102281
-0.0819455
-0.0523189
-0.013456
-0.0401392
-0.0661416
-0.0910268
-0.114383
-0.135832
-0.155021
-0.171612
-0.185216
-0.195275
-0.200812
-0.2
-0.189464
-0.163018
-0.107158
-0.0179367
-0.0535468
-0.0883755
-0.121926
-0.15374
-0.183406
-0.210569
-0.234912
-0.256103
-0.27364
-0.286524
-0.292631
-0.287684
-0.264504
-0.218011
-0.0225994
-0.0674957
-0.111494
-0.154028
-0.194582
-0.232712
-0.268067
-0.300395
-0.32952
-0.355225
-0.376933
-0.392926
-0.398552
-0.382167
-0.314233
-0.0274717
-0.0820665
-0.135627
-0.187502
-0.237103
-0.28394
-0.327659
-0.368093
-0.405302
-0.439575
-0.471298
-0.500407
-0.524693
-0.535613
-0.514578
-0.0325855
-0.0973541
-0.160927
-0.222551
-0.28154
-0.337328
-0.389527
-0.438024
-0.483114
-0.525686
-0.567469
-0.611224
-0.660102
-0.711236
-0.7132
-0.0379783
-0.11347
-0.18758
-0.259425
-0.328195
-0.393201
-0.453958
-0.510314
-0.562665
-0.612334
-0.662258
-0.71847
-0.79393
-0.920985
-1.20194
-0.0436932
-0.130545
-0.215802
-0.298431
-0.37746
-0.452021
-0.52144
-0.585376
-0.644071
-0.698796
-0.752668
-0.812336
-0.891912
-1.02384
-1.29376
-0.0497789
-0.148726
-0.245846
-0.339935
-0.429822
-0.514406
-0.592723
-0.664069
-0.728226
-0.785839
-0.839041
-0.892365
-0.95352
-1.03086
-1.10853
-0.0562881
-0.168175
-0.277993
-0.384353
-0.485863
-0.581139
-0.66884
-0.747748
-0.816917
-0.875936
-0.92532
-0.966941
-1.00387
-1.03763
-1.05866
-0.0632754
-0.18906
-0.312538
-0.432135
-0.546229
-0.653127
-0.751059
-0.838184
-0.91265
-0.972713
-1.01698
-1.04476
-1.05642
-1.05321
-1.03555
-0.070794
-0.211546
-0.349775
-0.483737
-0.611589
-0.731338
-0.840775
-0.937405
-1.01838
-1.08045
-1.12008
-1.13377
-1.11929
-1.07882
-1.02672
-0.0788922
-0.235784
-0.389974
-0.539578
-0.682572
-0.816705
-0.93938
-1.04749
-1.13722
-1.20377
-1.24118
-1.24234
-1.20019
-1.11248
-0.995995
-0.0876099
-0.261896
-0.433356
-0.600008
-0.759705
-0.910024
-1.04809
-1.17034
-1.27215
-1.34733
-1.38744
-1.38097
-1.31271
-1.16612
-0.952049
-0.0969752
-0.28997
-0.480074
-0.665263
-0.843349
-1.01185
-1.16778
-1.30738
-1.42557
-1.51523
-1.56604
-1.56252
-1.47962
-1.26663
-0.766081
-0.107004
-0.320052
-0.530203
-0.73545
-0.933646
-1.12239
-1.29882
-1.45928
-1.59879
-1.7101
-1.78235
-1.79919
-1.73685
-1.56683
-1.29651
-0.117697
-0.352144
-0.583735
-0.810529
-1.03051
-1.24148
-1.44093
-1.62574
-1.79159
-1.93208
-2.03714
-2.09085
-2.06886
-1.93667
-1.64004
-0.12905
-0.386218
-0.640597
-0.890342
-1.13361
-1.36856
-1.59322
-1.80535
-2.002
-2.17865
-2.32759
-2.43507
-2.47739
-2.4207
-2.25556
-0.141048
-0.422227
-0.700676
-0.974647
-1.2425
-1.50278
-1.7542
-1.99571
-2.2263
-2.44447
-2.64683
-2.82454
-2.95468
-2.98002
-2.75221
-0.153683
-0.460131
-0.763863
-1.06319
-1.35666
-1.64313
-1.92206
-2.19365
-2.4592
-2.72125
-2.9832
-3.24702
-3.50475
-3.71514
-3.77627
-0.166954
-0.499919
-0.830104
-1.15582
-1.47566
-1.78874
-2.09501
-2.39579
-2.69455
-2.99809
-3.31826
-3.67373
-4.08768
-4.55391
-4.8018
-0.180879
-0.541638
-0.899449
-1.25251
-1.59935
-1.93906
-2.27176
-2.59932
-2.92656
-3.26338
-3.6288
-4.05982
-4.63429
-5.5443
-7.38285
-0.195496
-0.585403
-0.972088
-1.35353
-1.72799
-2.09424
-2.45208
-2.80308
-3.15192
-3.50879
-3.8938
-4.34628
-4.94789
-5.88988
-7.70378
-0.210867
-0.631406
-1.04836
-1.4594
-1.86232
-2.25527
-2.63716
-3.00832
-3.37169
-3.73467
-4.11192
-4.52918
-5.0251
-5.62997
-6.1932
-0.227069
-0.679893
-1.12875
-1.5709
-2.00357
-2.42398
-2.82967
-3.21896
-3.59174
-3.95063
-4.30225
-4.65746
-5.02666
-5.39897
-5.6913
-0.244182
-0.731137
-1.21378
-1.689
-2.15332
-2.6029
-3.03358
-3.44106
-3.82143
-4.17164
-4.49009
-4.77602
-5.02603
-5.22352
-5.31286
-0.262274
-0.78537
-1.30398
-1.81465
-2.3133
-2.79496
-3.25357
-3.682
-4.07204
-4.41471
-4.70049
-4.91951
-5.06187
-5.12316
-5.13493
-0.281374
-0.842721
-1.39967
-1.94865
-2.48509
-3.003
-3.49453
-3.94959
-4.35555
-4.69726
-4.95726
-5.11621
-5.15401
-5.05718
-4.8565
-0.301447
-0.903123
-1.5009
-2.09135
-2.66974
-3.22936
-3.76082
-4.25126
-4.68367
-5.03655
-5.28418
-5.39704
-5.3396
-5.06331
-4.57033
-0.322365
-0.966229
-1.60722
-2.24243
-2.86742
-3.47526
-4.05558
-4.59322
-5.067
-5.44891
-5.70469
-5.79612
-5.67718
-5.21991
-3.67599
-0.343883
-1.03133
-1.71753
-2.40062
-3.07699
-3.74028
-4.37997
-4.97951
-5.51412
-5.94886
-6.2393
-6.34127
-6.2497
-6.13115
-6.81509
-0.365619
-1.0973
-1.83001
-2.56346
-3.29563
-4.02169
-4.73224
-5.41089
-6.03057
-6.54901
-6.90476
-7.02084
-6.84096
-6.48516
-6.84488
-0.38705
-1.16254
-1.94198
-2.72718
-3.51852
-4.31384
-5.10667
-5.8832
-6.6173
-7.26211
-7.73665
-7.90592
-7.55441
-6.34237
-3.58158
-0.407515
-1.22504
-2.04994
-2.88663
-3.73863
-4.60772
-5.49239
-6.38497
-7.26603
-8.09344
-8.78051
-9.15265
-8.86545
-7.27519
-3.3755
-0.426245
-1.28243
-2.1497
-3.03543
-3.94687
-4.89077
-5.87262
-6.89472
-7.952
-9.0222
-10.043
-10.8573
-11.0814
-9.8118
-5.14948
-0.442407
-1.33211
-2.23664
-3.16639
-4.13255
-5.14746
-6.22487
-7.38003
-8.62896
-9.98522
-11.449
-12.9716
-14.3345
-14.7044
-10.8378
-0.455172
-1.3715
-2.30606
-3.27205
-4.28438
-5.36074
-6.52312
-7.80021
-9.23138
-10.8735
-12.8141
-15.1969
-18.2773
-22.5391
-28.8933
-11.9798
-27.1835
-25.6819
-21.9361
-18.4591
-15.5443
-13.1028
-11.0128
-9.17719
-7.52563
-6.00745
-4.58538
-3.23097
-1.9215
-0.637711
-116.818
-60.9435
-39.354
-28.6892
-22.3303
-18.0058
-14.7814
-12.2111
-10.0566
-8.17864
-6.49021
-4.93311
-3.46599
-2.05755
-0.682269
-129.85
-70.8945
-45.4396
-32.4521
-24.7886
-19.7033
-16.0056
-13.1207
-10.7438
-8.70003
-6.88177
-5.21833
-3.66027
-2.17055
-0.719367
-71.3133
-57.5816
-42.8674
-32.5176
-25.4565
-20.437
-16.6654
-13.6775
-11.1997
-9.06481
-7.16579
-5.43037
-3.80707
-2.2568
-0.747814
-50.332
-44.9511
-37.2642
-30.2992
-24.7067
-20.3042
-16.7809
-13.8799
-11.4174
-9.2658
-7.33617
-5.56455
-3.90313
-2.31438
-0.766982
-31.9658
-33.9218
-31.1596
-27.1275
-23.1303
-19.5607
-16.4642
-13.7779
-11.4191
-9.31263
-7.39681
-5.62218
-3.94874
-2.34323
-0.776821
-23.587
-26.169
-25.9369
-23.9316
-21.2569
-18.4886
-15.8626
-13.4485
-11.2456
-9.22704
-7.35938
-5.60952
-3.94716
-2.34492
-0.777793
-13.1235
-20.3705
-21.9453
-21.2006
-19.4483
-17.3177
-15.1137
-12.9724
-10.9439
-9.03667
-7.24014
-5.5361
-3.90381
-2.32222
-0.77075
-15.8545
-18.511
-19.5644
-19.1693
-17.9023
-16.1978
-14.3213
-12.418
-10.5581
-8.76938
-7.05665
-5.41284
-3.82524
-2.27861
-0.756777
-16.5699
-17.7646
-18.1894
-17.7436
-16.66
-15.1971
-13.5476
-11.8333
-10.1227
-8.44931
-6.82529
-5.25054
-3.7182
-2.21778
-0.73705
-17.2786
-17.5528
-17.419
-16.7606
-15.6811
-14.3261
-12.8189
-11.2461
-9.66153
-8.09493
-6.55968
-5.05879
-3.58898
-2.14328
-0.712713
-17.7426
-17.6244
-17.0128
-16.07
-14.8934
-13.5608
-12.1358
-10.667
-9.18784
-7.71876
-6.27019
-4.84544
-3.443
-2.05827
-0.684803
-18.8791
-18.0386
-16.8365
-15.5419
-14.2142
-12.8595
-11.483
-10.0951
-8.70714
-7.32833
-5.96416
-4.6166
-3.28471
-1.96542
-0.654214
-20.4838
-18.704
-16.7245
-15.0365
-13.5536
-12.1733
-10.8381
-9.52312
-8.22009
-6.92771
-5.64656
-4.37685
-3.11768
-1.86696
-0.621691
-25.4378
-19.5079
-16.41
-14.3888
-12.8218
-11.4557
-10.1792
-8.94286
-7.72563
-6.51928
-5.32101
-4.12978
-2.94476
-1.7647
-0.58786
-24.3729
-18.3451
-15.3478
-13.4256
-11.9504
-10.6758
-9.49233
-8.34932
-7.22358
-6.10523
-4.99055
-3.87839
-2.76838
-1.6602
-0.553252
-15.8782
-15.0776
-13.5391
-12.152
-10.9398
-9.83254
-8.77738
-7.74377
-6.71639
-5.68862
-4.65833
-3.62549
-2.59074
-1.55483
-0.518335
-12.512
-12.3226
-11.625
-10.7569
-9.85612
-8.95314
-8.04742
-7.13387
-6.20945
-5.27372
-4.32788
-3.3739
-2.4139
-1.44987
-0.483536
-9.17482
-9.92031
-9.82945
-9.38458
-8.77396
-8.07561
-7.32289
-6.53149
-5.71036
-4.86584
-4.00307
-3.12648
-2.23986
-1.34649
-0.44925
-7.55705
-8.09883
-8.27968
-8.12729
-7.75268
-7.23583
-6.6252
-5.94974
-5.22749
-4.4706
-3.68786
-2.88602
-2.07049
-1.2458
-0.415838
-5.55327
-6.52798
-6.96129
-7.0243
-6.83017
-6.46113
-5.97253
-5.40046
-4.76867
-4.09331
-3.3859
-2.65504
-1.90749
-1.14876
-0.383617
-4.42594
-5.33307
-5.90004
-6.09984
-6.02912
-5.76944
-5.37779
-4.89263
-4.34008
-3.73826
-3.10021
-2.43566
-1.75223
-1.05617
-0.352847
-2.65623
-4.37438
-5.09375
-5.36321
-5.35926
-5.16938
-4.84796
-4.43159
-3.94569
-3.40837
-2.8329
-2.22937
-1.60575
-0.968625
-0.323723
-3.38256
-4.10928
-4.59987
-4.81644
-4.8185
-4.66066
-4.38405
-4.01882
-3.587
-3.10496
-2.58507
-2.03702
-1.46863
-0.88648
-0.296363
-3.59855
-4.00814
-4.29626
-4.4186
-4.38878
-4.23438
-3.98168
-3.65226
-3.26318
-2.82781
-2.35679
-1.8588
-1.34107
-0.809862
-0.270813
-3.8244
-3.99133
-4.10774
-4.12642
-4.04554
-3.87635
-3.63255
-3.32714
-2.97149
-2.57539
-2.14724
-1.69427
-1.22285
-0.738688
-0.24705
-3.94665
-4.0096
-3.98706
-3.90335
-3.76362
-3.5701
-3.32621
-3.03687
-2.70787
-2.34523
-1.95491
-1.54255
-1.11348
-0.672701
-0.224998
-4.20728
-4.08721
-3.90884
-3.71917
-3.51903
-3.2988
-3.05141
-2.77415
-2.46758
-2.13429
-1.77788
-1.40244
-1.01223
-0.611519
-0.204535
-4.54651
-4.20526
-3.83845
-3.54222
-3.28836
-3.04636
-2.79735
-2.53175
-2.24585
-1.93938
-1.61404
-1.27257
-0.918269
-0.554691
-0.18552
-5.5891
-4.34102
-3.71903
-3.33583
-3.04943
-2.79875
-2.55478
-2.30344
-2.03838
-1.75758
-1.4614
-1.15161
-0.830742
-0.501744
-0.167801
-5.32247
-4.04198
-3.43373
-3.06218
-2.78567
-2.54648
-2.31733
-2.08462
-1.84184
-1.58644
-1.31821
-1.03834
-0.748852
-0.452227
-0.151233
-3.39881
-3.27606
-2.98403
-2.7225
-2.49598
-2.2872
-2.08232
-1.87279
-1.65405
-1.42419
-1.18309
-0.931752
-0.671911
-0.405742
-0.135684
-2.62817
-2.62768
-2.51313
-2.35848
-2.19396
-2.02519
-1.85052
-1.66736
-1.47396
-1.26973
-1.05506
-0.831059
-0.599361
-0.361955
-0.121045
-1.85536
-2.05847
-2.07004
-2.00131
-1.89485
-1.76727
-1.62461
-1.46901
-1.30138
-1.12253
-0.93351
-0.735703
-0.53077
-0.320598
-0.107225
-1.47951
-1.62227
-1.68269
-1.6703
-1.61041
-1.51979
-1.40767
-1.27899
-1.13657
-0.982368
-0.818053
-0.645288
-0.465812
-0.281461
-0.0941512
-1.0205
-1.24322
-1.34587
-1.37227
-1.34728
-1.28721
-1.20223
-1.09851
-0.979943
-0.84922
-0.708455
-0.559527
-0.404235
-0.244376
-0.0817654
-0.770287
-0.947533
-1.06199
-1.1099
-1.10849
-1.07193
-1.00978
-0.928321
-0.831743
-0.723034
-0.604519
-0.478178
-0.345825
-0.2092
-0.0700174
-0.412937
-0.695433
-0.82432
-0.881759
-0.8941
-0.874386
-0.830728
-0.768619
-0.691955
-0.603649
-0.50601
-0.400998
-0.290376
-0.175797
-0.0588602
-0.432926
-0.549989
-0.636243
-0.684919
-0.701952
-0.693458
-0.664475
-0.61901
-0.560242
-0.490734
-0.412611
-0.327708
-0.23767
-0.144028
-0.0482462
-0.389488
-0.425926
-0.474244
-0.510035
-0.527513
-0.526743
-0.509653
-0.478625
-0.435975
-0.383791
-0.323914
-0.257978
-0.187463
-0.113743
-0.0381242
-0.278285
-0.293594
-0.320924
-0.347849
-0.365728
-0.371346
-0.364496
-0.346297
-0.318318
-0.282181
-0.239416
-0.191421
-0.139477
-0.0847738
-0.0284381
-0.178281
-0.152896
-0.167864
-0.191925
-0.212441
-0.224589
-0.227204
-0.220749
-0.206314
-0.185165
-0.158541
-0.1276
-0.0934032
-0.0569353
-0.0191264
0.0211577
0.0158487
-0.00846711
-0.0384433
-0.0649453
-0.0844346
-0.0961971
-0.100727
-0.0989622
-0.0919393
-0.0806577
-0.0660341
-0.0489018
-0.0300255
-0.0101217
0.198156
0.197818
0.154886
0.112648
0.0777001
0.0503711
0.0298031
0.0149358
0.00475009
-0.00166186
-0.00508685
-0.00620404
-0.00560698
-0.00382657
-0.00135193
0.595094
0.409394
0.317787
0.2587
0.215075
0.180499
0.15186
0.127361
0.105853
0.086551
0.0688892
0.0524417
0.0368704
0.0218929
0.00725984
0.724744
0.555662
0.458131
0.394039
0.346185
0.306523
0.271057
0.237722
0.205436
0.173634
0.14203
0.110485
0.0789398
0.0473756
0.015794
0.755635
0.65227
0.575281
0.518124
0.471626
0.42965
0.388789
0.347368
0.304694
0.26059
0.215137
0.168534
0.121027
0.0728731
0.0243336
0.789649
0.730587
0.678685
0.634828
0.593946
0.552021
0.506925
0.457898
0.404956
0.348491
0.289051
0.227218
0.163566
0.0986409
0.0329632
0.843255
0.803956
0.776524
0.749486
0.717009
0.676609
0.627806
0.57116
0.507674
0.438468
0.364633
0.287171
0.206994
0.124934
0.0417663
0.868379
0.869103
0.87411
0.867941
0.845592
0.807048
0.754146
0.689184
0.614374
0.53167
0.442741
0.349016
0.251734
0.151998
0.0508241
0.872121
0.931294
0.979476
0.997651
0.985437
0.947473
0.888875
0.814059
0.726568
0.629202
0.524187
0.413337
0.298181
0.180064
0.0602119
0.845232
1.00113
1.1057
1.14848
1.14318
1.10224
1.03488
0.947746
0.84563
0.732055
0.609692
0.480652
0.346689
0.209338
0.0699976
0.683193
1.10663
1.27484
1.33271
1.32569
1.27537
1.19463
1.09185
0.972658
0.84102
0.699841
0.551391
0.397555
0.239994
0.0802393
1.17598
1.38939
1.52062
1.56202
1.53828
1.46963
1.36971
1.24735
1.10834
0.956619
0.795047
0.625876
0.451012
0.272175
0.0909848
1.4902
1.72923
1.8288
1.83659
1.78207
1.68563
1.56038
1.41443
1.25286
1.07906
0.895537
0.704319
0.507232
0.305993
0.102273
2.04448
2.16594
2.20072
2.15445
2.05497
1.92165
1.76545
1.59237
1.40588
1.20828
1.00137
0.786844
0.56634
0.341535
0.114134
2.48394
2.66287
2.62895
2.50926
2.3514
2.17356
1.98224
1.77964
1.56663
1.34395
1.11251
0.873524
0.628438
0.378881
0.126599
3.37907
3.30763
3.11675
2.8906
2.66173
2.43485
2.20688
1.97414
1.73412
1.48571
1.2289
0.964445
0.693645
0.418123
0.1397
4.26488
4.03535
3.62908
3.27384
2.9707
2.6969
2.43486
2.17369
1.90744
1.63332
1.3506
1.05978
0.762135
0.459381
0.153481
6.48147
4.88584
4.10597
3.62093
3.25929
2.95081
2.66223
2.3768
2.08622
1.78691
1.47792
1.15986
0.834177
0.502827
0.167999
6.73282
5.16986
4.37814
3.88234
3.51098
3.19092
2.88743
2.58348
2.27109
1.94723
1.61156
1.26523
0.910159
0.548691
0.183331
5.34537
4.9183
4.44485
4.05734
3.72707
3.41954
3.11297
2.79602
2.46394
2.11576
1.75261
1.37666
0.990592
0.597259
0.19957
4.87217
4.69899
4.45188
4.19262
3.92739
3.6475
3.34572
3.01909
2.66797
2.2947
1.90255
1.49513
1.07607
0.648853
0.216815
4.47971
4.53103
4.46737
4.33206
4.13789
3.89067
3.59574
3.25917
2.8874
2.48675
2.0631
1.6217
1.16722
0.703797
0.235168
4.2914
4.44293
4.53264
4.51239
4.38525
4.16698
3.8747
3.52371
3.12689
2.69479
2.23597
1.75735
1.26458
0.762357
0.254707
3.97611
4.39778
4.67429
4.76697
4.69589
4.4947
4.19443
3.82008
3.39088
2.92139
2.4226
1.90284
1.36852
0.824683
0.275473
3.70398
4.45343
4.9436
5.13528
5.09691
4.89124
4.56563
4.15456
3.68286
3.16834
2.62379
2.05845
1.47907
0.890742
0.297444
2.86945
4.68916
5.42022
5.66336
5.61413
5.37108
4.99617
4.53115
4.00459
3.43616
2.83943
2.2238
1.59584
0.960254
0.320521
4.75659
5.68091
6.23567
6.39449
6.26596
5.9425
5.48932
4.95048
4.3554
3.72364
3.0682
2.39772
1.71792
1.03264
0.344509
5.9509
6.9293
7.32609
7.32518
7.05316
6.60401
6.04195
5.40888
4.73169
4.02756
3.30742
2.57811
1.84382
1.10702
0.369109
8.07358
8.58159
8.6927
8.44416
7.96338
7.34396
6.64391
5.89792
5.12669
4.34262
3.55301
2.76196
1.97145
1.18217
0.393925
9.79762
10.5095
10.3091
9.72442
8.96989
8.1399
7.27779
6.40449
5.53062
4.66154
3.79962
2.94542
2.09825
1.2566
0.418467
13.3759
13.071
12.1923
11.1227
10.0288
8.95817
7.91944
6.91148
5.93124
4.97548
4.04089
3.12402
2.22121
1.3286
0.442176
17.0156
16.031
14.2082
12.5377
11.0717
9.75427
8.53973
7.39923
6.31487
5.27472
4.26985
3.29285
2.33709
1.39631
0.464448
26.2436
19.5732
16.1182
13.8108
12.0113
10.479
9.10862
7.84799
6.66782
5.54947
4.47945
3.44694
2.44257
1.45782
0.484661
27.4933
20.8824
17.2312
14.7313
12.7653
11.0912
9.60134
8.24089
6.97785
5.79066
4.66302
3.5815
2.53444
1.51128
0.502211
22.4591
20.1363
17.5449
15.2811
13.3165
11.5756
10.0042
8.56616
7.23522
5.99052
4.81456
3.69213
2.6097
1.55497
0.516534
20.9936
19.5767
17.631
15.6231
13.7125
11.9421
10.3144
8.81708
7.4327
6.14264
4.92894
3.77499
2.66572
1.58736
0.527126
20.4325
19.3845
17.7603
15.8975
14.0112
12.2097
10.5341
8.98956
7.56469
6.24175
5.00182
3.82684
2.70029
1.60715
0.533569
20.4979
19.5924
18.0553
16.1884
14.2511
12.3898
10.6627
9.07897
7.62589
6.28322
5.0296
3.84505
2.71165
1.61336
0.535542
21.1818
20.2389
18.5795
16.5281
14.4381
12.4769
10.6919
9.07765
7.61043
6.26287
5.00942
3.82775
2.69865
1.60535
0.532842
21.5477
21.3828
19.376
16.8945
14.5359
12.4416
10.6024
8.97426
7.51189
6.17716
4.93938
3.77396
2.66078
1.58289
0.525406
21.5633
23.8058
20.5021
17.1754
14.4502
12.229
10.3665
8.75577
7.32472
6.02412
4.81911
3.6839
2.59841
1.54628
0.513335
49.9707
30.0802
21.6442
17.0386
14.0146
11.7675
9.95573
8.41252
7.04698
5.80471
4.65039
3.55929
2.51289
1.49633
0.496911
48.7822
28.3997
20.1261
15.8034
13.0393
11.0037
9.35849
7.94591
6.68364
5.52423
4.43775
3.40366
2.40666
1.43448
0.476602
16.6886
18.3103
15.8642
13.4857
11.5583
9.96889
8.59969
7.37493
6.24888
5.1931
4.18875
3.22227
2.28318
1.3627
0.453048
6.64723
11.0455
11.5554
10.8547
9.84238
8.78115
7.74061
6.73543
5.76534
4.82628
3.91343
3.02188
2.14679
1.28341
0.427025
2.78377
6.48097
8.08731
8.44021
8.16047
7.57904
6.85699
6.07157
5.26024
4.44127
3.62334
2.81006
2.00227
1.19925
0.399383
0.219126
3.3684
5.48965
6.46512
6.6881
6.47458
6.01737
5.42572
4.76046
4.05555
3.33002
2.59442
1.85444
1.1129
0.370979
-4.22816
0.969848
3.68768
5.01269
5.51888
5.53932
5.27111
4.83098
4.28822
3.68416
3.04369
2.38183
1.7077
1.02681
0.342601
-0.464152
-1.39938
-2.35578
-3.34898
-4.39705
-5.52222
-6.75346
-8.13075
-9.71286
-11.5925
-13.9282
-17.0182
-21.4949
-28.9035
-43.7015
-0.467567
-1.41026
-2.37611
-3.38227
-4.44877
-5.60041
-6.86972
-8.30173
-9.9624
-11.9538
-14.4433
-17.7205
-22.3097
-29.1716
-39.9142
-0.463422
-1.39797
-2.35612
-3.35521
-4.41533
-5.56092
-6.82324
-8.24404
-9.88114
-11.817
-14.1707
-17.1108
-20.8515
-25.5588
-30.9026
-0.451568
-1.36209
-2.29517
-3.26713
-4.2964
-5.40467
-6.61827
-7.97002
-9.5011
-11.2623
-13.3117
-15.7005
-18.4268
-21.3093
-23.6975
-0.432322
-1.30366
-2.19533
-3.12171
-4.09847
-5.14306
-6.27513
-7.51663
-8.89091
-10.4194
-12.1132
-13.9526
-15.8458
-17.554
-18.588
-0.406381
-1.22489
-2.06076
-2.92591
-3.8327
-4.79395
-5.82254
-6.93045
-8.12644
-9.41134
-10.769
-12.1507
-13.45
-14.4727
-14.9222
-0.37469
-1.12876
-1.89691
-2.68844
-3.51247
-4.37748
-5.29061
-6.25615
-7.27303
-8.3304
-9.40094
-10.4312
-11.3306
-11.9646
-12.1671
-0.338303
-1.01856
-1.70966
-2.41849
-3.15124
-3.91288
-4.70623
-5.53051
-6.37909
-7.23627
-8.07309
-8.84257
-9.47654
-9.88808
-9.98668
-0.298267
-0.897501
-1.50469
-2.1246
-2.7611
-3.41655
-4.09092
-4.78056
-5.47652
-6.16249
-6.81254
-7.38942
-7.8449
-8.12447
-8.17903
-0.25553
-0.768491
-1.28698
-1.81411
-2.35201
-2.9013
-3.46033
-4.02426
-4.58392
-5.1246
-5.62513
-6.05764
-6.38915
-6.58584
-6.62085
-0.210893
-0.633947
-1.06064
-1.49284
-1.93152
-2.37629
-2.82484
-3.27223
-3.71028
-4.12686
-4.50572
-4.82685
-5.0682
-5.20888
-5.23399
-0.164989
-0.495763
-0.828784
-1.16508
-1.50493
-1.84751
-2.19047
-2.52954
-2.85808
-3.16683
-3.44401
-3.67583
-3.84791
-3.94746
-3.96615
-0.11829
-0.35533
-0.593653
-0.83376
-1.0756
-1.31833
-1.56001
-1.79738
-2.02565
-2.23837
-2.42763
-2.58453
-2.70014
-2.76688
-2.78017
-0.0711274
-0.213615
-0.356737
-0.500706
-0.645392
-0.790184
-0.933836
-1.07433
-1.20876
-1.33337
-1.44362
-1.53452
-1.60123
-1.63975
-1.64777
-32289
-32266.8
-32244.5
-32222
-32199.2
-32175.9
-32152.1
-32127.7
-32102.5
-32076.6
-32049.7
-32021.9
-31993.1
-31963.2
-31932.2
-96.5397
-137.672
55.2904
-0.658786
36.8639
2.39304
21.2076
-1.85193
-23.7214
-6.50533
-33.5569
-8.34817
-42.2413
-7.44008
-53.4189
50.2445
4.55371
38.5189
5.49892
29.1002
3.55006
18.6097
-0.988786
-20.5635
-5.56779
-30.9883
-7.62219
-40.3397
-6.93558
-52.0303
49.9314
4.73696
38.5835
5.64879
29.3319
3.68504
18.8661
-0.900748
-20.6872
-5.53345
-31.2925
-7.6136
-40.8145
-6.90368
-52.699
50.8724
4.96506
39.3308
5.86795
29.9389
3.86869
19.3119
-0.792193
-20.9248
-5.49397
-31.725
-7.59048
-41.4301
-6.82964
-53.5502
52.2146
5.34476
40.5077
6.29607
31.0205
4.29956
20.255
-0.438141
-21.2463
-5.21809
-32.5843
-7.28391
-43.0297
-6.22987
-56.3864
58.7563
7.6302
48.0177
9.53064
40.7083
8.89005
34.2366
6.90098
-24.9671
72.9954
45.2787
28.7719
16.631
5.51644
-7.4442
-54.5504
-52.8671
-8.17769
-2.06114
7.33729
3.36813
3.80008
-3.56562
-11.0546
-11.7098
-17.1512
-14.9019
-19.3084
-12.9694
-13.1229
9.53369
9.35768
15.4688
11.0071
12.8352
7.36365
6.22576
-1.02317
-8.27537
-9.43782
-14.9244
-13.1784
-17.6829
-11.7691
-12.065
10.1096
9.82557
15.8409
11.3412
13.1449
7.62432
6.4596
-0.872489
-8.21461
-9.40566
-14.975
-13.2147
-17.7913
-11.791
-12.0936
10.4283
10.136
16.2397
11.6646
13.4969
7.88552
6.70383
-0.751025
-8.21629
-9.42081
-15.0829
-13.2763
-17.9258
-11.7855
-12.0701
10.9495
10.677
16.9478
12.3029
14.2271
8.51625
7.35843
-0.272472
-7.92402
-9.09679
-14.9072
-12.8945
-17.6367
-10.8714
-10.8263
14.5923
14.8103
22.6378
18.3734
22.2626
17.3416
19.33
13.4274
11.1302
30.9215
29.1377
22.4862
15.1544
8.1759
2.42221
-34.1449
-29.9908
-16.0992
-8.18774
-2.93812
-1.99244
-2.37673
-5.09962
-8.22629
-10.02
-11.8174
-11.8689
-11.8462
-9.14665
-5.67046
1.70538
5.11165
7.6474
7.46189
7.08573
4.94073
2.64579
-1.04873
-4.75237
-7.07691
-9.27089
-9.72966
-10.024
-7.65583
-4.45287
2.63329
5.84793
8.24481
7.96169
7.50999
5.29619
2.93914
-0.824698
-4.59442
-6.968
-9.2072
-9.6854
-9.9938
-7.59696
-4.35024
2.84185
6.10175
8.53123
8.23977
7.7789
5.52856
3.13408
-0.689922
-4.51826
-6.92391
-9.19063
-9.66068
-9.95413
-7.4847
-4.14347
3.22929
6.59113
9.11072
8.85448
8.43218
6.18054
3.78698
-0.0732221
-3.92736
-6.29352
-8.49189
-8.77439
-8.81102
-5.83269
-1.8009
6.72005
11.0352
14.6727
15.4772
16.5061
15.8458
15.7888
14.7642
15.4219
19.9153
20.0056
17.1795
13.1686
9.07098
5.74666
-23.9657
-21.1361
-15.4091
-10.4813
-7.01577
-5.4378
-5.18591
-6.0521
-7.31734
-8.32465
-8.99791
-8.94246
-8.2385
-6.4422
-3.83343
-0.4067
2.11921
3.74462
4.19121
3.88342
2.73378
1.08126
-1.06108
-3.2152
-4.90392
-6.11603
-6.51756
-6.19908
-4.74459
-2.43243
0.732032
3.04793
4.50802
4.82498
4.41257
3.17439
1.44454
-0.768354
-2.98459
-4.72375
-5.97513
-6.40055
-6.09174
-4.62667
-2.28819
0.917833
3.26337
4.74096
5.05896
4.63778
3.37927
1.62293
-0.622489
-2.86885
-4.62699
-5.88552
-6.29929
-5.9609
-4.43927
-2.02215
1.28491
3.71822
5.2709
5.64524
5.27159
4.04928
2.32757
0.117366
-2.07332
-3.73182
-4.83534
-5.00833
-4.32682
-2.31089
0.760199
4.90413
8.2362
10.7873
12.2579
13.182
13.4814
13.641
13.6784
14.1904
15.2498
15.0737
13.5791
11.308
8.85306
6.72311
-18.2123
-16.4536
-13.5682
-10.669
-8.37539
-6.97365
-6.38505
-6.42995
-6.77984
-7.11037
-7.22773
-6.94993
-6.20381
-4.90774
-3.17434
-1.22167
0.423408
1.53922
2.00677
1.89326
1.25086
0.221991
-1.05656
-2.3483
-3.41732
-4.12851
-4.34239
-4.01007
-3.0685
-1.63943
0.0525885
1.48019
2.41722
2.73842
2.50416
1.76049
0.645387
-0.707311
-2.06186
-3.18203
-3.93255
-4.17311
-3.8548
-2.91422
-1.47551
0.232806
1.67474
2.62037
2.94247
2.70232
1.94672
0.815952
-0.553813
-1.92257
-3.04964
-3.79697
-4.02111
-3.67167
-2.68342
-1.18244
0.59865
2.11335
3.12781
3.51305
3.33299
2.63708
1.57153
0.27977
-0.985719
-1.96938
-2.51883
-2.47282
-1.76427
-0.308587
1.77637
4.25726
6.5617
8.45791
9.82561
10.7574
11.3184
11.6691
11.9095
12.1708
12.3639
12.0408
11.0975
9.71244
8.16759
6.73321
-14.4994
-13.3933
-11.7473
-9.98448
-8.45077
-7.33855
-6.67195
-6.3686
-6.27019
-6.20304
-6.02658
-5.63175
-4.96108
-4.00305
-2.83101
-1.59374
-0.510298
0.267297
0.658992
0.66464
0.324419
-0.277788
-1.03311
-1.80217
-2.44603
-2.85715
-2.95378
-2.69844
-2.09445
-1.22512
-0.246159
0.618823
1.21314
1.45168
1.32923
0.881365
0.188319
-0.643665
-1.47671
-2.17265
-2.6244
-2.75049
-2.514
-1.91912
-1.05113
-0.0686795
0.800709
1.39764
1.63554
1.50906
1.05436
0.353073
-0.48665
-1.32436
-2.0192
-2.46185
-2.56894
-2.30238
-1.66597
-0.746117
0.295936
1.22879
1.89078
2.19483
2.1372
1.75713
1.14119
0.404308
-0.303992
-0.832227
-1.05981
-0.891411
-0.277626
0.787543
2.22238
3.86447
5.47503
6.88957
8.02097
8.86682
9.4583
9.85618
10.1108
10.2496
10.2215
9.90149
9.25212
8.34734
7.32328
6.32236
-11.8258
-11.1105
-10.0947
-8.97001
-7.91922
-7.06173
-6.43574
-6.01215
-5.71553
-5.45312
-5.13986
-4.71082
-4.13215
-3.40656
-2.58164
-1.74431
-1.00363
-0.448982
-0.132926
-0.0659781
-0.224818
-0.557132
-0.989936
-1.43637
-1.80994
-2.03871
-2.07205
-1.88891
-1.50255
-0.968757
-0.380834
0.147151
0.521295
0.684713
0.62281
0.355242
-0.0687456
-0.578559
-1.08906
-1.51496
-1.78524
-1.85009
-1.68932
-1.31737
-0.791625
-0.207423
0.318957
0.691843
0.853277
0.788354
0.517045
0.0894743
-0.422449
-0.931941
-1.35198
-1.60999
-1.6549
-1.46573
-1.05672
-0.48582
0.150419
0.734238
1.16914
1.39741
1.40569
1.21678
0.88497
0.487651
0.118398
-0.12806
-0.171035
0.048603
0.558998
1.35132
2.36994
3.51708
4.67065
5.72893
6.62751
7.3425
7.8769
8.24959
8.4786
8.56879
8.49958
8.23646
7.77465
7.15406
6.44566
5.72731
-9.73539
-9.26018
-8.599
-7.84911
-7.10927
-6.45155
-5.90809
-5.47286
-5.11161
-4.77643
-4.41988
-4.00535
-3.51479
-2.95314
-2.35014
-1.75576
-1.22913
-0.821719
-0.566168
-0.471506
-0.524297
-0.691815
-0.927175
-1.17555
-1.38241
-1.50171
-1.50212
-1.37208
-1.123
-0.790393
-0.429254
-0.103047
0.132839
0.242146
0.212493
0.0543057
-0.202281
-0.512522
-0.823297
-1.08142
-1.24197
-1.27461
-1.16882
-0.937126
-0.616361
-0.262957
0.0581829
0.290484
0.396914
0.36479
0.204689
-0.0527097
-0.3618
-0.668386
-0.918137
-1.06507
-1.07796
-0.945712
-0.680622
-0.319659
0.0803445
0.454089
0.744997
0.916718
0.958106
0.88219
0.723041
0.530545
0.363932
0.283058
0.339545
0.569899
0.989618
1.58923
2.33241
3.16042
4.0035
4.79825
5.49843
6.07821
6.52834
6.84986
7.04628
7.11746
7.05682
6.85749
6.52576
6.08721
5.58233
5.05617
-8.00032
-7.67767
-7.23104
-6.71368
-6.18107
-5.67681
-5.22456
-4.82703
-4.47015
-4.13053
-3.78337
-3.40938
-2.9998
-2.55929
-2.10624
-1.66967
-1.28296
-0.975813
-0.767763
-0.664735
-0.658605
-0.728841
-0.845706
-0.974563
-1.081
-1.13597
-1.12007
-1.0267
-0.863761
-0.653162
-0.427419
-0.223228
-0.0733899
-0.000364616
-0.0127844
-0.104985
-0.258602
-0.445765
-0.633403
-0.78843
-0.882932
-0.898532
-0.829654
-0.685198
-0.488143
-0.272078
-0.0747087
0.0703329
0.140022
0.125471
0.0323976
-0.120503
-0.3048
-0.486717
-0.632399
-0.71319
-0.710081
-0.61702
-0.442624
-0.209752
0.0480481
0.293193
0.492458
0.62368
0.679407
0.667422
0.609107
0.53614
0.485973
0.496352
0.599732
0.818489
1.16118
1.62038
2.17271
2.78205
3.40594
4.00375
4.54273
5.00064
5.36498
5.63024
5.79432
5.85591
5.81373
5.66916
5.43064
5.11582
4.74963
4.35965
-6.4959
-6.27368
-5.96488
-5.60023
-5.21203
-4.82714
-4.46226
-4.12264
-3.80385
-3.49546
-3.18551
-2.86466
-2.52936
-2.18352
-1.83862
-1.51178
-1.22225
-0.987229
-0.818151
-0.718456
-0.682974
-0.698749
-0.746998
-0.805881
-0.85374
-0.87233
-0.849582
-0.781545
-0.673188
-0.537775
-0.394582
-0.265176
-0.169046
-0.119872
-0.123216
-0.175871
-0.266658
-0.37836
-0.490509
-0.582635
-0.637549
-0.64414
-0.599358
-0.50905
-0.387336
-0.254312
-0.132284
-0.0413461
0.0044022
-0.000811284
-0.0537781
-0.143118
-0.25126
-0.357262
-0.440134
-0.482163
-0.47176
-0.405482
-0.288862
-0.135771
0.0339479
0.198341
0.337876
0.43933
0.498193
0.519348
0.51625
0.508881
0.520811
0.575703
0.693761
0.888603
1.16494
1.51742
1.93093
2.38272
2.84596
3.29399
3.70377
4.05782
4.34434
4.5563
4.68998
4.74378
4.71808
4.61611
4.44542
4.21838
3.95117
3.66146
-5.14788
-4.99433
-4.77915
-4.52064
-4.23821
-3.94866
-3.66355
-3.38825
-3.12256
-2.86262
-2.60334
-2.34078
-2.07407
-1.8064
-1.54503
-1.30016
-1.08307
-0.903702
-0.768647
-0.679731
-0.633554
-0.621916
-0.632999
-0.653098
-0.668647
-0.668237
-0.644342
-0.594476
-0.521601
-0.433617
-0.341923
-0.259235
-0.197116
-0.163785
-0.162668
-0.191881
-0.244624
-0.310346
-0.376476
-0.430456
-0.461784
-0.463755
-0.434652
-0.378155
-0.302844
-0.220742
-0.145119
-0.0879807
-0.0578617
-0.0583573
-0.0876044
-0.138688
-0.200828
-0.261142
-0.306712
-0.326662
-0.313928
-0.26646
-0.187641
-0.0857558
0.0274954
0.139262
0.23811
0.316293
0.37126
0.406181
0.429527
0.453817
0.493767
0.564083
0.677208
0.841352
1.05906
1.32655
1.63402
1.9669
2.30788
2.63929
2.9451
3.21225
3.43107
3.59513
3.70066
3.74616
3.73227
3.66204
3.54133
3.37878
3.18514
2.97201
-3.90823
-3.80372
-3.65579
-3.4755
-3.27464
-3.06377
-2.85073
-2.64001
-2.43299
-2.22884
-2.02588
-1.82288
-1.62017
-1.42023
-1.22766
-1.04858
-0.889573
-0.756379
-0.652717
-0.579478
-0.534416
-0.512384
-0.506036
-0.506888
-0.506554
-0.497986
-0.47652
-0.440562
-0.391794
-0.334826
-0.276317
-0.2237
-0.183756
-0.161334
-0.158471
-0.174034
-0.203925
-0.241769
-0.279964
-0.310921
-0.328317
-0.328144
-0.309417
-0.274378
-0.228153
-0.177869
-0.13136
-0.0957314
-0.0760642
-0.0745246
-0.09001
-0.118358
-0.153049
-0.186276
-0.210205
-0.218248
-0.206131
-0.172606
-0.119654
-0.052127
0.0231628
0.098768
0.168084
0.226672
0.273176
0.309669
0.341429
0.376188
0.422985
0.490804
0.587177
0.716962
0.881476
1.07811
1.30053
1.5394
1.78358
2.02145
2.24211
2.43627
2.59669
2.71824
2.79779
2.83407
2.82759
2.78068
2.69751
2.58398
2.44718
2.29476
-2.74323
-2.67562
-2.57902
-2.45997
-2.32549
-2.182
-2.03456
-1.88645
-1.73928
-1.59336
-1.44848
-1.30456
-1.1623
-1.02345
-0.890855
-0.768096
-0.65892
-0.566541
-0.492991
-0.438663
-0.40213
-0.38028
-0.368722
-0.362402
-0.356334
-0.346325
-0.329583
-0.305112
-0.273814
-0.238273
-0.202246
-0.169935
-0.145182
-0.13074
-0.127761
-0.135574
-0.151794
-0.172709
-0.193894
-0.210936
-0.220167
-0.219272
-0.207691
-0.186727
-0.159329
-0.129578
-0.101953
-0.0805165
-0.0681823
-0.0661947
-0.0739117
-0.0889126
-0.107399
-0.124815
-0.136591
-0.13888
-0.129181
-0.106743
-0.0726699
-0.0296919
0.0183616
0.0673173
0.113491
0.154442
0.189494
0.219959
0.249003
0.281213
0.321922
0.3764
0.449024
0.542556
0.657632
0.79254
0.943332
1.10425
1.26837
1.42839
1.57728
1.70889
1.81828
1.90182
1.95724
1.98358
1.98115
1.95152
1.89743
1.82267
1.73174
1.62945
-1.62725
-1.58924
-1.53456
-1.46668
-1.38929
-1.3059
-1.21933
-1.13156
-1.04374
-0.956386
-0.869682
-0.783871
-0.699516
-0.617674
-0.539895
-0.468058
-0.404085
-0.349597
-0.305596
-0.27223
-0.24871
-0.233368
-0.223875
-0.217563
-0.2118
-0.20437
-0.193789
-0.179508
-0.161956
-0.142432
-0.122837
-0.1053
-0.0917736
-0.0836545
-0.0815228
-0.0850236
-0.092916
-0.103274
-0.113803
-0.122216
-0.126614
-0.125801
-0.119491
-0.108355
-0.0939078
-0.0782412
-0.0636479
-0.0522084
-0.045415
-0.0439038
-0.0473384
-0.0544618
-0.0633013
-0.0714903
-0.0766523
-0.0767859
-0.0705859
-0.0576485
-0.0385199
-0.0145766
0.0122506
0.0398618
0.0664118
0.0906939
0.112411
0.132288
0.152009
0.17399
0.201024
0.235859
0.280758
0.337123
0.405225
0.484091
0.571556
0.664483
0.759088
0.851338
0.937316
1.01353
1.0771
1.12591
1.15858
1.17452
1.1739
1.15759
1.12714
1.08466
1.03264
0.973746
-31902.8
-31875.3
-31847
-31818.1
-31788.4
-31758.2
-31727.3
-31695.9
-31663.9
-31631.5
-31598.6
-31565.3
-31531.6
-31497.7
-31463.4
-31428.9
-31394.2
-31359.3
-31324.3
-31289.1
-31253.7
-31218.3
-31182.8
-31147.1
-31111.4
-31075.6
-31039.7
-31003.6
-30967.6
-30931.4
-30895.2
-30858.9
-30822.6
-30786.2
-30749.8
-30713.3
-30676.9
-30640.4
-30603.8
-30567.2
-30530.5
-30493.8
-30457
-30420.2
-30383.3
-30346.4
-30309.5
-30272.5
-30235.5
-30198.5
-30161.4
-30124.4
-30087.3
-30050.2
-30013.1
-29975.9
-29938.7
-29901.5
-29864.2
-29826.9
-29789.7
-29752.4
-29715.1
-29677.9
-29640.8
-29603.6
-29566.6
-29529.6
-29492.7
-29455.9
-29419.2
-29382.6
-29346.2
-29310
-29274
-29238.3
-29202.9
-29167.8
-29133.2
-29098.9
-29065.2
-29031.9
-28999.2
-28967
-28935.3
-28904.2
-28873.7
-28843.6
-28814.1
-28785
-4.0866
0.546484
2.89509
4.10514
4.64125
4.75365
4.5954
4.26371
3.82082
3.30668
2.74704
2.15855
1.55212
0.934998
0.31225
1.09003
2.01988
3.0323
3.71864
4.06662
4.14242
4.0165
3.74671
3.3764
2.93684
2.45007
1.9316
1.39232
0.84008
0.280774
3.88383
3.41101
3.49578
3.67058
3.7642
3.73288
3.58149
3.33021
3.00125
2.61419
2.18483
1.72546
1.24549
0.75223
0.251539
5.11861
4.24479
3.86935
3.70373
3.58672
3.44339
3.24636
2.99139
2.68421
2.33385
1.94961
1.53992
1.11196
0.671809
0.224691
5.47708
4.58032
4.03314
3.68827
3.43553
3.20761
2.96916
2.7048
2.41037
2.08738
1.73986
1.37265
0.990622
0.598356
0.200107
5.36207
4.56631
3.99462
3.58066
3.25949
2.98236
2.71787
2.44828
2.16508
1.86545
1.5498
1.2202
0.879523
0.530887
0.17749
4.99523
4.3282
3.79834
3.38026
3.03942
2.74445
2.47168
2.20538
1.93623
1.65955
1.37368
1.07885
0.776381
0.468181
0.156456
4.49677
3.95289
3.49026
3.10262
2.77348
2.48435
2.21904
1.96532
1.71492
1.46283
1.20652
0.945137
0.678971
0.409
0.136609
3.93193
3.49632
3.10721
2.76646
2.46755
2.20042
1.9548
1.72195
1.4953
1.27035
1.04443
0.816211
0.585368
0.35224
0.117591
3.33611
2.99324
2.67578
2.38848
2.12985
1.89499
1.67779
1.47241
1.27397
1.07885
0.884639
0.689912
0.49405
0.297003
0.0991036
2.72825
2.46474
2.21422
1.98183
1.76839
1.5719
1.38898
1.21591
1.04931
0.886457
0.725363
0.564748
0.403916
0.24262
0.0809243
2.11799
1.92327
1.73453
1.55624
1.38998
1.23525
1.09032
0.952948
0.820917
0.692302
0.56561
0.439803
0.314247
0.188636
0.062898
1.50961
1.37583
1.24438
1.11862
1.00005
0.888812
0.784094
0.684647
0.589108
0.496223
0.404973
0.314607
0.224634
0.134779
0.0449299
0.904273
0.826071
0.74856
0.67379
0.602808
0.535849
0.4726
0.412441
0.354644
0.298512
0.243453
0.189019
0.134902
0.0809175
0.0269721
-28753.6
-28719.9
-28686.7
-28654
-28621.8
-28590
-28558.5
-28527.4
-28496.5
-28465.9
-28435.5
-28405.2
-28375
-28345
-28315
)
;

boundaryField
{
    hot
    {
        type            calculated;
        value           nonuniform List<scalar> 
120
(
32285
0.0522191
0.087555
0.123663
0.160768
0.19901
0.238412
0.27884
0.319969
0.361252
0.4019
0.440885
0.476982
0.508849
0.535154
0.553654
0.564755
0.570398
0.570594
0.565615
0.555954
0.542268
0.525301
0.50581
0.4845
0.461982
0.438753
0.415196
0.3916
0.368179
0.345104
0.322521
0.300568
0.279379
0.259084
0.239799
0.221619
0.204607
0.188792
0.174164
0.160679
0.148262
0.136823
0.126258
0.116466
0.107356
0.0988485
0.0908814
0.0834092
0.0763988
0.0698263
0.0636714
0.0579136
0.0525288
0.0474871
0.0427529
0.0382853
0.0340396
0.0299703
0.0260321
0.022183
0.0183845
0.0146032
0.0108098
0.00697911
0.00308909
-0.000880381
-0.00494833
-0.00913365
-0.013456
-0.0179367
-0.0225994
-0.0274717
-0.0325855
-0.0379783
-0.0436932
-0.0497789
-0.0562881
-0.0632754
-0.070794
-0.0788922
-0.0876099
-0.0969752
-0.107004
-0.117697
-0.12905
-0.141048
-0.153683
-0.166954
-0.180879
-0.195496
-0.210867
-0.227069
-0.244182
-0.262274
-0.281374
-0.301447
-0.322365
-0.343883
-0.365619
-0.38705
-0.407515
-0.426245
-0.442407
-0.455172
-0.464152
-0.467567
-0.463422
-0.451568
-0.432322
-0.406381
-0.37469
-0.338303
-0.298267
-0.25553
-0.210893
-0.164989
-0.11829
-0.0711274
-32289
)
;
    }
    cold
    {
        type            calculated;
        value           nonuniform List<scalar> 
120
(
28318.9
-0.0218722
-0.0379394
-0.0562626
-0.0777817
-0.103448
-0.134185
-0.17082
-0.213975
-0.263924
-0.320425
-0.382561
-0.448616
-0.516076
-0.581771
-0.637711
-0.682269
-0.719367
-0.747814
-0.766982
-0.776821
-0.777793
-0.77075
-0.756777
-0.73705
-0.712713
-0.684803
-0.654214
-0.621691
-0.58786
-0.553252
-0.518335
-0.483536
-0.44925
-0.415838
-0.383617
-0.352847
-0.323723
-0.296363
-0.270813
-0.24705
-0.224998
-0.204535
-0.18552
-0.167801
-0.151233
-0.135684
-0.121045
-0.107225
-0.0941512
-0.0817654
-0.0700174
-0.0588602
-0.0482462
-0.0381242
-0.0284381
-0.0191264
-0.0101217
-0.00135193
0.00725984
0.015794
0.0243336
0.0329632
0.0417663
0.0508241
0.0602119
0.0699976
0.0802393
0.0909848
0.102273
0.114134
0.126599
0.1397
0.153481
0.167999
0.183331
0.19957
0.216815
0.235168
0.254707
0.275473
0.297444
0.320521
0.344509
0.369109
0.393925
0.418467
0.442176
0.464448
0.484661
0.502211
0.516534
0.527126
0.533569
0.535542
0.532842
0.525406
0.513335
0.496911
0.476602
0.453048
0.427025
0.399383
0.370979
0.342601
0.31225
0.280774
0.251539
0.224691
0.200107
0.17749
0.156456
0.136609
0.117591
0.0991036
0.0809243
0.062898
0.0449299
0.0269721
-28315
)
;
    }
    interface_left
    {
        type            calculated;
        value           nonuniform List<scalar> 
90
(
23.3516
57.8296
60.3109
34.9487
25.5145
16.7868
12.6434
7.1954
8.85018
9.32438
9.83597
10.1662
10.928
11.9366
14.9778
14.4119
9.49573
7.54568
5.60188
4.6548
3.46728
2.79014
1.6987
2.21584
2.39274
2.6064
2.73744
3.00719
3.32193
4.22744
4.08794
2.72262
2.17897
1.63082
1.36117
1.01737
0.819075
0.494994
0.646449
0.694921
0.748014
0.775771
0.83027
0.895973
1.09441
1.03691
0.648897
0.489229
0.321305
0.237278
0.132036
0.0755921
0.00445394
-0.0523189
-0.107158
-0.218011
-0.314233
-0.514578
-0.7132
-1.20194
-1.29376
-1.10853
-1.05866
-1.03555
-1.02672
-0.995995
-0.952049
-0.766081
-1.29651
-1.64004
-2.25556
-2.75221
-3.77627
-4.8018
-7.38285
-7.70378
-6.1932
-5.6913
-5.31286
-5.13493
-4.8565
-4.57033
-3.67599
-6.81509
-6.84488
-3.58158
-3.3755
-5.14948
-10.8378
-28.8933
)
;
    }
    interface_right
    {
        type            calculated;
        value           nonuniform List<scalar> 
90
(
-11.9798
-116.818
-129.85
-71.3133
-50.332
-31.9658
-23.587
-13.1235
-15.8545
-16.5699
-17.2786
-17.7426
-18.8791
-20.4838
-25.4378
-24.3729
-15.8782
-12.512
-9.17482
-7.55705
-5.55327
-4.42594
-2.65623
-3.38256
-3.59855
-3.8244
-3.94665
-4.20728
-4.54651
-5.5891
-5.32247
-3.39881
-2.62817
-1.85536
-1.47951
-1.0205
-0.770287
-0.412937
-0.432926
-0.389488
-0.278285
-0.178281
0.0211577
0.198156
0.595094
0.724744
0.755635
0.789649
0.843255
0.868379
0.872121
0.845232
0.683193
1.17598
1.4902
2.04448
2.48394
3.37907
4.26488
6.48147
6.73282
5.34537
4.87217
4.47971
4.2914
3.97611
3.70398
2.86945
4.75659
5.9509
8.07358
9.79762
13.3759
17.0156
26.2436
27.4933
22.4591
20.9936
20.4325
20.4979
21.1818
21.5477
21.5633
49.9707
48.7822
16.6886
6.64723
2.78377
0.219126
-4.22816
)
;
    }
    interface_top
    {
        type            calculated;
        value           nonuniform List<scalar> 
90
(
-124.742
-205.556
111.036
-3.4974
59.0778
-1.64062
34.359
-1.03805
-34.1771
-0.598936
-46.3809
-0.482093
-60.0426
0.185217
-87.6491
84.6795
-2.59478
56.2533
-1.62562
41.5927
-1.38582
28.4358
-0.969923
-30.3288
-0.611755
-43.341
-0.504792
-57.7881
0.165763
-85.8714
83.7026
-2.54153
56.1393
-1.57
41.8037
-1.32745
28.7382
-0.907884
-30.5806
-0.537876
-43.8291
-0.412482
-58.5384
0.295936
-87.0779
85.1742
-2.42745
57.1573
-1.47447
42.6099
-1.23384
29.3478
-0.805225
-31.0011
-0.415325
-44.5066
-0.263363
-59.5188
0.498073
-88.6617
87.2225
-2.23691
58.7092
-1.26186
43.9823
-0.988658
30.5549
-0.505214
-31.7567
-0.0329384
-46.0869
0.231669
-62.4627
1.21678
-94.7823
96.4356
-1.56174
67.9039
-0.393603
55.3496
0.14919
46.7334
1.95991
-56.5419
107.042
55.4065
31.907
17.1191
3.68961
-14.8115
)
;
    }
    interface_bottom
    {
        type            calculated;
        value           nonuniform List<scalar> 
90
(
35.6396
108.069
-80.5399
2.47111
-49.0205
0.990985
-31.0528
0.223018
30.399
-0.402452
42.3503
-0.755316
55.5751
-1.71101
81.7472
-82.1752
0.738537
-54.959
-0.0523766
-40.9846
-0.249478
-28.4796
-0.647728
27.1103
-1.0667
39.2511
-1.3041
52.5701
-2.17851
78.2847
-79.9504
0.289631
-53.7502
-0.391292
-40.2469
-0.528049
-28.088
-0.882116
26.2859
-1.27352
38.2274
-1.49754
51.3172
-2.36681
76.5213
-78.586
0.0772192
-52.8796
-0.570092
-39.6334
-0.694356
-27.7122
-1.041
25.5922
-1.43571
37.2821
-1.67405
50.0782
-2.57205
74.6708
-77.1396
-0.164991
-51.9421
-0.787086
-38.9728
-0.912004
-27.3188
-1.26467
24.7409
-1.66736
36.1167
-1.9085
48.5725
-2.75187
72.634
-75.6583
-0.444093
-51.315
-1.16772
-39.1319
-1.51528
-28.9164
-2.5303
25.7496
-30.1093
-4.89047
11.1162
27.0575
50.4472
98.2375
)
;
    }
    defaultFaces
    {
        type            empty;
    }
}


// ************************************************************************* //
