/*--------------------------------*- C++ -*----------------------------------*\
| =========                 |                                                 |
| \\      /  F ield         | OpenFOAM: The Open Source CFD Toolbox           |
|  \\    /   O peration     | Version:  5.x                                   |
|   \\  /    A nd           | Web:      www.OpenFOAM.org                      |
|    \\/     M anipulation  |                                                 |
\*---------------------------------------------------------------------------*/
FoamFile
{
    version     2.0;
    format      ascii;
    class       volScalarField;
    location    "17.4";
    object      gradTx;
}
// * * * * * * * * * * * * * * * * * * * * * * * * * * * * * * * * * * * * * //

dimensions      [0 -1 0 1 0 0 0];

internalField   nonuniform List<scalar> 
6300
(
-31.9525
-32.0232
-32.164
-32.3734
-32.6491
-32.9881
-33.386
-33.8375
-34.3357
-34.8727
-35.4392
-36.0245
-36.6178
-37.2078
-37.7838
-31.8818
-31.9532
-32.0954
-32.307
-32.5859
-32.9291
-33.3324
-33.7907
-34.297
-34.8433
-35.4202
-36.0166
-36.6212
-37.2218
-37.8071
-31.7397
-31.8124
-31.9573
-32.1733
-32.4584
-32.8099
-33.2241
-33.6957
-34.2182
-34.7835
-35.3815
-36.0007
-36.6284
-37.251
-37.8558
-31.5248
-31.5994
-31.7482
-31.9704
-32.2645
-32.6282
-33.0582
-33.5498
-34.0968
-34.6909
-35.3216
-35.9763
-36.6405
-37.2983
-37.9339
-31.2353
-31.3122
-31.4658
-31.6957
-32.001
-32.3801
-32.8306
-33.3485
-33.9282
-34.5616
-35.2377
-35.9425
-36.659
-37.3678
-38.0484
-30.8688
-30.9482
-31.1071
-31.3456
-31.6636
-32.0607
-32.5355
-33.0855
-33.7059
-34.3895
-35.1249
-35.8969
-36.6853
-37.4653
-38.2098
-30.423
-30.5048
-30.6688
-30.9159
-31.2471
-31.6634
-32.1653
-32.7519
-33.4206
-34.1653
-34.9756
-35.835
-36.7197
-37.5985
-38.4335
-29.8953
-29.9791
-30.1474
-30.4021
-30.7456
-31.1806
-31.7102
-32.3362
-33.059
-33.8754
-34.7771
-35.7475
-36.76
-37.7752
-38.7406
-29.2839
-29.3687
-29.5396
-29.7995
-30.1523
-30.6033
-31.1584
-31.8236
-32.6036
-33.5002
-34.5095
-35.6177
-36.7973
-38.0015
-39.1591
-28.5878
-28.6722
-28.8429
-29.1038
-29.4609
-29.9218
-30.4965
-31.1959
-32.0313
-33.0121
-34.1425
-35.4163
-36.8099
-38.274
-39.7204
-27.8072
-27.8893
-28.0559
-28.3121
-28.6653
-29.1265
-29.7097
-30.4319
-31.3132
-32.374
-33.6319
-35.0947
-36.752
-38.5641
-40.4449
-26.9445
-27.0219
-27.1795
-27.423
-27.7618
-28.2091
-28.7834
-29.5086
-30.4151
-31.5385
-32.9162
-34.579
-36.5399
-38.7868
-41.2896
-26.0044
-26.0743
-26.217
-26.4387
-26.7495
-27.1646
-27.7057
-28.4035
-29.2996
-30.4486
-31.9157
-33.767
-36.0458
-38.7593
-41.9911
-24.9944
-25.0538
-25.1754
-25.3651
-25.6327
-25.9937
-26.4711
-27.0996
-27.9309
-29.0405
-30.5331
-32.5332
-35.1292
-38.2343
-41.6628
-23.9249
-23.9711
-24.0656
-24.2134
-24.4225
-24.706
-25.0847
-25.5922
-26.2834
-27.2504
-28.6473
-30.7165
-33.7355
-37.4535
-38.2015
-38.2925
-38.7321
-39.1475
-39.5369
-39.8992
-40.2345
-40.5431
-40.8255
-41.082
-41.3123
-41.516
-41.692
-41.8392
-41.9569
-42.0451
-42.1045
-42.1371
-42.1459
-42.1346
-42.1074
-42.0687
-42.0223
-41.971
-41.9167
-41.8598
-41.7998
-41.7352
-41.6641
-41.5845
-41.495
-41.395
-41.2848
-41.1658
-41.0404
-40.9113
-40.7815
-40.6536
-40.5293
-40.4097
-40.2944
-40.1823
-40.0714
-39.9595
-39.8443
-39.7241
-39.5979
-39.4659
-39.329
-39.1894
-39.0493
-38.9115
-38.7781
-38.6507
-38.5301
-38.4158
-38.3066
-38.2006
-38.0955
-37.989
-37.8794
-37.7658
-37.6482
-37.5276
-37.4057
-37.285
-37.1677
-37.0561
-36.9517
-36.8551
-36.7662
-36.684
-36.6068
-36.5327
-36.4601
-36.388
-36.3163
-36.246
-36.1793
-36.1193
-36.0699
-36.035
-36.0184
-36.0229
-36.0505
-36.101
-36.173
-36.263
-36.3661
-36.4761
-36.5861
-38.3228
-38.7669
-39.1851
-39.5757
-39.9382
-40.2729
-40.5808
-40.8628
-41.1196
-41.3508
-41.5559
-41.7333
-41.8816
-41.9995
-42.0865
-42.1432
-42.1715
-42.1748
-42.1573
-42.1241
-42.0799
-42.0293
-41.9754
-41.9203
-41.8643
-41.8065
-41.7446
-41.6763
-41.5988
-41.5102
-41.4096
-41.2974
-41.1751
-41.0456
-40.9124
-40.7789
-40.6482
-40.5227
-40.4034
-40.2898
-40.1805
-40.0729
-39.9642
-39.8516
-39.7327
-39.6064
-39.4727
-39.3331
-39.1899
-39.0462
-38.9051
-38.7694
-38.641
-38.5209
-38.4084
-38.3021
-38.1994
-38.0974
-37.9934
-37.8852
-37.7716
-37.6526
-37.5294
-37.4042
-37.2799
-37.1596
-37.0457
-36.9403
-36.8441
-36.7567
-36.6768
-36.6022
-36.5305
-36.4594
-36.3875
-36.3143
-36.2409
-36.1696
-36.1042
-36.0489
-36.0087
-35.9878
-35.9899
-36.0173
-36.0702
-36.147
-36.2442
-36.3562
-36.476
-36.5961
-38.3857
-38.8388
-39.2625
-39.6551
-40.0171
-40.35
-40.6558
-40.9367
-41.1938
-41.4271
-41.6355
-41.8167
-41.9679
-42.0867
-42.1716
-42.2226
-42.242
-42.2335
-42.2029
-42.1563
-42.1004
-42.0408
-41.9817
-41.9253
-41.8716
-41.8188
-41.7635
-41.7016
-41.6291
-41.5428
-41.4411
-41.3244
-41.1948
-41.0564
-40.9138
-40.772
-40.6355
-40.5073
-40.3887
-40.2791
-40.1761
-40.0761
-39.9747
-39.8677
-39.7519
-39.6254
-39.4882
-39.3424
-39.1913
-39.0392
-38.8909
-38.7501
-38.6196
-38.5006
-38.3923
-38.2923
-38.197
-38.1023
-38.0039
-37.8988
-37.7852
-37.663
-37.5339
-37.4014
-37.2693
-37.142
-37.0233
-36.9157
-36.8203
-36.7364
-36.6619
-36.5935
-36.5274
-36.4599
-36.3887
-36.3126
-36.2326
-36.1516
-36.0743
-36.0064
-35.9544
-35.9242
-35.9207
-35.9472
-36.0048
-36.0918
-36.204
-36.3348
-36.4757
-36.6171
-38.4863
-38.9533
-39.3844
-39.7787
-40.138
-40.4659
-40.7668
-41.0447
-41.3022
-41.5394
-41.7543
-41.9431
-42.1008
-42.2226
-42.3053
-42.3478
-42.3524
-42.3243
-42.2712
-42.2021
-42.1263
-42.0517
-41.9841
-41.9262
-41.8775
-41.8346
-41.7918
-41.7422
-41.6792
-41.5974
-41.4942
-41.3697
-41.2274
-41.073
-40.9139
-40.7577
-40.6108
-40.478
-40.3611
-40.2588
-40.1675
-40.0813
-39.9932
-39.8967
-39.7865
-39.6596
-39.5162
-39.3592
-39.1939
-39.0271
-38.8657
-38.7159
-38.5817
-38.4649
-38.3641
-38.2757
-38.1939
-38.1122
-38.0242
-37.9247
-37.8111
-37.6831
-37.5437
-37.3978
-37.2517
-37.1121
-36.9848
-36.8735
-36.7799
-36.7027
-36.6384
-36.5816
-36.5261
-36.466
-36.3969
-36.3165
-36.2257
-36.1283
-36.0307
-35.9412
-35.8687
-35.8219
-35.8082
-35.8326
-35.8971
-36.0002
-36.137
-36.299
-36.4748
-36.6516
-38.6335
-39.1196
-39.5594
-39.9528
-40.3042
-40.6207
-40.9109
-41.1823
-41.4397
-41.6837
-41.9109
-42.1144
-42.2854
-42.4151
-42.4967
-42.5276
-42.51
-42.4512
-42.3625
-42.2577
-42.1504
-42.0525
-41.9725
-41.9138
-41.8752
-41.8504
-41.8299
-41.8022
-41.7562
-41.683
-41.5779
-41.4409
-41.2774
-41.0965
-40.91
-40.7297
-40.566
-40.4259
-40.3122
-40.2229
-40.1517
-40.0891
-40.0239
-39.9454
-39.845
-39.7178
-39.5638
-39.388
-39.1988
-39.007
-38.8239
-38.6591
-38.519
-38.406
-38.3182
-38.2495
-38.1908
-38.1314
-38.0609
-37.9711
-37.8575
-37.7198
-37.5628
-37.3944
-37.2248
-37.0647
-36.923
-36.806
-36.7158
-36.6504
-36.604
-36.5677
-36.5314
-36.4852
-36.4212
-36.3354
-36.2284
-36.1053
-35.9756
-35.8514
-35.746
-35.6721
-35.6409
-35.6601
-35.7336
-35.8602
-36.0339
-36.2432
-36.4727
-36.7038
-38.8409
-39.3526
-39.8012
-40.1877
-40.5205
-40.8134
-41.0821
-41.3402
-41.5964
-41.8522
-42.1015
-42.3325
-42.5295
-42.6766
-42.7612
-42.7772
-42.7268
-42.621
-42.4772
-42.3167
-42.1608
-42.0277
-41.9301
-41.8728
-41.8529
-41.86
-41.8782
-41.8885
-41.8723
-41.8147
-41.7073
-41.5503
-41.3522
-41.1282
-40.897
-40.6778
-40.4871
-40.3359
-40.2282
-40.1608
-40.1234
-40.1005
-40.0739
-40.0258
-39.942
-39.8144
-39.6431
-39.4359
-39.2072
-38.9745
-38.7559
-38.5667
-38.4171
-38.3109
-38.2448
-38.209
-38.1886
-38.1664
-38.1254
-38.0519
-37.9383
-37.7846
-37.5982
-37.3926
-37.1844
-36.9906
-36.8259
-36.6998
-36.6159
-36.5708
-36.5549
-36.5539
-36.5511
-36.5298
-36.4769
-36.385
-36.254
-36.0919
-35.9127
-35.7346
-35.5777
-35.461
-35.4009
-35.4096
-35.4935
-35.6525
-35.8793
-36.1585
-36.468
-36.7807
-39.1302
-39.6765
-40.1324
-40.5
-40.7945
-41.0412
-41.2685
-41.501
-41.7539
-42.0298
-42.3186
-42.5996
-42.8455
-43.0282
-43.1246
-43.1223
-43.0236
-42.8455
-42.6161
-42.3691
-42.1383
-41.952
-41.8295
-41.7778
-41.7916
-41.8537
-41.9379
-42.013
-42.0482
-42.018
-41.9082
-41.7189
-41.4645
-41.1701
-40.8667
-40.5851
-40.3514
-40.183
-40.0863
-40.0555
-40.0742
-40.1171
-40.1548
-40.1577
-40.1019
-39.974
-39.7738
-39.515
-39.2213
-38.9219
-38.6456
-38.4171
-38.2527
-38.1581
-38.1278
-38.1461
-38.1891
-38.2286
-38.2366
-38.1904
-38.077
-37.8964
-37.6614
-37.3944
-37.1231
-36.8748
-36.673
-36.533
-36.4601
-36.449
-36.4843
-36.5429
-36.5972
-36.6201
-36.5889
-36.4906
-36.3247
-36.1031
-35.848
-35.5874
-35.3514
-35.1683
-35.062
-35.0508
-35.1452
-35.3474
-35.6491
-36.0303
-36.4586
-36.8933
-39.5343
-40.1307
-40.5911
-40.9175
-41.1376
-41.2973
-41.4477
-41.6326
-41.8783
-42.189
-42.5471
-42.9171
-43.2526
-43.5042
-43.63
-43.6061
-43.4348
-43.1439
-42.7801
-42.3982
-42.0516
-41.7846
-41.6267
-41.5886
-41.6608
-41.8156
-42.0106
-42.1952
-42.3181
-42.3359
-42.2236
-41.9813
-41.6342
-41.2251
-40.8049
-40.4233
-40.1216
-39.927
-39.8494
-39.8792
-39.9899
-40.1414
-40.2857
-40.3741
-40.3659
-40.2375
-39.989
-39.6443
-39.2439
-38.8357
-38.4665
-38.1753
-37.9877
-37.9125
-37.941
-38.0477
-38.1946
-38.3361
-38.426
-38.4256
-38.3125
-38.0866
-37.7706
-37.4026
-37.0284
-36.6923
-36.4312
-36.2694
-36.2154
-36.2606
-36.3803
-36.5378
-36.6888
-36.7882
-36.7975
-36.6937
-36.4754
-36.1625
-35.791
-35.4049
-35.0491
-34.7648
-34.5864
-34.5397
-34.6416
-34.8988
-35.3047
-35.834
-36.4402
-37.0593
-40.104
-40.7809
-41.243
-41.4883
-41.5681
-41.567
-41.5778
-41.677
-41.9094
-42.2802
-42.7583
-43.2844
-43.7805
-44.1614
-44.3509
-44.3025
-44.018
-43.5472
-42.9702
-42.3766
-41.8504
-41.4602
-41.2514
-41.2405
-41.4113
-41.7194
-42.0981
-42.4665
-42.7392
-42.841
-42.7261
-42.3948
-41.8932
-41.296
-40.6875
-40.1466
-39.7375
-39.5028
-39.4576
-39.5864
-39.847
-40.176
-40.4971
-40.7297
-40.8029
-40.6738
-40.3429
-39.8539
-39.2775
-38.6932
-38.1753
-37.7844
-37.5606
-37.5179
-37.6416
-37.8915
-38.2078
-38.5179
-38.7454
-38.8232
-38.7102
-38.4068
-37.9544
-37.4199
-36.8788
-36.4017
-36.0463
-35.8506
-35.8281
-35.9647
-36.2218
-36.5419
-36.8548
-37.0859
-37.1689
-37.0619
-36.7622
-36.3063
-35.7552
-35.1787
-34.6438
-34.209
-33.921
-33.8147
-33.9144
-34.2363
-34.7825
-35.5269
-36.4034
-37.3082
-40.9158
-41.7405
-42.207
-42.2981
-42.1151
-41.8204
-41.5811
-41.5302
-41.7417
-42.2171
-42.9005
-43.6949
-44.4744
-45.0944
-45.4142
-45.3388
-44.8694
-44.1037
-43.1843
-42.2579
-41.4534
-40.8744
-40.5913
-40.6305
-40.9642
-41.5216
-42.2005
-42.8755
-43.4064
-43.6583
-43.5404
-43.0535
-42.2896
-41.3834
-40.4729
-39.68
-39.1021
-38.8056
-38.8151
-39.104
-39.6053
-40.2221
-40.836
-41.3147
-41.5314
-41.4008
-40.9243
-40.1892
-39.3227
-38.4551
-37.7012
-37.1529
-36.8727
-36.8835
-37.1604
-37.6397
-38.2298
-38.8186
-39.2806
-39.4954
-39.3821
-38.9415
-38.2563
-37.4469
-36.6371
-35.936
-35.4313
-35.1823
-35.2115
-35.4952
-35.9728
-36.5565
-37.1385
-37.597
-37.8139
-37.7075
-37.274
-36.5872
-35.7561
-34.8926
-34.0945
-33.4416
-32.9939
-32.7931
-32.8673
-33.2506
-33.9751
-35.0297
-36.3256
-37.6894
-42.0788
-43.2155
-43.7117
-43.5031
-42.8235
-41.994
-41.3136
-41.0066
-41.1947
-41.855
-42.883
-44.1269
-45.3981
-46.4595
-47.0469
-46.9425
-46.1474
-44.8814
-43.4085
-41.9635
-40.7315
-39.8626
-39.4673
-39.5964
-40.1949
-41.149
-42.3084
-43.4922
-44.4753
-45.008
-44.8859
-44.111
-42.8912
-41.4766
-40.0892
-38.9036
-38.0617
-37.6679
-37.7701
-38.3159
-39.1974
-40.2723
-41.3696
-42.2771
-42.7598
-42.6258
-41.8782
-40.714
-39.3692
-38.0534
-36.9309
-36.1355
-35.7655
-35.8661
-36.3877
-37.2284
-38.2537
-39.3018
-40.1716
-40.6403
-40.5251
-39.8286
-38.737
-37.4743
-36.239
-35.1877
-34.4478
-34.1136
-34.2286
-34.7465
-35.5708
-36.5736
-37.6001
-38.456
-38.9243
-38.824
-38.1509
-37.0757
-35.8035
-34.5123
-33.3363
-32.3784
-31.7115
-31.3756
-31.3751
-31.7735
-32.6922
-34.1849
-36.1502
-38.2906
-43.7173
-45.6091
-46.2299
-45.3879
-43.7489
-41.9524
-40.5087
-39.7705
-39.9686
-40.9638
-42.5552
-44.5197
-46.6239
-48.5075
-49.6756
-49.5406
-48.1038
-45.957
-43.5923
-41.3627
-39.4869
-38.1686
-37.588
-37.8865
-38.9135
-40.4807
-42.3811
-44.3979
-46.1926
-47.3009
-47.1716
-45.8089
-43.7735
-41.5308
-39.4148
-37.6323
-36.3759
-35.816
-36.0865
-37.0443
-38.5109
-40.2902
-42.1767
-43.8511
-44.8762
-44.7345
-43.4319
-41.4986
-39.3743
-37.3731
-35.6898
-34.5054
-33.9808
-34.2425
-35.1555
-36.5512
-38.2446
-40.0419
-41.6404
-42.6257
-42.5055
-41.2844
-39.4644
-37.4621
-35.5758
-33.9909
-32.8803
-32.398
-32.6657
-33.5564
-34.9116
-36.5566
-38.3073
-39.8734
-40.8532
-40.7656
-39.6065
-37.848
-35.8781
-33.9662
-32.264
-30.8963
-29.9524
-29.4751
-29.3083
-29.5472
-30.583
-32.6596
-35.7223
-39.276
-45.8158
-49.8189
-50.8386
-48.4206
-44.9086
-41.4031
-38.6871
-37.1861
-37.5955
-39.2146
-41.6904
-44.7118
-48.1677
-51.5857
-54.1811
-54.0133
-51.0825
-47.3466
-43.5816
-40.2522
-37.4396
-35.4125
-34.4426
-35.1276
-36.8542
-39.3325
-42.2864
-45.6236
-48.8982
-51.3759
-51.2332
-48.4756
-44.954
-41.4027
-38.2601
-35.6036
-33.687
-32.7683
-33.4131
-35.0401
-37.3742
-40.1535
-43.2895
-46.3598
-48.673
-48.5148
-45.8936
-42.5584
-39.2019
-36.2352
-33.7302
-31.9251
-31.0639
-31.6812
-33.2281
-35.4453
-38.086
-41.0681
-43.9924
-46.2031
-46.071
-43.6026
-40.4543
-37.2828
-34.4786
-32.111
-30.4079
-29.6025
-30.2055
-31.6976
-33.8352
-36.3875
-39.2803
-42.1351
-44.3192
-44.2501
-41.9255
-38.9244
-35.8693
-33.1181
-30.7101
-28.804
-27.5212
-27.1276
-26.6573
-26.1732
-26.9749
-29.7142
-34.5876
-40.977
-47.3377
-58.2921
-60.3124
-52.9901
-46.0783
-39.7273
-35.1184
-31.8517
-33.4813
-36.2325
-40.0404
-44.2783
-49.7663
-55.8485
-62.6654
-62.4649
-55.2205
-48.7782
-42.9436
-38.3975
-34.2611
-31.1338
-28.9145
-30.8685
-33.7127
-37.4993
-41.6396
-46.9394
-52.7511
-59.2246
-59.06
-52.2426
-46.1775
-40.6859
-36.4053
-32.5095
-29.5613
-27.4691
-29.3252
-32.0176
-35.5966
-39.503
-44.4969
-49.9588
-56.0286
-55.8419
-49.3836
-43.6491
-38.468
-34.4325
-30.7625
-27.9859
-26.0178
-27.7813
-30.3353
-33.7295
-37.4361
-42.1773
-47.3718
-53.154
-53.0009
-46.8998
-41.4776
-36.5745
-32.7529
-29.2743
-26.6427
-24.779
-26.4651
-28.909
-32.1616
-35.7283
-40.3079
-45.3625
-51.0299
-50.9823
-45.2189
-40.0786
-35.423
-31.7756
-28.4336
-25.814
-23.8097
-24.8906
-24.0261
-20.9479
-20.5767
-23.6955
-31.27
-44.108
-41.38
-79.7081
-82.945
-56.669
-46.393
-35.5439
-29.6174
-19.4667
-27.7527
-31.7295
-37.7716
-42.045
-50.5095
-59.0537
-81.2546
-81.0599
-58.2035
-49.3346
-40.4503
-35.9529
-29.6294
-25.5479
-17.3767
-25.3276
-29.2139
-35.157
-39.3233
-47.5179
-55.6512
-76.6321
-76.467
-54.9264
-46.5749
-38.2255
-33.9965
-28.0506
-24.2029
-16.4845
-24.0332
-27.7183
-33.3474
-37.2867
-45.0302
-52.6826
-72.3934
-72.2003
-51.8311
-43.9429
-36.0844
-32.1034
-26.5084
-22.8822
-15.5984
-22.7431
-26.2328
-31.5636
-35.2964
-42.6338
-49.9051
-68.6518
-68.496
-49.2195
-41.7534
-34.3086
-30.5336
-25.2177
-21.7717
-14.844
-21.6335
-24.9559
-30.0356
-33.6105
-40.6513
-47.7077
-65.9702
-65.9455
-47.6147
-40.5347
-33.5249
-29.9936
-25.1166
-21.9382
-15.6557
-25.4546
-24.5829
-11.8244
-9.15292
-11.2607
-20.3729
-50.2134
-36.6984
-36.8022
-36.8774
-36.9184
-36.9236
-36.8947
-36.8365
-36.7559
-36.661
-36.5603
-36.4621
-36.374
-36.3021
-36.2514
-36.2252
-36.7184
-36.8309
-36.9115
-36.9542
-36.9576
-36.924
-36.859
-36.7702
-36.6668
-36.5578
-36.4521
-36.3577
-36.2809
-36.2269
-36.199
-36.7607
-36.8916
-36.9833
-37.0294
-37.0287
-36.9848
-36.9051
-36.7993
-36.678
-36.552
-36.431
-36.3236
-36.237
-36.1762
-36.145
-36.8304
-36.9913
-37.1009
-37.1515
-37.1429
-37.0813
-36.9773
-36.8438
-36.6941
-36.5411
-36.3962
-36.269
-36.1671
-36.0961
-36.0597
-36.9364
-37.1425
-37.2775
-37.3327
-37.3101
-37.2203
-37.0792
-36.9044
-36.7134
-36.5221
-36.3437
-36.189
-36.0663
-35.9813
-35.9379
-37.0932
-37.3647
-37.534
-37.5916
-37.5444
-37.4108
-37.2147
-36.9812
-36.7331
-36.4901
-36.2675
-36.0771
-35.9277
-35.825
-35.7728
-37.324
-37.689
-37.9023
-37.9554
-37.8652
-37.6636
-37.3876
-37.0724
-36.7479
-36.4376
-36.1589
-35.9244
-35.7423
-35.6183
-35.5555
-37.6669
-38.165
-38.4308
-38.4624
-38.2973
-37.9908
-37.5998
-37.173
-36.7485
-36.3535
-36.0064
-35.7191
-35.4989
-35.3503
-35.2755
-38.1856
-38.8732
-39.1934
-39.1662
-38.8708
-38.4026
-37.8476
-37.2714
-36.7197
-36.2215
-35.7939
-35.4466
-35.1841
-35.0085
-34.9206
-38.9923
-39.9488
-40.3033
-40.1383
-39.617
-38.9014
-38.1165
-37.3454
-36.6374
-36.0187
-35.5013
-35.0892
-34.7823
-34.579
-34.4779
-40.2957
-41.6264
-41.9328
-41.4666
-40.5575
-39.4695
-38.3716
-37.3562
-36.4657
-35.7147
-35.1035
-34.6266
-34.2767
-34.0474
-33.934
-42.5169
-44.3281
-44.3351
-43.2378
-41.6768
-40.0475
-38.5444
-37.242
-36.1545
-35.2708
-34.5715
-34.037
-33.6507
-33.4
-33.2767
-46.5951
-48.834
-47.8415
-45.4729
-42.8643
-40.4992
-38.5165
-36.9128
-35.6396
-34.6426
-33.8747
-33.2992
-32.8889
-32.6251
-32.496
-54.9099
-56.5714
-52.7241
-47.9479
-43.8083
-40.5686
-38.1096
-36.2531
-34.8485
-33.7852
-32.9856
-32.3961
-31.9807
-31.7155
-31.5863
-74.4902
-69.8176
-58.5355
-49.7862
-43.8524
-39.8574
-37.1003
-35.1413
-33.7161
-32.6643
-31.8863
-31.3191
-30.9222
-30.67
-30.5474
-22.9022
-22.9342
-22.9996
-23.1013
-23.2446
-23.4379
-23.6955
-24.0416
-24.5203
-25.2168
-26.3093
-28.2037
-31.8851
-39.6371
-54.0826
-21.9501
-21.9684
-22.0052
-22.0615
-22.1389
-22.2402
-22.3705
-22.5392
-22.766
-23.0947
-23.6355
-24.7117
-27.4956
-37.2133
-80.0212
-20.9855
-20.9896
-20.9971
-21.0068
-21.0164
-21.0221
-21.0182
-20.9958
-20.9403
-20.8259
-20.5956
-20.0703
-18.4832
-11.82
25.5003
-20.018
-20.0084
-19.9876
-19.9522
-19.8964
-19.8103
-19.6784
-19.4748
-19.1548
-18.6371
-17.7611
-16.1826
-13.1688
-7.73535
-3.8006
-19.0571
-19.0349
-18.9881
-18.9118
-18.7971
-18.6301
-18.388
-18.0339
-17.506
-16.6967
-15.4112
-13.2798
-9.56562
-2.62813
13.415
-18.1117
-18.0785
-18.0092
-17.8979
-17.7342
-17.5018
-17.1749
-16.7133
-16.0523
-15.0873
-13.6487
-11.4695
-8.20024
-3.85077
-1.98342
-17.1893
-17.147
-17.0595
-16.9203
-16.7189
-16.4388
-16.0551
-15.5305
-14.809
-13.8069
-12.4012
-10.4148
-7.58422
-3.35141
4.89367
-16.2963
-16.247
-16.1456
-15.986
-15.7583
-15.4476
-15.0329
-14.484
-13.76
-12.8064
-11.5572
-9.9459
-7.94181
-5.63908
-3.48511
-15.4375
-15.3832
-15.2721
-15.0989
-14.8551
-14.5288
-14.1036
-13.559
-12.87
-12.0109
-10.9645
-9.74972
-8.50668
-7.82393
-10.3693
-14.6163
-14.5589
-14.4418
-14.2608
-14.0093
-13.6784
-13.2572
-12.734
-12.098
-11.3452
-10.4884
-9.57309
-8.68238
-7.76738
-5.05784
-13.835
-13.7759
-13.6559
-13.4718
-13.2187
-12.8907
-12.4818
-11.9871
-11.4068
-10.7516
-10.0529
-9.37926
-8.87483
-8.95724
-11.8295
-13.0948
-13.0352
-12.9145
-12.7306
-12.48
-12.1593
-11.7658
-11.2997
-10.7676
-10.1882
-9.59993
-9.06782
-8.65968
-8.20982
-5.58686
-12.3961
-12.3368
-12.2172
-12.0356
-11.79
-11.4784
-11.1002
-10.6581
-10.1612
-9.63071
-9.10791
-8.67025
-8.47345
-8.97157
-12.5323
-11.7386
-11.6802
-11.5628
-11.3851
-11.1458
-10.8437
-10.4789
-10.0544
-9.57827
-9.06788
-8.55673
-8.10539
-7.80459
-7.60652
-5.49284
-11.1216
-11.0646
-10.9503
-10.7775
-10.5453
-10.2525
-9.8992
-9.48662
-9.01908
-8.50557
-7.964
-7.43598
-7.06439
-7.57178
-13.4434
-10.5441
-10.489
-10.3783
-10.2112
-9.98668
-9.70351
-9.36059
-8.957
-8.49179
-7.96274
-7.36186
-6.65792
-5.71378
-3.81188
3.4088
-10.0049
-9.95187
-9.84544
-9.68481
-9.46883
-9.19596
-8.86411
-8.47017
-8.00884
-7.4698
-6.83128
-6.04667
-5.02827
-3.7456
-3.60495
-9.50251
-9.45187
-9.35024
-9.19684
-8.99049
-8.72937
-8.41074
-8.03014
-7.57987
-7.04594
-6.40214
-5.59778
-4.52628
-2.88624
0.793323
-9.0353
-8.9873
-8.89098
-8.74565
-8.55017
-8.30272
-8.00041
-7.63849
-7.20898
-6.69839
-6.0845
-5.33442
-4.4191
-3.44323
-3.56747
-8.60142
-8.55628
-8.46576
-8.3293
-8.14595
-7.91418
-7.63148
-7.29379
-6.89441
-6.42257
-5.86145
-5.1858
-4.35399
-3.23625
-0.97865
-8.19888
-8.15679
-8.07244
-7.9455
-7.77535
-7.56099
-7.30075
-6.99192
-6.63016
-6.20875
-5.71793
-5.14563
-4.48744
-3.82085
-3.85789
-7.82558
-7.78663
-7.70871
-7.59171
-7.43547
-7.23967
-7.00376
-6.72681
-6.40734
-6.04314
-5.63099
-5.16511
-4.62672
-3.9168
-2.42522
-7.47932
-7.44355
-7.37211
-7.26518
-7.12306
-6.94621
-6.73527
-6.49122
-6.21558
-5.91084
-5.58138
-5.23495
-4.88514
-4.55556
-4.29429
-7.15791
-7.12525
-7.06016
-6.96308
-6.83477
-6.67641
-6.48978
-6.27759
-6.04402
-5.79571
-5.54356
-5.30713
-5.12951
-5.14689
-5.98189
-6.85917
-6.82948
-6.77043
-6.68267
-6.56736
-6.42626
-6.26204
-6.0788
-5.88271
-5.68325
-5.49482
-5.33847
-5.23847
-5.17042
-4.63413
-6.58105
-6.55411
-6.50062
-6.42141
-6.31786
-6.19215
-6.04753
-5.88893
-5.72375
-5.56315
-5.4238
-5.3307
-5.32524
-5.51911
-6.52908
-6.32165
-6.29719
-6.24868
-6.17704
-6.08376
-5.97117
-5.84273
-5.70363
-5.56162
-5.42828
-5.32067
-5.26207
-5.27359
-5.30105
-4.68669
-6.07924
-6.05696
-6.01281
-5.9477
-5.86309
-5.7612
-5.64533
-5.52035
-5.39346
-5.27555
-5.1835
-5.14474
-5.21088
-5.52868
-6.85631
-5.8523
-5.83191
-5.79151
-5.73191
-5.65441
-5.56094
-5.45428
-5.3384
-5.21907
-5.10488
-5.00933
-4.95457
-4.97342
-5.05504
-4.52795
-5.63953
-5.62076
-5.58355
-5.52855
-5.45682
-5.36984
-5.26963
-5.15886
-5.04111
-4.92126
-4.80683
-4.71329
-4.69237
-5.0041
-7.2534
-5.4398
-5.42243
-5.38794
-5.33682
-5.26983
-5.18793
-5.0923
-4.98418
-4.86461
-4.73389
-4.58983
-4.42159
-4.18032
-3.60761
-1.11929
-5.25214
-5.23599
-5.20387
-5.15611
-5.09318
-5.01557
-4.92367
-4.81743
-4.69586
-4.5558
-4.38962
-4.18062
-3.89843
-3.54141
-3.67867
-5.0757
-5.06065
-5.03067
-4.98595
-4.92674
-4.85314
-4.76498
-4.66135
-4.53995
-4.39584
-4.21915
-3.99048
-3.66849
-3.13196
-1.7703
-4.90971
-4.89568
-4.86769
-4.82587
-4.77028
-4.70084
-4.61705
-4.51762
-4.39982
-4.2585
-4.08478
-3.86516
-3.58756
-3.2955
-3.47932
-4.75347
-4.74041
-4.71434
-4.67534
-4.62344
-4.55849
-4.47998
-4.38664
-4.27602
-4.14369
-3.98228
-3.7801
-3.51667
-3.12858
-2.22131
-4.60631
-4.59418
-4.56997
-4.53377
-4.48566
-4.42558
-4.3532
-4.26767
-4.1673
-4.04906
-3.9081
-3.73757
-3.53236
-3.32217
-3.42784
-4.46758
-4.45633
-4.43392
-4.40049
-4.35621
-4.30122
-4.23556
-4.15902
-4.07098
-3.97022
-3.85446
-3.71915
-3.5515
-3.29642
-2.64671
-4.33666
-4.32624
-4.30553
-4.27474
-4.23419
-4.18427
-4.12547
-4.05834
-3.98352
-3.90181
-3.8144
-3.72318
-3.63137
-3.54469
-3.47534
-4.21297
-4.20331
-4.18415
-4.15578
-4.11867
-4.0735
-4.02118
-3.96301
-3.90083
-3.83736
-3.77699
-3.72761
-3.70769
-3.78093
-4.25577
-4.09599
-4.08699
-4.06916
-4.04288
-4.00876
-3.96769
-3.92096
-3.87048
-3.81903
-3.77077
-3.73196
-3.71159
-3.71932
-3.73826
-3.50281
-3.98527
-3.9768
-3.96005
-3.93544
-3.90368
-3.8658
-3.82336
-3.77863
-3.73501
-3.69763
-3.67412
-3.67606
-3.72318
-3.87223
-4.4494
-3.88044
-3.87236
-3.85639
-3.83298
-3.80285
-3.7671
-3.72734
-3.686
-3.64668
-3.61485
-3.59861
-3.60916
-3.65627
-3.70888
-3.40895
-3.78123
-3.77339
-3.7579
-3.73518
-3.70593
-3.67117
-3.63243
-3.59196
-3.55316
-3.52124
-3.50449
-3.51686
-3.58555
-3.79034
-4.54799
-3.68747
-3.67973
-3.66443
-3.64194
-3.61284
-3.57801
-3.53872
-3.49678
-3.45487
-3.4171
-3.39017
-3.38547
-3.42031
-3.48788
-3.21462
-3.59909
-3.59133
-3.57596
-3.55328
-3.52372
-3.48796
-3.44685
-3.40158
-3.35369
-3.30543
-3.2604
-3.22662
-3.23235
-3.42208
-4.68997
-3.5161
-3.50823
-3.49258
-3.46938
-3.43893
-3.40162
-3.35789
-3.30818
-3.25279
-3.19153
-3.12283
-3.04034
-2.91662
-2.60756
-1.22858
-3.43858
-3.43051
-3.41446
-3.39053
-3.35891
-3.31974
-3.27308
-3.21874
-3.15596
-3.0828
-2.99483
-2.88269
-2.72962
-2.53602
-2.62671
-3.36666
-3.35836
-3.34179
-3.31703
-3.28412
-3.24305
-3.19361
-3.13517
-3.06635
-2.98434
-2.88363
-2.75346
-2.57076
-2.26706
-1.49485
-3.30051
-3.29194
-3.27482
-3.24918
-3.21501
-3.17219
-3.12038
-3.0588
-2.98591
-2.89888
-2.7929
-2.6607
-2.49593
-2.32344
-2.41962
-3.24032
-3.23147
-3.21378
-3.18727
-3.15191
-3.10758
-3.05395
-2.9903
-2.91529
-2.82659
-2.72036
-2.59058
-2.42647
-2.19325
-1.67048
-3.18628
-3.17713
-3.15886
-3.13149
-3.09504
-3.04943
-2.99447
-2.92968
-2.85418
-2.76646
-2.6642
-2.54429
-2.40499
-2.26413
-2.29894
-3.13859
-3.12914
-3.11026
-3.08203
-3.04452
-2.99779
-2.94182
-2.87651
-2.80155
-2.71643
-2.6203
-2.51147
-2.38461
-2.21302
-1.83746
-3.09748
-3.08769
-3.06816
-3.03902
-3.00042
-2.95256
-2.89567
-2.83003
-2.75598
-2.67406
-2.58521
-2.49119
-2.39528
-2.30355
-2.22922
-3.06316
-3.053
-3.03275
-3.00258
-2.96275
-2.9136
-2.8556
-2.78939
-2.71588
-2.63651
-2.55372
-2.47221
-2.40306
-2.38198
-2.56933
-3.03591
-3.02531
-3.00422
-2.97285
-2.93155
-2.88079
-2.82124
-2.75382
-2.67985
-2.60133
-2.52133
-2.44466
-2.37747
-2.31567
-2.14251
-3.01602
-3.00491
-2.98283
-2.95003
-2.90692
-2.85409
-2.79234
-2.72279
-2.647
-2.56718
-2.48665
-2.41052
-2.34813
-2.32668
-2.49241
-3.00384
-2.99214
-2.96889
-2.93437
-2.88905
-2.83358
-2.76887
-2.69611
-2.61693
-2.53354
-2.4489
-2.36684
-2.29037
-2.20771
-1.98693
-2.99979
-2.9874
-2.96277
-2.92621
-2.87822
-2.8195
-2.75098
-2.67388
-2.5898
-2.50075
-2.40938
-2.31928
-2.23691
-2.18465
-2.29856
-3.00435
-2.99116
-2.96493
-2.92599
-2.87486
-2.81223
-2.73905
-2.65652
-2.56611
-2.46959
-2.36897
-2.26635
-2.16255
-2.04617
-1.80492
-3.01807
-3.00397
-2.97592
-2.93425
-2.87947
-2.81228
-2.73362
-2.64462
-2.54667
-2.44127
-2.32996
-2.21424
-2.09692
-1.99443
-2.02805
-3.04159
-3.02647
-2.99637
-2.95161
-2.8927
-2.82031
-2.73536
-2.63896
-2.5324
-2.41705
-2.29401
-2.16325
-2.02099
-1.84815
-1.54433
-3.07562
-3.05937
-3.02699
-2.97881
-2.91528
-2.83708
-2.74506
-2.64034
-2.52424
-2.39818
-2.26342
-2.12025
-1.9663
-1.79282
-1.57978
-3.12095
-3.10345
-3.0686
-3.01667
-2.94807
-2.86343
-2.76358
-2.64963
-2.52299
-2.38536
-2.23867
-2.08473
-1.92517
-1.76496
-1.64692
-3.17842
-3.1596
-3.12208
-3.06609
-2.992
-2.90034
-2.7919
-2.66774
-2.52937
-2.37884
-2.21895
-2.05313
-1.88449
-1.70781
-1.45243
-3.24895
-3.22874
-3.18839
-3.12809
-3.04812
-2.94892
-2.83113
-2.69572
-2.54418
-2.37884
-2.20333
-2.02349
-1.84938
-1.70532
-1.70212
-3.33353
-3.31186
-3.26856
-3.20375
-3.1176
-3.0104
-2.88259
-2.7349
-2.56859
-2.38589
-2.19074
-1.98988
-1.79342
-1.60499
-1.32802
-3.43316
-3.40999
-3.36367
-3.29423
-3.20171
-3.08621
-2.94786
-2.78701
-2.60438
-2.4016
-2.1821
-1.95322
-1.73187
-1.56615
-1.6438
-3.54889
-3.52421
-3.47484
-3.40073
-3.30179
-3.17787
-3.02877
-2.85424
-2.65418
-2.42892
-2.17997
-1.91133
-1.63169
-1.3583
-1.13125
-3.68175
-3.65558
-3.60319
-3.52447
-3.41921
-3.28703
-3.12733
-2.93921
-2.72147
-2.47268
-2.19151
-1.87709
-1.52718
-1.11826
-0.46101
-3.83278
-3.80515
-3.74982
-3.66665
-3.55532
-3.41529
-3.24562
-3.04476
-2.81033
-2.53894
-2.22615
-1.86751
-1.46363
-1.05068
-0.913502
-4.00301
-3.97396
-3.9158
-3.82838
-3.71137
-3.56415
-3.38557
-3.17361
-2.92487
-2.63394
-2.29264
-1.88933
-1.40639
-0.791597
0.30846
-4.19341
-4.16299
-4.1021
-4.01065
-3.8884
-3.7348
-3.54871
-3.32799
-3.0687
-2.76392
-2.40218
-1.96644
-1.44072
-0.869496
-0.777169
-4.40495
-4.37316
-4.30962
-4.21432
-4.08721
-3.92799
-3.7359
-3.50917
-3.24412
-2.93345
-2.56313
-2.10606
-1.50664
-0.614828
1.27287
-4.63856
-4.6054
-4.53919
-4.44008
-4.3083
-4.14402
-3.94715
-3.71696
-3.45121
-3.14442
-2.78431
-2.34452
-1.7756
-1.05174
-0.852289
-4.89519
-4.8606
-4.7916
-4.68854
-4.55198
-4.38268
-4.18155
-3.94946
-3.6868
-3.39243
-3.06082
-2.67267
-2.15217
-1.12449
2.64718
-5.17585
-5.1397
-5.06766
-4.96025
-4.81838
-4.64344
-4.43744
-4.20317
-3.94442
-3.66629
-3.3766
-3.09273
-2.88094
-3.10278
-6.05806
-5.48161
-5.44373
-5.36828
-5.2559
-5.10776
-4.92578
-4.71296
-4.4739
-4.21549
-3.94817
-3.68834
-3.46273
-3.30859
-3.18283
-1.99164
-5.81366
-5.77386
-5.69455
-5.57639
-5.42064
-5.22952
-5.00671
-4.75807
-4.49275
-4.22486
-3.97631
-3.7831
-3.71654
-4.00276
-5.89802
-6.17336
-6.13144
-6.0478
-5.92297
-5.75808
-5.55529
-5.31839
-5.05381
-4.7718
-4.48812
-4.22586
-4.01552
-3.8795
-3.7053
-2.32051
-6.56217
-6.51798
-6.42965
-6.29738
-6.12186
-5.90472
-5.6493
-5.36166
-5.05202
-4.7365
-4.43934
-4.19634
-4.06898
-4.24852
-5.88287
-6.98167
-6.93519
-6.84201
-6.70182
-6.51453
-6.28075
-6.00259
-5.6848
-5.33631
-4.97213
-4.61522
-4.29686
-4.04533
-3.78145
-2.47866
-7.43344
-7.38482
-7.28701
-7.13898
-6.93949
-6.6876
-6.3834
-6.02925
-5.63149
-5.2027
-4.76432
-4.35098
-4.03025
-4.03583
-5.62353
-7.91898
-7.86862
-7.76689
-7.61186
-7.40084
-7.13077
-6.7989
-6.40399
-5.94824
-5.43994
-4.89605
-4.34078
-3.78858
-3.19151
-2.41716
-8.43949
-8.38809
-8.28379
-8.12363
-7.9032
-7.61685
-7.25817
-6.82098
-6.30147
-5.70188
-5.03568
-4.32844
-3.57806
-2.47031
1.32696
-8.9957
-8.94429
-8.83949
-8.67726
-8.45133
-8.15318
-7.77196
-7.29514
-6.71032
-6.01009
-5.20381
-4.34606
-3.61572
-3.61684
-6.9567
-9.5876
-9.53757
-9.43508
-9.2751
-9.04963
-8.74718
-8.35214
-7.84431
-7.19931
-6.39193
-5.40769
-4.27519
-3.14542
-2.44478
-2.89492
-10.2142
-10.1673
-10.0706
-9.91843
-9.70139
-9.40548
-9.01065
-8.48874
-7.80106
-6.89659
-5.71454
-4.20243
-2.37712
-0.473575
0.854267
-10.8735
-10.8315
-10.7447
-10.6068
-10.4079
-10.1325
-9.75741
-9.24829
-8.55337
-7.59402
-6.2506
-4.34717
-1.66314
1.89743
5.52558
-11.5619
-11.5269
-11.4541
-11.3376
-11.1676
-10.9287
-10.5973
-10.1369
-9.4893
-8.55817
-7.17555
-5.03399
-1.55787
4.22149
12.7164
-12.2747
-12.2485
-12.1939
-12.1056
-11.9751
-11.7891
-11.5267
-11.1554
-10.6221
-9.83586
-8.62754
-6.6476
-3.05206
4.65972
25.8066
-146.467
-88.0186
-61.5411
-48.8905
-42.1157
-38.0706
-35.4435
-33.633
-32.3358
-31.3856
-30.6854
-30.1757
-29.8192
-29.5928
-29.4827
-182.17
-82.3632
-54.6713
-43.9957
-38.6413
-35.4616
-33.3701
-31.9053
-30.8399
-30.0497
-29.4614
-29.0298
-28.7262
-28.5327
-28.4384
46.8992
-26.6279
-35.9848
-35.4057
-33.6567
-32.097
-30.8615
-29.9003
-29.1531
-28.5735
-28.1285
-27.795
-27.5569
-27.4036
-27.3286
-7.05402
-15.4553
-24.1983
-27.6281
-28.5405
-28.5072
-28.1623
-27.7466
-27.3498
-27.0039
-26.7182
-26.4938
-26.3287
-26.2203
-26.1666
25.8937
-4.04524
-16.1016
-21.5986
-24.0812
-25.1338
-25.5124
-25.5798
-25.5112
-25.3923
-25.2654
-25.1516
-25.0611
-24.9989
-24.9674
-1.43446
-5.05367
-12.56
-17.6624
-20.6149
-22.2284
-23.0787
-23.5075
-23.7076
-23.7863
-23.8036
-23.793
-23.7738
-23.7563
-23.7464
11.4448
-3.36272
-10.6878
-15.2191
-18.0786
-19.8529
-20.9376
-21.594
-21.9883
-22.223
-22.361
-22.4406
-22.4852
-22.5085
-22.5184
-3.08705
-6.86788
-10.7557
-13.9368
-16.2959
-17.9565
-19.0938
-19.8627
-20.3798
-20.7268
-20.959
-21.1126
-21.2113
-21.27
-21.2973
-14.9933
-10.2987
-11.3145
-13.2252
-14.9983
-16.4234
-17.5059
-18.3061
-18.8893
-19.3105
-19.6115
-19.8226
-19.9652
-20.0532
-20.0952
-4.9518
-9.76408
-11.2517
-12.6093
-13.9423
-15.1283
-16.114
-16.9003
-17.5115
-17.9776
-18.3263
-18.5804
-18.757
-18.8684
-18.9222
-16.7763
-11.5382
-11.2793
-12.0106
-12.9883
-13.9722
-14.8605
-15.616
-16.2344
-16.7262
-17.1069
-17.3919
-17.5942
-17.7236
-17.7867
-5.09741
-9.85454
-10.6193
-11.2406
-12.03
-12.8826
-13.6994
-14.427
-15.0452
-15.5519
-15.9539
-16.2608
-16.4819
-16.6248
-16.6949
-17.2558
-10.9434
-10.0589
-10.3539
-11.0279
-11.8178
-12.6001
-13.314
-13.9333
-14.4504
-14.8671
-15.1893
-15.4239
-15.5766
-15.6519
-4.32622
-8.26271
-8.67946
-9.20401
-9.94529
-10.7582
-11.5482
-12.2668
-12.8925
-13.4185
-13.8458
-14.1788
-14.4226
-14.5822
-14.6611
-18.1346
-8.02633
-7.22515
-7.90361
-8.8129
-9.71469
-10.546
-11.2841
-11.9208
-12.4552
-12.8901
-13.2301
-13.4799
-13.6439
-13.7251
11.4029
-1.32667
-4.74332
-6.44292
-7.68573
-8.72009
-9.60843
-10.3718
-11.0202
-11.561
-12.0003
-12.3439
-12.5969
-12.7631
-12.8455
-0.585092
-1.09433
-3.45389
-5.29944
-6.70331
-7.8269
-8.75771
-9.5392
-10.1944
-10.7372
-11.177
-11.5208
-11.774
-11.9405
-12.0231
6.82514
0.422968
-2.52142
-4.46268
-5.91552
-7.06759
-8.01069
-8.79432
-9.44671
-9.985
-10.4204
-10.7606
-11.0112
-11.1762
-11.2581
-0.36327
-0.460968
-2.28557
-3.9651
-5.3366
-6.4534
-7.37442
-8.14059
-8.77822
-9.30423
-9.72981
-10.0626
-10.308
-10.4697
-10.5499
3.64327
-0.14566
-2.15048
-3.68142
-4.93455
-5.97518
-6.84568
-7.57612
-8.18725
-8.69321
-9.10366
-9.42533
-9.66291
-9.81962
-9.89748
-0.846065
-1.06931
-2.34447
-3.59066
-4.68008
-5.61511
-6.4142
-7.0945
-7.66933
-8.14852
-8.53917
-8.84644
-9.07398
-9.22433
-9.29912
1.10269
-1.26246
-2.55859
-3.60878
-4.53283
-5.34944
-6.06522
-6.68612
-7.21782
-7.6653
-8.0326
-8.32291
-8.53864
-8.68153
-8.75269
-1.58912
-2.19798
-2.94349
-3.71449
-4.46018
-5.15379
-5.78213
-6.33968
-6.82481
-7.23776
-7.5795
-7.85118
-8.0539
-8.18853
-8.25569
-3.8581
-3.03858
-3.31071
-3.83776
-4.42372
-5.00346
-5.54822
-6.04353
-6.48193
-6.85968
-7.17505
-7.42735
-7.61644
-7.74239
-7.80532
-2.20408
-3.12109
-3.50091
-3.92013
-4.39158
-4.87743
-5.34864
-5.7869
-6.18117
-6.52493
-6.81439
-7.04742
-7.22283
-7.34001
-7.39866
-4.40533
-3.57665
-3.66373
-3.96623
-4.34944
-4.76156
-5.17194
-5.56082
-5.91549
-6.22788
-6.49293
-6.70749
-6.86966
-6.97828
-7.03273
-2.45098
-3.39625
-3.67697
-3.95628
-4.28723
-4.6469
-5.01018
-5.3585
-5.67917
-5.96371
-6.20652
-6.40396
-6.55367
-6.65417
-6.70462
-4.57122
-3.67735
-3.69118
-3.91047
-4.20508
-4.52972
-4.8588
-5.17539
-5.46795
-5.72851
-5.95163
-6.13357
-6.27185
-6.36483
-6.41154
-2.51737
-3.3281
-3.56272
-3.81235
-4.10209
-4.40948
-4.71609
-5.00898
-5.27894
-5.51933
-5.72533
-5.89352
-6.02148
-6.10761
-6.15091
-4.69531
-3.37891
-3.42383
-3.68639
-3.98683
-4.28977
-4.5829
-4.85849
-5.11048
-5.33402
-5.5253
-5.68139
-5.80017
-5.88014
-5.92035
-0.494476
-2.48437
-3.13381
-3.53411
-3.86985
-4.17688
-4.4619
-4.72439
-4.96178
-5.17113
-5.34969
-5.49519
-5.60582
-5.68027
-5.71771
-2.20466
-2.52069
-3.01681
-3.42667
-3.7728
-4.07927
-4.35656
-4.60772
-4.83256
-5.0296
-5.19706
-5.3332
-5.43659
-5.50612
-5.54107
-1.52078
-2.43194
-2.95971
-3.36349
-3.70329
-4.00194
-4.26936
-4.50934
-4.72264
-4.90864
-5.06616
-5.19395
-5.29087
-5.35599
-5.38871
-2.3787
-2.60942
-2.98872
-3.34475
-3.66235
-3.94629
-4.20122
-4.42948
-4.63168
-4.80744
-4.95593
-5.07616
-5.16722
-5.22837
-5.25907
-2.23378
-2.68372
-3.0339
-3.35271
-3.64478
-3.91079
-4.15161
-4.36772
-4.55908
-4.72519
-4.86531
-4.97862
-5.06435
-5.12188
-5.15076
-2.61897
-2.82729
-3.10086
-3.37923
-3.64532
-3.8928
-4.11914
-4.32315
-4.50402
-4.66099
-4.79331
-4.90023
-4.98108
-5.0353
-5.06251
-2.72189
-2.92554
-3.16449
-3.41428
-3.65877
-3.88949
-4.1022
-4.29466
-4.46555
-4.61392
-4.73896
-4.83996
-4.91629
-4.96747
-4.99316
-2.82094
-2.99926
-3.22059
-3.45303
-3.68178
-3.8987
-4.09931
-4.28115
-4.44273
-4.58305
-4.7013
-4.7968
-4.86898
-4.91736
-4.94164
-2.79612
-3.04312
-3.26898
-3.49433
-3.71302
-3.91924
-4.10947
-4.2817
-4.43468
-4.56751
-4.67945
-4.76986
-4.83819
-4.884
-4.90698
-2.97606
-3.10164
-3.31773
-3.54027
-3.75293
-3.95087
-4.13212
-4.29562
-4.44062
-4.56648
-4.67255
-4.75825
-4.82303
-4.86648
-4.88828
-2.69247
-3.09729
-3.36199
-3.59307
-3.80306
-3.99411
-4.16711
-4.32239
-4.45987
-4.57918
-4.67981
-4.76116
-4.82271
-4.864
-4.88473
-3.11586
-3.19024
-3.42962
-3.66051
-3.86633
-4.04989
-4.2144
-4.36152
-4.49174
-4.60488
-4.70044
-4.77783
-4.83644
-4.87581
-4.89558
-2.49943
-3.1686
-3.50313
-3.74537
-3.94508
-4.1189
-4.27377
-4.41238
-4.53546
-4.64278
-4.73371
-4.80753
-4.86355
-4.90123
-4.92016
-3.31393
-3.37933
-3.64073
-3.85978
-4.0418
-4.20109
-4.34442
-4.47404
-4.59014
-4.69206
-4.77886
-4.84959
-4.90341
-4.93966
-4.9579
-2.18734
-3.45392
-3.80775
-3.9999
-4.15431
-4.29436
-4.4246
-4.54509
-4.65467
-4.75185
-4.83518
-4.9034
-4.95546
-4.9906
-5.0083
-5.16443
-4.16237
-4.08706
-4.16624
-4.27678
-4.39445
-4.51154
-4.62372
-4.72782
-4.82126
-4.902
-4.96842
-5.01927
-5.05366
-5.071
-3.85408
-4.22722
-4.25908
-4.31081
-4.39431
-4.49496
-4.60188
-4.70798
-4.80836
-4.89949
-4.97877
-5.04426
-5.09452
-5.12856
-5.14574
-5.18061
-4.52907
-4.41731
-4.43331
-4.49995
-4.5911
-4.69281
-4.79621
-4.89533
-4.98596
-5.06513
-5.13066
-5.18104
-5.21518
-5.23241
-4.06353
-4.45605
-4.48682
-4.52066
-4.58856
-4.67991
-4.78256
-4.88743
-4.98819
-5.0804
-5.16094
-5.22761
-5.27883
-5.31354
-5.33105
-5.17808
-4.63426
-4.55419
-4.58435
-4.6609
-4.76088
-4.87076
-4.98152
-5.08699
-5.18294
-5.2664
-5.33528
-5.3881
-5.42384
-5.44186
-4.166
-4.4904
-4.545
-4.61585
-4.71696
-4.83497
-4.95836
-5.07927
-5.1924
-5.29415
-5.38199
-5.45411
-5.50923
-5.54644
-5.56519
-5.01381
-4.53388
-4.52455
-4.62634
-4.7613
-4.90532
-5.0477
-5.18242
-5.30573
-5.41503
-5.50849
-5.58475
-5.64279
-5.68188
-5.70154
-4.10967
-4.25055
-4.42693
-4.61379
-4.79934
-4.97682
-5.14234
-5.29352
-5.42877
-5.54691
-5.64695
-5.72805
-5.78952
-5.83081
-5.85155
-3.10766
-3.94257
-4.32202
-4.60217
-4.84298
-5.05664
-5.24695
-5.41567
-5.56371
-5.69137
-5.79856
-5.88499
-5.95026
-5.99401
-6.01596
-4.01132
-3.95088
-4.28608
-4.61787
-4.90547
-5.15269
-5.36654
-5.5522
-5.71281
-5.85004
-5.9646
-6.05661
-6.12595
-6.17235
-6.19562
-2.47142
-3.68442
-4.2525
-4.66426
-4.99602
-5.27191
-5.50573
-5.70612
-5.87814
-6.02446
-6.14629
-6.244
-6.31756
-6.36677
-6.39144
-4.01483
-3.86582
-4.32749
-4.7662
-5.12537
-5.42034
-5.66813
-5.87975
-6.06132
-6.21589
-6.34473
-6.44816
-6.52608
-6.57824
-6.60439
-1.73598
-3.62313
-4.41841
-4.9234
-5.29931
-5.60153
-5.85565
-6.07425
-6.26326
-6.4252
-6.56081
-6.67004
-6.75251
-6.80777
-6.8355
-4.20873
-4.13868
-4.71093
-5.17023
-5.52442
-5.81613
-6.06785
-6.28929
-6.48401
-6.65278
-6.79522
-6.91051
-6.99782
-7.05643
-7.08587
-0.667923
-4.20819
-5.0819
-5.49005
-5.79294
-6.05849
-6.30108
-6.5229
-6.72278
-6.89866
-7.04848
-7.17041
-7.26305
-7.32537
-7.35668
-9.18547
-6.12946
-5.77616
-5.88298
-6.08739
-6.31681
-6.54875
-6.77174
-6.97821
-7.16266
-7.3211
-7.45067
-7.54936
-7.61582
-7.64925
-5.3083
-6.17385
-6.15091
-6.20814
-6.36446
-6.57339
-6.80262
-7.03207
-7.24893
-7.44471
-7.61377
-7.75237
-7.85804
-7.92923
-7.96503
-8.66733
-6.83522
-6.46998
-6.46449
-6.60501
-6.81588
-7.05633
-7.30116
-7.53428
-7.74532
-7.92761
-8.07694
-8.19067
-8.26721
-8.30568
-5.46133
-6.47795
-6.53922
-6.61944
-6.79672
-7.03783
-7.30699
-7.57839
-7.83498
-8.06589
-8.26435
-8.42623
-8.54912
-8.63163
-8.67304
-8.21594
-6.7841
-6.5953
-6.707
-6.9441
-7.24031
-7.5561
-7.8659
-8.15352
-8.409
-8.62648
-8.80261
-8.93561
-9.0246
-9.06916
-5.29823
-6.22702
-6.4427
-6.70748
-7.05043
-7.4292
-7.80936
-8.16882
-8.49437
-8.77851
-9.01732
-9.20894
-9.35268
-9.44842
-9.49624
-7.38165
-6.16513
-6.25601
-6.65368
-7.13188
-7.61712
-8.07701
-8.4953
-8.86397
-9.17951
-9.44094
-9.64853
-9.80308
-9.90551
-9.95653
-4.6637
-5.19533
-5.85628
-6.54397
-7.20844
-7.82266
-8.37354
-8.85624
-9.27046
-9.6181
-9.90195
-10.1249
-10.2897
-10.3983
-10.4522
-1.57654
-4.13572
-5.43798
-6.45038
-7.31991
-8.0722
-8.71741
-9.26474
-9.72318
-10.101
-10.4052
-10.6418
-10.8153
-10.9291
-10.9854
-3.84973
-3.94896
-5.22096
-6.45601
-7.5128
-8.39609
-9.12927
-9.73497
-10.2319
-10.6349
-10.9555
-11.2025
-11.3823
-11.4998
-11.5577
1.08359
-2.94777
-5.02961
-6.58543
-7.82618
-8.82421
-9.62967
-10.2807
-10.8059
-11.2261
-11.557
-11.8097
-11.9927
-12.1117
-12.1703
-3.26456
-3.3004
-5.20356
-6.93366
-8.30811
-9.38608
-10.2373
-10.9139
-11.4527
-11.8794
-12.2126
-12.4655
-12.6476
-12.7656
-12.8236
4.49326
-2.35627
-5.49769
-7.52888
-8.99592
-10.1054
-10.9661
-11.6429
-12.1773
-12.5977
-12.924
-13.1703
-13.347
-13.4611
-13.5171
-3.32261
-3.98723
-6.56282
-8.51587
-9.93203
-10.9976
-11.8227
-12.4706
-12.9812
-13.3814
-13.6908
-13.9235
-14.0899
-14.1971
-14.2495
9.65339
-4.2911
-8.06027
-9.87569
-11.1116
-12.0567
-12.8022
-13.3938
-13.8616
-14.2282
-14.5109
-14.7229
-14.8739
-14.971
-15.0184
-22.4153
-11.6612
-10.9145
-11.6379
-12.4932
-13.2545
-13.8888
-14.4029
-14.8123
-15.1332
-15.3801
-15.5645
-15.6954
-15.7793
-15.8202
-7.22365
-12.0817
-12.7478
-13.3086
-13.94
-14.5403
-15.0588
-15.4847
-15.8244
-16.0898
-16.2926
-16.4433
-16.5496
-16.6174
-16.6505
-22.0717
-15.4132
-14.6543
-14.9303
-15.4085
-15.8831
-16.2931
-16.6263
-16.8882
-17.0897
-17.2415
-17.3528
-17.4305
-17.4798
-17.5037
-8.13037
-14.6477
-15.842
-16.4117
-16.8795
-17.2706
-17.5807
-17.8174
-17.9941
-18.1241
-18.2184
-18.2855
-18.3313
-18.3598
-18.3734
-23.2493
-17.5789
-17.4634
-17.9637
-18.4037
-18.7144
-18.9193
-19.0502
-19.1323
-19.1832
-19.2144
-19.2331
-19.244
-19.25
-19.2526
-8.71978
-16.6524
-18.6573
-19.5576
-20.0178
-20.2317
-20.3092
-20.3168
-20.2923
-20.2561
-20.2189
-20.1861
-20.1602
-20.1426
-20.1337
-25.492
-19.8425
-20.6182
-21.4572
-21.8029
-21.8437
-21.7477
-21.6057
-21.4604
-21.3297
-21.2204
-21.1342
-21.0708
-21.0291
-21.0086
-9.37694
-18.5706
-22.5351
-23.6994
-23.7998
-23.5506
-23.2181
-22.897
-22.6182
-22.3884
-22.2059
-22.0666
-21.9661
-21.9011
-21.8692
13.1225
-20.93
-26.3965
-26.6806
-26.0394
-25.3155
-24.6805
-24.159
-23.742
-23.4143
-23.1615
-22.9719
-22.8368
-22.75
-22.7076
-80.6341
-43.1409
-33.8567
-30.3043
-28.3364
-27.0187
-26.064
-25.3483
-24.8039
-24.3882
-24.0731
-23.8394
-23.674
-23.5682
-23.5165
-60.524
-45.7622
-37.3366
-32.8276
-30.1818
-28.4699
-27.2815
-26.4188
-25.7763
-25.2922
-24.9282
-24.6595
-24.4699
-24.3487
-24.2896
-50.6651
-43.9833
-38.0967
-34.0571
-31.3786
-29.5576
-28.2728
-27.3365
-26.6386
-26.1127
-25.7171
-25.4247
-25.2182
-25.086
-25.0216
-45.4463
-41.6522
-37.5742
-34.3413
-31.9799
-30.273
-29.0222
-28.0885
-27.3816
-26.8428
-26.4342
-26.1304
-25.9148
-25.7765
-25.7088
-42.8622
-39.5183
-36.4648
-34.0204
-32.1266
-30.6717
-29.5512
-28.6832
-28.0077
-27.4826
-27.0785
-26.7749
-26.5578
-26.4177
-26.3491
-42.6003
-37.1826
-34.9325
-33.3172
-31.9685
-30.8381
-29.905
-29.144
-28.5294
-28.0384
-27.653
-27.3593
-27.1472
-27.0095
-26.9417
-13.0787
-13.0641
-13.0333
-12.9826
-12.9059
-12.7938
-12.6323
-12.3995
-12.0616
-11.5637
-10.8142
-9.65671
-7.84003
-5.12116
-2.5412
-13.9703
-13.9701
-13.969
-13.9652
-13.9565
-13.9395
-13.9096
-13.8619
-13.7918
-13.7003
-13.6075
-13.5986
-13.9654
-15.6523
-21.5952
-14.8622
-14.8771
-14.9071
-14.9529
-15.0156
-15.0979
-15.2048
-15.3465
-15.5436
-15.838
-16.317
-17.1648
-18.7709
-21.9273
-28.0453
-15.7392
-15.769
-15.8296
-15.9236
-16.0552
-16.2316
-16.4651
-16.7758
-17.1981
-17.7912
-18.6575
-19.9727
-22.0258
-25.2409
-30.0611
-16.5864
-16.6299
-16.7188
-16.8566
-17.0498
-17.3084
-17.6482
-18.0935
-18.6818
-19.4712
-20.5492
-22.0428
-24.1187
-26.9495
-30.5892
-17.39
-17.4456
-17.559
-17.7344
-17.979
-18.3041
-18.7258
-19.268
-19.9645
-20.8626
-22.0254
-23.5304
-25.4568
-27.8493
-30.6438
-18.1379
-18.2036
-18.3371
-18.5428
-18.8279
-19.203
-19.683
-20.2882
-21.0456
-21.9894
-23.1594
-24.5966
-26.3289
-28.347
-30.5682
-18.8202
-18.8938
-19.043
-19.2719
-19.5868
-19.997
-20.5149
-21.1562
-21.9404
-22.8897
-24.0264
-25.3676
-26.9151
-28.6415
-30.4747
-19.4289
-19.5084
-19.6692
-19.9148
-20.2504
-20.6835
-21.2233
-21.8813
-22.6702
-23.6027
-24.6889
-25.9322
-27.3225
-28.8294
-30.3961
-19.958
-20.0418
-20.2108
-20.4677
-20.8166
-21.2631
-21.8136
-22.4756
-23.2564
-24.1618
-25.1943
-26.3497
-27.6135
-28.9573
-30.338
-20.4033
-20.49
-20.6643
-20.9285
-21.2853
-21.7386
-22.2925
-22.9511
-23.7178
-24.5939
-25.5769
-26.6589
-27.8243
-29.0484
-30.2979
-20.762
-20.8505
-21.0282
-21.2966
-21.6576
-22.1135
-22.6666
-23.3186
-24.07
-24.919
-25.8605
-26.8847
-27.9765
-29.1143
-30.2716
-21.0321
-21.1217
-21.3014
-21.572
-21.9349
-22.3912
-22.9418
-23.5867
-24.3245
-25.1516
-26.0613
-27.0431
-28.0825
-29.1606
-30.2552
-21.2127
-21.3029
-21.4835
-21.7553
-22.1188
-22.5746
-23.1226
-23.7619
-24.4898
-25.3016
-26.1899
-27.144
-28.1498
-29.1903
-30.2459
-21.3031
-21.3935
-21.5746
-21.8468
-22.2105
-22.6658
-23.2123
-23.8484
-24.5711
-25.3751
-26.2527
-27.1931
-28.1826
-29.2048
-30.2416
-24.022
-100.623
-110.28
-68.0368
-52.5599
-38.0238
-30.7434
-19.6166
-27.2449
-30.8411
-36.3084
-40.2282
-48.0843
-56.13
-77.1621
-76.991
-55.3814
-47.0136
-38.6599
-34.4344
-28.4829
-24.6247
-16.8321
-24.6011
-28.4456
-34.3616
-38.5629
-46.8568
-55.1933
-76.7455
-76.8991
-55.8738
-47.7116
-39.4636
-35.27
-29.2893
-25.3806
-17.3954
-25.4989
-29.5296
-35.7475
-40.1716
-48.9079
-57.6747
-80.3142
-80.5145
-58.5592
-50.0363
-41.4175
-37.0339
-30.7743
-26.6789
-18.2968
-26.8644
-31.1357
-37.7395
-42.4346
-51.7055
-60.9677
-84.8489
-85.0139
-61.6891
-52.6619
-43.6038
-39.0032
-32.4492
-28.1623
-19.3728
-28.5738
-33.2306
-40.5297
-45.7824
-56.2291
-66.6947
-93.6639
-94.2892
-69.4591
-60.1412
-51.4655
-47.3507
-42.1862
-38.8915
-32.2531
-63.8283
-61.6795
-23.4442
-11.9703
-8.85228
-10.063
-18.1835
-37.1654
-61.631
-68.9411
-59.369
-50.127
-41.8284
-35.9741
-31.8425
-32.8533
-35.1411
-38.5176
-42.3797
-47.469
-53.1781
-59.6247
-59.45
-52.6235
-46.5677
-41.0996
-36.8531
-32.9989
-30.1041
-28.0877
-30.1083
-33.0073
-36.8596
-41.1012
-46.5546
-52.5946
-59.3959
-59.5402
-53.0381
-47.1971
-41.8642
-37.695
-33.879
-31.0067
-29.0186
-31.193
-34.2705
-38.3428
-42.8224
-48.5758
-54.943
-62.1124
-62.3045
-55.5354
-49.4472
-43.8835
-39.5322
-35.5474
-32.55
-30.4831
-32.8006
-36.0693
-40.3909
-45.1386
-51.2292
-57.9518
-65.5041
-65.6731
-58.4757
-52.0273
-46.1631
-41.5928
-37.4258
-34.3141
-32.2119
-34.7858
-38.4075
-43.2208
-48.5527
-55.4402
-63.0989
-71.796
-72.3927
-64.9895
-58.449
-52.7175
-48.4521
-44.8681
-42.4912
-41.7317
-46.9914
-43.9471
-31.7965
-23.8782
-20.3235
-20.2388
-23.2017
-37.3344
-47.3433
-51.9123
-50.2258
-46.3354
-42.1135
-38.7238
-36.6634
-36.6227
-37.8735
-40.0273
-42.7642
-45.961
-49.1641
-51.6219
-51.4877
-48.7557
-45.2757
-41.7802
-38.7067
-36.1334
-34.3186
-33.5301
-34.3506
-36.1961
-38.7971
-41.8944
-45.4077
-48.8994
-51.6327
-51.7523
-49.2502
-45.9511
-42.5891
-39.6115
-37.1098
-35.3593
-34.6479
-35.5867
-37.5789
-40.3516
-43.6388
-47.3598
-51.0563
-53.9577
-54.1188
-51.531
-48.1028
-44.6035
-41.5028
-38.8985
-37.0811
-36.3557
-37.3671
-39.487
-42.4284
-45.9091
-49.8426
-53.7414
-56.7911
-56.9399
-54.1837
-50.5513
-46.8592
-43.6017
-40.883
-39.0119
-38.3175
-39.489
-41.8688
-45.1649
-49.0828
-53.5409
-58.0079
-61.5925
-62.0162
-59.2776
-55.5918
-51.8581
-48.5724
-45.8118
-43.7618
-42.5429
-42.112
-39.328
-34.0541
-29.5024
-26.7981
-26.0262
-26.8415
-35.7535
-40.8887
-43.8917
-44.256
-43.0214
-41.2001
-39.5594
-38.576
-38.5324
-39.3057
-40.6972
-42.4863
-44.444
-46.2236
-47.3515
-47.2662
-45.9651
-44.006
-41.853
-39.8401
-38.1755
-37.0554
-36.6557
-37.1166
-38.2971
-40.02
-42.0883
-44.2922
-46.2963
-47.633
-47.7395
-46.6102
-44.7958
-42.7604
-40.8425
-39.2589
-38.2158
-37.9007
-38.4637
-39.7633
-41.6196
-43.8305
-46.1789
-48.3147
-49.7489
-49.8917
-48.7368
-46.8607
-44.7496
-42.7587
-41.1163
-40.0398
-39.7274
-40.3376
-41.7215
-43.6894
-46.0275
-48.5058
-50.7538
-52.2554
-52.3897
-51.1537
-49.1614
-46.9295
-44.8347
-43.1194
-42.0156
-41.736
-42.4523
-44.0105
-46.2136
-48.8352
-51.6286
-54.1875
-55.9406
-56.1934
-54.9297
-52.8037
-50.3534
-47.9367
-45.7322
-43.8357
-42.2192
-40.6211
-38.2944
-35.2717
-32.4662
-30.4901
-29.528
-29.4481
-34.3472
-37.5046
-39.6706
-40.5887
-40.5522
-40.0267
-39.4484
-39.1354
-39.2657
-39.8477
-40.7945
-41.9658
-43.1833
-44.2215
-44.8282
-44.7953
-44.1221
-43.0153
-41.7243
-40.4717
-39.4337
-38.7546
-38.542
-38.8465
-39.617
-40.7455
-42.087
-43.4645
-44.6542
-45.4047
-45.5065
-44.9565
-43.9587
-42.7623
-41.5924
-40.6296
-40.0241
-39.8891
-40.2799
-41.1459
-42.377
-43.8242
-45.3041
-46.5835
-47.3996
-47.5332
-46.9812
-45.9572
-44.7224
-43.513
-42.519
-41.8983
-41.7706
-42.1939
-43.1149
-44.4175
-45.944
-47.5007
-48.8411
-49.6885
-49.8127
-49.2126
-48.1165
-46.8024
-45.5214
-44.4752
-43.8323
-43.7206
-44.203
-45.2237
-46.6595
-48.3403
-50.054
-51.5275
-52.4493
-52.5543
-51.8236
-50.4827
-48.8001
-46.9955
-45.209
-43.5065
-41.8689
-40.1796
-38.2628
-36.1767
-34.2358
-32.7218
-31.7593
-31.3111
-33.3301
-35.5482
-37.2465
-38.2961
-38.787
-38.9294
-38.9556
-39.0562
-39.3486
-39.8644
-40.5685
-41.3787
-42.181
-42.8407
-43.2258
-43.2464
-42.9036
-42.2898
-41.5403
-40.7944
-40.1752
-39.7822
-39.6836
-39.9054
-40.4216
-41.1642
-42.0338
-42.9071
-43.6446
-44.1106
-44.2121
-43.9476
-43.4075
-42.7262
-42.0439
-41.486
-41.1546
-41.1206
-41.4119
-42.0026
-42.8232
-43.7709
-44.7181
-45.5193
-46.033
-46.1622
-45.9053
-45.3571
-44.6586
-43.9572
-43.3841
-43.047
-43.0203
-43.3334
-43.9588
-44.8229
-45.8173
-46.8069
-47.6384
-48.163
-48.2788
-47.9858
-47.3854
-46.6279
-45.8697
-45.2504
-44.8841
-44.8499
-45.1784
-45.8394
-46.7524
-47.798
-48.8255
-49.6617
-50.1342
-50.1185
-49.5962
-48.6538
-47.4225
-46.0282
-44.5647
-43.0838
-41.5933
-40.0657
-38.4749
-36.8726
-35.3905
-34.1595
-33.2502
-32.6565
-32.6284
-34.3405
-35.7564
-36.8081
-37.5237
-37.9993
-38.3554
-38.701
-39.1097
-39.6101
-40.1896
-40.8031
-41.3838
-41.8554
-42.1484
-42.2208
-42.0753
-41.7599
-41.351
-40.9345
-40.5909
-40.386
-40.3637
-40.5402
-40.9001
-41.4001
-41.9751
-42.5454
-43.026
-43.3414
-43.4448
-43.3357
-43.0595
-42.6913
-42.3165
-42.0161
-41.8568
-41.8835
-42.1126
-42.5285
-43.0863
-43.7185
-44.3423
-44.8691
-45.2203
-45.347
-45.2488
-44.9733
-44.5993
-44.2164
-43.9094
-43.7485
-43.7808
-44.0232
-44.459
-45.0409
-45.6973
-46.3407
-46.8778
-47.2259
-47.3338
-47.2016
-46.8806
-46.4544
-46.0179
-45.6611
-45.4578
-45.4568
-45.675
-46.0921
-46.6546
-47.2815
-47.8727
-48.3196
-48.5222
-48.4124
-47.9736
-47.241
-46.2796
-45.1608
-43.9454
-42.6749
-41.371
-40.0426
-38.7038
-37.3954
-36.1836
-35.1341
-34.2863
-33.6432
-32.1483
-33.5592
-34.7908
-35.8041
-36.6062
-37.241
-37.7706
-38.255
-38.7386
-39.242
-39.7619
-40.2747
-40.7437
-41.1271
-41.3889
-41.5091
-41.4916
-41.3644
-41.1728
-40.9697
-40.8068
-40.7266
-40.7578
-40.9109
-41.1767
-41.528
-41.9233
-42.3128
-42.6452
-42.8772
-42.9837
-42.9643
-42.844
-42.6661
-42.4821
-42.3429
-42.2911
-42.355
-42.5446
-42.8498
-43.2421
-43.6783
-44.106
-44.4718
-44.7307
-44.856
-44.8475
-44.7314
-44.5529
-44.3661
-44.2244
-44.172
-44.2387
-44.4346
-44.749
-45.1514
-45.596
-46.0276
-46.3896
-46.6345
-46.7344
-46.6894
-46.5271
-46.2955
-46.0516
-45.851
-45.7399
-45.7483
-45.885
-46.1356
-46.464
-46.8165
-47.1276
-47.3291
-47.3602
-47.1798
-46.7742
-46.1576
-45.3632
-44.4326
-43.4053
-42.3142
-41.1839
-40.0346
-38.8891
-37.7789
-36.743
-35.8181
-35.0278
-34.3769
-31.8184
-33.0361
-34.1395
-35.1042
-35.9294
-36.6345
-37.2506
-37.8102
-38.3389
-38.8502
-39.3443
-39.8096
-40.2267
-40.5739
-40.8331
-40.9957
-41.0659
-41.0617
-41.0111
-40.9473
-40.9033
-40.9068
-40.9765
-41.1194
-41.3303
-41.5924
-41.88
-42.1624
-42.4088
-42.594
-42.7038
-42.7382
-42.7116
-42.6494
-42.5831
-42.544
-42.5589
-42.6455
-42.8099
-43.0458
-43.335
-43.6501
-43.9588
-44.2287
-44.4333
-44.5575
-44.6012
-44.5793
-44.5184
-44.4512
-44.4105
-44.4241
-44.5104
-44.6754
-44.9122
-45.2012
-45.5135
-45.8145
-46.07
-46.2518
-46.3439
-46.346
-46.2736
-46.1545
-46.0227
-45.9118
-45.8501
-45.855
-45.9309
-46.067
-46.2389
-46.4109
-46.5404
-46.5838
-46.503
-46.2715
-45.8787
-45.33
-44.6433
-43.8434
-42.9572
-42.0098
-41.0241
-40.0213
-39.0235
-38.0553
-37.1426
-36.3085
-35.5684
-34.9276
-31.5907
-32.6774
-33.6879
-34.6053
-35.4256
-36.1562
-36.812
-37.41
-37.9643
-38.4833
-38.9682
-39.4137
-39.8104
-40.1475
-40.4167
-40.6151
-40.7474
-40.8257
-40.8682
-40.8964
-40.9316
-40.9918
-41.0896
-41.23
-41.4102
-41.6202
-41.8442
-42.0638
-42.2605
-42.4195
-42.5325
-42.5999
-42.6303
-42.6388
-42.6447
-42.6674
-42.7234
-42.8239
-42.9724
-43.1651
-43.3904
-43.6312
-43.8675
-44.0796
-44.2518
-44.375
-44.4492
-44.4833
-44.493
-44.498
-44.5185
-44.5716
-44.6685
-44.8129
-45.0001
-45.2176
-45.4471
-45.6671
-45.8566
-45.9984
-46.083
-46.1097
-46.0873
-46.032
-45.9635
-45.9021
-45.8641
-45.8596
-45.8899
-45.9469
-46.0138
-46.0665
-46.0772
-46.0175
-45.8627
-45.5954
-45.2076
-44.7012
-44.0863
-43.3787
-42.597
-41.7607
-40.889
-40.0008
-39.1152
-38.2517
-37.4291
-36.6634
-35.9659
-35.342
-31.4332
-32.4284
-33.3704
-34.2463
-35.0509
-35.7856
-36.4567
-37.0725
-37.6405
-38.1654
-38.6487
-39.0882
-39.4798
-39.8188
-40.1021
-40.3299
-40.5066
-40.6412
-40.7461
-40.8355
-40.9237
-41.0228
-41.1413
-41.2832
-41.4472
-41.6276
-41.8149
-41.9982
-42.1665
-42.311
-42.4271
-42.5151
-42.5803
-42.6321
-42.6823
-42.7428
-42.824
-42.9328
-43.0715
-43.2374
-43.4234
-43.6187
-43.811
-43.9882
-44.1406
-44.263
-44.3552
-44.4225
-44.4743
-44.5226
-44.5796
-44.656
-44.7584
-44.8889
-45.0443
-45.2167
-45.3943
-45.5637
-45.7117
-45.8276
-45.9053
-45.944
-45.9486
-45.9282
-45.8943
-45.8585
-45.8301
-45.8142
-45.8105
-45.8127
-45.8089
-45.7826
-45.7153
-45.5881
-45.3845
-45.0929
-44.7074
-44.2286
-43.6628
-43.0206
-42.3155
-41.5626
-40.7776
-39.9765
-39.1752
-38.3894
-37.6335
-36.92
-36.2577
-35.6518
-31.3253
-32.2562
-33.1479
-33.99
-34.7767
-35.5065
-36.1811
-36.804
-37.3786
-37.9076
-38.3922
-38.8318
-39.225
-39.5703
-39.8675
-40.1181
-40.3265
-40.4996
-40.6462
-40.7764
-40.9
-41.0257
-41.1595
-41.3045
-41.4607
-41.6248
-41.7915
-41.9543
-42.1066
-42.2434
-42.3621
-42.463
-42.5496
-42.6277
-42.7048
-42.7884
-42.885
-42.9988
-43.1313
-43.2809
-43.4429
-43.6106
-43.7763
-43.9323
-44.0728
-44.1944
-44.2971
-44.3839
-44.4606
-44.5344
-44.6131
-44.7028
-44.8077
-44.9289
-45.0642
-45.2082
-45.3535
-45.4912
-45.6129
-45.7118
-45.7836
-45.8275
-45.846
-45.8439
-45.8279
-45.8042
-45.7779
-45.7511
-45.7227
-45.6873
-45.6362
-45.558
-45.4397
-45.2685
-45.0331
-44.7255
-44.3415
-43.8813
-43.3493
-42.7531
-42.1029
-41.4107
-40.6894
-39.9524
-39.2129
-38.4839
-37.7771
-37.1027
-36.4683
-35.8788
-31.2537
-32.1406
-32.9969
-33.8135
-34.5845
-35.307
-35.9801
-36.6048
-37.1823
-37.7139
-38.2005
-38.6422
-39.0391
-39.3913
-39.6998
-39.9672
-40.1974
-40.396
-40.5699
-40.7267
-40.8735
-41.0169
-41.1614
-41.3099
-41.4627
-41.6184
-41.7739
-41.9254
-42.069
-42.2019
-42.3226
-42.4315
-42.531
-42.6249
-42.7181
-42.8154
-42.921
-43.0378
-43.1666
-43.3064
-43.4542
-43.6055
-43.7553
-43.8989
-44.0322
-44.1532
-44.2618
-44.3598
-44.4509
-44.5395
-44.6305
-44.7277
-44.8336
-44.9488
-45.0715
-45.1981
-45.3234
-45.4417
-45.5471
-45.6349
-45.7021
-45.7478
-45.7728
-45.7798
-45.7724
-45.7537
-45.7263
-45.6906
-45.6447
-45.5843
-45.5026
-45.3911
-45.2404
-45.0413
-44.7858
-44.4681
-44.0853
-43.6376
-43.1282
-42.5632
-41.9508
-41.3008
-40.624
-39.9317
-39.2355
-38.5463
-37.8742
-37.2278
-36.6141
-36.0378
-31.2099
-32.0694
-32.9029
-33.7025
-34.4623
-35.1784
-35.849
-36.4735
-37.052
-37.5851
-38.0734
-38.5173
-38.9175
-39.275
-39.5915
-39.8698
-40.1136
-40.3279
-40.5184
-40.6912
-40.8521
-41.0063
-41.1578
-41.3089
-41.4606
-41.6122
-41.762
-41.9077
-42.047
-42.178
-42.3001
-42.4137
-42.5204
-42.6232
-42.7253
-42.8303
-42.941
-43.0594
-43.1862
-43.3205
-43.4603
-43.6025
-43.7435
-43.88
-44.0094
-44.13
-44.2417
-44.3458
-44.4447
-44.5413
-44.6389
-44.74
-44.8462
-44.9577
-45.0731
-45.1896
-45.3036
-45.4106
-45.5065
-45.5877
-45.6518
-45.6976
-45.7255
-45.7366
-45.7329
-45.716
-45.6867
-45.6447
-45.5878
-45.5121
-45.4119
-45.2806
-45.1107
-44.8952
-44.6279
-44.3044
-43.9226
-43.4826
-42.9872
-42.4417
-41.8529
-41.2294
-40.5807
-39.9168
-39.2481
-38.5842
-37.9342
-37.306
-36.7059
-36.1388
-31.1892
-32.0353
-32.8578
-33.6489
-34.4028
-35.1155
-35.7844
-36.4084
-36.9872
-37.5209
-38.01
-38.4552
-38.8573
-39.2177
-39.5383
-39.8219
-40.0724
-40.2942
-40.4925
-40.6728
-40.8404
-40.9998
-41.1546
-41.3072
-41.4585
-41.6085
-41.756
-41.8993
-42.0368
-42.1671
-42.2899
-42.4056
-42.5156
-42.6224
-42.7285
-42.8369
-42.9499
-43.0691
-43.1949
-43.3268
-43.463
-43.6011
-43.7382
-43.8716
-43.9991
-44.1195
-44.2326
-44.3393
-44.4416
-44.5418
-44.6422
-44.745
-44.8513
-44.961
-45.073
-45.185
-45.2938
-45.3957
-45.4872
-45.5652
-45.6277
-45.6734
-45.7022
-45.7149
-45.7125
-45.6959
-45.6654
-45.6202
-45.5579
-45.4749
-45.3662
-45.2256
-45.0469
-44.8238
-44.551
-44.2249
-43.8435
-43.4072
-42.9186
-42.3824
-41.805
-41.1942
-40.5591
-39.9091
-39.2536
-38.602
-37.9628
-37.3435
-36.7503
-36.1879
-28.1075
-32.1937
-32.7621
-32.3399
-31.6277
-30.8704
-30.1628
-29.5393
-29.0087
-28.5691
-28.2149
-27.9399
-27.7387
-27.6069
-27.5418
-27.4039
-30.269
-31.385
-31.5637
-31.3012
-30.8561
-30.3598
-29.8775
-29.4405
-29.0626
-28.7487
-28.4996
-28.3145
-28.1921
-28.1312
-28.5392
-30.0937
-30.945
-31.2289
-31.1571
-30.893
-30.5427
-30.1705
-29.8134
-29.4921
-29.2176
-28.9953
-28.8277
-28.7158
-28.6598
-29.9595
-30.6213
-31.0726
-31.2497
-31.2054
-31.0161
-30.7477
-30.4483
-30.1505
-29.8748
-29.6342
-29.4362
-29.2852
-29.1835
-29.1324
-31.2419
-31.3592
-31.4746
-31.4919
-31.3986
-31.2182
-30.9835
-30.7247
-30.4653
-30.2226
-30.0083
-29.8302
-29.6933
-29.6007
-29.554
-32.3002
-32.0993
-31.9744
-31.8449
-31.679
-31.4747
-31.2436
-31.0015
-30.7635
-30.5419
-30.3461
-30.183
-30.0572
-29.9719
-29.9288
-33.146
-32.7634
-32.4788
-32.2342
-31.9978
-31.7578
-31.5146
-31.2743
-31.0452
-30.8353
-30.6513
-30.4984
-30.3807
-30.3008
-30.2605
-33.8136
-33.3295
-32.9431
-32.6153
-32.3203
-32.0443
-31.7826
-31.5359
-31.3079
-31.1028
-30.9252
-30.7787
-30.6663
-30.5903
-30.5519
-34.3368
-33.7979
-33.3487
-32.9637
-32.6237
-32.3164
-32.0355
-31.779
-31.5475
-31.343
-31.168
-31.0249
-30.9157
-30.842
-30.8049
-34.7433
-34.1768
-33.6901
-33.2672
-32.8945
-32.5622
-32.264
-31.997
-31.7601
-31.5537
-31.3789
-31.2371
-31.1295
-31.0572
-31.0208
-35.0549
-34.4759
-33.9676
-33.5204
-33.1249
-32.7738
-32.4615
-32.1848
-31.9421
-31.7328
-31.5569
-31.4152
-31.3081
-31.2364
-31.2004
-35.2875
-34.7041
-34.1841
-33.7219
-33.3111
-32.9464
-32.6233
-32.3388
-32.0908
-31.8783
-31.7009
-31.5585
-31.4514
-31.3798
-31.3439
-35.4528
-34.8689
-34.343
-33.8718
-33.4513
-33.0774
-32.7466
-32.4562
-32.204
-31.9888
-31.8098
-31.6666
-31.5592
-31.4875
-31.4516
-35.5588
-34.9758
-34.4471
-33.971
-33.5448
-33.1653
-32.8296
-32.5353
-32.2802
-32.063
-31.8828
-31.7389
-31.6312
-31.5594
-31.5235
-35.6105
-35.0283
-34.4986
-34.0204
-33.5915
-33.2094
-32.8713
-32.575
-32.3185
-32.1003
-31.9194
-31.7752
-31.6672
-31.5953
-31.5594
)
;

boundaryField
{
    hot
    {
        type            calculated;
        value           nonuniform List<scalar> 
120
(
-31.9348
-31.8639
-31.7214
-31.5061
-31.216
-30.849
-30.4026
-29.8745
-29.2628
-28.5668
-27.7868
-26.9253
-25.9871
-24.9797
-23.9135
-22.8942
-21.9456
-20.9844
-20.0203
-19.0625
-18.1198
-17.1997
-16.3084
-15.4509
-14.6305
-13.8497
-13.1097
-12.4109
-11.7531
-11.1358
-10.5578
-10.0181
-9.51514
-9.04728
-8.61268
-8.20939
-7.83531
-7.48827
-7.16608
-6.86661
-6.58781
-6.32779
-6.08483
-5.85743
-5.64425
-5.44416
-5.25619
-5.07947
-4.91323
-4.75674
-4.60935
-4.47039
-4.33927
-4.21539
-4.09826
-3.9874
-3.88248
-3.78321
-3.68942
-3.60104
-3.51807
-3.4406
-3.36874
-3.30266
-3.24254
-3.18857
-3.14096
-3.09993
-3.06571
-3.03856
-3.0188
-3.00677
-3.0029
-3.00766
-3.02161
-3.04539
-3.0797
-3.12533
-3.18313
-3.25401
-3.33895
-3.43896
-3.55505
-3.68829
-3.83969
-4.01027
-4.20102
-4.4129
-4.64685
-4.90385
-5.1849
-5.49109
-5.82363
-6.18385
-6.57322
-6.99327
-7.44556
-7.9315
-8.45225
-9.00842
-9.59996
-10.2258
-10.8838
-11.5705
-12.2811
-13.0822
-13.9704
-14.8585
-15.7318
-16.5756
-17.3762
-18.1216
-18.8019
-19.4091
-19.9371
-20.3817
-20.7399
-21.0098
-21.1902
-21.2805
)
;
    }
    cold
    {
        type            calculated;
        value           nonuniform List<scalar> 
120
(
-36.2185
-36.1919
-36.137
-36.0504
-35.927
-35.7597
-35.5398
-35.2567
-34.8986
-34.4527
-33.9058
-33.2461
-32.4641
-31.5544
-30.5172
-29.4556
-28.4151
-27.31
-26.1533
-24.9595
-23.7437
-22.5207
-21.3039
-20.1054
-18.9355
-17.8023
-16.7123
-15.6706
-14.6807
-13.7453
-12.866
-12.0437
-11.2785
-10.5699
-9.91689
-9.31777
-8.77045
-8.27246
-7.82105
-7.41333
-7.04636
-6.71725
-6.42325
-6.16176
-5.93043
-5.7271
-5.54983
-5.39691
-5.26677
-5.158
-5.06932
-4.99959
-4.94772
-4.91273
-4.89374
-4.88993
-4.90053
-4.92491
-4.96247
-5.01274
-5.07535
-5.15005
-5.23674
-5.33545
-5.44638
-5.56989
-5.70647
-5.85674
-6.02146
-6.20144
-6.39761
-6.61093
-6.84244
-7.09324
-7.36453
-7.65763
-7.974
-8.31532
-8.68341
-9.08031
-9.50819
-9.96926
-10.4657
-10.9994
-11.5721
-12.1848
-12.8379
-13.531
-14.2625
-15.0301
-15.8303
-16.6586
-17.5095
-18.3767
-19.2533
-20.1315
-21.0035
-21.8612
-22.6971
-23.5037
-24.275
-25.0056
-25.6921
-26.3321
-26.9249
-27.5256
-28.1161
-28.6458
-29.1196
-29.5422
-29.918
-30.2504
-30.5423
-30.7956
-31.0117
-31.1914
-31.335
-31.4427
-31.5145
-31.5504
)
;
    }
    interface_left
    {
        type            calculated;
        value           nonuniform List<scalar> 
90
(
-63.2388
-115.162
57.3733
-3.30938
24.897
-2.51133
10.5721
-2.53359
-12.9978
-2.83655
-14.434
-3.24777
-15.5832
-3.47747
-18.6893
9.28779
-4.16533
3.45367
-4.16615
0.622806
-4.21143
-1.35252
-4.18901
-6.73299
-4.13293
-7.37096
-4.07016
-7.93404
-3.95181
-9.20889
0.94525
-4.00879
-0.753736
-3.80084
-1.55178
-3.6321
-2.15776
-3.44714
-4.65811
-3.26042
-4.91558
-3.08996
-5.15385
-2.90363
-5.7865
-0.0809117
-2.82162
-0.917873
-2.59721
-1.28852
-2.4001
-1.56449
-2.19873
-2.74825
-2.00074
-2.65338
-1.81222
-2.42657
-1.62779
-2.10562
-1.33851
-1.46002
-1.60809
-1.28899
-1.75899
-1.14381
-1.78135
-1.03648
-0.0283462
-0.97669
1.05781
-0.969193
2.61349
-1.05205
5.69972
-8.71708
-0.872155
-7.51761
-1.06187
-7.31295
-1.33337
-7.08002
-1.96484
4.40681
-9.99595
-3.51151
1.2602
7.15954
17.5977
41.5947
)
;
    }
    interface_right
    {
        type            calculated;
        value           nonuniform List<scalar> 
90
(
-186.791
-261.546
111.374
-4.77359
47.5466
-2.11975
21.6984
-1.38934
-19.7612
-0.96155
-21.4935
-0.847179
-22.6764
-0.619197
-27.2081
21.73
-1.37656
11.4076
-1.16859
6.27246
-1.23734
2.73209
-1.3384
-4.71243
-1.47538
-5.19832
-1.66187
-5.39555
-1.82937
-5.94168
1.06969
-2.15981
-0.915546
-2.3392
-1.96787
-2.54309
-2.63238
-2.74812
-2.66154
-2.95371
-2.43115
-3.15895
-2.0301
-3.38883
-1.16423
-6.0642
-3.49689
-5.72942
-3.6943
-5.64205
-3.87
-5.44608
-4.05246
-2.49989
-4.23004
-1.59669
-4.38494
-0.349775
-4.58834
2.24302
-11.8734
-4.4226
-10.186
-4.49335
-9.44506
-4.47769
-8.5233
-4.44784
0.227296
-4.36202
3.9008
-4.17288
9.39245
-4.09396
20.9377
-32.1422
-2.78467
-27.9232
-2.48926
-28.5579
-2.20029
-31.3539
-3.1698
42.2564
-111.198
-69.7428
-53.8956
-47.0221
-44.5261
-46.652
)
;
    }
    interface_top
    {
        type            calculated;
        value           nonuniform List<scalar> 
90
(
-24.022
-100.623
-110.28
-68.0368
-52.5599
-38.0238
-30.7434
-19.6166
-27.2449
-30.8411
-36.3084
-40.2282
-48.0843
-56.13
-77.1621
-76.991
-55.3814
-47.0136
-38.6599
-34.4344
-28.4829
-24.6247
-16.8321
-24.6011
-28.4456
-34.3616
-38.5629
-46.8568
-55.1933
-76.7455
-76.8991
-55.8738
-47.7116
-39.4636
-35.27
-29.2893
-25.3806
-17.3954
-25.4989
-29.5296
-35.7475
-40.1716
-48.9079
-57.6747
-80.3142
-80.5145
-58.5592
-50.0363
-41.4175
-37.0339
-30.7743
-26.6789
-18.2968
-26.8644
-31.1357
-37.7395
-42.4346
-51.7055
-60.9677
-84.8489
-85.0139
-61.6891
-52.6619
-43.6038
-39.0032
-32.4492
-28.1623
-19.3728
-28.5738
-33.2306
-40.5297
-45.7824
-56.2291
-66.6947
-93.6639
-94.2892
-69.4591
-60.1412
-51.4655
-47.3507
-42.1862
-38.8915
-32.2531
-63.8283
-61.6795
-23.4442
-11.9703
-8.85228
-10.063
-18.1835
)
;
    }
    interface_bottom
    {
        type            calculated;
        value           nonuniform List<scalar> 
90
(
-41.38
-79.7081
-82.945
-56.669
-46.393
-35.5439
-29.6174
-19.4667
-27.7527
-31.7295
-37.7716
-42.045
-50.5095
-59.0537
-81.2546
-81.0599
-58.2035
-49.3346
-40.4503
-35.9529
-29.6294
-25.5479
-17.3767
-25.3276
-29.2139
-35.157
-39.3233
-47.5179
-55.6512
-76.6321
-76.467
-54.9264
-46.5749
-38.2255
-33.9965
-28.0506
-24.2029
-16.4845
-24.0332
-27.7183
-33.3474
-37.2867
-45.0302
-52.6826
-72.3934
-72.2003
-51.8311
-43.9429
-36.0844
-32.1034
-26.5084
-22.8822
-15.5984
-22.7431
-26.2328
-31.5636
-35.2964
-42.6338
-49.9051
-68.6518
-68.496
-49.2195
-41.7534
-34.3086
-30.5336
-25.2177
-21.7717
-14.844
-21.6335
-24.9559
-30.0356
-33.6105
-40.6513
-47.7077
-65.9702
-65.9455
-47.6147
-40.5347
-33.5249
-29.9936
-25.1166
-21.9382
-15.6557
-25.4546
-24.5829
-11.8244
-9.15292
-11.2607
-20.3729
-50.2134
)
;
    }
    defaultFaces
    {
        type            empty;
    }
}


// ************************************************************************* //
