/*--------------------------------*- C++ -*----------------------------------*\
| =========                 |                                                 |
| \\      /  F ield         | OpenFOAM: The Open Source CFD Toolbox           |
|  \\    /   O peration     | Version:  5.x                                   |
|   \\  /    A nd           | Web:      www.OpenFOAM.org                      |
|    \\/     M anipulation  |                                                 |
\*---------------------------------------------------------------------------*/
FoamFile
{
    version     2.0;
    format      ascii;
    class       volScalarField;
    location    "0.8";
    object      T;
}
// * * * * * * * * * * * * * * * * * * * * * * * * * * * * * * * * * * * * * //

dimensions      [0 0 0 1 0 0 0];

internalField   nonuniform List<scalar> 
6300
(
322.853
322.558
322.262
321.964
321.665
321.362
321.056
320.745
320.43
320.111
319.786
319.455
319.119
318.777
318.43
322.853
322.559
322.264
321.967
321.668
321.365
321.06
320.75
320.435
320.116
319.791
319.461
319.125
318.783
318.435
322.854
322.561
322.267
321.971
321.673
321.372
321.068
320.759
320.445
320.127
319.802
319.472
319.136
318.794
318.446
322.855
322.564
322.272
321.978
321.682
321.383
321.08
320.773
320.46
320.143
319.819
319.49
319.154
318.811
318.463
322.856
322.568
322.279
321.988
321.694
321.398
321.097
320.792
320.481
320.165
319.842
319.513
319.177
318.835
318.485
322.858
322.573
322.288
322
321.71
321.416
321.118
320.816
320.507
320.193
319.872
319.544
319.208
318.865
318.514
322.86
322.58
322.298
322.015
321.728
321.439
321.144
320.845
320.54
320.228
319.909
319.582
319.246
318.902
318.55
322.863
322.587
322.311
322.032
321.751
321.465
321.176
320.881
320.579
320.27
319.954
319.628
319.292
318.948
318.593
322.865
322.596
322.325
322.052
321.776
321.497
321.213
320.923
320.626
320.321
320.007
319.683
319.349
319.003
318.645
322.869
322.606
322.342
322.075
321.806
321.533
321.255
320.971
320.68
320.381
320.071
319.75
319.416
319.069
318.708
322.872
322.617
322.36
322.101
321.84
321.574
321.304
321.027
320.743
320.45
320.146
319.829
319.498
319.149
318.784
322.876
322.629
322.381
322.13
321.877
321.62
321.359
321.091
320.816
320.531
320.234
319.923
319.595
319.247
318.877
322.881
322.643
322.403
322.162
321.918
321.671
321.42
321.162
320.897
320.623
320.336
320.034
319.713
319.368
318.995
322.886
322.657
322.427
322.196
321.963
321.727
321.486
321.241
320.989
320.728
320.454
320.165
319.854
319.516
319.147
322.891
322.672
322.453
322.232
322.01
321.786
321.558
321.326
321.089
320.844
320.588
320.317
320.022
319.694
319.332
318.106
317.809
317.508
317.204
316.896
316.586
316.273
315.958
315.641
315.321
315
314.677
314.353
314.027
313.7
313.373
313.044
312.716
312.387
312.058
311.729
311.4
311.07
310.741
310.412
310.083
309.753
309.424
309.095
308.766
308.437
308.108
307.779
307.451
307.123
306.795
306.468
306.141
305.814
305.487
305.16
304.833
304.506
304.179
303.852
303.525
303.199
302.872
302.546
302.22
301.893
301.568
301.242
300.916
300.59
300.264
299.938
299.611
299.285
298.959
298.632
298.306
297.979
297.653
297.327
297.001
296.675
296.349
296.023
295.697
295.372
295.046
294.72
294.394
294.069
293.743
293.417
293.092
292.767
292.441
292.116
291.791
291.466
291.14
290.813
290.486
290.158
289.829
289.498
289.167
318.112
317.814
317.512
317.208
316.9
316.59
316.277
315.961
315.644
315.324
315.002
314.679
314.354
314.028
313.701
313.374
313.045
312.716
312.387
312.058
311.729
311.4
311.07
310.741
310.412
310.083
309.753
309.424
309.095
308.765
308.436
308.107
307.779
307.451
307.123
306.795
306.468
306.14
305.813
305.487
305.16
304.833
304.506
304.179
303.852
303.525
303.199
302.872
302.546
302.219
301.893
301.567
301.242
300.916
300.59
300.264
299.938
299.612
299.285
298.959
298.632
298.305
297.979
297.653
297.326
297
296.675
296.349
296.023
295.697
295.372
295.046
294.72
294.394
294.068
293.743
293.417
293.092
292.766
292.441
292.116
291.791
291.466
291.141
290.814
290.487
290.159
289.83
289.5
289.168
318.122
317.824
317.522
317.217
316.908
316.598
316.284
315.968
315.65
315.329
315.007
314.683
314.358
314.031
313.704
313.375
313.046
312.717
312.388
312.058
311.729
311.4
311.07
310.741
310.412
310.083
309.753
309.424
309.095
308.765
308.436
308.107
307.778
307.45
307.122
306.794
306.467
306.14
305.813
305.486
305.16
304.833
304.506
304.179
303.852
303.525
303.198
302.871
302.545
302.219
301.893
301.567
301.242
300.916
300.59
300.264
299.938
299.612
299.285
298.959
298.632
298.305
297.979
297.652
297.326
297
296.674
296.349
296.023
295.697
295.372
295.046
294.72
294.394
294.068
293.742
293.417
293.091
292.766
292.441
292.117
291.792
291.467
291.142
290.817
290.49
290.163
289.834
289.503
289.172
318.138
317.839
317.536
317.23
316.921
316.609
316.294
315.978
315.659
315.338
315.015
314.69
314.363
314.036
313.707
313.378
313.048
312.718
312.388
312.059
311.729
311.4
311.071
310.741
310.412
310.083
309.754
309.424
309.094
308.765
308.435
308.106
307.777
307.448
307.12
306.793
306.466
306.139
305.813
305.486
305.16
304.833
304.506
304.179
303.852
303.524
303.197
302.871
302.544
302.218
301.892
301.567
301.241
300.916
300.591
300.265
299.939
299.612
299.286
298.959
298.632
298.305
297.978
297.651
297.325
296.999
296.674
296.348
296.023
295.698
295.372
295.046
294.72
294.394
294.068
293.741
293.416
293.09
292.765
292.441
292.117
291.793
291.469
291.145
290.82
290.494
290.167
289.839
289.509
289.177
318.159
317.859
317.555
317.247
316.937
316.624
316.308
315.991
315.671
315.348
315.024
314.698
314.371
314.042
313.712
313.381
313.05
312.719
312.389
312.058
311.729
311.399
311.07
310.742
310.413
310.084
309.754
309.424
309.094
308.764
308.434
308.104
307.775
307.446
307.118
306.791
306.464
306.138
305.812
305.486
305.16
304.834
304.506
304.179
303.851
303.524
303.196
302.869
302.543
302.217
301.891
301.566
301.241
300.917
300.592
300.266
299.94
299.613
299.286
298.959
298.631
298.304
297.977
297.65
297.324
296.998
296.673
296.348
296.023
295.698
295.372
295.047
294.72
294.394
294.067
293.74
293.414
293.088
292.764
292.439
292.116
291.793
291.471
291.148
290.825
290.501
290.175
289.847
289.517
289.185
318.187
317.884
317.579
317.269
316.957
316.643
316.326
316.007
315.685
315.362
315.037
314.709
314.38
314.049
313.717
313.385
313.052
312.72
312.388
312.058
311.728
311.399
311.07
310.742
310.414
310.085
309.755
309.425
309.094
308.763
308.432
308.101
307.771
307.443
307.115
306.788
306.462
306.137
305.812
305.487
305.161
304.835
304.507
304.179
303.851
303.523
303.195
302.867
302.54
302.214
301.89
301.565
301.241
300.917
300.593
300.268
299.942
299.615
299.288
298.959
298.631
298.303
297.975
297.648
297.322
296.996
296.672
296.347
296.023
295.699
295.374
295.048
294.721
294.394
294.066
293.739
293.412
293.086
292.761
292.437
292.115
291.794
291.473
291.152
290.831
290.509
290.185
289.858
289.528
289.195
318.22
317.916
317.607
317.295
316.981
316.664
316.346
316.026
315.704
315.379
315.052
314.723
314.392
314.059
313.724
313.389
313.054
312.719
312.387
312.055
311.726
311.397
311.07
310.743
310.415
310.087
309.757
309.426
309.095
308.762
308.43
308.098
307.767
307.438
307.11
306.784
306.46
306.136
305.812
305.488
305.163
304.837
304.509
304.181
303.851
303.521
303.192
302.864
302.537
302.211
301.887
301.564
301.241
300.919
300.595
300.271
299.945
299.618
299.29
298.96
298.63
298.301
297.972
297.644
297.318
296.994
296.67
296.347
296.024
295.7
295.376
295.05
294.722
294.394
294.065
293.736
293.408
293.081
292.756
292.433
292.112
291.793
291.475
291.158
290.839
290.52
290.198
289.873
289.544
289.21
318.26
317.952
317.64
317.325
317.008
316.689
316.369
316.048
315.725
315.399
315.071
314.74
314.406
314.07
313.731
313.392
313.054
312.717
312.383
312.051
311.722
311.395
311.069
310.744
310.418
310.09
309.761
309.429
309.096
308.761
308.427
308.093
307.76
307.43
307.103
306.778
306.456
306.134
305.813
305.49
305.167
304.841
304.513
304.183
303.851
303.519
303.188
302.858
302.531
302.206
301.883
301.561
301.241
300.921
300.599
300.276
299.951
299.623
299.293
298.961
298.629
298.297
297.967
297.639
297.313
296.989
296.667
296.346
296.025
295.703
295.38
295.054
294.725
294.395
294.064
293.733
293.402
293.074
292.748
292.426
292.107
291.791
291.477
291.163
290.85
290.534
290.216
289.893
289.565
289.231
318.308
317.995
317.678
317.358
317.037
316.715
316.394
316.072
315.749
315.424
315.095
314.762
314.424
314.083
313.74
313.395
313.052
312.712
312.375
312.043
311.715
311.39
311.068
310.746
310.422
310.097
309.768
309.435
309.099
308.761
308.422
308.085
307.75
307.419
307.093
306.77
306.45
306.132
305.814
305.495
305.173
304.848
304.519
304.187
303.852
303.517
303.182
302.85
302.522
302.197
301.876
301.558
301.241
300.924
300.606
300.285
299.96
299.631
299.298
298.963
298.627
298.292
297.959
297.63
297.305
296.983
296.663
296.346
296.028
295.709
295.387
295.061
294.731
294.398
294.063
293.728
293.393
293.062
292.736
292.414
292.098
291.786
291.477
291.17
290.862
290.553
290.24
289.921
289.595
289.26
318.365
318.045
317.72
317.393
317.066
316.742
316.42
316.099
315.777
315.453
315.124
314.789
314.448
314.1
313.749
313.396
313.046
312.7
312.361
312.029
311.704
311.383
311.066
310.749
310.431
310.108
309.78
309.445
309.105
308.762
308.416
308.073
307.735
307.402
307.076
306.757
306.442
306.13
305.818
305.504
305.185
304.861
304.531
304.194
303.854
303.513
303.173
302.837
302.507
302.183
301.865
301.552
301.241
300.93
300.617
300.299
299.974
299.644
299.307
298.967
298.624
298.283
297.947
297.616
297.291
296.972
296.657
296.345
296.033
295.718
295.399
295.074
294.742
294.404
294.063
293.72
293.38
293.045
292.716
292.395
292.082
291.776
291.474
291.176
290.878
290.578
290.273
289.961
289.637
289.3
318.432
318.102
317.765
317.427
317.092
316.765
316.443
316.126
315.809
315.489
315.162
314.826
314.479
314.123
313.76
313.395
313.033
312.679
312.337
312.005
311.685
311.372
311.063
310.756
310.445
310.127
309.8
309.464
309.117
308.764
308.408
308.055
307.71
307.375
307.051
306.737
306.43
306.127
305.825
305.518
305.205
304.883
304.55
304.208
303.858
303.506
303.157
302.815
302.483
302.161
301.848
301.543
301.241
300.94
300.634
300.321
299.998
299.666
299.323
298.972
298.619
298.269
297.925
297.592
297.269
296.955
296.648
296.345
296.041
295.734
295.42
295.095
294.761
294.416
294.065
293.71
293.359
293.017
292.685
292.365
292.057
291.758
291.467
291.181
290.896
290.61
290.318
290.016
289.697
289.358
318.515
318.169
317.811
317.455
317.109
316.779
316.461
316.153
315.847
315.535
315.214
314.877
314.525
314.156
313.775
313.388
313.008
312.643
312.296
311.967
311.654
311.353
311.06
310.767
310.469
310.16
309.836
309.496
309.139
308.77
308.395
308.026
307.671
307.333
307.012
306.706
306.412
306.124
305.837
305.543
305.238
304.919
304.584
304.231
303.866
303.495
303.131
302.779
302.444
302.125
301.821
301.528
301.241
300.955
300.661
300.357
300.037
299.701
299.348
298.982
298.61
298.244
297.89
297.554
297.233
296.927
296.633
296.344
296.056
295.761
295.454
295.132
294.794
294.438
294.07
293.695
293.327
292.973
292.637
292.318
292.017
291.73
291.454
291.184
290.917
290.65
290.379
290.094
289.785
289.444
318.624
318.253
317.853
317.468
317.105
316.774
316.466
316.176
315.891
315.596
315.286
314.952
314.595
314.208
313.798
313.37
312.963
312.58
312.23
311.905
311.606
311.324
311.056
310.788
310.508
310.213
309.894
309.552
309.179
308.784
308.372
307.978
307.607
307.267
306.951
306.659
306.384
306.121
305.858
305.583
305.293
304.978
304.641
304.273
303.884
303.476
303.086
302.719
302.381
302.068
301.778
301.503
301.242
300.98
300.705
300.415
300.1
299.762
299.393
299.002
298.592
298.2
297.831
297.492
297.176
296.884
296.608
296.344
296.08
295.803
295.51
295.193
294.851
294.479
294.084
293.67
293.275
292.904
292.563
292.247
291.957
291.686
291.431
291.183
290.936
290.697
290.459
290.206
289.919
289.577
318.778
318.381
317.874
317.447
317.056
316.736
316.443
316.194
315.951
315.677
315.392
315.06
314.709
314.291
313.847
313.324
312.882
312.471
312.128
311.806
311.533
311.275
311.05
310.826
310.57
310.301
309.985
309.651
309.252
308.825
308.322
307.896
307.499
307.167
306.855
306.589
306.337
306.117
305.897
305.646
305.382
305.071
304.742
304.348
303.926
303.43
303.008
302.615
302.286
301.976
301.712
301.461
301.242
301.023
300.772
300.507
300.196
299.866
299.471
299.047
298.548
298.124
297.728
297.397
297.084
296.818
296.566
296.345
296.123
295.87
295.602
295.288
294.953
294.553
294.124
293.619
293.19
292.789
292.454
292.139
291.871
291.617
291.398
291.182
290.943
290.743
290.561
290.368
290.13
289.8
319.022
318.668
317.781
317.376
316.904
316.66
316.356
316.203
316.056
315.776
315.567
315.193
314.919
314.415
314.008
313.161
312.757
312.262
311.995
311.637
311.439
311.179
311.044
310.909
310.651
310.455
310.104
309.844
309.364
308.975
308.162
307.774
307.297
307.038
306.691
306.499
306.245
306.113
305.981
305.728
305.537
305.192
304.935
304.462
304.078
303.275
302.891
302.419
302.162
301.818
301.627
301.374
301.243
301.111
300.858
300.667
300.321
300.063
299.588
299.202
298.395
298.008
297.532
297.274
296.926
296.733
296.478
296.345
296.212
295.956
295.762
295.411
295.15
294.668
294.276
293.456
293.064
292.579
292.317
291.961
291.764
291.499
291.36
291.212
290.895
290.762
290.679
290.596
290.474
290.225
288.801
288.4
287.998
287.596
287.193
286.79
286.387
285.985
285.584
285.184
284.785
284.387
283.99
283.594
283.198
288.802
288.401
287.999
287.596
287.193
286.789
286.386
285.984
285.583
285.183
284.784
284.387
283.99
283.594
283.198
288.805
288.404
288.001
287.597
287.193
286.788
286.385
285.982
285.581
285.181
284.782
284.385
283.988
283.593
283.198
288.81
288.407
288.003
287.598
287.192
286.787
286.383
285.979
285.578
285.178
284.779
284.382
283.986
283.591
283.197
288.817
288.413
288.007
287.599
287.192
286.785
286.379
285.975
285.573
285.172
284.774
284.378
283.983
283.589
283.196
288.826
288.42
288.011
287.601
287.191
286.781
286.374
285.968
285.565
285.165
284.768
284.372
283.979
283.587
283.196
288.839
288.43
288.017
287.603
287.189
286.776
286.366
285.959
285.556
285.156
284.759
284.365
283.973
283.583
283.194
288.857
288.443
288.025
287.604
287.185
286.768
286.355
285.946
285.542
285.143
284.748
284.355
283.966
283.579
283.193
288.882
288.461
288.034
287.605
287.179
286.756
286.34
285.929
285.525
285.126
284.733
284.343
283.957
283.573
283.191
288.916
288.484
288.045
287.604
287.168
286.739
286.318
285.906
285.501
285.104
284.713
284.327
283.945
283.566
283.189
288.965
288.515
288.056
287.599
287.15
286.713
286.288
285.874
285.471
285.076
284.689
284.308
283.931
283.557
283.186
289.033
288.554
288.066
287.586
287.121
286.675
286.246
285.832
285.431
285.041
284.659
284.284
283.914
283.547
283.182
289.133
288.601
288.068
287.556
287.074
286.62
286.189
285.777
285.381
284.997
284.622
284.255
283.893
283.534
283.178
289.281
288.649
288.047
287.498
287
286.541
286.112
285.707
285.319
284.944
284.578
284.221
283.868
283.52
283.173
289.495
288.668
287.973
287.39
286.885
286.432
286.013
285.619
285.243
284.88
284.527
284.181
283.84
283.503
283.167
322.896
322.687
322.477
322.267
322.056
321.843
321.628
321.41
321.188
320.961
320.725
320.477
320.206
319.89
319.479
322.9
322.7
322.5
322.3
322.099
321.897
321.693
321.489
321.282
321.073
320.859
320.639
320.405
320.133
319.724
322.905
322.714
322.524
322.333
322.142
321.951
321.76
321.569
321.378
321.187
320.998
320.811
320.63
320.472
320.418
322.909
322.728
322.547
322.366
322.185
322.005
321.826
321.648
321.473
321.301
321.134
320.978
320.84
320.739
320.702
322.914
322.742
322.57
322.399
322.228
322.059
321.892
321.727
321.566
321.41
321.264
321.132
321.025
320.962
320.984
322.918
322.755
322.593
322.431
322.271
322.112
321.956
321.803
321.655
321.514
321.383
321.269
321.179
321.125
321.115
322.923
322.769
322.615
322.463
322.312
322.163
322.017
321.875
321.739
321.61
321.492
321.389
321.308
321.257
321.255
322.927
322.782
322.637
322.493
322.351
322.212
322.076
321.944
321.817
321.699
321.59
321.494
321.415
321.356
321.318
322.931
322.794
322.658
322.522
322.389
322.258
322.131
322.008
321.891
321.781
321.679
321.588
321.508
321.439
321.37
322.935
322.806
322.677
322.55
322.425
322.303
322.184
322.069
321.96
321.857
321.761
321.674
321.594
321.523
321.459
322.939
322.817
322.696
322.577
322.459
322.345
322.233
322.126
322.024
321.927
321.837
321.754
321.675
321.6
321.518
322.943
322.828
322.714
322.602
322.492
322.384
322.28
322.18
322.084
321.994
321.909
321.83
321.754
321.682
321.615
322.946
322.838
322.731
322.626
322.522
322.421
322.324
322.23
322.141
322.057
321.977
321.903
321.832
321.76
321.678
322.949
322.848
322.747
322.648
322.551
322.456
322.365
322.277
322.194
322.116
322.042
321.974
321.909
321.846
321.785
322.952
322.857
322.762
322.669
322.578
322.489
322.403
322.322
322.244
322.171
322.104
322.042
321.985
321.931
321.863
322.955
322.865
322.776
322.688
322.603
322.519
322.439
322.363
322.291
322.223
322.162
322.107
322.06
322.024
322.016
322.958
322.873
322.789
322.707
322.626
322.548
322.473
322.401
322.334
322.272
322.215
322.166
322.126
322.098
322.085
322.96
322.88
322.801
322.723
322.647
322.574
322.503
322.436
322.373
322.316
322.264
322.219
322.184
322.162
322.162
322.962
322.887
322.812
322.739
322.667
322.598
322.532
322.469
322.41
322.356
322.307
322.266
322.234
322.212
322.2
322.964
322.893
322.823
322.753
322.686
322.62
322.558
322.498
322.442
322.391
322.346
322.307
322.275
322.254
322.246
322.966
322.899
322.832
322.767
322.703
322.641
322.581
322.525
322.472
322.424
322.38
322.342
322.31
322.287
322.27
322.968
322.904
322.841
322.779
322.718
322.659
322.603
322.549
322.499
322.452
322.41
322.372
322.34
322.314
322.298
322.97
322.909
322.849
322.79
322.732
322.676
322.623
322.571
322.523
322.478
322.437
322.399
322.366
322.336
322.311
322.971
322.914
322.856
322.8
322.745
322.692
322.641
322.592
322.545
322.501
322.461
322.423
322.388
322.356
322.322
322.972
322.918
322.863
322.81
322.757
322.706
322.657
322.61
322.565
322.522
322.482
322.445
322.409
322.375
322.343
322.974
322.921
322.869
322.818
322.768
322.719
322.672
322.627
322.583
322.542
322.503
322.465
322.429
322.394
322.357
322.975
322.925
322.875
322.826
322.778
322.731
322.686
322.642
322.6
322.56
322.522
322.485
322.449
322.414
322.38
322.976
322.928
322.88
322.833
322.787
322.742
322.699
322.656
322.616
322.577
322.539
322.504
322.468
322.433
322.395
322.977
322.931
322.885
322.84
322.796
322.752
322.71
322.67
322.63
322.593
322.556
322.522
322.488
322.455
322.422
322.978
322.933
322.889
322.846
322.803
322.762
322.721
322.682
322.644
322.607
322.572
322.539
322.507
322.476
322.441
322.979
322.936
322.893
322.852
322.81
322.77
322.731
322.693
322.656
322.621
322.587
322.556
322.526
322.499
322.479
322.979
322.938
322.897
322.857
322.817
322.778
322.74
322.703
322.667
322.633
322.601
322.571
322.543
322.518
322.496
322.98
322.94
322.9
322.861
322.823
322.785
322.748
322.712
322.678
322.645
322.613
322.584
322.557
322.534
322.515
322.981
322.942
322.904
322.865
322.828
322.791
322.756
322.721
322.687
322.655
322.624
322.596
322.57
322.546
322.525
322.981
322.944
322.906
322.869
322.833
322.797
322.762
322.728
322.696
322.664
322.634
322.606
322.58
322.556
322.536
322.982
322.945
322.909
322.873
322.837
322.802
322.768
322.735
322.703
322.672
322.643
322.615
322.589
322.565
322.542
322.982
322.946
322.911
322.876
322.841
322.807
322.774
322.741
322.71
322.679
322.65
322.622
322.596
322.572
322.549
322.983
322.948
322.913
322.879
322.845
322.811
322.779
322.747
322.716
322.686
322.657
322.629
322.602
322.577
322.553
322.983
322.949
322.915
322.881
322.848
322.815
322.783
322.752
322.721
322.691
322.662
322.635
322.608
322.581
322.555
322.983
322.95
322.916
322.883
322.851
322.818
322.787
322.756
322.726
322.696
322.668
322.64
322.613
322.586
322.56
322.984
322.951
322.918
322.885
322.853
322.821
322.79
322.76
322.73
322.701
322.672
322.644
322.617
322.59
322.563
322.984
322.951
322.919
322.887
322.855
322.824
322.793
322.763
322.733
322.704
322.676
322.648
322.621
322.595
322.568
322.984
322.952
322.92
322.889
322.857
322.826
322.796
322.766
322.737
322.708
322.68
322.652
322.625
322.599
322.572
322.984
322.953
322.921
322.89
322.859
322.828
322.798
322.769
322.739
322.711
322.683
322.656
322.629
322.603
322.577
322.984
322.953
322.922
322.891
322.86
322.83
322.8
322.771
322.742
322.714
322.686
322.659
322.633
322.607
322.58
322.984
322.953
322.923
322.892
322.861
322.831
322.802
322.773
322.744
322.716
322.689
322.662
322.636
322.611
322.587
322.985
322.954
322.923
322.893
322.862
322.832
322.803
322.774
322.746
322.718
322.691
322.664
322.638
322.614
322.59
322.985
322.954
322.923
322.893
322.863
322.833
322.804
322.775
322.747
322.719
322.692
322.666
322.64
322.616
322.592
322.985
322.954
322.924
322.893
322.863
322.834
322.805
322.776
322.748
322.72
322.693
322.667
322.642
322.617
322.594
322.985
322.954
322.924
322.894
322.864
322.834
322.805
322.776
322.748
322.721
322.694
322.668
322.643
322.618
322.594
322.985
322.954
322.924
322.894
322.864
322.834
322.805
322.776
322.748
322.721
322.694
322.668
322.643
322.618
322.595
322.985
322.954
322.924
322.893
322.863
322.834
322.805
322.776
322.748
322.721
322.694
322.668
322.643
322.618
322.594
322.985
322.954
322.923
322.893
322.863
322.833
322.804
322.775
322.747
322.72
322.693
322.667
322.642
322.618
322.594
322.985
322.954
322.923
322.892
322.862
322.832
322.803
322.774
322.746
322.718
322.692
322.666
322.641
322.617
322.594
322.984
322.953
322.922
322.891
322.861
322.831
322.801
322.772
322.744
322.717
322.69
322.664
322.639
322.615
322.592
322.984
322.953
322.921
322.89
322.86
322.829
322.8
322.77
322.742
322.714
322.687
322.661
322.636
322.613
322.59
322.984
322.952
322.921
322.889
322.858
322.827
322.797
322.768
322.739
322.711
322.684
322.658
322.633
322.61
322.587
322.984
322.952
322.919
322.888
322.856
322.825
322.795
322.765
322.736
322.708
322.68
322.654
322.629
322.605
322.584
322.984
322.951
322.918
322.886
322.854
322.822
322.792
322.761
322.732
322.703
322.676
322.649
322.624
322.6
322.578
322.983
322.95
322.917
322.884
322.851
322.819
322.788
322.757
322.728
322.699
322.671
322.644
322.618
322.593
322.571
322.983
322.949
322.915
322.882
322.848
322.816
322.784
322.753
322.723
322.693
322.665
322.637
322.61
322.584
322.557
322.983
322.948
322.913
322.879
322.845
322.812
322.78
322.748
322.717
322.687
322.658
322.63
322.603
322.576
322.55
322.982
322.947
322.911
322.876
322.841
322.808
322.774
322.742
322.711
322.681
322.651
322.623
322.595
322.568
322.54
322.982
322.945
322.909
322.873
322.837
322.803
322.769
322.736
322.704
322.673
322.644
322.615
322.587
322.56
322.533
322.981
322.943
322.906
322.869
322.833
322.797
322.763
322.729
322.696
322.665
322.635
322.606
322.578
322.551
322.524
322.981
322.942
322.903
322.865
322.828
322.791
322.755
322.721
322.688
322.656
322.626
322.597
322.57
322.543
322.518
322.98
322.94
322.9
322.861
322.822
322.784
322.748
322.712
322.679
322.646
322.616
322.587
322.56
322.534
322.509
322.979
322.938
322.896
322.856
322.816
322.777
322.739
322.703
322.668
322.635
322.604
322.576
322.549
322.525
322.503
322.978
322.935
322.892
322.85
322.809
322.768
322.729
322.692
322.656
322.623
322.592
322.563
322.537
322.515
322.497
322.977
322.932
322.888
322.844
322.801
322.759
322.719
322.68
322.643
322.609
322.577
322.548
322.523
322.502
322.484
322.976
322.93
322.883
322.837
322.792
322.749
322.707
322.666
322.628
322.593
322.56
322.531
322.506
322.486
322.473
322.975
322.926
322.878
322.83
322.783
322.737
322.693
322.651
322.612
322.575
322.541
322.511
322.485
322.465
322.451
322.974
322.923
322.872
322.822
322.773
322.725
322.679
322.635
322.593
322.555
322.519
322.488
322.461
322.441
322.432
322.973
322.919
322.865
322.813
322.761
322.711
322.663
322.617
322.573
322.532
322.495
322.461
322.432
322.409
322.394
322.972
322.915
322.858
322.803
322.749
322.696
322.646
322.597
322.551
322.508
322.468
322.431
322.398
322.372
322.36
322.97
322.91
322.851
322.793
322.736
322.68
322.627
322.575
322.527
322.481
322.438
322.398
322.361
322.325
322.283
322.968
322.905
322.843
322.781
322.721
322.663
322.606
322.552
322.501
322.452
322.406
322.363
322.322
322.282
322.243
322.967
322.9
322.834
322.769
322.705
322.644
322.584
322.527
322.473
322.422
322.373
322.327
322.283
322.238
322.189
322.965
322.894
322.824
322.755
322.688
322.623
322.56
322.5
322.443
322.389
322.338
322.29
322.244
322.199
322.156
322.963
322.888
322.814
322.741
322.67
322.601
322.534
322.471
322.411
322.354
322.301
322.251
322.203
322.157
322.106
322.96
322.881
322.803
322.725
322.65
322.577
322.507
322.44
322.376
322.317
322.262
322.211
322.163
322.118
322.076
322.958
322.874
322.791
322.709
322.629
322.551
322.477
322.406
322.339
322.277
322.22
322.168
322.12
322.076
322.029
322.955
322.866
322.778
322.69
322.605
322.523
322.444
322.369
322.299
322.234
322.175
322.122
322.076
322.036
322.003
322.952
322.858
322.764
322.671
322.58
322.493
322.409
322.329
322.254
322.186
322.125
322.072
322.027
321.99
321.969
322.949
322.849
322.749
322.65
322.554
322.46
322.37
322.285
322.206
322.134
322.07
322.016
321.971
321.934
321.891
322.946
322.839
322.733
322.628
322.525
322.425
322.328
322.237
322.152
322.075
322.008
321.953
321.911
321.882
321.856
322.943
322.829
322.716
322.604
322.494
322.387
322.283
322.185
322.093
322.01
321.938
321.881
321.843
321.826
321.83
322.939
322.818
322.698
322.578
322.461
322.346
322.235
322.128
322.028
321.937
321.858
321.797
321.76
321.757
321.798
322.936
322.807
322.679
322.552
322.426
322.303
322.183
322.067
321.957
321.855
321.766
321.695
321.652
321.657
321.741
322.932
322.795
322.659
322.524
322.39
322.258
322.128
322.002
321.88
321.765
321.661
321.573
321.512
321.503
321.61
289.72
288.564
287.802
287.221
286.733
286.299
285.899
285.523
285.162
284.813
284.473
284.14
283.811
283.486
283.162
289.315
288.196
287.52
287.002
286.557
286.155
285.78
285.423
285.08
284.746
284.42
284.1
283.783
283.469
283.156
287.713
287.519
287.129
286.731
286.352
285.993
285.648
285.315
284.991
284.674
284.363
284.056
283.752
283.451
283.15
287.084
286.98
286.742
286.447
286.134
285.819
285.507
285.2
284.897
284.599
284.303
284.011
283.721
283.432
283.144
286.492
286.533
286.395
286.175
285.918
285.644
285.364
285.082
284.801
284.52
284.241
283.964
283.688
283.412
283.137
286.224
286.211
286.105
285.93
285.713
285.473
285.222
284.964
284.703
284.441
284.179
283.916
283.654
283.392
283.131
285.947
285.954
285.863
285.712
285.523
285.311
285.084
284.847
284.606
284.362
284.116
283.868
283.621
283.372
283.124
285.823
285.765
285.663
285.522
285.351
285.158
284.952
284.735
284.512
284.284
284.053
283.821
283.587
283.353
283.118
285.724
285.608
285.49
285.352
285.192
285.016
284.826
284.627
284.42
284.208
283.993
283.774
283.554
283.333
283.111
285.555
285.451
285.331
285.196
285.046
284.883
284.708
284.524
284.332
284.135
283.933
283.729
283.522
283.314
283.105
285.444
285.307
285.182
285.051
284.91
284.758
284.596
284.426
284.248
284.065
283.877
283.685
283.491
283.295
283.099
285.264
285.155
285.036
284.912
284.78
284.64
284.491
284.333
284.168
283.997
283.822
283.643
283.461
283.277
283.093
285.146
285.01
284.894
284.779
284.657
284.528
284.39
284.245
284.092
283.934
283.77
283.603
283.433
283.26
283.087
284.946
284.851
284.752
284.649
284.54
284.422
284.296
284.162
284.02
283.873
283.721
283.565
283.405
283.244
283.081
284.801
284.695
284.612
284.525
284.428
284.322
284.207
284.083
283.953
283.816
283.674
283.528
283.38
283.229
283.076
284.518
284.522
284.475
284.406
284.323
284.228
284.123
284.01
283.889
283.762
283.631
283.494
283.355
283.214
283.072
284.391
284.386
284.353
284.298
284.226
284.141
284.046
283.942
283.83
283.712
283.59
283.463
283.333
283.2
283.067
284.251
284.268
284.246
284.201
284.138
284.062
283.975
283.879
283.775
283.666
283.551
283.433
283.311
283.188
283.063
284.18
284.178
284.157
284.116
284.059
283.99
283.91
283.821
283.725
283.623
283.516
283.405
283.292
283.176
283.059
284.096
284.101
284.08
284.042
283.989
283.925
283.851
283.768
283.679
283.583
283.483
283.38
283.273
283.165
283.055
284.052
284.041
284.016
283.978
283.928
283.867
283.797
283.72
283.636
283.547
283.453
283.356
283.256
283.155
283.052
284.001
283.99
283.962
283.923
283.873
283.815
283.749
283.676
283.597
283.514
283.426
283.335
283.241
283.145
283.049
283.977
283.95
283.916
283.874
283.825
283.769
283.706
283.636
283.562
283.483
283.401
283.315
283.227
283.137
283.046
283.956
283.915
283.875
283.831
283.782
283.727
283.666
283.6
283.53
283.455
283.377
283.296
283.213
283.129
283.043
283.919
283.88
283.837
283.792
283.743
283.689
283.63
283.568
283.501
283.43
283.356
283.28
283.201
283.121
283.041
283.894
283.846
283.801
283.755
283.706
283.654
283.598
283.538
283.474
283.407
283.337
283.265
283.19
283.115
283.038
283.852
283.81
283.766
283.72
283.673
283.622
283.568
283.51
283.449
283.386
283.319
283.251
283.18
283.109
283.036
283.825
283.776
283.732
283.687
283.641
283.592
283.54
283.485
283.427
283.366
283.303
283.238
283.171
283.103
283.034
283.778
283.738
283.697
283.655
283.611
283.564
283.514
283.462
283.406
283.348
283.288
283.226
283.163
283.098
283.033
283.744
283.701
283.664
283.625
283.583
283.538
283.491
283.441
283.388
283.332
283.275
283.216
283.155
283.093
283.031
283.678
283.66
283.631
283.596
283.557
283.515
283.469
283.421
283.371
283.318
283.263
283.206
283.148
283.089
283.03
283.648
283.628
283.602
283.57
283.533
283.493
283.45
283.404
283.355
283.304
283.252
283.197
283.142
283.085
283.029
283.615
283.601
283.577
283.547
283.512
283.473
283.432
283.388
283.341
283.292
283.241
283.189
283.136
283.082
283.027
283.599
283.58
283.556
283.527
283.493
283.456
283.416
283.373
283.328
283.281
283.232
283.182
283.131
283.079
283.026
283.58
283.562
283.538
283.509
283.477
283.441
283.402
283.361
283.317
283.272
283.224
283.176
283.126
283.076
283.025
283.57
283.549
283.524
283.495
283.463
283.428
283.39
283.35
283.307
283.263
283.217
283.17
283.122
283.074
283.025
283.56
283.538
283.512
283.483
283.451
283.416
283.379
283.34
283.299
283.256
283.211
283.165
283.119
283.072
283.024
283.555
283.53
283.503
283.473
283.441
283.407
283.37
283.332
283.291
283.249
283.206
283.161
283.116
283.07
283.023
283.551
283.523
283.495
283.465
283.433
283.399
283.362
283.324
283.285
283.244
283.201
283.157
283.113
283.068
283.023
283.544
283.517
283.488
283.458
283.426
283.392
283.356
283.318
283.279
283.239
283.197
283.154
283.111
283.067
283.022
283.54
283.512
283.483
283.452
283.42
283.386
283.351
283.314
283.275
283.235
283.194
283.152
283.109
283.066
283.022
283.535
283.507
283.478
283.448
283.416
283.382
283.347
283.31
283.271
283.232
283.191
283.15
283.108
283.065
283.022
283.532
283.504
283.475
283.444
283.412
283.379
283.343
283.307
283.269
283.23
283.189
283.148
283.106
283.064
283.021
283.528
283.501
283.472
283.442
283.41
283.376
283.341
283.305
283.267
283.228
283.188
283.147
283.106
283.064
283.021
283.527
283.5
283.471
283.441
283.409
283.375
283.34
283.304
283.266
283.227
283.187
283.147
283.105
283.063
283.021
283.526
283.499
283.471
283.44
283.408
283.375
283.34
283.304
283.266
283.227
283.187
283.147
283.105
283.063
283.021
283.527
283.5
283.472
283.441
283.409
283.376
283.341
283.304
283.267
283.228
283.188
283.147
283.105
283.063
283.021
283.53
283.503
283.474
283.443
283.411
283.377
283.342
283.306
283.268
283.229
283.189
283.148
283.106
283.064
283.021
283.533
283.506
283.477
283.446
283.414
283.38
283.345
283.308
283.27
283.231
283.19
283.149
283.107
283.064
283.021
283.538
283.51
283.481
283.45
283.418
283.384
283.349
283.312
283.273
283.234
283.193
283.151
283.108
283.065
283.022
283.541
283.514
283.486
283.455
283.423
283.389
283.354
283.316
283.277
283.237
283.196
283.153
283.11
283.066
283.022
283.548
283.52
283.492
283.462
283.43
283.395
283.359
283.322
283.282
283.241
283.199
283.156
283.112
283.067
283.023
283.551
283.526
283.499
283.469
283.437
283.403
283.367
283.328
283.288
283.246
283.203
283.159
283.114
283.069
283.023
283.556
283.534
283.508
283.479
283.447
283.412
283.375
283.336
283.295
283.252
283.208
283.163
283.117
283.071
283.024
283.566
283.544
283.519
283.49
283.458
283.423
283.385
283.345
283.303
283.259
283.214
283.168
283.121
283.073
283.024
283.575
283.557
283.532
283.504
283.471
283.435
283.397
283.355
283.312
283.267
283.221
283.173
283.124
283.075
283.025
283.594
283.574
283.549
283.52
283.486
283.449
283.41
283.367
283.323
283.276
283.228
283.179
283.129
283.077
283.026
283.609
283.594
283.569
283.539
283.504
283.466
283.425
283.381
283.335
283.287
283.237
283.186
283.133
283.08
283.027
283.64
283.62
283.593
283.561
283.524
283.484
283.441
283.396
283.348
283.298
283.246
283.193
283.139
283.084
283.028
283.668
283.65
283.62
283.585
283.547
283.505
283.46
283.412
283.363
283.311
283.257
283.201
283.145
283.087
283.029
283.732
283.689
283.652
283.613
283.571
283.527
283.48
283.431
283.379
283.324
283.268
283.21
283.151
283.091
283.03
283.764
283.724
283.684
283.642
283.598
283.552
283.503
283.451
283.396
283.339
283.281
283.22
283.158
283.095
283.032
283.809
283.76
283.716
283.672
283.626
283.578
283.527
283.472
283.416
283.356
283.294
283.231
283.166
283.1
283.033
283.835
283.793
283.749
283.704
283.656
283.606
283.553
283.496
283.437
283.374
283.309
283.243
283.175
283.105
283.035
283.875
283.827
283.783
283.737
283.688
283.637
283.581
283.522
283.459
283.394
283.326
283.256
283.184
283.111
283.037
283.899
283.859
283.817
283.772
283.723
283.669
283.612
283.55
283.484
283.415
283.344
283.27
283.194
283.117
283.039
283.935
283.894
283.854
283.809
283.76
283.705
283.645
283.581
283.512
283.439
283.363
283.285
283.205
283.124
283.041
283.955
283.927
283.893
283.851
283.801
283.745
283.682
283.614
283.541
283.465
283.384
283.302
283.217
283.131
283.044
283.978
283.966
283.937
283.897
283.847
283.789
283.723
283.651
283.574
283.492
283.407
283.32
283.23
283.138
283.046
284.028
284.015
283.99
283.95
283.899
283.838
283.768
283.692
283.609
283.523
283.432
283.339
283.244
283.147
283.049
284.07
284.073
284.051
284.012
283.958
283.892
283.818
283.736
283.648
283.556
283.459
283.36
283.259
283.156
283.052
284.153
284.149
284.126
284.083
284.024
283.953
283.873
283.784
283.69
283.591
283.488
283.383
283.275
283.166
283.055
284.223
284.239
284.214
284.165
284.099
284.021
283.933
283.837
283.736
283.629
283.519
283.407
283.292
283.176
283.059
284.364
284.355
284.318
284.259
284.183
284.095
283.998
283.894
283.784
283.67
283.552
283.432
283.31
283.187
283.062
284.492
284.492
284.439
284.364
284.275
284.175
284.068
283.955
283.836
283.713
283.587
283.459
283.329
283.198
283.066
284.78
284.666
284.575
284.478
284.374
284.262
284.143
284.019
283.89
283.758
283.624
283.487
283.349
283.21
283.07
284.929
284.825
284.714
284.599
284.478
284.352
284.221
284.086
283.947
283.805
283.662
283.516
283.369
283.222
283.074
285.139
284.988
284.855
284.722
284.587
284.447
284.303
284.156
284.006
283.854
283.701
283.546
283.391
283.235
283.078
285.266
285.138
284.996
284.849
284.698
284.543
284.386
284.227
284.066
283.904
283.74
283.576
283.412
283.247
283.082
285.468
285.299
285.14
284.978
284.811
284.642
284.472
284.3
284.127
283.954
283.781
283.607
283.434
283.26
283.087
285.596
285.454
285.286
285.109
284.927
284.742
284.558
284.373
284.188
284.004
283.821
283.638
283.455
283.273
283.091
285.81
285.626
285.44
285.244
285.044
284.843
284.643
284.445
284.249
284.054
283.861
283.669
283.477
283.286
283.095
285.945
285.8
285.599
285.382
285.161
284.943
284.728
284.517
284.309
284.104
283.9
283.699
283.498
283.299
283.099
286.16
286.011
285.771
285.521
285.277
285.04
284.81
284.586
284.367
284.151
283.938
283.728
283.519
283.311
283.104
286.756
286.287
285.95
285.657
285.387
285.133
284.889
284.652
284.422
284.197
283.975
283.756
283.539
283.323
283.107
286.951
286.472
286.097
285.777
285.488
285.218
284.961
284.714
284.475
284.24
284.01
283.783
283.557
283.334
283.111
287.026
286.584
286.207
285.875
285.574
285.294
285.027
284.771
284.523
284.281
284.043
283.808
283.575
283.345
283.115
287.059
286.651
286.284
285.952
285.647
285.36
285.086
284.823
284.568
284.318
284.073
283.831
283.592
283.355
283.118
287.071
286.689
286.337
286.012
285.706
285.416
285.138
284.869
284.608
284.352
284.101
283.853
283.608
283.364
283.121
287.062
286.705
286.373
286.057
285.755
285.464
285.183
284.911
284.644
284.383
284.127
283.873
283.622
283.373
283.124
322.927
322.782
322.637
322.493
322.349
322.206
322.065
321.926
321.79
321.658
321.533
321.418
321.318
321.243
321.203
322.923
322.768
322.613
322.458
322.303
322.149
321.995
321.841
321.687
321.535
321.384
321.234
321.083
320.925
320.737
322.918
322.753
322.588
322.423
322.257
322.091
321.923
321.755
321.584
321.411
321.234
321.05
320.855
320.636
320.371
322.913
322.739
322.564
322.389
322.212
322.034
321.854
321.67
321.483
321.291
321.09
320.879
320.65
320.394
320.094
322.908
322.725
322.541
322.356
322.169
321.979
321.787
321.59
321.387
321.178
320.958
320.725
320.473
320.194
319.88
322.904
322.712
322.519
322.324
322.128
321.928
321.724
321.515
321.299
321.075
320.84
320.59
320.322
320.03
319.71
322.9
322.7
322.498
322.295
322.089
321.88
321.666
321.446
321.219
320.983
320.735
320.474
320.195
319.895
319.572
322.896
322.689
322.48
322.269
322.055
321.837
321.614
321.385
321.149
320.903
320.645
320.374
320.088
319.783
319.459
322.893
322.679
322.463
322.245
322.024
321.799
321.569
321.332
321.087
320.834
320.569
320.291
319.999
319.691
319.367
322.89
322.67
322.449
322.225
321.998
321.767
321.53
321.287
321.036
320.775
320.505
320.222
319.926
319.616
319.291
322.888
322.663
322.437
322.208
321.976
321.739
321.497
321.249
320.993
320.728
320.453
320.166
319.868
319.556
319.231
322.886
322.657
322.427
322.194
321.958
321.718
321.472
321.219
320.959
320.69
320.412
320.123
319.822
319.509
319.184
322.884
322.653
322.419
322.184
321.945
321.701
321.452
321.197
320.934
320.663
320.382
320.091
319.789
319.475
319.15
322.883
322.65
322.415
322.177
321.936
321.69
321.439
321.182
320.917
320.644
320.362
320.07
319.767
319.453
319.127
322.883
322.648
322.412
322.173
321.931
321.685
321.433
321.175
320.909
320.635
320.352
320.059
319.756
319.442
319.116
321.185
320.759
319.343
318.74
318.094
317.773
317.394
317.207
317.032
316.705
316.464
316.036
315.724
315.153
314.694
313.74
313.286
312.731
312.432
312.032
311.811
311.52
311.369
311.22
310.932
310.715
310.325
310.035
309.501
309.069
308.165
307.733
307.201
306.914
306.527
306.313
306.031
305.884
305.737
305.455
305.242
304.858
304.572
304.046
303.617
302.723
302.294
301.767
301.481
301.097
300.883
300.601
300.454
300.307
300.025
299.81
299.424
299.136
298.604
298.171
297.264
296.83
296.294
296.003
295.61
295.392
295.102
294.952
294.8
294.506
294.282
293.875
293.57
293.002
292.534
291.548
291.07
290.469
290.136
289.67
289.401
289.014
288.796
288.511
287.799
287.548
287.433
287.361
287.296
287.205
320.472
320.031
319.342
318.767
318.254
317.847
317.485
317.186
316.901
316.583
316.256
315.876
315.479
315.007
314.506
313.918
313.421
312.96
312.576
312.217
311.912
311.624
311.374
311.124
310.839
310.54
310.19
309.818
309.374
308.899
308.34
307.866
307.424
307.055
306.707
306.412
306.131
305.886
305.642
305.362
305.068
304.722
304.355
303.916
303.446
302.893
302.423
301.984
301.617
301.271
300.976
300.696
300.452
300.206
299.926
299.63
299.282
298.912
298.469
297.994
297.434
296.958
296.512
296.139
295.787
295.486
295.2
294.948
294.696
294.405
294.096
293.731
293.34
292.869
292.359
291.753
291.235
290.743
290.326
289.924
289.573
289.226
288.911
288.575
288.178
287.89
287.683
287.518
287.367
287.204
320.048
319.657
319.18
318.706
318.259
317.856
317.487
317.147
316.815
316.476
316.122
315.743
315.34
314.903
314.443
313.963
313.506
313.078
312.686
312.323
311.99
311.675
311.377
311.079
310.768
310.44
310.085
309.705
309.291
308.852
308.393
307.955
307.542
307.164
306.812
306.488
306.181
305.888
305.596
305.29
304.967
304.617
304.241
303.831
303.397
302.942
302.507
302.098
301.722
301.371
301.048
300.742
300.449
300.156
299.849
299.525
299.172
298.794
298.381
297.942
297.482
297.042
296.627
296.245
295.889
295.559
295.247
294.947
294.646
294.329
293.992
293.625
293.227
292.791
292.324
291.832
291.359
290.91
290.495
290.104
289.739
289.391
289.058
288.728
288.401
288.115
287.871
287.656
287.454
287.252
319.762
319.409
319.013
318.605
318.203
317.817
317.448
317.093
316.742
316.388
316.024
315.645
315.249
314.835
314.408
313.974
313.55
313.142
312.755
312.388
312.039
311.704
311.378
311.053
310.721
310.377
310.017
309.64
309.243
308.833
308.416
308.006
307.611
307.236
306.878
306.538
306.21
305.89
305.57
305.243
304.904
304.548
304.175
303.783
303.376
302.962
302.555
302.163
301.789
301.434
301.094
300.767
300.447
300.127
299.799
299.458
299.101
298.725
298.329
297.919
297.501
297.09
296.693
296.314
295.953
295.608
295.275
294.948
294.62
294.283
293.932
293.561
293.169
292.756
292.325
291.885
291.45
291.029
290.628
290.246
289.882
289.533
289.199
288.876
288.566
288.279
288.017
287.774
287.543
287.315
319.551
319.221
318.865
318.495
318.122
317.753
317.39
317.032
316.675
316.315
315.948
315.572
315.184
314.786
314.381
313.973
313.57
313.176
312.794
312.425
312.069
311.721
311.378
311.037
310.691
310.338
309.975
309.601
309.216
308.824
308.428
308.036
307.653
307.28
306.92
306.57
306.229
305.892
305.555
305.214
304.865
304.506
304.136
303.755
303.365
302.973
302.583
302.202
301.831
301.472
301.123
300.782
300.445
300.108
299.767
299.417
299.056
298.683
298.299
297.907
297.511
297.118
296.732
296.357
295.994
295.64
295.293
294.951
294.607
294.258
293.899
293.528
293.143
292.746
292.34
291.928
291.52
291.121
290.734
290.361
290.002
289.656
289.324
289.004
288.698
288.408
288.135
287.876
287.626
287.382
319.386
319.07
318.736
318.389
318.036
317.68
317.325
316.969
316.612
316.252
315.886
315.514
315.134
314.748
314.358
313.966
313.576
313.192
312.815
312.446
312.085
311.73
311.378
311.026
310.672
310.314
309.95
309.578
309.201
308.819
308.436
308.054
307.678
307.308
306.946
306.59
306.24
305.893
305.546
305.196
304.842
304.481
304.113
303.738
303.359
302.978
302.599
302.225
301.857
301.496
301.141
300.791
300.444
300.097
299.746
299.391
299.028
298.658
298.282
297.9
297.516
297.134
296.756
296.385
296.02
295.661
295.307
294.955
294.602
294.246
293.883
293.514
293.136
292.751
292.36
291.968
291.578
291.195
290.82
290.455
290.102
289.761
289.431
289.113
288.807
288.514
288.233
287.963
287.702
287.446
319.253
318.946
318.625
318.293
317.953
317.608
317.26
316.909
316.555
316.197
315.834
315.467
315.094
314.717
314.336
313.955
313.575
313.198
312.825
312.457
312.093
311.733
311.376
311.019
310.66
310.299
309.934
309.564
309.192
308.816
308.44
308.065
307.693
307.326
306.962
306.603
306.248
305.894
305.54
305.185
304.827
304.465
304.099
303.728
303.356
302.982
302.609
302.238
301.872
301.51
301.152
300.797
300.443
300.089
299.733
299.374
299.011
298.643
298.271
297.896
297.52
297.145
296.772
296.402
296.037
295.676
295.317
294.96
294.602
294.242
293.879
293.511
293.139
292.762
292.383
292.004
291.627
291.256
290.89
290.534
290.186
289.849
289.521
289.204
288.897
288.601
288.315
288.038
287.769
287.505
319.143
318.843
318.53
318.208
317.877
317.54
317.198
316.852
316.502
316.148
315.79
315.427
315.06
314.689
314.317
313.943
313.569
313.197
312.827
312.461
312.096
311.734
311.374
311.013
310.652
310.289
309.924
309.556
309.186
308.815
308.443
308.072
307.703
307.336
306.973
306.612
306.253
305.895
305.537
305.179
304.818
304.456
304.09
303.723
303.353
302.984
302.614
302.247
301.881
301.519
301.158
300.8
300.442
300.084
299.725
299.364
299.001
298.634
298.265
297.894
297.523
297.151
296.782
296.414
296.049
295.686
295.326
294.966
294.605
294.244
293.881
293.515
293.147
292.778
292.407
292.037
291.67
291.307
290.949
290.599
290.256
289.922
289.596
289.28
288.972
288.674
288.384
288.102
287.827
287.558
319.053
318.757
318.45
318.134
317.81
317.48
317.143
316.802
316.456
316.106
315.751
315.393
315.031
314.666
314.299
313.93
313.561
313.193
312.826
312.46
312.096
311.733
311.371
311.009
310.646
310.282
309.917
309.55
309.182
308.814
308.445
308.076
307.709
307.343
306.979
306.617
306.256
305.896
305.535
305.175
304.813
304.45
304.085
303.719
303.352
302.985
302.618
302.252
301.887
301.524
301.162
300.801
300.441
300.081
299.72
299.358
298.994
298.629
298.262
297.893
297.524
297.156
296.788
296.422
296.058
295.694
295.333
294.971
294.61
294.249
293.886
293.523
293.159
292.794
292.429
292.066
291.706
291.349
290.998
290.652
290.314
289.982
289.658
289.343
289.035
288.735
288.442
288.157
287.877
287.603
318.98
318.686
318.384
318.072
317.753
317.427
317.095
316.758
316.416
316.069
315.719
315.364
315.006
314.645
314.283
313.918
313.553
313.188
312.823
312.458
312.094
311.731
311.368
311.005
310.642
310.278
309.913
309.547
309.18
308.813
308.446
308.079
307.712
307.347
306.983
306.62
306.258
305.896
305.534
305.173
304.81
304.447
304.082
303.717
303.351
302.985
302.62
302.255
301.89
301.527
301.164
300.803
300.441
300.079
299.717
299.354
298.991
298.626
298.26
297.893
297.526
297.159
296.793
296.428
296.064
295.701
295.339
294.977
294.616
294.255
293.893
293.532
293.171
292.81
292.45
292.092
291.736
291.385
291.038
290.696
290.361
290.031
289.709
289.394
289.086
288.784
288.49
288.202
287.919
287.642
318.921
318.629
318.329
318.021
317.706
317.384
317.055
316.721
316.383
316.039
315.692
315.34
314.986
314.628
314.269
313.907
313.545
313.182
312.818
312.455
312.092
311.729
311.366
311.002
310.639
310.275
309.91
309.545
309.179
308.812
308.446
308.08
307.715
307.35
306.986
306.622
306.259
305.896
305.534
305.171
304.808
304.445
304.08
303.716
303.351
302.986
302.621
302.256
301.892
301.529
301.166
300.803
300.441
300.078
299.715
299.352
298.988
298.624
298.258
297.893
297.527
297.162
296.797
296.432
296.069
295.706
295.344
294.982
294.621
294.261
293.901
293.541
293.182
292.824
292.467
292.113
291.762
291.414
291.07
290.731
290.398
290.071
289.75
289.435
289.127
288.825
288.529
288.239
287.954
287.675
318.875
318.585
318.287
317.981
317.668
317.349
317.023
316.692
316.356
316.015
315.67
315.321
314.969
314.614
314.257
313.898
313.538
313.176
312.814
312.452
312.089
311.727
311.363
311
310.636
310.272
309.908
309.543
309.178
308.812
308.447
308.081
307.716
307.351
306.987
306.623
306.26
305.897
305.534
305.171
304.807
304.443
304.079
303.715
303.351
302.986
302.622
302.257
301.893
301.53
301.166
300.803
300.44
300.078
299.714
299.351
298.987
298.623
298.258
297.893
297.528
297.164
296.799
296.435
296.072
295.71
295.348
294.987
294.626
294.266
293.907
293.549
293.192
292.836
292.482
292.13
291.782
291.436
291.095
290.759
290.428
290.102
289.781
289.467
289.158
288.856
288.559
288.268
287.981
287.7
318.841
318.552
318.255
317.951
317.64
317.323
316.999
316.67
316.336
315.997
315.654
315.307
314.956
314.604
314.248
313.891
313.532
313.172
312.811
312.449
312.087
311.725
311.362
310.998
310.635
310.271
309.907
309.542
309.177
308.812
308.447
308.082
307.717
307.352
306.988
306.624
306.26
305.897
305.534
305.17
304.807
304.443
304.079
303.715
303.35
302.986
302.622
302.258
301.894
301.53
301.167
300.804
300.44
300.077
299.714
299.35
298.986
298.622
298.258
297.893
297.529
297.165
296.801
296.438
296.075
295.713
295.351
294.99
294.63
294.271
293.912
293.555
293.199
292.845
292.493
292.143
291.796
291.453
291.114
290.779
290.449
290.124
289.804
289.49
289.182
288.879
288.581
288.289
288.002
287.719
318.819
318.53
318.235
317.932
317.622
317.305
316.983
316.655
316.322
315.984
315.643
315.297
314.948
314.596
314.242
313.886
313.528
313.169
312.808
312.447
312.085
311.723
311.36
310.997
310.634
310.27
309.906
309.541
309.176
308.812
308.447
308.082
307.717
307.353
306.989
306.625
306.261
305.897
305.534
305.17
304.806
304.442
304.079
303.714
303.35
302.986
302.622
302.258
301.894
301.531
301.167
300.804
300.44
300.077
299.713
299.35
298.986
298.622
298.258
297.894
297.53
297.166
296.802
296.439
296.077
295.715
295.353
294.993
294.633
294.274
293.916
293.56
293.205
292.851
292.5
292.152
291.806
291.464
291.126
290.792
290.463
290.139
289.819
289.506
289.197
288.894
288.596
288.303
288.015
287.732
318.808
318.52
318.224
317.922
317.612
317.297
316.975
316.648
316.315
315.978
315.637
315.292
314.944
314.593
314.239
313.883
313.526
313.167
312.807
312.446
312.085
311.722
311.36
310.997
310.633
310.269
309.905
309.541
309.176
308.812
308.447
308.082
307.718
307.353
306.989
306.625
306.261
305.897
305.533
305.17
304.806
304.442
304.078
303.714
303.35
302.986
302.622
302.258
301.895
301.531
301.167
300.804
300.44
300.077
299.713
299.349
298.986
298.622
298.258
297.894
297.53
297.166
296.803
296.44
296.077
295.716
295.354
294.994
294.634
294.276
293.918
293.562
293.207
292.855
292.504
292.156
291.811
291.47
291.132
290.799
290.47
290.146
289.827
289.513
289.205
288.901
288.603
288.31
288.022
287.738
286.996
286.704
286.399
286.096
285.799
285.509
285.227
284.951
284.68
284.414
284.152
283.893
283.636
283.381
283.127
286.988
286.715
286.426
286.133
285.84
285.552
285.268
284.989
284.715
284.445
284.177
283.913
283.651
283.39
283.13
287.017
286.743
286.458
286.168
285.878
285.59
285.305
285.023
284.746
284.471
284.2
283.931
283.663
283.397
283.132
287.063
286.781
286.494
286.204
285.913
285.624
285.338
285.054
284.773
284.495
284.22
283.946
283.675
283.404
283.135
287.116
286.825
286.532
286.24
285.947
285.656
285.368
285.081
284.798
284.516
284.237
283.96
283.685
283.41
283.137
287.169
286.87
286.572
286.275
285.98
285.686
285.395
285.106
284.82
284.536
284.253
283.973
283.694
283.416
283.139
287.22
286.913
286.61
286.309
286.01
285.714
285.42
285.129
284.84
284.553
284.267
283.984
283.702
283.421
283.14
287.266
286.954
286.646
286.341
286.039
285.74
285.443
285.149
284.857
284.568
284.28
283.994
283.709
283.425
283.142
287.307
286.99
286.678
286.369
286.064
285.762
285.463
285.167
284.873
284.581
284.291
284.002
283.715
283.429
283.143
287.343
287.022
286.706
286.394
286.087
285.782
285.481
285.182
284.886
284.592
284.3
284.01
283.72
283.432
283.144
287.372
287.048
286.73
286.416
286.106
285.799
285.496
285.195
284.898
284.602
284.308
284.016
283.725
283.434
283.145
287.396
287.07
286.749
286.433
286.121
285.813
285.508
285.206
284.907
284.61
284.314
284.021
283.728
283.437
283.145
287.413
287.086
286.763
286.446
286.133
285.823
285.517
285.214
284.913
284.615
284.319
284.024
283.731
283.438
283.146
287.425
287.096
286.773
286.455
286.14
285.83
285.523
285.219
284.918
284.619
284.322
284.027
283.732
283.439
283.146
287.431
287.102
286.778
286.459
286.144
285.833
285.526
285.222
284.92
284.621
284.324
284.028
283.733
283.44
283.146
)
;

boundaryField
{
    hot
    {
        type            fixedValue;
        value           uniform 323;
    }
    cold
    {
        type            fixedValue;
        value           uniform 283;
    }
    interface_left
    {
        type            fixedValue;
        value           nonuniform List<scalar> 
90
(
319.195
319.195
320.686
320.686
321.104
321.104
321.309
321.309
321.309
321.45
321.45
321.605
321.605
321.776
321.776
322.073
322.073
322.188
322.188
322.258
322.258
322.3
322.3
322.3
322.332
322.332
322.368
322.368
322.41
322.41
322.484
322.484
322.513
322.513
322.531
322.531
322.541
322.541
322.541
322.548
322.548
322.557
322.557
322.565
322.565
322.578
322.578
322.582
322.582
322.583
322.583
322.583
322.583
322.583
322.581
322.581
322.576
322.576
322.566
322.566
322.539
322.539
322.523
322.523
322.507
322.507
322.493
322.493
322.493
322.474
322.474
322.441
322.441
322.385
322.385
322.235
322.235
322.148
322.148
322.067
322.067
321.992
321.992
321.992
321.837
321.837
321.837
321.837
321.837
321.837
)
;
    }
    interface_right
    {
        type            fixedValue;
        value           nonuniform List<scalar> 
90
(
290.737
290.737
287.11
287.11
286.237
286.237
285.833
285.833
285.833
285.564
285.564
285.273
285.273
284.954
284.954
284.403
284.403
284.191
284.191
284.063
284.063
283.988
283.988
283.988
283.93
283.93
283.863
283.863
283.789
283.789
283.66
283.66
283.611
283.611
283.582
283.582
283.566
283.566
283.566
283.556
283.556
283.546
283.546
283.54
283.54
283.539
283.539
283.545
283.545
283.553
283.553
283.563
283.563
283.563
283.578
283.578
283.605
283.605
283.652
283.652
283.776
283.776
283.846
283.846
283.91
283.91
283.966
283.966
283.966
284.039
284.039
284.165
284.165
284.377
284.377
284.938
284.938
285.275
285.275
285.605
285.605
285.96
285.96
285.96
287.278
287.278
287.278
287.278
287.278
287.278
)
;
    }
    interface_top
    {
        type            fixedValue;
        value           nonuniform List<scalar> 
90
(
321.837
321.837
318.757
318.757
317.779
317.779
317.209
317.209
317.209
316.703
316.703
316.033
316.033
315.145
315.145
313.292
313.292
312.433
312.433
311.81
311.81
311.367
311.367
311.367
310.928
310.928
310.319
310.319
309.493
309.493
307.737
307.737
306.915
306.915
306.314
306.314
305.883
305.883
305.883
305.453
305.453
304.855
304.855
304.039
304.039
302.301
302.301
301.485
301.485
300.886
300.886
300.456
300.456
300.456
300.025
300.025
299.423
299.423
298.6
298.6
296.839
296.839
296.009
296.009
295.397
295.397
294.954
294.954
294.954
294.506
294.506
293.874
293.874
292.996
292.996
291.078
291.078
290.138
290.138
289.4
289.4
288.786
288.786
288.786
287.278
287.278
287.278
287.278
287.278
287.278
)
;
    }
    interface_bottom
    {
        type            fixedValue;
        value           nonuniform List<scalar> 
90
(
319.195
319.195
317.388
317.388
316.664
316.664
316.204
316.204
316.204
315.773
315.773
315.189
315.189
314.406
314.406
312.76
312.76
311.994
311.994
311.437
311.437
311.04
311.04
311.04
310.645
310.645
310.098
310.098
309.354
309.354
307.776
307.776
307.038
307.038
306.498
306.498
306.111
306.111
306.111
305.725
305.725
305.188
305.188
304.455
304.455
302.896
302.896
302.165
302.165
301.628
301.628
301.243
301.243
301.243
300.857
300.857
300.319
300.319
299.583
299.583
298.015
298.015
297.277
297.277
296.736
296.736
296.345
296.345
296.345
295.954
295.954
295.408
295.408
294.66
294.66
293.067
293.067
292.315
292.315
291.759
291.759
291.349
291.349
291.349
290.737
290.737
290.737
290.737
290.737
290.737
)
;
    }
    defaultFaces
    {
        type            empty;
    }
}


// ************************************************************************* //
