/*--------------------------------*- C++ -*----------------------------------*\
| =========                 |                                                 |
| \\      /  F ield         | OpenFOAM: The Open Source CFD Toolbox           |
|  \\    /   O peration     | Version:  5.x                                   |
|   \\  /    A nd           | Web:      www.OpenFOAM.org                      |
|    \\/     M anipulation  |                                                 |
\*---------------------------------------------------------------------------*/
FoamFile
{
    version     2.0;
    format      ascii;
    class       volScalarField;
    location    "9.6";
    object      T;
}
// * * * * * * * * * * * * * * * * * * * * * * * * * * * * * * * * * * * * * //

dimensions      [0 0 0 1 0 0 0];

internalField   nonuniform List<scalar> 
6300
(
322.841
322.522
322.202
321.88
321.555
321.228
320.897
320.562
320.222
319.876
319.525
319.169
318.806
318.437
318.063
322.841
322.523
322.203
321.882
321.559
321.232
320.901
320.566
320.227
319.882
319.531
319.175
318.812
318.443
318.069
322.842
322.525
322.207
321.887
321.565
321.239
320.91
320.576
320.237
319.893
319.543
319.187
318.824
318.455
318.08
322.843
322.528
322.212
321.894
321.574
321.251
320.923
320.591
320.253
319.91
319.561
319.205
318.842
318.473
318.098
322.844
322.532
322.219
321.904
321.587
321.266
320.941
320.611
320.275
319.933
319.585
319.23
318.867
318.498
318.121
322.846
322.538
322.229
321.917
321.603
321.285
320.963
320.636
320.303
319.963
319.616
319.262
318.899
318.529
318.151
322.848
322.545
322.24
321.933
321.623
321.309
320.991
320.667
320.337
320
319.655
319.302
318.94
318.568
318.189
322.851
322.553
322.253
321.951
321.646
321.338
321.024
320.705
320.379
320.045
319.702
319.35
318.989
318.616
318.234
322.854
322.562
322.268
321.972
321.674
321.371
321.063
320.749
320.428
320.098
319.759
319.409
319.048
318.674
318.289
322.858
322.572
322.286
321.997
321.705
321.409
321.108
320.8
320.485
320.161
319.826
319.479
319.119
318.744
318.355
322.861
322.584
322.305
322.024
321.74
321.453
321.159
320.86
320.552
320.235
319.906
319.563
319.205
318.829
318.435
322.866
322.597
322.327
322.055
321.78
321.501
321.217
320.927
320.628
320.32
319.999
319.663
319.308
318.933
318.533
322.87
322.611
322.351
322.088
321.823
321.555
321.282
321.002
320.715
320.417
320.107
319.78
319.433
319.06
318.658
322.876
322.626
322.376
322.124
321.87
321.613
321.352
321.085
320.811
320.528
320.232
319.918
319.582
319.217
318.819
322.881
322.642
322.403
322.163
321.921
321.676
321.428
321.176
320.918
320.651
320.374
320.079
319.76
319.406
319.014
317.715
317.394
317.07
316.743
316.412
316.079
315.742
315.404
315.063
314.72
314.375
314.029
313.681
313.332
312.983
312.633
312.282
311.931
311.58
311.23
310.879
310.529
310.179
309.83
309.481
309.133
308.785
308.438
308.091
307.745
307.4
307.055
306.712
306.369
306.028
305.687
305.348
305.009
304.672
304.336
304
303.665
303.332
302.999
302.667
302.336
302.006
301.677
301.35
301.023
300.698
300.374
300.05
299.728
299.407
299.087
298.768
298.449
298.131
297.815
297.499
297.184
296.87
296.557
296.246
295.935
295.625
295.316
295.008
294.701
294.394
294.089
293.783
293.479
293.175
292.872
292.569
292.267
291.965
291.664
291.364
291.063
290.763
290.462
290.162
289.86
289.558
289.256
288.952
288.648
317.72
317.399
317.075
316.747
316.416
316.082
315.746
315.407
315.066
314.723
314.378
314.031
313.683
313.334
312.984
312.633
312.282
311.931
311.58
311.229
310.879
310.528
310.179
309.829
309.481
309.132
308.784
308.437
308.09
307.744
307.398
307.054
306.71
306.368
306.026
305.686
305.346
305.008
304.671
304.334
303.999
303.664
303.33
302.997
302.665
302.334
302.004
301.676
301.348
301.022
300.696
300.372
300.049
299.727
299.406
299.086
298.766
298.448
298.13
297.813
297.498
297.183
296.869
296.556
296.244
295.934
295.624
295.315
295.007
294.7
294.393
294.088
293.783
293.478
293.174
292.871
292.568
292.266
291.965
291.664
291.363
291.063
290.763
290.463
290.162
289.861
289.56
289.257
288.953
288.649
317.731
317.41
317.085
316.756
316.425
316.09
315.753
315.413
315.072
314.728
314.382
314.035
313.686
313.336
312.985
312.634
312.283
311.931
311.579
311.228
310.878
310.527
310.178
309.828
309.479
309.131
308.783
308.435
308.088
307.742
307.396
307.051
306.707
306.365
306.023
305.683
305.343
305.005
304.668
304.332
303.996
303.662
303.328
302.995
302.663
302.331
302.001
301.672
301.345
301.018
300.693
300.369
300.046
299.724
299.403
299.083
298.764
298.445
298.128
297.811
297.495
297.18
296.866
296.553
296.241
295.931
295.621
295.313
295.005
294.698
294.392
294.086
293.781
293.476
293.172
292.869
292.566
292.264
291.963
291.663
291.362
291.063
290.763
290.464
290.164
289.863
289.562
289.26
288.956
288.651
317.748
317.425
317.099
316.77
316.437
316.102
315.764
315.423
315.08
314.736
314.389
314.041
313.691
313.34
312.988
312.636
312.283
311.931
311.578
311.227
310.876
310.525
310.176
309.826
309.477
309.129
308.781
308.433
308.085
307.738
307.392
307.047
306.703
306.36
306.018
305.678
305.339
305.001
304.664
304.328
303.993
303.658
303.324
302.991
302.658
302.327
301.996
301.667
301.34
301.013
300.688
300.364
300.042
299.72
299.399
299.08
298.76
298.442
298.124
297.807
297.491
297.175
296.861
296.548
296.237
295.926
295.617
295.309
295.001
294.695
294.389
294.083
293.778
293.474
293.17
292.866
292.564
292.262
291.961
291.661
291.361
291.062
290.764
290.465
290.166
289.866
289.566
289.264
288.961
288.656
317.77
317.446
317.119
316.788
316.454
316.117
315.778
315.436
315.092
314.746
314.398
314.049
313.697
313.345
312.991
312.637
312.283
311.93
311.577
311.225
310.873
310.523
310.173
309.824
309.475
309.126
308.778
308.43
308.082
307.734
307.387
307.041
306.697
306.353
306.012
305.672
305.333
304.995
304.659
304.323
303.988
303.653
303.319
302.986
302.653
302.321
301.99
301.66
301.332
301.006
300.681
300.358
300.036
299.715
299.394
299.075
298.756
298.437
298.119
297.801
297.485
297.169
296.855
296.542
296.23
295.92
295.612
295.304
294.997
294.691
294.385
294.08
293.775
293.47
293.166
292.862
292.56
292.258
291.957
291.658
291.359
291.061
290.764
290.467
290.169
289.871
289.571
289.27
288.967
288.662
317.798
317.473
317.143
316.81
316.474
316.136
315.795
315.452
315.107
314.76
314.41
314.059
313.706
313.351
312.995
312.639
312.283
311.928
311.574
311.221
310.869
310.519
310.17
309.821
309.472
309.124
308.775
308.426
308.077
307.729
307.381
307.034
306.688
306.345
306.003
305.663
305.325
304.988
304.652
304.317
303.982
303.648
303.314
302.979
302.646
302.313
301.981
301.651
301.323
300.997
300.672
300.35
300.028
299.708
299.389
299.07
298.751
298.432
298.113
297.795
297.478
297.161
296.847
296.534
296.222
295.913
295.604
295.298
294.992
294.686
294.381
294.076
293.771
293.466
293.161
292.857
292.554
292.252
291.952
291.653
291.356
291.06
290.764
290.469
290.174
289.877
289.579
289.279
288.977
288.671
317.833
317.505
317.173
316.837
316.499
316.158
315.816
315.471
315.125
314.776
314.425
314.072
313.716
313.359
313
312.641
312.282
311.925
311.569
311.215
310.864
310.514
310.165
309.817
309.47
309.121
308.773
308.423
308.073
307.722
307.373
307.024
306.678
306.333
305.991
305.652
305.315
304.979
304.645
304.311
303.977
303.642
303.308
302.972
302.637
302.303
301.97
301.639
301.311
300.985
300.661
300.339
300.019
299.701
299.382
299.064
298.745
298.426
298.107
297.787
297.469
297.151
296.836
296.522
296.211
295.903
295.596
295.29
294.986
294.681
294.377
294.072
293.767
293.461
293.156
292.851
292.547
292.245
291.945
291.647
291.351
291.057
290.764
290.472
290.18
289.886
289.59
289.292
288.99
288.684
317.875
317.544
317.207
316.868
316.526
316.183
315.839
315.493
315.146
314.796
314.444
314.088
313.729
313.368
313.005
312.642
312.28
311.919
311.561
311.207
310.856
310.507
310.16
309.814
309.467
309.12
308.771
308.42
308.068
307.715
307.363
307.012
306.663
306.318
305.976
305.638
305.303
304.969
304.637
304.305
303.972
303.638
303.302
302.965
302.628
302.292
301.957
301.624
301.295
300.969
300.646
300.327
300.009
299.692
299.376
299.059
298.74
298.421
298.1
297.779
297.458
297.139
296.822
296.508
296.197
295.89
295.585
295.281
294.979
294.677
294.374
294.069
293.764
293.457
293.15
292.843
292.537
292.234
291.934
291.637
291.343
291.052
290.764
290.476
290.188
289.898
289.606
289.309
289.008
288.702
317.925
317.588
317.247
316.902
316.556
316.21
315.864
315.518
315.17
314.82
314.467
314.109
313.746
313.38
313.011
312.642
312.274
311.909
311.549
311.194
310.844
310.497
310.153
309.81
309.467
309.121
308.772
308.42
308.065
307.708
307.351
306.996
306.645
306.298
305.956
305.62
305.287
304.957
304.629
304.299
303.968
303.635
303.298
302.959
302.618
302.278
301.939
301.604
301.274
300.949
300.628
300.311
299.997
299.684
299.37
299.055
298.738
298.417
298.094
297.77
297.446
297.123
296.804
296.489
296.179
295.873
295.571
295.271
294.972
294.673
294.372
294.068
293.762
293.453
293.143
292.833
292.524
292.219
291.919
291.623
291.332
291.045
290.761
290.479
290.197
289.914
289.627
289.334
289.034
288.727
317.985
317.64
317.29
316.938
316.586
316.237
315.89
315.544
315.199
314.85
314.496
314.136
313.769
313.395
313.018
312.64
312.264
311.893
311.529
311.174
310.826
310.484
310.146
309.808
309.469
309.126
308.778
308.423
308.064
307.7
307.336
306.975
306.619
306.27
305.93
305.596
305.268
304.944
304.621
304.297
303.969
303.636
303.298
302.955
302.608
302.261
301.917
301.578
301.246
300.922
300.604
300.292
299.983
299.676
299.367
299.055
298.739
298.417
298.09
297.76
297.43
297.103
296.78
296.463
296.154
295.851
295.554
295.26
294.966
294.672
294.374
294.071
293.763
293.451
293.136
292.82
292.507
292.198
291.896
291.602
291.314
291.033
290.757
290.483
290.21
289.935
289.655
289.368
289.071
288.763
318.056
317.7
317.336
316.972
316.612
316.259
315.913
315.572
315.231
314.886
314.534
314.172
313.8
313.417
313.027
312.634
312.245
311.866
311.498
311.143
310.8
310.465
310.136
309.808
309.477
309.139
308.792
308.435
308.068
307.694
307.318
306.946
306.583
306.232
305.892
305.563
305.244
304.929
304.615
304.299
303.976
303.645
303.304
302.955
302.599
302.241
301.887
301.542
301.207
300.884
300.572
300.268
299.968
299.67
299.369
299.062
298.747
298.423
298.091
297.752
297.412
297.075
296.746
296.428
296.12
295.822
295.532
295.247
294.962
294.675
294.382
294.081
293.772
293.454
293.13
292.804
292.482
292.168
291.863
291.57
291.288
291.014
290.748
290.485
290.225
289.962
289.695
289.417
289.125
288.815
318.143
317.77
317.384
317.001
316.629
316.272
315.93
315.598
315.268
314.933
314.587
314.225
313.846
313.449
313.039
312.622
312.214
311.822
311.449
311.096
310.761
310.439
310.126
309.813
309.495
309.166
308.821
308.46
308.082
307.691
307.294
306.905
306.531
306.176
305.839
305.519
305.211
304.912
304.614
304.31
303.996
303.668
303.324
302.964
302.592
302.215
301.845
301.49
301.152
300.832
300.528
300.236
299.952
299.668
299.38
299.081
298.769
298.442
298.1
297.746
297.387
297.036
296.697
296.376
296.071
295.782
295.504
295.233
294.962
294.687
294.402
294.104
293.792
293.465
293.126
292.783
292.446
292.122
291.815
291.524
291.248
290.986
290.733
290.486
290.241
289.997
289.749
289.488
289.204
288.892
318.258
317.859
317.428
317.013
316.622
316.265
315.933
315.621
315.314
314.996
314.662
314.302
313.918
313.5
313.059
312.599
312.16
311.749
311.372
311.023
310.703
310.4
310.113
309.827
309.528
309.214
308.874
308.51
308.114
307.695
307.259
306.842
306.451
306.093
305.761
305.455
305.168
304.894
304.621
304.337
304.037
303.713
303.367
302.991
302.593
302.178
301.783
301.412
301.072
300.757
300.467
300.193
299.933
299.674
299.404
299.119
298.812
298.483
298.125
297.747
297.353
296.977
296.624
296.301
296.001
295.725
295.465
295.217
294.97
294.713
294.441
294.148
293.833
293.492
293.13
292.752
292.392
292.053
291.742
291.454
291.19
290.942
290.71
290.484
290.258
290.039
289.821
289.589
289.326
289.013
318.421
317.994
317.449
316.989
316.567
316.222
315.906
315.638
315.376
315.081
314.773
314.415
314.036
313.586
313.107
312.544
312.068
311.625
311.256
310.91
310.617
310.34
310.099
309.859
309.585
309.298
308.961
308.605
308.18
307.727
307.194
306.743
306.323
305.974
305.645
305.367
305.103
304.874
304.645
304.385
304.111
303.791
303.452
303.049
302.618
302.113
301.686
301.288
300.956
300.645
300.381
300.131
299.914
299.697
299.449
299.19
298.886
298.564
298.181
297.772
297.292
296.886
296.508
296.193
295.897
295.645
295.408
295.2
294.994
294.758
294.511
294.221
293.914
293.548
293.157
292.696
292.306
291.942
291.638
291.351
291.108
290.877
290.678
290.48
290.263
290.08
289.914
289.737
289.519
289.216
318.678
318.297
317.346
316.91
316.402
316.138
315.81
315.645
315.486
315.184
314.958
314.555
314.259
313.715
313.276
312.363
311.928
311.395
311.107
310.721
310.509
310.228
310.083
309.939
309.662
309.453
309.077
308.799
308.286
307.872
307.01
306.599
306.095
305.823
305.458
305.256
304.99
304.853
304.716
304.452
304.253
303.896
303.631
303.145
302.752
301.935
301.546
301.069
300.812
300.466
300.275
300.023
299.893
299.763
299.513
299.324
298.985
298.734
298.273
297.9
297.125
296.755
296.302
296.057
295.728
295.546
295.307
295.182
295.059
294.821
294.642
294.319
294.08
293.641
293.284
292.539
292.183
291.745
291.507
291.186
291.007
290.768
290.642
290.507
290.218
290.097
290.021
289.945
289.833
289.605
288.312
287.944
287.575
287.206
286.837
286.468
286.099
285.731
285.364
284.998
284.633
284.269
283.906
283.543
283.181
288.313
287.945
287.576
287.207
286.837
286.467
286.098
285.73
285.363
284.997
284.632
284.268
283.905
283.543
283.181
288.315
287.947
287.577
287.207
286.837
286.466
286.097
285.728
285.361
284.995
284.63
284.267
283.904
283.542
283.181
288.319
287.95
287.579
287.208
286.836
286.465
286.094
285.725
285.358
284.992
284.627
284.264
283.902
283.541
283.18
288.325
287.954
287.582
287.208
286.835
286.462
286.091
285.721
285.353
284.987
284.622
284.26
283.899
283.539
283.18
288.333
287.96
287.585
287.209
286.833
286.458
286.085
285.714
285.346
284.98
284.616
284.255
283.895
283.536
283.179
288.344
287.968
287.59
287.21
286.831
286.453
286.078
285.705
285.336
284.971
284.608
284.248
283.89
283.533
283.178
288.359
287.979
287.596
287.211
286.827
286.445
286.067
285.693
285.324
284.958
284.597
284.239
283.883
283.529
283.176
288.381
287.995
287.603
287.211
286.82
286.433
286.052
285.677
285.307
284.942
284.583
284.227
283.874
283.524
283.174
288.411
288.015
287.612
287.209
286.809
286.416
286.031
285.654
285.285
284.922
284.565
284.212
283.863
283.517
283.172
288.454
288.041
287.621
287.203
286.792
286.392
286.003
285.624
285.256
284.895
284.542
284.194
283.85
283.509
283.169
288.515
288.076
287.629
287.189
286.764
286.356
285.963
285.585
285.219
284.862
284.514
284.171
283.834
283.499
283.166
288.606
288.118
287.629
287.161
286.719
286.303
285.91
285.533
285.172
284.821
284.479
284.144
283.814
283.487
283.162
288.74
288.16
287.608
287.106
286.649
286.23
285.838
285.468
285.114
284.771
284.438
284.112
283.791
283.473
283.158
288.935
288.175
287.538
287.004
286.542
286.128
285.745
285.386
285.043
284.712
284.391
284.075
283.765
283.458
283.152
322.886
322.658
322.429
322.2
321.969
321.736
321.502
321.264
321.022
320.775
320.519
320.25
319.956
319.613
319.169
322.891
322.672
322.453
322.234
322.014
321.793
321.571
321.347
321.121
320.893
320.661
320.421
320.167
319.872
319.429
322.896
322.687
322.478
322.269
322.06
321.85
321.641
321.432
321.223
321.014
320.807
320.603
320.406
320.234
320.172
322.9
322.701
322.502
322.304
322.105
321.908
321.711
321.516
321.323
321.134
320.952
320.78
320.629
320.517
320.474
322.905
322.716
322.527
322.338
322.151
321.964
321.78
321.598
321.421
321.25
321.088
320.943
320.824
320.752
320.772
322.91
322.73
322.551
322.372
322.195
322.02
321.847
321.678
321.515
321.359
321.214
321.087
320.986
320.923
320.909
322.915
322.744
322.574
322.405
322.238
322.073
321.912
321.754
321.603
321.46
321.328
321.213
321.121
321.062
321.054
322.919
322.758
322.597
322.437
322.28
322.125
321.973
321.826
321.685
321.553
321.431
321.323
321.233
321.165
321.12
322.923
322.771
322.619
322.468
322.319
322.173
322.031
321.894
321.762
321.638
321.524
321.42
321.33
321.251
321.173
322.928
322.783
322.639
322.497
322.357
322.22
322.086
321.957
321.834
321.717
321.609
321.509
321.419
321.336
321.263
322.932
322.795
322.659
322.525
322.393
322.263
322.138
322.017
321.901
321.791
321.688
321.592
321.502
321.415
321.323
322.935
322.806
322.678
322.551
322.426
322.305
322.186
322.072
321.963
321.86
321.762
321.67
321.583
321.498
321.419
322.939
322.817
322.696
322.576
322.458
322.343
322.232
322.125
322.022
321.925
321.832
321.745
321.661
321.577
321.482
322.942
322.827
322.712
322.599
322.488
322.38
322.275
322.174
322.077
321.986
321.899
321.818
321.74
321.664
321.59
322.945
322.836
322.728
322.621
322.516
322.414
322.315
322.22
322.129
322.043
321.963
321.888
321.817
321.75
321.669
322.948
322.845
322.743
322.641
322.542
322.446
322.352
322.263
322.177
322.097
322.022
321.954
321.893
321.844
321.823
322.951
322.853
322.756
322.661
322.567
322.476
322.387
322.303
322.222
322.147
322.077
322.015
321.962
321.92
321.893
322.954
322.861
322.769
322.678
322.59
322.503
322.42
322.34
322.264
322.193
322.128
322.07
322.021
321.986
321.971
322.956
322.868
322.781
322.695
322.611
322.529
322.449
322.374
322.302
322.235
322.173
322.118
322.072
322.037
322.01
322.958
322.875
322.792
322.71
322.63
322.552
322.477
322.405
322.336
322.272
322.214
322.161
322.116
322.081
322.059
322.96
322.881
322.802
322.724
322.648
322.574
322.502
322.433
322.368
322.307
322.25
322.198
322.153
322.115
322.084
322.962
322.887
322.812
322.738
322.665
322.594
322.526
322.46
322.397
322.337
322.282
322.231
322.185
322.146
322.114
322.964
322.892
322.82
322.75
322.681
322.613
322.547
322.484
322.423
322.366
322.311
322.26
322.213
322.17
322.129
322.966
322.897
322.829
322.761
322.695
322.63
322.567
322.506
322.448
322.392
322.338
322.287
322.239
322.191
322.142
322.967
322.901
322.836
322.772
322.708
322.646
322.586
322.527
322.47
322.416
322.363
322.312
322.263
322.214
322.167
322.969
322.906
322.843
322.782
322.721
322.661
322.603
322.546
322.491
322.438
322.387
322.336
322.287
322.237
322.183
322.97
322.91
322.85
322.791
322.732
322.675
322.619
322.564
322.511
322.46
322.409
322.36
322.311
322.262
322.212
322.971
322.913
322.856
322.799
322.743
322.688
322.634
322.582
322.53
322.48
322.432
322.384
322.336
322.286
322.232
322.972
322.917
322.862
322.807
322.753
322.7
322.649
322.598
322.548
322.5
322.453
322.407
322.361
322.315
322.268
322.973
322.92
322.867
322.815
322.763
322.712
322.662
322.613
322.565
322.519
322.474
322.43
322.387
322.344
322.294
322.974
322.923
322.872
322.822
322.772
322.723
322.675
322.628
322.582
322.537
322.494
322.453
322.413
322.377
322.349
322.975
322.926
322.877
322.828
322.78
322.733
322.687
322.641
322.597
322.554
322.513
322.474
322.437
322.404
322.374
322.976
322.929
322.881
322.835
322.788
322.743
322.698
322.654
322.611
322.57
322.531
322.493
322.459
322.428
322.404
322.977
322.931
322.886
322.84
322.796
322.752
322.708
322.666
322.625
322.585
322.547
322.511
322.477
322.447
322.42
322.978
322.934
322.889
322.846
322.803
322.76
322.718
322.677
322.637
322.599
322.562
322.527
322.494
322.464
322.439
322.979
322.936
322.893
322.851
322.809
322.768
322.727
322.688
322.649
322.611
322.575
322.541
322.508
322.478
322.45
322.979
322.938
322.897
322.856
322.815
322.775
322.736
322.697
322.66
322.623
322.588
322.553
322.521
322.49
322.463
322.98
322.94
322.9
322.86
322.821
322.782
322.744
322.706
322.67
322.634
322.599
322.565
322.532
322.5
322.469
322.981
322.942
322.903
322.864
322.826
322.789
322.752
322.715
322.679
322.644
322.61
322.576
322.543
322.51
322.475
322.981
322.943
322.906
322.868
322.831
322.795
322.759
322.723
322.688
322.654
322.62
322.586
322.553
322.52
322.486
322.982
322.945
322.908
322.872
322.836
322.801
322.765
322.731
322.697
322.663
322.63
322.597
322.564
322.53
322.494
322.982
322.947
322.911
322.876
322.841
322.806
322.772
322.738
322.705
322.672
322.64
322.607
322.575
322.542
322.509
322.983
322.948
322.913
322.879
322.845
322.811
322.778
322.745
322.713
322.681
322.649
322.618
322.586
322.554
322.518
322.983
322.949
322.916
322.882
322.849
322.816
322.784
322.752
322.72
322.689
322.659
322.628
322.598
322.567
322.536
322.984
322.951
322.918
322.885
322.853
322.821
322.789
322.758
322.728
322.698
322.668
322.639
322.61
322.582
322.549
322.984
322.952
322.92
322.888
322.856
322.825
322.795
322.764
322.735
322.706
322.677
322.65
322.623
322.598
322.577
322.984
322.953
322.922
322.89
322.86
322.829
322.799
322.77
322.741
322.713
322.686
322.659
322.634
322.611
322.59
322.985
322.954
322.923
322.893
322.863
322.833
322.804
322.775
322.747
322.72
322.693
322.668
322.644
322.623
322.605
322.985
322.955
322.925
322.895
322.866
322.836
322.808
322.78
322.753
322.726
322.7
322.676
322.653
322.632
322.612
322.985
322.956
322.926
322.897
322.868
322.839
322.812
322.784
322.757
322.732
322.707
322.683
322.661
322.64
322.622
322.985
322.956
322.927
322.899
322.87
322.842
322.815
322.788
322.762
322.736
322.712
322.689
322.667
322.646
322.627
322.986
322.957
322.928
322.9
322.872
322.845
322.818
322.791
322.765
322.741
322.717
322.694
322.672
322.652
322.633
322.986
322.957
322.929
322.901
322.874
322.847
322.82
322.794
322.769
322.744
322.721
322.698
322.676
322.656
322.636
322.986
322.958
322.93
322.902
322.875
322.848
322.822
322.796
322.771
322.747
322.724
322.701
322.68
322.659
322.638
322.986
322.958
322.93
322.903
322.876
322.849
322.823
322.798
322.773
322.75
322.727
322.704
322.683
322.662
322.643
322.986
322.958
322.931
322.904
322.877
322.85
322.824
322.799
322.775
322.751
322.729
322.707
322.686
322.665
322.645
322.986
322.958
322.931
322.904
322.877
322.851
322.825
322.8
322.776
322.752
322.73
322.708
322.688
322.668
322.649
322.986
322.958
322.931
322.904
322.877
322.851
322.825
322.8
322.776
322.753
322.731
322.71
322.689
322.67
322.651
322.986
322.958
322.931
322.903
322.876
322.85
322.825
322.8
322.776
322.753
322.731
322.71
322.69
322.672
322.654
322.986
322.958
322.93
322.903
322.876
322.849
322.824
322.799
322.775
322.752
322.73
322.71
322.69
322.672
322.655
322.986
322.957
322.929
322.902
322.874
322.848
322.822
322.797
322.773
322.75
322.729
322.709
322.689
322.672
322.656
322.986
322.957
322.928
322.9
322.873
322.846
322.82
322.795
322.771
322.748
322.727
322.706
322.688
322.67
322.655
322.985
322.956
322.927
322.898
322.87
322.843
322.817
322.792
322.768
322.745
322.723
322.703
322.685
322.668
322.652
322.985
322.955
322.925
322.896
322.868
322.84
322.813
322.788
322.763
322.74
322.719
322.699
322.681
322.664
322.649
322.985
322.954
322.923
322.894
322.864
322.836
322.809
322.783
322.758
322.735
322.714
322.694
322.676
322.66
322.644
322.984
322.953
322.921
322.89
322.86
322.831
322.804
322.777
322.752
322.729
322.707
322.688
322.67
322.655
322.641
322.984
322.951
322.919
322.887
322.856
322.826
322.797
322.77
322.745
322.721
322.699
322.68
322.663
322.648
322.634
322.983
322.949
322.916
322.883
322.851
322.82
322.79
322.762
322.736
322.712
322.69
322.671
322.655
322.641
322.63
322.982
322.947
322.912
322.878
322.845
322.812
322.782
322.753
322.726
322.701
322.679
322.66
322.644
322.632
322.624
322.982
322.945
322.908
322.872
322.838
322.804
322.772
322.742
322.714
322.688
322.666
322.646
322.631
322.62
322.613
322.981
322.942
322.904
322.866
322.83
322.795
322.761
322.73
322.7
322.674
322.65
322.63
322.615
322.605
322.602
322.98
322.939
322.899
322.86
322.821
322.784
322.749
322.716
322.685
322.657
322.632
322.611
322.595
322.585
322.58
322.979
322.936
322.894
322.852
322.812
322.773
322.735
322.7
322.668
322.638
322.611
322.589
322.571
322.561
322.562
322.977
322.932
322.888
322.844
322.801
322.76
322.72
322.683
322.648
322.616
322.587
322.563
322.543
322.529
322.524
322.976
322.928
322.881
322.835
322.789
322.746
322.704
322.664
322.627
322.592
322.561
322.533
322.51
322.492
322.489
322.975
322.924
322.874
322.825
322.777
322.73
322.686
322.644
322.604
322.567
322.532
322.501
322.472
322.445
322.411
322.973
322.919
322.866
322.814
322.763
322.714
322.666
322.621
322.579
322.539
322.501
322.467
322.434
322.402
322.371
322.971
322.914
322.858
322.802
322.748
322.696
322.645
322.597
322.552
322.509
322.469
322.431
322.394
322.358
322.315
322.97
322.909
322.849
322.79
322.732
322.676
322.623
322.571
322.523
322.478
322.435
322.394
322.356
322.318
322.282
322.968
322.903
322.839
322.776
322.715
322.655
322.598
322.544
322.492
322.444
322.399
322.357
322.316
322.276
322.232
322.965
322.897
322.828
322.761
322.696
322.633
322.572
322.514
322.46
322.409
322.361
322.317
322.276
322.237
322.201
322.963
322.89
322.817
322.746
322.676
322.608
322.543
322.482
322.424
322.371
322.321
322.276
322.235
322.196
322.155
322.961
322.882
322.805
322.729
322.654
322.582
322.513
322.447
322.386
322.329
322.278
322.233
322.192
322.158
322.129
322.958
322.875
322.792
322.71
322.631
322.554
322.48
322.41
322.344
322.285
322.231
322.185
322.146
322.114
322.097
322.955
322.866
322.778
322.691
322.606
322.523
322.444
322.369
322.299
322.236
322.18
322.133
322.094
322.061
322.022
322.952
322.857
322.763
322.67
322.579
322.49
322.405
322.324
322.249
322.181
322.122
322.074
322.038
322.012
321.989
322.949
322.848
322.747
322.648
322.55
322.455
322.363
322.276
322.194
322.121
322.057
322.007
321.974
321.961
321.965
322.946
322.838
322.73
322.624
322.519
322.417
322.318
322.223
322.134
322.053
321.983
321.929
321.897
321.897
321.936
322.942
322.827
322.713
322.599
322.487
322.377
322.27
322.166
322.068
321.978
321.898
321.835
321.798
321.805
321.884
322.939
322.817
322.695
322.574
322.454
322.335
322.219
322.106
321.997
321.894
321.801
321.723
321.669
321.663
321.764
289.139
288.077
287.378
286.846
286.401
286.004
285.64
285.296
284.968
284.65
284.341
284.037
283.738
283.442
283.147
288.765
287.736
287.117
286.643
286.237
285.871
285.529
285.204
284.891
284.588
284.291
284
283.711
283.426
283.142
287.286
287.111
286.755
286.392
286.047
285.719
285.406
285.103
284.809
284.521
284.238
283.959
283.683
283.409
283.136
286.704
286.612
286.396
286.129
285.845
285.559
285.275
284.996
284.721
284.45
284.182
283.917
283.654
283.392
283.13
286.154
286.197
286.075
285.877
285.644
285.396
285.142
284.887
284.632
284.378
284.125
283.874
283.623
283.374
283.124
285.905
285.899
285.806
285.649
285.453
285.237
285.01
284.777
284.541
284.304
284.067
283.829
283.592
283.355
283.118
285.647
285.659
285.581
285.447
285.278
285.087
284.882
284.669
284.451
284.231
284.008
283.785
283.561
283.337
283.112
285.531
285.484
285.395
285.27
285.117
284.945
284.759
284.565
284.364
284.158
283.951
283.741
283.53
283.318
283.106
285.439
285.337
285.234
285.112
284.97
284.813
284.643
284.464
284.279
284.088
283.894
283.698
283.499
283.3
283.1
285.28
285.191
285.086
284.967
284.835
284.69
284.534
284.369
284.197
284.02
283.84
283.656
283.47
283.282
283.094
285.177
285.056
284.947
284.832
284.708
284.574
284.43
284.278
284.12
283.955
283.787
283.615
283.441
283.265
283.089
285.007
284.914
284.811
284.703
284.588
284.464
284.332
284.192
284.046
283.893
283.737
283.576
283.413
283.249
283.083
284.897
284.779
284.68
284.58
284.474
284.361
284.24
284.111
283.975
283.834
283.689
283.539
283.387
283.233
283.078
284.712
284.632
284.548
284.46
284.366
284.263
284.152
284.034
283.909
283.779
283.643
283.504
283.362
283.218
283.073
284.577
284.487
284.418
284.345
284.262
284.171
284.07
283.962
283.847
283.726
283.601
283.471
283.338
283.204
283.068
284.316
284.328
284.292
284.236
284.166
284.085
283.994
283.895
283.789
283.677
283.56
283.44
283.316
283.191
283.064
284.199
284.203
284.18
284.136
284.077
284.005
283.923
283.833
283.735
283.632
283.523
283.411
283.296
283.178
283.06
284.071
284.095
284.083
284.048
283.997
283.933
283.858
283.775
283.685
283.589
283.488
283.384
283.276
283.167
283.056
284.007
284.013
284.001
283.971
283.925
283.867
283.799
283.723
283.639
283.55
283.456
283.359
283.258
283.156
283.052
283.932
283.944
283.933
283.904
283.862
283.809
283.746
283.675
283.598
283.515
283.427
283.336
283.242
283.146
283.049
283.893
283.891
283.876
283.847
283.807
283.757
283.698
283.632
283.56
283.482
283.4
283.315
283.227
283.137
283.046
283.85
283.846
283.828
283.799
283.759
283.711
283.656
283.594
283.526
283.453
283.376
283.296
283.213
283.128
283.043
283.829
283.812
283.788
283.757
283.717
283.671
283.618
283.559
283.495
283.426
283.354
283.278
283.2
283.121
283.04
283.811
283.783
283.754
283.72
283.68
283.635
283.584
283.528
283.467
283.402
283.334
283.262
283.189
283.114
283.038
283.781
283.754
283.722
283.687
283.647
283.603
283.554
283.5
283.442
283.38
283.316
283.248
283.179
283.108
283.036
283.762
283.727
283.694
283.657
283.618
283.574
283.527
283.475
283.42
283.361
283.299
283.235
283.169
283.102
283.034
283.731
283.7
283.666
283.63
283.591
283.549
283.503
283.453
283.4
283.344
283.285
283.224
283.161
283.097
283.032
283.711
283.675
283.641
283.605
283.567
283.525
283.481
283.433
283.382
283.328
283.272
283.214
283.154
283.093
283.031
283.679
283.649
283.616
283.582
283.545
283.504
283.461
283.415
283.366
283.314
283.26
283.204
283.147
283.089
283.03
283.657
283.624
283.593
283.56
283.525
283.486
283.444
283.399
283.352
283.302
283.25
283.196
283.141
283.085
283.028
283.615
283.598
283.572
283.541
283.507
283.469
283.428
283.385
283.339
283.291
283.241
283.189
283.136
283.082
283.027
283.598
283.578
283.554
283.524
283.491
283.454
283.415
283.373
283.328
283.281
283.233
283.183
283.131
283.079
283.026
283.58
283.563
283.539
283.51
283.477
283.442
283.403
283.362
283.318
283.273
283.226
283.177
283.127
283.077
283.026
283.572
283.551
283.527
283.498
283.466
283.431
283.393
283.353
283.31
283.266
283.22
283.172
283.124
283.075
283.025
283.564
283.543
283.518
283.489
283.457
283.422
283.385
283.345
283.304
283.26
283.215
283.169
283.121
283.073
283.024
283.56
283.537
283.511
283.482
283.45
283.415
283.378
283.339
283.298
283.255
283.211
283.165
283.119
283.072
283.024
283.558
283.533
283.506
283.477
283.445
283.41
283.373
283.335
283.294
283.251
283.208
283.163
283.117
283.07
283.024
283.557
283.531
283.504
283.474
283.441
283.407
283.37
283.331
283.291
283.249
283.205
283.161
283.115
283.07
283.023
283.557
283.531
283.502
283.472
283.439
283.405
283.368
283.329
283.289
283.247
283.204
283.159
283.114
283.069
283.023
283.558
283.532
283.503
283.472
283.439
283.404
283.367
283.328
283.287
283.246
283.203
283.159
283.114
283.069
283.023
283.56
283.534
283.505
283.474
283.44
283.404
283.367
283.328
283.287
283.245
283.202
283.158
283.114
283.068
283.023
283.565
283.538
283.509
283.477
283.443
283.406
283.369
283.329
283.288
283.246
283.203
283.159
283.114
283.068
283.023
283.57
283.544
283.514
283.481
283.446
283.41
283.371
283.331
283.29
283.247
283.204
283.159
283.114
283.069
283.023
283.581
283.553
283.521
283.487
283.451
283.414
283.375
283.334
283.292
283.249
283.205
283.161
283.115
283.069
283.023
283.592
283.563
283.53
283.495
283.458
283.419
283.379
283.338
283.296
283.252
283.208
283.162
283.116
283.07
283.023
283.615
283.577
283.541
283.503
283.465
283.426
283.385
283.343
283.3
283.255
283.21
283.164
283.118
283.071
283.024
283.628
283.59
283.552
283.513
283.473
283.433
283.391
283.348
283.304
283.259
283.214
283.167
283.12
283.072
283.024
283.645
283.603
283.563
283.523
283.482
283.441
283.398
283.355
283.31
283.264
283.217
283.17
283.122
283.073
283.024
283.654
283.615
283.574
283.533
283.492
283.45
283.406
283.362
283.316
283.269
283.222
283.173
283.124
283.075
283.025
283.669
283.627
283.586
283.544
283.502
283.459
283.415
283.37
283.323
283.275
283.227
283.177
283.127
283.076
283.025
283.678
283.638
283.597
283.556
283.513
283.47
283.425
283.378
283.331
283.282
283.232
283.181
283.13
283.078
283.026
283.691
283.65
283.609
283.568
283.525
283.481
283.435
283.388
283.339
283.289
283.238
283.186
283.133
283.08
283.027
283.698
283.661
283.622
283.581
283.538
283.493
283.447
283.398
283.348
283.297
283.245
283.191
283.137
283.083
283.028
283.706
283.673
283.636
283.596
283.553
283.507
283.459
283.41
283.359
283.306
283.252
283.197
283.141
283.085
283.028
283.722
283.689
283.652
283.612
283.568
283.522
283.473
283.422
283.37
283.316
283.26
283.203
283.146
283.088
283.029
283.736
283.707
283.671
283.631
283.586
283.539
283.489
283.436
283.382
283.326
283.269
283.21
283.151
283.091
283.03
283.762
283.73
283.694
283.652
283.607
283.558
283.506
283.452
283.396
283.338
283.278
283.218
283.156
283.094
283.031
283.782
283.756
283.719
283.676
283.629
283.578
283.525
283.468
283.41
283.35
283.289
283.226
283.162
283.098
283.033
283.823
283.789
283.749
283.704
283.654
283.601
283.545
283.487
283.426
283.364
283.3
283.235
283.168
283.101
283.034
283.858
283.827
283.783
283.734
283.681
283.625
283.567
283.506
283.443
283.379
283.312
283.244
283.175
283.105
283.035
283.936
283.874
283.82
283.766
283.71
283.652
283.591
283.528
283.462
283.395
283.325
283.255
283.183
283.11
283.037
283.974
283.916
283.858
283.8
283.741
283.68
283.616
283.55
283.482
283.412
283.34
283.266
283.191
283.115
283.038
284.026
283.957
283.896
283.835
283.773
283.709
283.643
283.575
283.504
283.43
283.355
283.278
283.199
283.12
283.04
284.055
283.994
283.932
283.87
283.806
283.741
283.672
283.601
283.527
283.45
283.371
283.291
283.209
283.126
283.042
284.099
284.032
283.969
283.906
283.841
283.774
283.703
283.629
283.551
283.472
283.389
283.305
283.219
283.132
283.044
284.125
284.067
284.006
283.944
283.878
283.809
283.736
283.659
283.578
283.495
283.408
283.32
283.23
283.138
283.046
284.162
284.103
284.045
283.984
283.918
283.847
283.771
283.691
283.607
283.52
283.429
283.336
283.241
283.145
283.049
284.184
284.138
284.086
284.027
283.961
283.889
283.81
283.727
283.638
283.546
283.451
283.354
283.254
283.153
283.051
284.208
284.178
284.132
284.075
284.009
283.934
283.853
283.765
283.672
283.576
283.475
283.372
283.267
283.161
283.054
284.258
284.228
284.185
284.13
284.062
283.985
283.899
283.807
283.709
283.607
283.501
283.393
283.282
283.17
283.057
284.301
284.287
284.248
284.192
284.122
284.041
283.95
283.853
283.749
283.641
283.529
283.415
283.298
283.179
283.06
284.384
284.363
284.324
284.264
284.19
284.103
284.007
283.903
283.793
283.678
283.559
283.438
283.314
283.189
283.063
284.453
284.453
284.412
284.348
284.266
284.172
284.068
283.957
283.839
283.717
283.591
283.463
283.332
283.2
283.067
284.593
284.57
284.518
284.443
284.351
284.248
284.135
284.015
283.889
283.759
283.625
283.489
283.351
283.211
283.07
284.721
284.707
284.639
284.549
284.445
284.33
284.207
284.077
283.942
283.803
283.661
283.516
283.37
283.223
283.074
285.009
284.881
284.776
284.665
284.545
284.418
284.283
284.143
283.998
283.85
283.699
283.545
283.391
283.235
283.078
285.158
285.041
284.916
284.787
284.652
284.51
284.363
284.212
284.056
283.898
283.737
283.575
283.412
283.247
283.083
285.369
285.206
285.06
284.913
284.762
284.607
284.447
284.283
284.117
283.948
283.778
283.606
283.433
283.26
283.087
285.498
285.359
285.204
285.042
284.876
284.706
284.533
284.357
284.179
283.999
283.819
283.637
283.456
283.274
283.091
285.704
285.524
285.352
285.175
284.993
284.808
284.621
284.431
284.242
284.051
283.86
283.669
283.478
283.287
283.096
285.837
285.684
285.503
285.311
285.113
284.912
284.709
284.507
284.305
284.103
283.902
283.701
283.5
283.3
283.1
286.06
285.863
285.662
285.451
285.234
285.016
284.798
284.582
284.368
284.155
283.943
283.733
283.523
283.313
283.104
286.201
286.045
285.829
285.595
285.356
285.119
284.886
284.656
284.43
284.206
283.984
283.764
283.545
283.326
283.109
286.428
286.268
286.01
285.741
285.477
285.221
284.972
284.729
284.49
284.255
284.023
283.794
283.566
283.339
283.113
287.06
286.56
286.198
285.883
285.592
285.317
285.053
284.797
284.548
284.303
284.061
283.823
283.587
283.351
283.117
287.268
286.755
286.353
286.009
285.697
285.406
285.129
284.862
284.602
284.348
284.098
283.851
283.606
283.363
283.121
287.347
286.873
286.468
286.112
285.788
285.485
285.198
284.921
284.652
284.39
284.131
283.877
283.625
283.374
283.125
287.381
286.943
286.549
286.193
285.863
285.554
285.259
284.975
284.698
284.428
284.163
283.901
283.642
283.384
283.128
287.394
286.983
286.605
286.254
285.925
285.613
285.313
285.023
284.74
284.464
284.192
283.924
283.658
283.394
283.131
287.384
286.999
286.641
286.301
285.976
285.663
285.36
285.066
284.778
284.496
284.219
283.945
283.673
283.403
283.134
322.935
322.805
322.675
322.545
322.416
322.288
322.161
322.036
321.914
321.796
321.684
321.58
321.491
321.425
321.39
322.93
322.791
322.652
322.513
322.374
322.235
322.096
321.957
321.819
321.682
321.546
321.411
321.275
321.133
320.963
322.926
322.778
322.629
322.481
322.331
322.181
322.03
321.878
321.724
321.568
321.408
321.242
321.066
320.868
320.628
322.922
322.765
322.607
322.449
322.289
322.129
321.966
321.8
321.631
321.457
321.276
321.085
320.877
320.645
320.373
322.917
322.752
322.586
322.418
322.249
322.078
321.904
321.726
321.543
321.353
321.154
320.943
320.714
320.461
320.176
322.913
322.74
322.565
322.389
322.211
322.031
321.846
321.657
321.461
321.258
321.045
320.818
320.575
320.31
320.018
322.91
322.728
322.546
322.362
322.176
321.987
321.793
321.594
321.388
321.174
320.949
320.711
320.457
320.185
319.891
322.906
322.718
322.529
322.338
322.144
321.947
321.745
321.537
321.323
321.099
320.866
320.619
320.359
320.082
319.786
322.903
322.709
322.514
322.316
322.116
321.912
321.703
321.488
321.266
321.036
320.795
320.542
320.277
319.996
319.7
322.9
322.701
322.5
322.298
322.092
321.882
321.667
321.446
321.218
320.982
320.736
320.478
320.209
319.927
319.63
322.898
322.694
322.489
322.282
322.071
321.857
321.637
321.412
321.179
320.938
320.687
320.427
320.155
319.871
319.574
322.896
322.689
322.48
322.269
322.055
321.837
321.613
321.384
321.147
320.903
320.65
320.386
320.112
319.827
319.53
322.895
322.685
322.473
322.26
322.043
321.822
321.595
321.363
321.124
320.877
320.622
320.357
320.081
319.795
319.498
322.894
322.682
322.469
322.253
322.034
321.811
321.584
321.35
321.109
320.86
320.603
320.337
320.061
319.774
319.477
322.894
322.681
322.467
322.25
322.03
321.806
321.578
321.343
321.101
320.852
320.594
320.327
320.051
319.764
319.467
321.376
320.989
319.7
319.152
318.566
318.276
317.933
317.764
317.606
317.31
317.092
316.704
316.421
315.902
315.485
314.615
314.2
313.691
313.415
313.045
312.84
312.57
312.429
312.288
312.018
311.813
311.444
311.168
310.66
310.246
309.377
308.96
308.443
308.163
307.784
307.574
307.295
307.15
307.004
306.724
306.511
306.127
305.84
305.309
304.876
303.968
303.532
302.991
302.698
302.301
302.08
301.788
301.636
301.483
301.188
300.964
300.559
300.257
299.698
299.241
298.285
297.826
297.258
296.949
296.532
296.3
295.991
295.831
295.669
295.355
295.115
294.68
294.353
293.744
293.243
292.185
291.673
291.028
290.672
290.171
289.883
289.469
289.235
288.931
288.171
287.903
287.781
287.704
287.633
287.536
320.723
320.322
319.697
319.174
318.708
318.339
318.011
317.739
317.48
317.192
316.894
316.549
316.187
315.758
315.3
314.763
314.308
313.885
313.531
313.199
312.916
312.648
312.413
312.179
311.91
311.627
311.294
310.94
310.516
310.061
309.523
309.066
308.637
308.277
307.938
307.648
307.372
307.13
306.887
306.609
306.315
305.968
305.599
305.157
304.682
304.12
303.642
303.193
302.817
302.461
302.158
301.869
301.615
301.361
301.068
300.759
300.395
300.007
299.542
299.042
298.451
297.948
297.477
297.082
296.709
296.39
296.085
295.818
295.549
295.239
294.91
294.519
294.101
293.596
293.051
292.401
291.845
291.319
290.872
290.441
290.065
289.694
289.357
288.998
288.574
288.266
288.045
287.868
287.706
287.531
320.334
319.979
319.546
319.115
318.709
318.343
318.007
317.697
317.396
317.087
316.765
316.419
316.051
315.653
315.231
314.792
314.372
313.978
313.617
313.281
312.971
312.677
312.397
312.117
311.824
311.513
311.175
310.813
310.417
309.995
309.554
309.131
308.731
308.363
308.019
307.701
307.4
307.111
306.821
306.516
306.193
305.842
305.465
305.052
304.612
304.151
303.709
303.291
302.906
302.547
302.214
301.898
301.596
301.292
300.973
300.634
300.266
299.869
299.436
298.974
298.49
298.026
297.588
297.184
296.807
296.458
296.126
295.808
295.488
295.151
294.791
294.399
293.974
293.507
293.008
292.482
291.976
291.495
291.05
290.631
290.241
289.868
289.512
289.159
288.81
288.504
288.243
288.013
287.797
287.58
320.072
319.75
319.39
319.019
318.653
318.302
317.967
317.643
317.324
317.001
316.668
316.322
315.96
315.581
315.189
314.791
314.4
314.024
313.666
313.325
313.001
312.688
312.382
312.076
311.762
311.436
311.094
310.733
310.354
309.959
309.558
309.162
308.779
308.413
308.065
307.731
307.409
307.093
306.776
306.451
306.112
305.756
305.38
304.985
304.574
304.154
303.741
303.341
302.959
302.595
302.246
301.909
301.579
301.247
300.906
300.551
300.178
299.785
299.37
298.939
298.5
298.066
297.648
297.248
296.866
296.501
296.148
295.801
295.453
295.094
294.72
294.325
293.907
293.465
293.005
292.534
292.069
291.619
291.19
290.781
290.391
290.019
289.661
289.316
288.985
288.678
288.397
288.137
287.889
287.645
319.877
319.576
319.252
318.916
318.576
318.24
317.909
317.582
317.257
316.928
316.592
316.248
315.892
315.527
315.155
314.779
314.407
314.043
313.69
313.347
313.014
312.689
312.367
312.045
311.718
311.383
311.038
310.68
310.312
309.934
309.553
309.174
308.802
308.44
308.088
307.745
307.409
307.077
306.743
306.404
306.056
305.697
305.325
304.94
304.547
304.149
303.754
303.365
302.987
302.619
302.261
301.91
301.563
301.214
300.859
300.495
300.119
299.73
299.328
298.916
298.5
298.086
297.68
297.285
296.901
296.527
296.16
295.797
295.432
295.061
294.679
294.284
293.874
293.45
293.016
292.577
292.141
291.714
291.3
290.901
290.517
290.148
289.793
289.451
289.124
288.814
288.521
288.244
287.976
287.715
319.724
319.437
319.132
318.816
318.494
318.17
317.845
317.52
317.194
316.864
316.529
316.188
315.839
315.484
315.125
314.763
314.403
314.047
313.698
313.354
313.017
312.683
312.352
312.021
311.686
311.346
310.999
310.644
310.282
309.915
309.545
309.176
308.811
308.451
308.098
307.749
307.405
307.062
306.718
306.371
306.017
305.656
305.286
304.909
304.527
304.141
303.756
303.375
303
302.63
302.266
301.907
301.549
301.19
300.826
300.457
300.079
299.693
299.299
298.9
298.497
298.095
297.698
297.306
296.921
296.542
296.167
295.794
295.42
295.042
294.657
294.264
293.861
293.45
293.034
292.616
292.2
291.79
291.389
291
290.623
290.258
289.905
289.565
289.238
288.924
288.624
288.335
288.055
287.781
319.6
319.321
319.028
318.725
318.415
318.1
317.782
317.461
317.137
316.809
316.476
316.139
315.796
315.448
315.098
314.745
314.393
314.043
313.696
313.353
313.013
312.675
312.339
312.002
311.662
311.319
310.971
310.618
310.26
309.899
309.536
309.173
308.812
308.454
308.1
307.748
307.398
307.049
306.699
306.346
305.989
305.626
305.259
304.886
304.51
304.132
303.753
303.377
303.003
302.633
302.266
301.901
301.536
301.171
300.802
300.43
300.052
299.668
299.28
298.887
298.493
298.098
297.706
297.318
296.933
296.551
296.172
295.794
295.415
295.033
294.647
294.256
293.86
293.459
293.055
292.651
292.249
291.852
291.462
291.081
290.71
290.35
290
289.661
289.333
289.016
288.71
288.414
288.125
287.843
319.499
319.225
318.94
318.645
318.343
318.035
317.722
317.405
317.085
316.76
316.43
316.096
315.759
315.417
315.073
314.726
314.38
314.034
313.69
313.347
313.006
312.666
312.326
311.986
311.643
311.298
310.95
310.598
310.243
309.886
309.527
309.168
308.81
308.453
308.097
307.743
307.39
307.037
306.683
306.327
305.968
305.605
305.239
304.869
304.497
304.123
303.748
303.374
303.002
302.631
302.262
301.894
301.525
301.156
300.785
300.41
300.032
299.65
299.265
298.877
298.488
298.099
297.71
297.324
296.939
296.557
296.175
295.795
295.413
295.03
294.645
294.257
293.865
293.472
293.077
292.683
292.292
291.904
291.523
291.149
290.783
290.426
290.078
289.74
289.412
289.093
288.782
288.481
288.186
287.898
319.415
319.144
318.864
318.576
318.279
317.977
317.669
317.356
317.038
316.717
316.391
316.061
315.727
315.39
315.05
314.708
314.366
314.023
313.681
313.339
312.997
312.656
312.315
311.972
311.628
311.282
310.934
310.583
310.23
309.875
309.518
309.162
308.805
308.448
308.093
307.737
307.382
307.027
306.67
306.312
305.952
305.589
305.223
304.855
304.485
304.114
303.742
303.37
302.998
302.627
302.257
301.887
301.516
301.145
300.771
300.396
300.018
299.637
299.254
298.87
298.484
298.098
297.712
297.327
296.943
296.56
296.178
295.796
295.414
295.031
294.647
294.261
293.874
293.486
293.098
292.712
292.328
291.948
291.573
291.204
290.843
290.489
290.143
289.806
289.477
289.156
288.843
288.537
288.238
287.945
319.346
319.078
318.802
318.517
318.225
317.926
317.622
317.313
316.999
316.68
316.357
316.03
315.7
315.366
315.03
314.692
314.352
314.012
313.671
313.33
312.989
312.647
312.304
311.961
311.616
311.27
310.921
310.571
310.219
309.865
309.511
309.155
308.799
308.443
308.087
307.731
307.375
307.018
306.66
306.301
305.94
305.577
305.212
304.845
304.476
304.106
303.736
303.365
302.994
302.623
302.251
301.88
301.508
301.135
300.761
300.385
300.007
299.628
299.246
298.864
298.48
298.096
297.712
297.328
296.945
296.562
296.18
295.798
295.416
295.034
294.651
294.268
293.884
293.5
293.118
292.737
292.358
291.984
291.614
291.249
290.891
290.54
290.196
289.859
289.53
289.208
288.893
288.585
288.283
287.986
319.291
319.025
318.75
318.469
318.18
317.884
317.583
317.277
316.965
316.649
316.329
316.005
315.677
315.346
315.013
314.677
314.34
314.001
313.662
313.321
312.98
312.638
312.296
311.952
311.606
311.26
310.911
310.562
310.21
309.858
309.504
309.149
308.794
308.438
308.082
307.726
307.369
307.011
306.652
306.292
305.93
305.567
305.202
304.836
304.468
304.1
303.73
303.36
302.989
302.618
302.246
301.874
301.502
301.128
300.753
300.377
300
299.621
299.24
298.859
298.477
298.094
297.711
297.329
296.946
296.564
296.182
295.801
295.419
295.038
294.656
294.275
293.894
293.513
293.134
292.757
292.383
292.013
291.647
291.286
290.93
290.581
290.238
289.902
289.573
289.25
288.933
288.623
288.319
288.02
319.248
318.983
318.71
318.43
318.144
317.851
317.552
317.248
316.938
316.625
316.306
315.984
315.659
315.33
314.999
314.665
314.329
313.992
313.654
313.314
312.973
312.631
312.288
311.944
311.599
311.252
310.904
310.555
310.204
309.852
309.498
309.144
308.789
308.434
308.078
307.721
307.363
307.005
306.646
306.285
305.923
305.56
305.196
304.83
304.462
304.094
303.725
303.355
302.985
302.614
302.242
301.87
301.497
301.123
300.748
300.371
299.994
299.616
299.236
298.855
298.474
298.093
297.711
297.329
296.947
296.565
296.184
295.803
295.422
295.041
294.661
294.281
293.902
293.524
293.148
292.774
292.403
292.036
291.672
291.314
290.961
290.613
290.271
289.935
289.606
289.282
288.965
288.653
288.347
288.046
319.216
318.952
318.681
318.402
318.117
317.826
317.529
317.226
316.918
316.606
316.289
315.969
315.645
315.318
314.988
314.656
314.321
313.985
313.647
313.308
312.967
312.626
312.283
311.939
311.593
311.247
310.899
310.549
310.199
309.847
309.494
309.14
308.786
308.43
308.074
307.717
307.359
307.001
306.641
306.28
305.918
305.555
305.191
304.825
304.458
304.09
303.721
303.352
302.982
302.61
302.239
301.866
301.493
301.119
300.744
300.367
299.99
299.612
299.233
298.853
298.472
298.091
297.71
297.329
296.947
296.566
296.185
295.804
295.424
295.044
294.665
294.286
293.909
293.533
293.159
292.787
292.418
292.053
291.691
291.335
290.983
290.636
290.295
289.96
289.63
289.306
288.988
288.676
288.368
288.066
319.195
318.932
318.661
318.383
318.099
317.809
317.513
317.211
316.905
316.594
316.278
315.959
315.636
315.31
314.981
314.649
314.316
313.98
313.643
313.304
312.964
312.622
312.279
311.935
311.59
311.243
310.895
310.546
310.195
309.844
309.491
309.138
308.783
308.428
308.072
307.715
307.357
306.998
306.638
306.277
305.915
305.552
305.187
304.822
304.455
304.088
303.719
303.349
302.979
302.608
302.236
301.864
301.49
301.116
300.741
300.365
299.988
299.61
299.231
298.851
298.471
298.091
297.71
297.329
296.948
296.567
296.186
295.806
295.426
295.046
294.668
294.29
293.914
293.539
293.166
292.795
292.428
292.064
291.704
291.348
290.997
290.651
290.311
289.975
289.646
289.322
289.003
288.69
288.382
288.079
319.185
318.922
318.651
318.374
318.091
317.801
317.505
317.204
316.898
316.588
316.273
315.954
315.631
315.306
314.977
314.646
314.313
313.977
313.64
313.302
312.962
312.62
312.277
311.933
311.588
311.241
310.893
310.544
310.194
309.842
309.49
309.136
308.782
308.427
308.07
307.713
307.355
306.996
306.636
306.275
305.913
305.55
305.186
304.82
304.454
304.086
303.718
303.348
302.978
302.607
302.235
301.863
301.489
301.115
300.74
300.363
299.986
299.608
299.23
298.85
298.47
298.09
297.709
297.329
296.948
296.567
296.187
295.806
295.427
295.048
294.669
294.292
293.916
293.542
293.169
292.8
292.433
292.07
291.71
291.355
291.004
290.659
290.318
289.983
289.654
289.33
289.011
288.698
288.389
288.086
287.31
286.995
286.667
286.341
286.021
285.71
285.405
285.107
284.816
284.529
284.245
283.966
283.688
283.412
283.137
287.299
287.005
286.694
286.378
286.064
285.753
285.448
285.147
284.851
284.56
284.271
283.986
283.703
283.421
283.14
287.327
287.032
286.726
286.414
286.102
285.792
285.486
285.182
284.883
284.587
284.295
284.004
283.716
283.429
283.143
287.374
287.072
286.763
286.451
286.139
285.828
285.519
285.214
284.912
284.612
284.315
284.021
283.728
283.436
283.145
287.429
287.117
286.803
286.488
286.174
285.861
285.55
285.242
284.937
284.634
284.334
284.035
283.738
283.442
283.147
287.484
287.163
286.843
286.525
286.207
285.892
285.579
285.268
284.96
284.654
284.35
284.048
283.748
283.448
283.149
287.537
287.208
286.883
286.56
286.239
285.921
285.605
285.291
284.98
284.672
284.365
284.06
283.756
283.453
283.151
287.585
287.25
286.92
286.592
286.268
285.947
285.628
285.312
284.999
284.687
284.378
284.07
283.763
283.457
283.152
287.628
287.288
286.953
286.622
286.295
285.97
285.649
285.331
285.015
284.701
284.389
284.079
283.769
283.461
283.154
287.665
287.321
286.982
286.648
286.318
285.991
285.668
285.347
285.029
284.713
284.399
284.086
283.775
283.465
283.155
287.696
287.349
287.007
286.67
286.338
286.009
285.683
285.36
285.04
284.722
284.407
284.092
283.779
283.467
283.156
287.72
287.371
287.027
286.688
286.353
286.023
285.695
285.371
285.05
284.73
284.413
284.097
283.783
283.469
283.156
287.739
287.388
287.042
286.702
286.366
286.033
285.705
285.379
285.057
284.736
284.418
284.101
283.786
283.471
283.157
287.751
287.399
287.052
286.711
286.374
286.041
285.711
285.385
285.061
284.74
284.421
284.104
283.787
283.472
283.157
287.757
287.404
287.057
286.715
286.378
286.044
285.714
285.388
285.064
284.742
284.423
284.105
283.788
283.473
283.157
)
;

boundaryField
{
    hot
    {
        type            fixedValue;
        value           uniform 323;
    }
    cold
    {
        type            fixedValue;
        value           uniform 283;
    }
    interface_left
    {
        type            fixedValue;
        value           nonuniform List<scalar> 
90
(
318.87
318.87
320.457
320.457
320.896
320.896
321.107
321.107
321.107
321.249
321.249
321.403
321.403
321.573
321.573
321.873
321.873
321.991
321.991
322.065
322.065
322.11
322.11
322.11
322.148
322.148
322.194
322.194
322.25
322.25
322.357
322.357
322.403
322.403
322.434
322.434
322.454
322.454
322.454
322.472
322.472
322.495
322.495
322.523
322.523
322.577
322.577
322.601
322.601
322.617
322.617
322.626
322.626
322.626
322.634
322.634
322.641
322.641
322.647
322.647
322.648
322.648
322.644
322.644
322.636
322.636
322.625
322.625
322.625
322.608
322.608
322.576
322.576
322.519
322.519
322.367
322.367
322.277
322.277
322.195
322.195
322.12
322.12
322.12
321.972
321.972
321.972
321.972
321.972
321.972
)
;
    }
    interface_right
    {
        type            fixedValue;
        value           nonuniform List<scalar> 
90
(
290.074
290.074
286.728
286.728
285.916
285.916
285.538
285.538
285.538
285.284
285.284
285.011
285.011
284.714
284.714
284.205
284.205
284.012
284.012
283.899
283.899
283.835
283.835
283.835
283.788
283.788
283.738
283.738
283.687
283.687
283.607
283.607
283.582
283.582
283.571
283.571
283.568
283.568
283.568
283.571
283.571
283.579
283.579
283.596
283.596
283.643
283.643
283.671
283.671
283.695
283.695
283.716
283.716
283.716
283.741
283.741
283.781
283.781
283.844
283.844
283.994
283.994
284.076
284.076
284.145
284.145
284.204
284.204
284.204
284.278
284.278
284.404
284.404
284.613
284.613
285.172
285.172
285.51
285.51
285.848
285.848
286.217
286.217
286.217
287.616
287.616
287.616
287.616
287.616
287.616
)
;
    }
    interface_top
    {
        type            fixedValue;
        value           nonuniform List<scalar> 
90
(
321.972
321.972
319.167
319.167
318.283
318.283
317.768
317.768
317.768
317.312
317.312
316.707
316.707
315.902
315.902
314.214
314.214
313.425
313.425
312.85
312.85
312.437
312.437
312.437
312.025
312.025
311.45
311.45
310.665
310.665
308.979
308.979
308.177
308.177
307.586
307.586
307.16
307.16
307.16
306.733
306.733
306.135
306.135
305.316
305.316
303.553
303.553
302.712
302.712
302.093
302.093
301.646
301.646
301.646
301.197
301.197
300.567
300.567
299.701
299.701
297.843
297.843
296.961
296.961
296.31
296.31
295.838
295.838
295.838
295.359
295.359
294.683
294.683
293.741
293.741
291.683
291.683
290.676
290.676
289.883
289.883
289.225
289.225
289.225
287.616
287.616
287.616
287.616
287.616
287.616
)
;
    }
    interface_bottom
    {
        type            fixedValue;
        value           nonuniform List<scalar> 
90
(
318.87
318.87
316.923
316.923
316.143
316.143
315.645
315.645
315.645
315.179
315.179
314.548
314.548
313.703
313.703
311.928
311.928
311.102
311.102
310.503
310.503
310.075
310.075
310.075
309.651
309.651
309.064
309.064
308.268
308.268
306.594
306.594
305.814
305.814
305.247
305.247
304.842
304.842
304.842
304.439
304.439
303.881
303.881
303.124
303.124
301.539
301.539
300.802
300.802
300.266
300.266
299.882
299.882
299.882
299.5
299.5
298.971
298.971
298.254
298.254
296.749
296.749
296.049
296.049
295.538
295.538
295.173
295.173
295.173
294.81
294.81
294.308
294.308
293.627
293.627
292.181
292.181
291.502
291.502
291.001
291.001
290.631
290.631
290.631
290.074
290.074
290.074
290.074
290.074
290.074
)
;
    }
    defaultFaces
    {
        type            empty;
    }
}


// ************************************************************************* //
