/*--------------------------------*- C++ -*----------------------------------*\
| =========                 |                                                 |
| \\      /  F ield         | OpenFOAM: The Open Source CFD Toolbox           |
|  \\    /   O peration     | Version:  5.x                                   |
|   \\  /    A nd           | Web:      www.OpenFOAM.org                      |
|    \\/     M anipulation  |                                                 |
\*---------------------------------------------------------------------------*/
FoamFile
{
    version     2.0;
    format      ascii;
    class       volScalarField;
    location    "18.0999";
    object      gradTx;
}
// * * * * * * * * * * * * * * * * * * * * * * * * * * * * * * * * * * * * * //

dimensions      [0 -1 0 1 0 0 0];

internalField   nonuniform List<scalar> 
6300
(
-31.9526
-32.0234
-32.1641
-32.3735
-32.6493
-32.9882
-33.3862
-33.8377
-34.336
-34.8731
-35.4396
-36.025
-36.6184
-37.2085
-37.7846
-31.8819
-31.9533
-32.0955
-32.3071
-32.586
-32.9293
-33.3326
-33.7909
-34.2973
-34.8437
-35.4206
-36.0171
-36.6217
-37.2225
-37.8079
-31.7398
-31.8125
-31.9574
-32.1734
-32.4585
-32.8101
-33.2242
-33.6959
-34.2185
-34.7838
-35.3819
-36.0012
-36.6289
-37.2517
-37.8565
-31.5249
-31.5995
-31.7483
-31.9705
-32.2646
-32.6283
-33.0583
-33.55
-34.097
-34.6912
-35.322
-35.9768
-36.6411
-37.2989
-37.9346
-31.2353
-31.3123
-31.4659
-31.6958
-32.0011
-32.3802
-32.8307
-33.3487
-33.9285
-34.5619
-35.2381
-35.943
-36.6596
-37.3684
-38.049
-30.8689
-30.9483
-31.1072
-31.3457
-31.6637
-32.0608
-32.5357
-33.0857
-33.7063
-34.3899
-35.1254
-35.8975
-36.6859
-37.466
-38.2104
-30.423
-30.5048
-30.6689
-30.916
-31.2472
-31.6636
-32.1655
-32.7522
-33.421
-34.1659
-34.9763
-35.8358
-36.7205
-37.5992
-38.434
-29.8954
-29.9791
-30.1475
-30.4022
-30.7457
-31.1808
-31.7104
-32.3366
-33.0596
-33.8763
-34.7782
-35.7487
-36.7612
-37.7762
-38.7412
-29.284
-29.3688
-29.5397
-29.7996
-30.1525
-30.6036
-31.1589
-31.8243
-32.6046
-33.5017
-34.5113
-35.6198
-36.7994
-38.0032
-39.16
-28.5879
-28.6723
-28.843
-29.104
-29.4611
-29.9223
-30.4972
-31.197
-32.0329
-33.0144
-34.1455
-35.4198
-36.8135
-38.2771
-39.7224
-27.8073
-27.8895
-28.0561
-28.3123
-28.6657
-29.1271
-29.7107
-30.4336
-31.3157
-32.3776
-33.6366
-35.1002
-36.7576
-38.5695
-40.4494
-26.9447
-27.0221
-27.1797
-27.4233
-27.7623
-28.21
-28.7848
-29.5109
-30.4187
-31.5438
-32.9229
-34.5865
-36.547
-38.7932
-41.2982
-26.0047
-26.0746
-26.2173
-26.4391
-26.7502
-27.1657
-27.7076
-28.4066
-29.3045
-30.4557
-31.9245
-33.7752
-36.0492
-38.756
-41.9962
-24.9948
-25.0542
-25.1759
-25.3657
-25.6336
-25.995
-26.4734
-27.1035
-27.9371
-29.0495
-30.5435
-32.5384
-35.113
-38.1752
-41.5884
-23.9255
-23.9717
-24.0663
-24.2141
-24.4235
-24.7075
-25.0874
-25.5967
-26.2909
-27.2614
-28.6596
-30.7162
-33.6734
-37.2068
-37.6482
-38.2934
-38.7331
-39.1486
-39.538
-39.9005
-40.2358
-40.5445
-40.8269
-41.0834
-41.3138
-41.5175
-41.6935
-41.8407
-41.9584
-42.0465
-42.1059
-42.1384
-42.1471
-42.1357
-42.1085
-42.0697
-42.0231
-41.9718
-41.9173
-41.8603
-41.8002
-41.7355
-41.6643
-41.5846
-41.495
-41.3948
-41.2844
-41.1654
-41.0398
-40.9106
-40.7807
-40.6526
-40.5283
-40.4085
-40.2931
-40.1809
-40.07
-39.958
-39.8427
-39.7224
-39.5962
-39.4641
-39.3272
-39.1875
-39.0475
-38.9096
-38.7762
-38.6488
-38.5282
-38.4139
-38.3048
-38.1988
-38.0937
-37.9872
-37.8777
-37.7642
-37.6466
-37.5261
-37.4043
-37.2836
-37.1664
-37.0549
-36.9505
-36.8541
-36.7653
-36.6832
-36.606
-36.532
-36.4595
-36.3875
-36.3159
-36.2457
-36.1791
-36.1192
-36.0699
-36.035
-36.0185
-36.0231
-36.0507
-36.1014
-36.1734
-36.2635
-36.3666
-36.4767
-36.5868
-38.3237
-38.7679
-39.1862
-39.5769
-39.9394
-40.2742
-40.5822
-40.8643
-41.121
-41.3524
-41.5574
-41.7348
-41.8831
-42.001
-42.0879
-42.1446
-42.1728
-42.176
-42.1585
-42.1251
-42.0809
-42.0301
-41.9762
-41.921
-41.8649
-41.8069
-41.7449
-41.6764
-41.5989
-41.5102
-41.4094
-41.297
-41.1747
-41.0451
-40.9117
-40.778
-40.6473
-40.5217
-40.4022
-40.2885
-40.1791
-40.0715
-39.9627
-39.85
-39.731
-39.6046
-39.4709
-39.3313
-39.1881
-39.0443
-38.9032
-38.7675
-38.6391
-38.519
-38.4065
-38.3002
-38.1975
-38.0956
-37.9917
-37.8835
-37.77
-37.651
-37.5278
-37.4028
-37.2786
-37.1583
-37.0445
-36.9392
-36.843
-36.7558
-36.676
-36.6015
-36.5298
-36.4588
-36.387
-36.3139
-36.2406
-36.1694
-36.1041
-36.0489
-36.0087
-35.9879
-35.9902
-36.0175
-36.0705
-36.1474
-36.2447
-36.3567
-36.4767
-36.5968
-38.3866
-38.8398
-39.2635
-39.6563
-40.0184
-40.3513
-40.6572
-40.9381
-41.1953
-41.4287
-41.6371
-41.8182
-41.9694
-42.0882
-42.173
-42.224
-42.2433
-42.2348
-42.204
-42.1574
-42.1014
-42.0417
-41.9825
-41.9259
-41.8721
-41.8192
-41.7638
-41.7018
-41.6291
-41.5427
-41.4409
-41.324
-41.1944
-41.0558
-40.9131
-40.7712
-40.6346
-40.5062
-40.3875
-40.2778
-40.1748
-40.0747
-39.9732
-39.8661
-39.7502
-39.6236
-39.4864
-39.3405
-39.1894
-39.0373
-38.8889
-38.7481
-38.6177
-38.4987
-38.3904
-38.2904
-38.1952
-38.1004
-38.0022
-37.8971
-37.7835
-37.6614
-37.5324
-37.3999
-37.2679
-37.1407
-37.0221
-36.9146
-36.8193
-36.7355
-36.6611
-36.5928
-36.5267
-36.4594
-36.3882
-36.3122
-36.2323
-36.1514
-36.0742
-36.0064
-35.9544
-35.9243
-35.9209
-35.9475
-36.0052
-36.0922
-36.2045
-36.3354
-36.4764
-36.6178
-38.4871
-38.9543
-39.3855
-39.7799
-40.1393
-40.4672
-40.7682
-41.0462
-41.3037
-41.5409
-41.7559
-41.9447
-42.1024
-42.2242
-42.3068
-42.3492
-42.3538
-42.3256
-42.2724
-42.2032
-42.1273
-42.0526
-41.9849
-41.9269
-41.8781
-41.8351
-41.7921
-41.7424
-41.6792
-41.5974
-41.494
-41.3694
-41.227
-41.0725
-40.9132
-40.7568
-40.6099
-40.477
-40.3599
-40.2576
-40.1661
-40.0798
-39.9917
-39.8951
-39.7847
-39.6578
-39.5144
-39.3573
-39.192
-39.0251
-38.8638
-38.7139
-38.5798
-38.4629
-38.3622
-38.2738
-38.1921
-38.1104
-38.0224
-37.923
-37.8094
-37.6815
-37.5421
-37.3963
-37.2503
-37.1108
-36.9835
-36.8724
-36.7788
-36.7017
-36.6375
-36.5808
-36.5254
-36.4655
-36.3964
-36.3161
-36.2254
-36.1281
-36.0306
-35.9412
-35.8688
-35.8221
-35.8084
-35.8329
-35.8974
-36.0007
-36.1376
-36.2996
-36.4755
-36.6523
-38.6342
-39.1204
-39.5603
-39.9539
-40.3054
-40.622
-40.9123
-41.1838
-41.4412
-41.6853
-41.9125
-42.1161
-42.287
-42.4167
-42.4983
-42.5291
-42.5114
-42.4525
-42.3638
-42.2588
-42.1514
-42.0535
-41.9733
-41.9146
-41.8758
-41.8509
-41.8302
-41.8024
-41.7563
-41.683
-41.5777
-41.4406
-41.2769
-41.0959
-40.9093
-40.7289
-40.565
-40.4248
-40.311
-40.2216
-40.1502
-40.0875
-40.0223
-39.9437
-39.8432
-39.7159
-39.5619
-39.386
-39.1968
-39.005
-38.8219
-38.6571
-38.517
-38.404
-38.3163
-38.2476
-38.1889
-38.1295
-38.0591
-37.9693
-37.8557
-37.7182
-37.5612
-37.3928
-37.2234
-37.0633
-36.9218
-36.8048
-36.7147
-36.6494
-36.6031
-36.567
-36.5308
-36.4846
-36.4207
-36.3351
-36.2281
-36.1052
-35.9756
-35.8514
-35.746
-35.6723
-35.6411
-35.6604
-35.734
-35.8607
-36.0344
-36.2438
-36.4733
-36.7045
-38.8415
-39.3533
-39.802
-40.1886
-40.5216
-40.8147
-41.0835
-41.3417
-41.598
-41.8538
-42.1032
-42.3342
-42.5312
-42.6783
-42.7629
-42.7788
-42.7284
-42.6224
-42.4786
-42.3179
-42.1619
-42.0287
-41.9309
-41.8735
-41.8535
-41.8605
-41.8786
-41.8888
-41.8724
-41.8147
-41.7071
-41.55
-41.3518
-41.1276
-40.8963
-40.677
-40.4861
-40.3348
-40.227
-40.1595
-40.1219
-40.0989
-40.0722
-40.0241
-39.9401
-39.8125
-39.6411
-39.4339
-39.2052
-38.9725
-38.7539
-38.5646
-38.415
-38.3089
-38.2428
-38.207
-38.1867
-38.1645
-38.1235
-38.0501
-37.9366
-37.7829
-37.5966
-37.391
-37.1829
-36.9893
-36.8246
-36.6987
-36.6148
-36.5698
-36.554
-36.5532
-36.5504
-36.5293
-36.4765
-36.3846
-36.2538
-36.0917
-35.9126
-35.7346
-35.5778
-35.4612
-35.4012
-35.4099
-35.4939
-35.653
-35.8798
-36.1591
-36.4686
-36.7814
-39.1306
-39.6769
-40.1329
-40.5005
-40.7953
-41.0423
-41.2698
-41.5025
-41.7555
-42.0315
-42.3204
-42.6014
-42.8473
-43.03
-43.1263
-43.124
-43.0252
-42.847
-42.6175
-42.3704
-42.1395
-41.9531
-41.8304
-41.7786
-41.7923
-41.8543
-41.9383
-42.0133
-42.0483
-42.018
-41.9081
-41.7186
-41.464
-41.1695
-40.866
-40.5842
-40.3504
-40.1819
-40.0851
-40.0542
-40.0727
-40.1155
-40.1531
-40.1559
-40.1
-39.972
-39.7718
-39.5129
-39.2192
-38.9197
-38.6435
-38.415
-38.2506
-38.156
-38.1258
-38.1441
-38.1871
-38.2266
-38.2347
-38.1885
-38.0752
-37.8947
-37.6597
-37.3928
-37.1216
-36.8735
-36.6717
-36.5318
-36.4591
-36.4481
-36.4835
-36.5421
-36.5966
-36.6196
-36.5885
-36.4903
-36.3244
-36.1029
-35.8479
-35.5875
-35.3516
-35.1685
-35.0623
-35.0511
-35.1456
-35.3479
-35.6497
-36.0309
-36.4593
-36.894
-39.5345
-40.1307
-40.591
-40.9174
-41.1378
-41.2978
-41.4487
-41.6339
-41.8799
-42.1907
-42.5489
-42.919
-43.2545
-43.5061
-43.6318
-43.6079
-43.4365
-43.1455
-42.7816
-42.3996
-42.0529
-41.7858
-41.6277
-41.5895
-41.6616
-41.8162
-42.011
-42.1956
-42.3182
-42.3359
-42.2235
-41.9811
-41.6338
-41.2245
-40.8042
-40.4225
-40.1206
-39.9259
-39.8481
-39.8778
-39.9884
-40.1397
-40.2839
-40.3722
-40.3639
-40.2354
-39.9869
-39.6421
-39.2417
-38.8335
-38.4644
-38.1732
-37.9855
-37.9104
-37.9389
-38.0456
-38.1925
-38.334
-38.424
-38.4236
-38.3106
-38.0848
-37.7688
-37.401
-37.0269
-36.6909
-36.4299
-36.2682
-36.2144
-36.2596
-36.3794
-36.537
-36.6882
-36.7876
-36.7971
-36.6934
-36.4752
-36.1624
-35.791
-35.405
-35.0493
-34.7651
-34.5867
-34.5401
-34.6421
-34.8993
-35.3053
-35.8346
-36.4409
-37.0601
-40.104
-40.7802
-41.2418
-41.4871
-41.5671
-41.5666
-41.578
-41.6779
-41.9108
-42.2818
-42.7601
-43.2863
-43.7825
-44.1634
-44.3529
-44.3044
-44.0198
-43.549
-42.9719
-42.3781
-41.8518
-41.4614
-41.2525
-41.2414
-41.4121
-41.7201
-42.0986
-42.4669
-42.7394
-42.8411
-42.7261
-42.3946
-41.8928
-41.2955
-40.6868
-40.1457
-39.7365
-39.5016
-39.4563
-39.585
-39.8454
-40.1743
-40.4952
-40.7277
-40.8008
-40.6716
-40.3406
-39.8516
-39.2752
-38.6909
-38.1731
-37.7822
-37.5584
-37.5157
-37.6394
-37.8893
-38.2056
-38.5157
-38.7433
-38.8211
-38.7082
-38.4049
-37.9525
-37.4182
-36.8773
-36.4003
-36.0449
-35.8494
-35.827
-35.9637
-36.221
-36.5412
-36.8542
-37.0854
-37.1685
-37.0616
-36.762
-36.3062
-35.7553
-35.1788
-34.644
-34.2092
-33.9213
-33.8151
-33.9149
-34.2368
-34.7831
-35.5276
-36.4041
-37.309
-40.9159
-41.7386
-42.2039
-42.2949
-42.1123
-41.8182
-41.58
-41.5303
-41.7426
-42.2185
-42.9022
-43.6968
-44.4765
-45.0965
-45.4164
-45.3409
-44.8714
-44.1055
-43.186
-42.2594
-41.4548
-40.8757
-40.5925
-40.6315
-40.9651
-41.5224
-42.2011
-42.876
-43.4067
-43.6584
-43.5403
-43.0533
-42.2893
-41.3828
-40.4722
-39.6791
-39.1011
-38.8045
-38.8138
-39.1026
-39.6037
-40.2203
-40.834
-41.3125
-41.529
-41.3984
-40.9219
-40.1868
-39.3202
-38.4527
-37.6989
-37.1506
-36.8704
-36.8813
-37.1582
-37.6375
-38.2276
-38.8163
-39.2784
-39.4932
-39.3799
-38.9395
-38.2544
-37.4451
-36.6355
-35.9345
-35.4299
-35.1811
-35.2105
-35.4942
-35.9719
-36.5558
-37.1379
-37.5965
-37.8135
-37.7072
-37.2739
-36.5871
-35.7561
-34.8928
-34.0948
-33.4419
-32.9943
-32.7936
-32.8678
-33.2511
-33.9757
-35.0303
-36.3263
-37.6902
-42.0803
-43.2122
-43.7046
-43.496
-42.8181
-41.9895
-41.3106
-41.0053
-41.1948
-41.856
-42.8846
-44.1289
-45.4003
-46.4618
-47.0492
-46.9448
-46.1496
-44.8834
-43.4103
-41.9652
-40.733
-39.8639
-39.4685
-39.5975
-40.1958
-41.1498
-42.3091
-43.4927
-44.4756
-45.0082
-44.8859
-44.1108
-42.8908
-41.4761
-40.0885
-38.9027
-38.0607
-37.6668
-37.7688
-38.3144
-39.1957
-40.2704
-41.3675
-42.2747
-42.7572
-42.6231
-41.8755
-40.7113
-39.3666
-38.0509
-36.9285
-36.1332
-35.7633
-35.8639
-36.3855
-37.2261
-38.2514
-39.2995
-40.1693
-40.6379
-40.5228
-39.8264
-38.735
-37.4724
-36.2372
-35.1862
-34.4465
-34.1124
-34.2276
-34.7455
-35.5699
-36.5729
-37.5995
-38.4555
-38.9239
-38.8238
-38.1507
-37.0757
-35.8036
-34.5126
-33.3366
-32.3788
-31.7119
-31.3761
-31.3756
-31.774
-32.6928
-34.1855
-36.1509
-38.2914
-43.7257
-45.6084
-46.2153
-45.3715
-43.7395
-41.9454
-40.5037
-39.7677
-39.9678
-40.9643
-42.5566
-44.5217
-46.6262
-48.51
-49.6782
-49.5432
-48.1062
-45.9593
-43.5943
-41.3644
-39.4885
-38.17
-37.5892
-37.8876
-38.9145
-40.4816
-42.382
-44.3986
-46.1931
-47.3011
-47.1716
-45.8087
-43.773
-41.5302
-39.4141
-37.6315
-36.3749
-35.8149
-36.0852
-37.0428
-38.5092
-40.2882
-42.1745
-43.8485
-44.8734
-44.7315
-43.4288
-41.4957
-39.3714
-37.3705
-35.6873
-34.503
-33.9786
-34.2403
-35.1532
-36.5489
-38.2422
-40.0394
-41.6379
-42.6231
-42.5029
-41.2819
-39.4622
-37.4601
-35.574
-33.9893
-32.8789
-32.3968
-32.6646
-33.5555
-34.9108
-36.5559
-38.3067
-39.8729
-40.8528
-40.7654
-39.6065
-37.848
-35.8783
-33.9665
-32.2645
-30.8968
-29.9529
-29.4757
-29.3089
-29.5477
-30.5835
-32.6602
-35.723
-39.2768
-45.8445
-49.8505
-50.8232
-48.3798
-44.8882
-41.393
-38.6808
-37.1825
-37.5941
-39.2148
-41.6916
-44.7137
-48.1701
-51.5885
-54.184
-54.0163
-51.0852
-47.349
-43.5837
-40.254
-37.4412
-35.4139
-34.4439
-35.1287
-36.8554
-39.3336
-42.2874
-45.6244
-48.8988
-51.3763
-51.2332
-48.4754
-44.9536
-41.402
-38.2593
-35.6027
-33.6861
-32.7672
-33.4119
-35.0387
-37.3725
-40.1515
-43.2871
-46.357
-48.6697
-48.5113
-45.8901
-42.5551
-39.1988
-36.2324
-33.7276
-31.9228
-31.0617
-31.6791
-33.2259
-35.443
-38.0836
-41.0655
-43.9896
-46.2001
-46.0681
-43.5999
-40.4519
-37.2807
-34.4768
-32.1095
-30.4066
-29.6014
-30.2045
-31.6967
-33.8344
-36.3868
-39.2796
-42.1345
-44.3188
-44.2499
-41.9255
-38.9246
-35.8697
-33.1186
-30.7107
-28.8046
-27.5218
-27.1283
-26.6579
-26.1738
-26.9755
-29.7147
-34.5883
-40.9778
-47.3705
-58.4794
-60.3991
-52.9175
-46.0269
-39.7051
-35.1077
-31.8466
-33.4793
-36.2323
-40.0414
-44.2801
-49.7688
-55.8516
-62.669
-62.4686
-55.2235
-48.7807
-42.9458
-38.3993
-34.2626
-31.1352
-28.9157
-30.8697
-33.7139
-37.5006
-41.6409
-46.9406
-52.7521
-59.2251
-59.0601
-52.2423
-46.1769
-40.6852
-36.4045
-32.5086
-29.5604
-27.4682
-29.3242
-32.0163
-35.595
-39.5011
-44.4945
-49.9557
-56.0245
-55.8375
-49.3794
-43.6453
-38.4647
-34.4296
-30.76
-27.9837
-26.016
-27.7794
-30.3333
-33.7273
-37.4337
-42.1746
-47.3687
-53.1504
-52.9973
-46.8967
-41.4749
-36.5723
-32.7512
-29.2728
-26.6415
-24.7781
-26.4643
-28.9082
-32.1608
-35.7275
-40.3072
-45.3619
-51.0294
-50.9821
-45.2189
-40.0789
-35.4236
-31.7763
-28.4343
-25.8147
-23.8104
-24.8913
-24.0269
-20.9484
-20.5772
-23.696
-31.2705
-44.1087
-40.9835
-80.2897
-83.6879
-56.7823
-46.3716
-35.5312
-29.6097
-19.4637
-27.7511
-31.729
-37.7725
-42.0466
-50.512
-59.057
-81.2597
-81.065
-58.2066
-49.3371
-40.4523
-35.9546
-29.6309
-25.5491
-17.3775
-25.3288
-29.2152
-35.1585
-39.325
-47.5196
-55.6527
-76.6326
-76.4671
-54.9257
-46.574
-38.2244
-33.9955
-28.0497
-24.202
-16.484
-24.0324
-27.7173
-33.3461
-37.2851
-45.0281
-52.6795
-72.3875
-72.1941
-51.8261
-43.9386
-36.081
-32.1004
-26.5061
-22.8803
-15.5972
-22.7416
-26.231
-31.5616
-35.2942
-42.6311
-49.9019
-68.6468
-68.491
-49.216
-41.7505
-34.3065
-30.5319
-25.2164
-21.7707
-14.8434
-21.6328
-24.9552
-30.0348
-33.6097
-40.6505
-47.7069
-65.9695
-65.9449
-47.615
-40.5353
-33.5258
-29.9945
-25.1175
-21.939
-15.6563
-25.4557
-24.5839
-11.8248
-9.15315
-11.2609
-20.3732
-50.214
-36.6992
-36.8031
-36.8782
-36.9193
-36.9246
-36.8958
-36.8376
-36.7571
-36.6622
-36.5615
-36.4634
-36.3752
-36.3034
-36.2527
-36.2265
-36.7191
-36.8317
-36.9123
-36.9552
-36.9586
-36.9251
-36.8601
-36.7714
-36.668
-36.559
-36.4534
-36.3589
-36.2822
-36.2282
-36.2003
-36.7614
-36.8924
-36.9842
-37.0304
-37.0297
-36.9859
-36.9062
-36.8004
-36.6792
-36.5532
-36.4323
-36.3249
-36.2383
-36.1775
-36.1463
-36.8311
-36.9922
-37.1018
-37.1525
-37.1439
-37.0824
-36.9785
-36.845
-36.6953
-36.5423
-36.3975
-36.2703
-36.1684
-36.0974
-36.061
-36.9372
-37.1433
-37.2784
-37.3337
-37.3111
-37.2214
-37.0803
-36.9056
-36.7147
-36.5233
-36.345
-36.1904
-36.0676
-35.9827
-35.9393
-37.094
-37.3655
-37.535
-37.5926
-37.5455
-37.4119
-37.2159
-36.9824
-36.7344
-36.4914
-36.2688
-36.0785
-35.9291
-35.8265
-35.7743
-37.3248
-37.6899
-37.9032
-37.9564
-37.8663
-37.6647
-37.3888
-37.0737
-36.7492
-36.439
-36.1603
-35.9258
-35.7438
-35.6198
-35.557
-37.6677
-38.1659
-38.4317
-38.4635
-38.2984
-37.992
-37.601
-37.1743
-36.7499
-36.3549
-36.0078
-35.7205
-35.5004
-35.3518
-35.277
-38.1865
-38.8741
-39.1944
-39.1673
-38.8719
-38.4039
-37.8489
-37.2728
-36.7211
-36.2229
-35.7954
-35.4481
-35.1856
-35.01
-34.9222
-38.9931
-39.9497
-40.3043
-40.1394
-39.6182
-38.9027
-38.1178
-37.3468
-36.6388
-36.0202
-35.5029
-35.0908
-34.7838
-34.5806
-34.4795
-40.2966
-41.6273
-41.9339
-41.4678
-40.5587
-39.4708
-38.373
-37.3576
-36.4672
-35.7163
-35.1051
-34.6282
-34.2784
-34.0491
-33.9357
-42.5178
-44.3291
-44.3362
-43.239
-41.6781
-40.0489
-38.5459
-37.2435
-36.1561
-35.2725
-34.5732
-34.0387
-33.6524
-33.4017
-33.2784
-46.596
-48.835
-47.8427
-45.4741
-42.8657
-40.5007
-38.518
-36.9144
-35.6413
-34.6443
-33.8765
-33.301
-32.8907
-32.6269
-32.4979
-54.9108
-56.5725
-52.7253
-47.9492
-43.8098
-40.5702
-38.1112
-36.2547
-34.8502
-33.787
-32.9874
-32.398
-31.9826
-31.7174
-31.5883
-74.4911
-69.8187
-58.5368
-49.7877
-43.854
-39.859
-37.102
-35.1431
-33.7179
-32.6661
-31.8882
-31.3211
-30.9242
-30.672
-30.5494
-22.9029
-22.935
-23.0004
-23.1022
-23.2457
-23.4395
-23.6981
-24.0462
-24.5283
-25.2297
-26.3263
-28.2094
-31.7892
-39.0504
-52.0635
-21.9511
-21.9693
-22.0061
-22.0625
-22.1401
-22.2419
-22.3731
-22.5437
-22.7737
-23.1076
-23.6557
-24.7352
-27.4512
-36.5814
-77.9743
-20.9867
-20.9908
-20.9983
-21.0081
-21.0177
-21.0238
-21.0208
-21
-20.9472
-20.8371
-20.6142
-20.1058
-18.5451
-11.6937
25.317
-20.0194
-20.0098
-19.989
-19.9537
-19.8979
-19.8121
-19.6808
-19.4784
-19.1606
-18.6457
-17.7724
-16.2
-13.21
-7.7376
-3.90471
-19.0589
-19.0366
-18.9899
-18.9135
-18.7989
-18.632
-18.3903
-18.0371
-17.5108
-16.7036
-15.4193
-13.2879
-9.58154
-2.63119
13.4378
-18.1138
-18.0805
-18.0113
-17.8999
-17.7362
-17.5038
-17.1772
-16.7161
-16.0561
-15.0927
-13.655
-11.4749
-8.20702
-3.85275
-1.97668
-17.1917
-17.1495
-17.0619
-16.9227
-16.7212
-16.4411
-16.0574
-15.5331
-14.8122
-13.811
-12.4058
-10.4187
-7.58771
-3.35227
4.89805
-16.2991
-16.2498
-16.1484
-15.9887
-15.7609
-15.4502
-15.0354
-14.4867
-13.7628
-12.8097
-11.5607
-9.94887
-7.94394
-5.63963
-3.48332
-15.4407
-15.3864
-15.2753
-15.102
-14.8582
-14.5317
-14.1065
-13.5618
-12.8729
-12.0138
-10.9673
-9.75209
-8.50817
-7.82413
-10.3671
-14.62
-14.5625
-14.4454
-14.2644
-14.0128
-13.6818
-13.2605
-12.7371
-12.101
-11.3482
-10.4911
-9.57525
-8.68365
-7.76759
-5.05744
-13.8391
-13.78
-13.66
-13.4758
-13.2226
-12.8946
-12.4855
-11.9907
-11.4103
-10.7549
-10.0558
-9.38156
-8.87614
-8.95693
-11.8249
-13.0994
-13.0397
-12.9191
-12.735
-12.4844
-12.1636
-11.77
-11.3038
-10.7716
-10.1919
-9.60333
-9.07062
-8.66156
-8.21067
-5.58861
-12.4011
-12.3418
-12.2222
-12.0406
-11.7949
-11.4833
-11.105
-10.6628
-10.1659
-9.63515
-9.11203
-8.67382
-8.47603
-8.97216
-12.5267
-11.7441
-11.6857
-11.5683
-11.3906
-11.1513
-10.8492
-10.4844
-10.0598
-9.5836
-9.07311
-8.56177
-8.11008
-7.80863
-7.60969
-5.49768
-11.1275
-11.0706
-10.9562
-10.7835
-10.5513
-10.2586
-9.90523
-9.49268
-9.02516
-8.51167
-7.9701
-7.442
-7.07006
-7.57574
-13.4375
-10.5505
-10.4954
-10.3847
-10.2177
-9.9932
-9.71008
-9.36722
-8.96373
-8.49864
-7.96974
-7.36908
-6.66548
-5.72203
-3.82228
3.38805
-10.0118
-9.95877
-9.85237
-9.69178
-9.47586
-9.20308
-8.87134
-8.47755
-8.01643
-7.47766
-6.83954
-6.05555
-5.0381
-3.75673
-3.61522
-9.50985
-9.45923
-9.35763
-9.20429
-8.99802
-8.73702
-8.41854
-8.03814
-7.58814
-7.05458
-6.41131
-5.60773
-4.53745
-2.89962
0.774052
-9.04307
-8.9951
-8.89882
-8.75357
-8.55818
-8.31087
-8.00874
-7.64706
-7.21787
-6.70771
-6.09441
-5.34514
-4.43093
-3.45627
-3.57976
-8.60961
-8.5645
-8.47403
-8.33765
-8.15441
-7.92279
-7.6403
-7.30287
-6.90384
-6.43245
-5.87193
-5.19709
-4.36638
-3.25033
-0.996674
-8.20747
-8.1654
-8.08111
-7.95426
-7.78424
-7.57004
-7.31002
-7.00146
-6.64005
-6.21909
-5.72884
-5.15728
-4.5
-3.83439
-3.87119
-7.83453
-7.79562
-7.71776
-7.60085
-7.44475
-7.24912
-7.01343
-6.73675
-6.41763
-6.05386
-5.64223
-5.17699
-4.63941
-3.93068
-2.44183
-7.48862
-7.45289
-7.38151
-7.27468
-7.13269
-6.95602
-6.7453
-6.50153
-6.22621
-5.92186
-5.59285
-5.24694
-4.89769
-4.5687
-4.30794
-7.16753
-7.13491
-7.06988
-6.97291
-6.84474
-6.68655
-6.50014
-6.28821
-6.05495
-5.80699
-5.55522
-5.31919
-5.14191
-5.15934
-5.99296
-6.86909
-6.83944
-6.78045
-6.6928
-6.57762
-6.43669
-6.2727
-6.0897
-5.89391
-5.69477
-5.50667
-5.35065
-5.25093
-5.18316
-4.648
-6.59124
-6.56434
-6.51091
-6.4318
-6.32839
-6.20285
-6.05845
-5.90009
-5.73519
-5.57488
-5.43583
-5.34301
-5.33775
-5.53157
-6.54025
-6.33208
-6.30765
-6.25922
-6.18768
-6.09454
-5.98212
-5.85388
-5.71502
-5.57328
-5.44023
-5.3329
-5.27457
-5.28634
-5.31409
-4.70106
-6.08989
-6.06764
-6.02357
-5.95856
-5.87408
-5.77236
-5.6567
-5.53196
-5.40533
-5.28771
-5.19595
-5.15746
-5.22382
-5.5416
-6.86802
-5.86315
-5.84279
-5.80246
-5.74296
-5.66559
-5.57229
-5.46584
-5.3502
-5.23113
-5.11724
-5.02199
-4.96755
-4.9867
-5.06867
-4.54283
-5.65054
-5.63181
-5.59466
-5.53977
-5.46817
-5.38136
-5.28135
-5.17083
-5.05335
-4.93381
-4.81971
-4.72653
-4.70596
-5.01783
-7.2657
-5.45095
-5.43362
-5.39919
-5.34817
-5.28132
-5.1996
-5.10418
-4.99629
-4.87701
-4.74661
-4.60291
-4.4351
-4.19436
-3.62254
-1.13676
-5.26341
-5.24729
-5.21524
-5.16758
-5.10479
-5.02735
-4.93565
-4.82967
-4.70838
-4.56864
-4.40285
-4.19431
-3.91268
-3.55639
-3.69435
-5.08706
-5.07204
-5.04212
-4.99751
-4.93843
-4.86501
-4.77706
-4.67368
-4.55256
-4.40878
-4.23248
-4.00427
-3.68284
-3.14702
-1.78639
-4.92113
-4.90714
-4.87922
-4.83749
-4.78203
-4.71276
-4.62918
-4.53
-4.41249
-4.27151
-4.09816
-3.87898
-3.60189
-3.31041
-3.49486
-4.76494
-4.75191
-4.7259
-4.687
-4.63523
-4.57046
-4.49215
-4.39906
-4.28872
-4.15671
-3.99568
-3.79391
-3.53093
-3.14329
-2.23635
-4.61779
-4.60569
-4.58154
-4.54545
-4.49747
-4.43756
-4.36538
-4.28009
-4.18
-4.06208
-3.92148
-3.75135
-3.54655
-3.33678
-3.44302
-4.47905
-4.46783
-4.44549
-4.41215
-4.368
-4.31317
-4.24771
-4.17141
-4.08365
-3.98321
-3.8678
-3.73287
-3.56561
-3.31083
-2.66104
-4.3481
-4.33772
-4.31707
-4.28637
-4.24594
-4.19618
-4.13758
-4.07068
-3.99612
-3.91473
-3.82767
-3.73684
-3.64545
-3.55918
-3.49019
-4.22436
-4.21473
-4.19563
-4.16734
-4.13036
-4.08534
-4.03321
-3.97527
-3.91335
-3.85019
-3.79018
-3.7412
-3.72174
-3.79554
-4.27138
-4.10731
-4.09833
-4.08056
-4.05437
-4.02036
-3.97943
-3.93289
-3.88262
-3.83143
-3.78348
-3.74502
-3.72507
-3.73327
-3.75268
-3.51729
-3.99649
-3.98804
-3.97135
-3.94682
-3.91517
-3.87743
-3.83515
-3.79063
-3.74726
-3.71017
-3.68701
-3.68938
-3.73703
-3.88678
-4.46539
-3.89155
-3.88349
-3.86757
-3.84423
-3.81421
-3.77858
-3.73898
-3.69783
-3.65875
-3.62719
-3.61128
-3.62225
-3.66988
-3.72303
-3.42294
-3.79221
-3.78439
-3.76894
-3.7463
-3.71713
-3.68249
-3.64389
-3.6036
-3.565
-3.53333
-3.5169
-3.52967
-3.59891
-3.80459
-4.5644
-3.6983
-3.69058
-3.67532
-3.65289
-3.62387
-3.58915
-3.54998
-3.50819
-3.46646
-3.4289
-3.40223
-3.39788
-3.43318
-3.50134
-3.22795
-3.60976
-3.60202
-3.58669
-3.56405
-3.53457
-3.4989
-3.4579
-3.41275
-3.36501
-3.31692
-3.27208
-3.23854
-3.24464
-3.43528
-4.70713
-3.52659
-3.51873
-3.50312
-3.47997
-3.44958
-3.41234
-3.36871
-3.3191
-3.26382
-3.20267
-3.13408
-3.05168
-2.92795
-2.61837
-1.23586
-3.44888
-3.44083
-3.4248
-3.40092
-3.36935
-3.33024
-3.28366
-3.2294
-3.1667
-3.0936
-3.00568
-2.89352
-2.74033
-2.54656
-2.63812
-3.37677
-3.36847
-3.35193
-3.3272
-3.29434
-3.25333
-3.20394
-3.14556
-3.0768
-2.99483
-2.89411
-2.76384
-2.58091
-2.27658
-1.50212
-3.31041
-3.30185
-3.28475
-3.25914
-3.22501
-3.18224
-3.13048
-3.06894
-2.99609
-2.90907
-2.80305
-2.67075
-2.50578
-2.33308
-2.4301
-3.25
-3.24116
-3.22349
-3.197
-3.16168
-3.11739
-3.0638
-3.00019
-2.92521
-2.83651
-2.73025
-2.60036
-2.43602
-2.20228
-1.67775
-3.19574
-3.1866
-3.16834
-3.141
-3.10457
-3.05901
-3.00408
-2.93933
-2.86385
-2.77615
-2.67387
-2.55389
-2.41444
-2.27341
-2.30879
-3.14782
-3.13837
-3.11951
-3.0913
-3.05382
-3.00712
-2.95119
-2.88591
-2.81099
-2.72591
-2.62979
-2.52094
-2.39397
-2.22203
-1.84502
-3.10647
-3.09669
-3.07718
-3.04805
-3.00948
-2.96165
-2.9048
-2.8392
-2.7652
-2.68334
-2.59454
-2.50058
-2.40474
-2.31306
-2.23877
-3.07191
-3.06175
-3.04152
-3.01137
-2.97156
-2.92244
-2.86448
-2.79832
-2.72487
-2.64558
-2.56289
-2.48153
-2.41261
-2.392
-2.5809
-3.04442
-3.03382
-3.01274
-2.98139
-2.94011
-2.88938
-2.82986
-2.76249
-2.6886
-2.61018
-2.53032
-2.45384
-2.38694
-2.32544
-2.15179
-3.02428
-3.01318
-2.9911
-2.95832
-2.91523
-2.86242
-2.80071
-2.7312
-2.65548
-2.57577
-2.4954
-2.41952
-2.35751
-2.33675
-2.50447
-3.01185
-3.00016
-2.97691
-2.9424
-2.89709
-2.84164
-2.77696
-2.70424
-2.62513
-2.54184
-2.45736
-2.37555
-2.29945
-2.21717
-1.99565
-3.00755
-2.99516
-2.97053
-2.93398
-2.886
-2.82729
-2.75879
-2.68172
-2.59768
-2.50872
-2.41748
-2.32762
-2.24568
-2.19429
-2.31091
-3.01186
-2.99866
-2.97243
-2.9335
-2.88236
-2.81973
-2.74656
-2.66404
-2.57366
-2.47718
-2.37665
-2.27419
-2.17069
-2.05473
-1.81275
-3.02533
-3.01122
-2.98316
-2.94149
-2.8867
-2.81951
-2.74083
-2.65183
-2.55386
-2.44846
-2.33716
-2.22149
-2.10435
-2.00269
-2.04091
-3.04859
-3.03346
-3.00335
-2.95859
-2.89966
-2.82726
-2.74228
-2.64584
-2.53924
-2.42384
-2.30071
-2.16982
-2.02728
-1.85349
-1.54496
-3.08237
-3.06611
-3.03373
-2.98553
-2.92198
-2.84374
-2.75168
-2.64691
-2.53073
-2.40457
-2.26965
-2.12624
-1.97189
-1.79788
-1.58536
-3.12745
-3.10995
-3.07509
-3.02313
-2.9545
-2.86982
-2.76992
-2.6559
-2.52916
-2.39139
-2.24449
-2.09024
-1.93017
-1.769
-1.64825
-3.18467
-3.16585
-3.12832
-3.0723
-2.99817
-2.90647
-2.79797
-2.67373
-2.53524
-2.38456
-2.22444
-2.0583
-1.88921
-1.71204
-1.45717
-3.25497
-3.23475
-3.19438
-3.13406
-3.05405
-2.9548
-2.83694
-2.70145
-2.5498
-2.38429
-2.20857
-2.02841
-1.85385
-1.70904
-1.70395
-3.33932
-3.31763
-3.27432
-3.20948
-3.1233
-3.01605
-2.88817
-2.74039
-2.57397
-2.39112
-2.19577
-1.99464
-1.79783
-1.60902
-1.33232
-3.43872
-3.41554
-3.3692
-3.29973
-3.20717
-3.09162
-2.95321
-2.79228
-2.60955
-2.40664
-2.18698
-1.95789
-1.73624
-1.57002
-1.64627
-3.55422
-3.52953
-3.48014
-3.40601
-3.30703
-3.18306
-3.0339
-2.8593
-2.65915
-2.43379
-2.18473
-1.91596
-1.63617
-1.36262
-1.13542
-3.68687
-3.66069
-3.60828
-3.52953
-3.42423
-3.29201
-3.13225
-2.94407
-2.72627
-2.4774
-2.19617
-1.88169
-1.53178
-1.12304
-0.466782
-3.83769
-3.81005
-3.75471
-3.6715
-3.56014
-3.42007
-3.25034
-3.04942
-2.81494
-2.5435
-2.23068
-1.87204
-1.46822
-1.05534
-0.917666
-4.00772
-3.97866
-3.92048
-3.83303
-3.71599
-3.56873
-3.3901
-3.17808
-2.92929
-2.63833
-2.29703
-1.89377
-1.41097
-0.796522
0.302343
-4.19793
-4.16749
-4.10658
-4.0151
-3.89282
-3.73917
-3.55304
-3.33227
-3.07293
-2.76812
-2.4064
-1.97072
-1.44514
-0.874103
-0.781285
-4.40927
-4.37748
-4.31391
-4.21858
-4.09143
-3.93217
-3.74003
-3.51324
-3.24814
-2.93745
-2.56712
-2.11011
-1.51088
-0.619583
1.26631
-4.6427
-4.60953
-4.54329
-4.44416
-4.31234
-4.14801
-3.95108
-3.72083
-3.45502
-3.14818
-2.78804
-2.34827
-1.77945
-1.05575
-0.855647
-4.89916
-4.86456
-4.79553
-4.69243
-4.55583
-4.38648
-4.18528
-3.95312
-3.69038
-3.39593
-3.06425
-2.67605
-2.15557
-1.12831
2.64058
-5.17964
-5.14349
-5.07142
-4.96398
-4.82206
-4.64706
-4.44098
-4.20663
-3.94778
-3.66954
-3.37972
-3.09568
-2.88363
-3.10477
-6.05699
-5.48524
-5.44736
-5.37188
-5.25946
-5.11127
-4.92922
-4.71632
-4.47717
-4.21864
-3.95118
-3.69117
-3.46533
-3.31085
-3.18465
-1.99362
-5.81715
-5.77734
-5.698
-5.57979
-5.42399
-5.23281
-5.0099
-4.76115
-4.49571
-4.22765
-3.9789
-3.78541
-3.71844
-4.00399
-5.89755
-6.1767
-6.13477
-6.0511
-5.92623
-5.76129
-5.55842
-5.32143
-5.05674
-4.77459
-4.49073
-4.22824
-4.01763
-3.88124
-3.70665
-2.32203
-6.56538
-6.52118
-6.43282
-6.30051
-6.12493
-5.90772
-5.6522
-5.36444
-5.05465
-4.73895
-4.44158
-4.1983
-4.07057
-4.24959
-5.8828
-6.98476
-6.93826
-6.84505
-6.70483
-6.51748
-6.28362
-6.00536
-5.68745
-5.33882
-4.97446
-4.61734
-4.29873
-4.04689
-3.78268
-2.47991
-7.43642
-7.38779
-7.28995
-7.14187
-6.94232
-6.69035
-6.38606
-6.0318
-5.6339
-5.20494
-4.76636
-4.35278
-4.03178
-4.03701
-5.62399
-7.92185
-7.87148
-7.76973
-7.61465
-7.40357
-7.13343
-6.80146
-6.40644
-5.95056
-5.4421
-4.89803
-4.34255
-3.79014
-3.19288
-2.41845
-8.44227
-8.39086
-8.28654
-8.12633
-7.90584
-7.61943
-7.26066
-6.82336
-6.30372
-5.70399
-5.03761
-4.33019
-3.57963
-2.4718
1.32491
-8.99839
-8.94697
-8.84215
-8.67988
-8.4539
-8.15568
-7.77438
-7.29746
-6.71252
-6.01215
-5.20571
-4.34778
-3.61722
-3.61801
-6.95701
-9.59022
-9.54018
-9.43767
-9.27765
-9.05213
-8.74962
-8.3545
-7.84658
-7.20147
-6.39396
-5.40958
-4.27691
-3.14693
-2.44601
-2.89578
-10.2168
-10.1698
-10.0731
-9.92092
-9.70383
-9.40787
-9.01297
-8.49097
-7.8032
-6.89861
-5.71643
-4.20417
-2.37867
-0.474927
0.853108
-10.876
-10.834
-10.7471
-10.6093
-10.4103
-10.1348
-9.75969
-9.25049
-8.55548
-7.59604
-6.2525
-4.34894
-1.66477
1.89596
5.52425
-11.5644
-11.5293
-11.4565
-11.34
-11.1699
-10.931
-10.5995
-10.139
-9.49141
-8.5602
-7.17748
-5.03582
-1.55957
4.21993
12.715
-12.2771
-12.2509
-12.1962
-12.1079
-11.9774
-11.7913
-11.5289
-11.1576
-10.6243
-9.8379
-8.62951
-6.64949
-3.05386
4.65806
25.8052
-146.468
-88.0198
-61.5425
-48.892
-42.1174
-38.0724
-35.4453
-33.6349
-32.3377
-31.3876
-30.6874
-30.1777
-29.8213
-29.5949
-29.4848
-182.17
-82.3644
-54.6729
-43.9974
-38.6431
-35.4635
-33.372
-31.9073
-30.842
-30.0518
-29.4635
-29.0319
-28.7284
-28.5349
-28.4406
46.8957
-26.63
-35.9867
-35.4075
-33.6586
-32.0989
-30.8635
-29.9024
-29.1552
-28.5757
-28.1307
-27.7972
-27.5592
-27.406
-27.3309
-7.05605
-15.4574
-24.2003
-27.63
-28.5425
-28.5093
-28.1645
-27.7488
-27.3521
-27.0061
-26.7206
-26.4962
-26.3311
-26.2227
-26.1691
25.8908
-4.04751
-16.1037
-21.6006
-24.0833
-25.1359
-25.5147
-25.5821
-25.5136
-25.3947
-25.2679
-25.154
-25.0636
-25.0015
-24.97
-1.43625
-5.05578
-12.5621
-17.6645
-20.6171
-22.2306
-23.081
-23.5099
-23.7101
-23.7888
-23.8061
-23.7956
-23.7764
-23.759
-23.749
11.442
-3.3649
-10.6899
-15.2213
-18.0809
-19.8553
-20.94
-21.5965
-21.9909
-22.2256
-22.3637
-22.4433
-22.4879
-22.5113
-22.5212
-3.08883
-6.86978
-10.7578
-13.939
-16.2982
-17.9589
-19.0963
-19.8653
-20.3825
-20.7296
-20.9618
-21.1154
-21.2142
-21.2729
-21.3002
-14.994
-10.3003
-11.3165
-13.2274
-15.0006
-16.4259
-17.5085
-18.3089
-18.8922
-19.3134
-19.6144
-19.8256
-19.9682
-20.0563
-20.0983
-4.95357
-9.76576
-11.2537
-12.6116
-13.9447
-15.1309
-16.1167
-16.9032
-17.5144
-17.9806
-18.3294
-18.5835
-18.7602
-18.8716
-18.9255
-16.7765
-11.5397
-11.2813
-12.0129
-12.9909
-13.975
-14.8635
-15.6191
-16.2375
-16.7294
-17.1101
-17.3952
-17.5975
-17.7269
-17.79
-5.09948
-9.85632
-10.6214
-11.2431
-12.0328
-12.8855
-13.7024
-14.4302
-15.0485
-15.5553
-15.9574
-16.2643
-16.4854
-16.6283
-16.6985
-17.2557
-10.945
-10.0612
-10.3566
-11.0309
-11.8209
-12.6033
-13.3174
-13.9368
-14.4539
-14.8707
-15.193
-15.4275
-15.5803
-15.6556
-4.32881
-8.26501
-8.68216
-9.20702
-9.94851
-10.7616
-11.5517
-12.2704
-12.8961
-13.4222
-13.8496
-14.1826
-14.4265
-14.5861
-14.665
-18.1339
-8.02878
-7.22829
-7.90699
-8.81642
-9.71832
-10.5497
-11.2879
-11.9247
-12.4591
-12.8941
-13.2341
-13.484
-13.648
-13.7292
11.3956
-1.33101
-4.74719
-6.44673
-7.68957
-8.72399
-9.6124
-10.3758
-11.0243
-11.5651
-12.0045
-12.3481
-12.6011
-12.7674
-12.8498
-0.58899
-1.09883
-3.4582
-5.30363
-6.70746
-7.83107
-8.76192
-9.54344
-10.1987
-10.7416
-11.1814
-11.5252
-11.7784
-11.945
-12.0276
6.8182
0.417769
-2.52613
-4.46719
-5.91995
-7.07201
-8.01513
-8.79879
-9.45121
-9.98953
-10.4249
-10.7652
-11.0159
-11.1809
-11.2627
-0.36758
-0.466004
-2.29047
-3.96984
-5.34127
-6.45805
-7.37908
-8.14527
-8.78294
-9.30898
-9.73459
-10.0674
-10.3128
-10.4745
-10.5548
3.63642
-0.151132
-2.15557
-3.68635
-4.93942
-5.98003
-6.85054
-7.58101
-8.19218
-8.69817
-9.10866
-9.43035
-9.66795
-9.82467
-9.90254
-0.850736
-1.07453
-2.34961
-3.59572
-4.68511
-5.62015
-6.41927
-7.0996
-7.67447
-8.15369
-8.54438
-8.85167
-9.07923
-9.2296
-9.3044
1.09611
-1.26787
-2.56376
-3.61391
-4.53799
-5.35465
-6.07048
-6.69143
-7.22318
-7.6707
-8.03803
-8.32837
-8.54412
-8.68702
-8.75819
-1.59396
-2.20292
-2.94856
-3.71967
-4.46547
-5.15917
-5.78759
-6.3452
-6.83039
-7.24338
-7.58515
-7.85687
-8.0596
-8.19424
-8.26141
-3.86113
-3.04306
-3.31568
-3.843
-4.42914
-5.00901
-5.55387
-6.04927
-6.48773
-6.86553
-7.18093
-7.43326
-7.62237
-7.74833
-7.81127
-2.20911
-3.12576
-3.50593
-3.92547
-4.39716
-4.88318
-5.35451
-5.79287
-6.1872
-6.53101
-6.82051
-7.05356
-7.22899
-7.34619
-7.40484
-4.40779
-3.58103
-3.66882
-3.97174
-4.35523
-4.76754
-5.17806
-5.56703
-5.92177
-6.23421
-6.49929
-6.71388
-6.87606
-6.98469
-7.03915
-2.45649
-3.40117
-3.68233
-3.96205
-4.2933
-4.65316
-5.01657
-5.36498
-5.68571
-5.97029
-6.21313
-6.41059
-6.56031
-6.66083
-6.71128
-4.57327
-3.68208
-3.69683
-3.91659
-4.21149
-4.5363
-4.86549
-5.18216
-5.47476
-5.73536
-5.9585
-6.14046
-6.27874
-6.37173
-6.41845
-2.52372
-3.33386
-3.56897
-3.81896
-4.1089
-4.41641
-4.7231
-5.01604
-5.28604
-5.52645
-5.73246
-5.90066
-6.02863
-6.11476
-6.15806
-4.69673
-3.38497
-3.43078
-3.69358
-3.99412
-4.2971
-4.59026
-4.86587
-5.11787
-5.34141
-5.53269
-5.68879
-5.80757
-5.88753
-5.92774
-0.508028
-2.49332
-3.14191
-3.54198
-3.87763
-4.18462
-4.46962
-4.73209
-4.96946
-5.17879
-5.35735
-5.50284
-5.61347
-5.68792
-5.72535
-2.21327
-2.52994
-3.0256
-3.43513
-3.78106
-4.08741
-4.36462
-4.61573
-4.84053
-5.03755
-5.20498
-5.34111
-5.44448
-5.51401
-5.54896
-1.53378
-2.44226
-2.96912
-3.37244
-3.71196
-4.01044
-4.27775
-4.51765
-4.73089
-4.91685
-5.07435
-5.20211
-5.29901
-5.36413
-5.39684
-2.38818
-2.61956
-2.99844
-3.35407
-3.67137
-3.95512
-4.20991
-4.43808
-4.64021
-4.81592
-4.96436
-5.08457
-5.17561
-5.23674
-5.26744
-2.24644
-2.69444
-3.04391
-3.3623
-3.65409
-3.91991
-4.16058
-4.37659
-4.56787
-4.73392
-4.87399
-4.98727
-5.07298
-5.13049
-5.15936
-2.62901
-2.83773
-3.11096
-3.38901
-3.65485
-3.90216
-4.12837
-4.33227
-4.51306
-4.66997
-4.80224
-4.90912
-4.98994
-5.04414
-5.07134
-2.73407
-2.93622
-3.17467
-3.4242
-3.66849
-3.89906
-4.11165
-4.30401
-4.47483
-4.62313
-4.74811
-4.84907
-4.92537
-4.97654
-5.00221
-2.83125
-3.00949
-3.2307
-3.46302
-3.69166
-3.90847
-4.10898
-4.29072
-4.45223
-4.59248
-4.71068
-4.80614
-4.87828
-4.92664
-4.9509
-2.80464
-3.0529
-3.27902
-3.5044
-3.72304
-3.92919
-4.11934
-4.29149
-4.4444
-4.57716
-4.68904
-4.7794
-4.8477
-4.89348
-4.91645
-2.98668
-3.11167
-3.32785
-3.55045
-3.76311
-3.96102
-4.1422
-4.30562
-4.45055
-4.57634
-4.68235
-4.768
-4.83275
-4.87617
-4.89796
-2.70081
-3.10712
-3.37221
-3.60342
-3.81344
-4.00446
-4.1774
-4.3326
-4.47001
-4.58925
-4.6898
-4.7711
-4.83261
-4.87388
-4.89459
-3.12707
-3.20063
-3.44011
-3.67111
-3.87695
-4.06047
-4.22491
-4.37195
-4.50208
-4.61514
-4.71063
-4.78796
-4.84653
-4.88586
-4.90562
-2.50791
-3.17891
-3.51389
-3.75626
-3.95597
-4.12974
-4.28451
-4.42303
-4.54601
-4.65324
-4.74409
-4.81784
-4.87381
-4.91145
-4.93037
-3.32599
-3.39052
-3.65199
-3.87105
-4.05301
-4.21219
-4.3554
-4.4849
-4.60089
-4.70271
-4.78941
-4.86007
-4.91383
-4.95004
-4.96826
-2.19598
-3.46538
-3.81953
-4.01161
-4.16586
-4.30575
-4.43582
-4.55617
-4.66561
-4.76267
-4.8459
-4.91403
-4.96603
-5.00113
-5.0188
-5.1812
-4.1758
-4.09964
-4.17843
-4.28869
-4.40612
-4.523
-4.635
-4.73893
-4.83224
-4.91287
-4.97919
-5.02997
-5.06432
-5.08163
-3.86782
-4.2409
-4.27215
-4.3234
-4.40654
-4.50688
-4.61356
-4.71944
-4.81964
-4.91062
-4.98977
-5.05515
-5.10534
-5.13933
-5.15648
-5.19672
-4.54337
-4.43078
-4.44623
-4.51244
-4.60325
-4.70467
-4.80784
-4.90675
-4.99721
-5.07624
-5.14167
-5.19196
-5.22604
-5.24325
-4.0779
-4.47031
-4.5005
-4.53381
-4.60127
-4.69225
-4.79458
-4.8992
-4.99973
-5.09176
-5.17215
-5.2387
-5.28983
-5.32448
-5.34196
-5.19371
-4.64877
-4.56804
-4.59768
-4.67377
-4.77336
-4.88292
-4.99339
-5.09862
-5.19438
-5.27768
-5.34643
-5.39916
-5.43483
-5.45283
-4.18076
-4.50486
-4.55895
-4.6293
-4.72995
-4.84756
-4.97061
-5.09122
-5.20411
-5.30565
-5.39332
-5.46531
-5.52032
-5.55748
-5.57619
-5.02904
-4.54845
-4.53858
-4.63986
-4.77437
-4.91798
-5.06
-5.19443
-5.31747
-5.42656
-5.51984
-5.59597
-5.6539
-5.69292
-5.71255
-4.12469
-4.26514
-4.44101
-4.62737
-4.81245
-4.98952
-5.15467
-5.30554
-5.44052
-5.55844
-5.6583
-5.73926
-5.80062
-5.84184
-5.86254
-3.12279
-3.95723
-4.33615
-4.61578
-4.8561
-5.06934
-5.25927
-5.42767
-5.57544
-5.70287
-5.80988
-5.89616
-5.96132
-6.00501
-6.02692
-4.02656
-3.96564
-4.30025
-4.63147
-4.91857
-5.16534
-5.37882
-5.56414
-5.72448
-5.86148
-5.97585
-6.06773
-6.13695
-6.18329
-6.20652
-2.48742
-3.69936
-4.2667
-4.67782
-5.00905
-5.28448
-5.51791
-5.71798
-5.88972
-6.03581
-6.15746
-6.25503
-6.32848
-6.37762
-6.40225
-4.03016
-3.88072
-4.34162
-4.77966
-5.13827
-5.43278
-5.68018
-5.89148
-6.07278
-6.22713
-6.35578
-6.45907
-6.53689
-6.58898
-6.61509
-1.75313
-3.63822
-4.43243
-4.93667
-5.31202
-5.61378
-5.86753
-6.08582
-6.27457
-6.43629
-6.57172
-6.68082
-6.76318
-6.81838
-6.84607
-4.22377
-4.15326
-4.7246
-5.1832
-5.53686
-5.82814
-6.07952
-6.30066
-6.49513
-6.6637
-6.80596
-6.92112
-7.00833
-7.06688
-7.09629
-0.686557
-4.22257
-5.09506
-5.50259
-5.80503
-6.07022
-6.31249
-6.53404
-6.73368
-6.90938
-7.05903
-7.18084
-7.27338
-7.33563
-7.36692
-9.19438
-6.14153
-5.78841
-5.89498
-6.09908
-6.32821
-6.55987
-6.78262
-6.98887
-7.17314
-7.33143
-7.46088
-7.55948
-7.62589
-7.65928
-5.32158
-6.18566
-6.16255
-6.21963
-6.37574
-6.58444
-6.81343
-7.04268
-7.25933
-7.45495
-7.62387
-7.76235
-7.86793
-7.93907
-7.97484
-8.67577
-6.84588
-6.48101
-6.47551
-6.6159
-6.82658
-7.06683
-7.31147
-7.54441
-7.75529
-7.93745
-8.08667
-8.20031
-8.2768
-8.31525
-5.47362
-6.48873
-6.5499
-6.63008
-6.80724
-7.04819
-7.31717
-7.58839
-7.84481
-8.07557
-8.27391
-8.43569
-8.5585
-8.64096
-8.68235
-8.22386
-6.79403
-6.60559
-6.7173
-6.95429
-7.25035
-7.56596
-7.87559
-8.16304
-8.41839
-8.63574
-8.81178
-8.94471
-9.03365
-9.07819
-5.30966
-6.23724
-6.45284
-6.71754
-7.06033
-7.43892
-7.8189
-8.17818
-8.50357
-8.78758
-9.02628
-9.21781
-9.36148
-9.45717
-9.50497
-7.38949
-6.17489
-6.26599
-6.66353
-7.14152
-7.62654
-8.08621
-8.50432
-8.87283
-9.18825
-9.44957
-9.65707
-9.81157
-9.91395
-9.96495
-4.67455
-5.2058
-5.86635
-6.55367
-7.21782
-7.83176
-8.3824
-8.86491
-9.27897
-9.62648
-9.91024
-10.1331
-10.2978
-10.4064
-10.4603
-1.59066
-4.14692
-5.44811
-6.45989
-7.32898
-8.08094
-8.7259
-9.27303
-9.73132
-10.109
-10.4132
-10.6497
-10.8231
-10.9369
-10.9932
-3.85978
-3.9596
-5.23085
-6.46521
-7.5215
-8.40442
-9.13734
-9.74285
-10.2397
-10.6426
-10.9631
-11.21
-11.3898
-11.5072
-11.5651
1.06865
-2.95879
-5.0392
-6.5942
-7.8344
-8.83207
-9.63727
-10.2882
-10.8132
-11.2334
-11.5641
-11.8168
-11.9998
-12.1188
-12.1774
-3.27295
-3.31007
-5.21243
-6.9418
-8.31574
-9.39338
-10.2444
-10.9209
-11.4596
-11.8862
-12.2193
-12.4722
-12.6543
-12.7723
-12.8303
4.47813
-2.36605
-5.5058
-7.53622
-9.00284
-10.1121
-10.9726
-11.6493
-12.1837
-12.6041
-12.9303
-13.1766
-13.3533
-13.4675
-13.5234
-3.32804
-3.99452
-6.56956
-8.52217
-9.9381
-11.0035
-11.8286
-12.4765
-12.9871
-13.3873
-13.6967
-13.9295
-14.0958
-14.203
-14.2555
9.6388
-4.29762
-8.06554
-9.8808
-11.1168
-12.0619
-12.8075
-13.3991
-13.867
-14.2336
-14.5164
-14.7284
-14.8795
-14.9765
-15.024
-22.4071
-11.6622
-10.9175
-11.6417
-12.4974
-13.2589
-13.8934
-14.4077
-14.8172
-15.1383
-15.3852
-15.5696
-15.7006
-15.7845
-15.8254
-7.224
-12.082
-12.7496
-13.3113
-13.9434
-14.5441
-15.0628
-15.489
-15.8289
-16.0944
-16.2973
-16.448
-16.5544
-16.6223
-16.6553
-22.0657
-15.4119
-14.655
-14.9322
-15.4111
-15.8862
-16.2966
-16.6301
-16.8923
-17.0939
-17.2458
-17.3572
-17.435
-17.4843
-17.5082
-8.12958
-14.6468
-15.8422
-16.4129
-16.8815
-17.2732
-17.5837
-17.8207
-17.9977
-18.1279
-18.2224
-18.2896
-18.3354
-18.3639
-18.3776
-23.245
-17.5774
-17.4634
-17.9646
-18.4054
-18.7166
-18.9219
-19.0531
-19.1356
-19.1867
-19.218
-19.2368
-19.2478
-19.2539
-19.2565
-8.71877
-16.6514
-18.6571
-19.5583
-20.0191
-20.2336
-20.3115
-20.3194
-20.2952
-20.2592
-20.2222
-20.1895
-20.1638
-20.1462
-20.1373
-25.4891
-19.8414
-20.618
-21.4578
-21.804
-21.8453
-21.7497
-21.6081
-21.463
-21.3325
-21.2234
-21.1374
-21.074
-21.0324
-21.0119
-9.37606
-18.57
-22.535
-23.6999
-23.8008
-23.5521
-23.2199
-22.8991
-22.6206
-22.391
-22.2087
-22.0694
-21.9691
-21.9041
-21.8722
13.1216
-20.9298
-26.3965
-26.681
-26.0403
-25.3168
-24.6821
-24.1609
-23.7442
-23.4167
-23.164
-22.9746
-22.8396
-22.7528
-22.7104
-80.6315
-43.1401
-33.8567
-30.3047
-28.3372
-27.0199
-26.0655
-25.3501
-24.8058
-24.3903
-24.0754
-23.8419
-23.6765
-23.5707
-23.5191
-60.5227
-45.7616
-37.3366
-32.8281
-30.1826
-28.471
-27.2829
-26.4205
-25.7781
-25.2942
-24.9303
-24.6618
-24.4722
-24.3511
-24.292
-50.6645
-43.9831
-38.0969
-34.0576
-31.3794
-29.5587
-28.2741
-27.338
-26.6403
-26.1146
-25.719
-25.4268
-25.2203
-25.0883
-25.0238
-45.4463
-41.6524
-37.5746
-34.3419
-31.9807
-30.274
-29.0234
-28.09
-27.3832
-26.8446
-26.436
-26.1324
-25.9168
-25.7785
-25.7109
-42.8627
-39.5187
-36.4654
-34.0211
-32.1274
-30.6727
-29.5524
-28.6845
-28.0092
-27.4842
-27.0802
-26.7767
-26.5596
-26.4197
-26.351
-42.6014
-37.1833
-34.9332
-33.3179
-31.9693
-30.8391
-29.9062
-29.1453
-28.5308
-28.0399
-27.6546
-27.361
-27.1489
-27.0113
-26.9435
-13.081
-13.0665
-13.0356
-12.9849
-12.9081
-12.7961
-12.6345
-12.4017
-12.0637
-11.5658
-10.8162
-9.65869
-7.84196
-5.12304
-2.54302
-13.9727
-13.9724
-13.9712
-13.9675
-13.9588
-13.9417
-13.9118
-13.864
-13.794
-13.7024
-13.6096
-13.6007
-13.9675
-15.6544
-21.5976
-14.8645
-14.8794
-14.9094
-14.9551
-15.0178
-15.1001
-15.2069
-15.3487
-15.5458
-15.8401
-16.3191
-17.1669
-18.773
-21.9296
-28.0478
-15.7414
-15.7712
-15.8318
-15.9258
-16.0574
-16.2338
-16.4673
-16.7779
-17.2003
-17.7934
-18.6597
-19.9749
-22.028
-25.2432
-30.0635
-16.5886
-16.6321
-16.721
-16.8588
-17.052
-17.3106
-17.6504
-18.0956
-18.684
-19.4734
-20.5514
-22.0449
-24.1209
-26.9518
-30.5915
-17.3922
-17.4478
-17.5611
-17.7365
-17.9812
-18.3062
-18.7279
-19.2701
-19.9666
-20.8647
-22.0275
-23.5325
-25.459
-27.8514
-30.646
-18.1401
-18.2058
-18.3393
-18.545
-18.8301
-19.2051
-19.6851
-20.2903
-21.0477
-21.9914
-23.1615
-24.5987
-26.331
-28.3491
-30.5703
-18.8224
-18.896
-19.0451
-19.274
-19.5889
-19.9992
-20.517
-21.1583
-21.9425
-22.8918
-24.0285
-25.3696
-26.9172
-28.6436
-30.4767
-19.431
-19.5106
-19.6714
-19.9169
-20.2525
-20.6856
-21.2254
-21.8834
-22.6723
-23.6047
-24.6909
-25.9342
-27.3245
-28.8313
-30.398
-19.9601
-20.0439
-20.2129
-20.4698
-20.8187
-21.2652
-21.8157
-22.4777
-23.2584
-24.1638
-25.1963
-26.3517
-27.6154
-28.9592
-30.3399
-20.4054
-20.4921
-20.6664
-20.9306
-21.2874
-21.7407
-22.2945
-22.9532
-23.7199
-24.5959
-25.5789
-26.6609
-27.8262
-29.0503
-30.2997
-20.7641
-20.8525
-21.0303
-21.2986
-21.6596
-22.1155
-22.6686
-23.3206
-24.072
-24.921
-25.8624
-26.8867
-27.9784
-29.1161
-30.2734
-21.0342
-21.1238
-21.3034
-21.5741
-21.937
-22.3932
-22.9438
-23.5887
-24.3265
-25.1536
-26.0632
-27.045
-28.0844
-29.1624
-30.257
-21.2148
-21.3049
-21.4856
-21.7574
-22.1209
-22.5766
-23.1247
-23.7639
-24.4918
-25.3036
-26.1918
-27.1459
-28.1517
-29.1921
-30.2476
-21.3052
-21.3956
-21.5767
-21.8489
-22.2125
-22.6678
-23.2143
-23.8504
-24.5731
-25.3771
-26.2546
-27.195
-28.1844
-29.2066
-30.2434
-24.0245
-100.629
-110.286
-68.0409
-52.5631
-38.0262
-30.7453
-19.6177
-27.2463
-30.8426
-36.3099
-40.2297
-48.0858
-56.1313
-77.1632
-76.9918
-55.3815
-47.0134
-38.6595
-34.4339
-28.4822
-24.624
-16.8315
-24.5999
-28.444
-34.3593
-38.5601
-46.8529
-55.1885
-76.7389
-76.8926
-55.8698
-47.7084
-39.461
-35.2676
-29.2872
-25.3787
-17.3941
-25.4967
-29.5269
-35.744
-40.1677
-48.9031
-57.6692
-80.3075
-80.5083
-58.5561
-50.0342
-41.4161
-37.0327
-30.7735
-26.6782
-18.2963
-26.8637
-31.135
-37.7387
-42.4338
-51.7048
-60.9672
-84.8489
-85.0141
-61.6897
-52.6626
-43.6043
-39.0036
-32.4493
-28.1624
-19.3728
-28.5739
-33.2308
-40.5305
-45.7833
-56.2299
-66.6954
-93.6647
-94.2899
-69.4594
-60.1413
-51.4654
-47.3505
-42.1859
-38.891
-32.2524
-63.8265
-61.6777
-23.4437
-11.9701
-8.85227
-10.0631
-18.184
-37.1683
-61.635
-68.9453
-59.3725
-50.13
-41.8309
-35.9761
-31.8441
-32.8548
-35.1426
-38.519
-42.381
-47.4702
-53.1791
-59.6255
-59.4506
-52.6237
-46.5676
-41.0993
-36.8526
-32.9982
-30.1033
-28.0867
-30.1069
-33.0055
-36.8573
-41.0984
-46.5511
-52.5905
-59.3913
-59.5357
-53.0343
-47.1939
-41.8614
-37.6925
-33.8767
-31.0044
-29.0165
-31.1906
-34.2677
-38.3395
-42.8187
-48.5716
-54.9385
-62.1076
-62.3001
-55.5321
-49.4447
-43.8816
-39.5307
-35.5461
-32.549
-30.4822
-32.7998
-36.0685
-40.3901
-45.1379
-51.2286
-57.9514
-65.5039
-65.6731
-58.4759
-52.0276
-46.1634
-41.5931
-37.426
-34.3142
-32.212
-34.786
-38.4078
-43.2212
-48.5532
-55.4408
-63.0995
-71.7965
-72.3932
-64.9898
-58.4491
-52.7174
-48.4519
-44.8678
-42.4908
-41.7311
-46.9904
-43.9462
-31.7959
-23.8779
-20.3235
-20.239
-23.2021
-37.3372
-47.3464
-51.9156
-50.2288
-46.3381
-42.1158
-38.7258
-36.6652
-36.6243
-37.875
-40.0286
-42.7654
-45.9621
-49.165
-51.6226
-51.4881
-48.7559
-45.2756
-41.7799
-38.7062
-36.1327
-34.3177
-33.529
-34.3491
-36.1943
-38.7949
-41.8917
-45.4047
-48.896
-51.629
-51.7486
-49.2468
-45.948
-42.5862
-39.6088
-37.1073
-35.3569
-34.6454
-35.5841
-37.576
-40.3485
-43.6354
-47.3561
-51.0525
-53.9539
-54.1153
-51.528
-48.1003
-44.6015
-41.5011
-38.897
-37.0799
-36.3547
-37.3662
-39.4861
-42.4276
-45.9084
-49.842
-53.741
-56.7908
-56.9397
-54.1838
-50.5514
-46.8594
-43.6018
-40.8831
-39.0121
-38.3176
-39.4892
-41.869
-45.1652
-49.0832
-53.5413
-58.0083
-61.5928
-62.0165
-59.2778
-55.5919
-51.858
-48.5723
-45.8116
-43.7615
-42.5424
-42.1115
-39.3275
-34.0537
-29.5022
-26.7981
-26.0264
-26.8418
-35.7561
-40.8914
-43.8944
-44.2586
-43.0238
-41.2023
-39.5613
-38.5777
-38.5339
-39.3071
-40.6984
-42.4874
-44.4449
-46.2244
-47.3521
-47.2665
-45.9652
-44.0059
-41.8527
-39.8396
-38.1748
-37.0544
-36.6545
-37.1152
-38.2954
-40.0179
-42.0859
-44.2895
-46.2933
-47.6299
-47.7364
-46.6071
-44.7928
-42.7576
-40.8399
-39.2563
-38.2133
-37.8982
-38.461
-39.7604
-41.6166
-43.8274
-46.1756
-48.3114
-49.7456
-49.8886
-48.7341
-46.8583
-44.7475
-42.757
-41.1147
-40.0385
-39.7262
-40.3365
-41.7205
-43.6886
-46.0268
-48.5052
-50.7533
-52.255
-52.3894
-51.1535
-49.1613
-46.9295
-44.8348
-43.1194
-42.0157
-41.7361
-42.4524
-44.0107
-46.2138
-48.8355
-51.6289
-54.1878
-55.9409
-56.1936
-54.9299
-52.8038
-50.3533
-47.9366
-45.732
-43.8355
-42.2189
-40.6208
-38.2941
-35.2715
-32.4661
-30.4901
-29.5281
-29.4484
-34.3496
-37.507
-39.673
-40.591
-40.5544
-40.0287
-39.4503
-39.137
-39.2672
-39.849
-40.7957
-41.9668
-43.1842
-44.2222
-44.8287
-44.7956
-44.1222
-43.0152
-41.724
-40.4712
-39.433
-38.7537
-38.5408
-38.8451
-39.6154
-40.7436
-42.0848
-43.4621
-44.6516
-45.402
-45.5037
-44.9537
-43.9559
-42.7596
-41.5898
-40.6271
-40.0215
-39.8866
-40.2773
-41.1431
-42.3742
-43.8213
-45.3012
-46.5805
-47.3967
-47.5305
-46.9787
-45.9549
-44.7204
-43.5112
-42.5174
-41.8969
-41.7693
-42.1927
-43.1139
-44.4166
-45.9433
-47.5
-48.8406
-49.6881
-49.8124
-49.2124
-48.1163
-46.8023
-45.5213
-44.4752
-43.8323
-43.7207
-44.2031
-45.2239
-46.6596
-48.3405
-50.0543
-51.5277
-52.4495
-52.5545
-51.8237
-50.4828
-48.8001
-46.9954
-45.2089
-43.5064
-41.8688
-40.1795
-38.2627
-36.1766
-34.2358
-32.7219
-31.7595
-31.3114
-33.3323
-35.5505
-37.2487
-38.2982
-38.789
-38.9312
-38.9573
-39.0578
-39.35
-39.8657
-40.5696
-41.3797
-42.1817
-42.8413
-43.2263
-43.2467
-42.9037
-42.2897
-41.54
-40.7938
-40.1745
-39.7813
-39.6824
-39.904
-40.42
-41.1624
-42.0317
-42.9049
-43.6422
-44.1081
-44.2096
-43.945
-43.4049
-42.7236
-42.0414
-41.4834
-41.152
-41.118
-41.4093
-42
-42.8205
-43.7682
-44.7154
-45.5166
-46.0304
-46.1597
-45.9029
-45.3549
-44.6567
-43.9554
-43.3825
-43.0455
-43.019
-43.3322
-43.9578
-44.822
-45.8164
-46.8062
-47.6378
-48.1624
-48.2784
-47.9855
-47.3852
-46.6277
-45.8695
-45.2503
-44.8841
-44.8499
-45.1784
-45.8395
-46.7525
-47.7981
-48.8257
-49.6618
-50.1344
-50.1187
-49.5963
-48.6539
-47.4225
-46.0282
-44.5646
-43.0837
-41.5932
-40.0656
-38.4749
-36.8726
-35.3906
-34.1597
-33.2504
-32.6569
-32.6305
-34.3426
-35.7584
-36.8101
-37.5256
-38.001
-38.3571
-38.7025
-39.111
-39.6113
-40.1907
-40.804
-41.3845
-41.8559
-42.1488
-42.2211
-42.0753
-41.7597
-41.3507
-40.934
-40.5901
-40.385
-40.3626
-40.5389
-40.8986
-41.3984
-41.9732
-42.5433
-43.0238
-43.3391
-43.4425
-43.3333
-43.0571
-42.6889
-42.3141
-42.0136
-41.8543
-41.881
-42.1101
-42.5259
-43.0837
-43.7159
-44.3397
-44.8666
-45.2178
-45.3447
-45.2466
-44.9712
-44.5974
-44.2146
-43.9078
-43.7471
-43.7795
-44.022
-44.458
-45.0399
-45.6964
-46.3399
-46.8772
-47.2253
-47.3333
-47.2012
-46.8802
-46.4541
-46.0177
-45.661
-45.4577
-45.4568
-45.675
-46.0921
-46.6547
-47.2816
-47.8728
-48.3196
-48.5223
-48.4124
-47.9737
-47.241
-46.2796
-45.1608
-43.9454
-42.6749
-41.371
-40.0427
-38.7039
-37.3954
-36.1837
-35.1343
-34.2866
-33.6435
-32.1503
-33.5611
-34.7927
-35.8059
-36.6079
-37.2427
-37.7721
-38.2564
-38.7399
-39.2431
-39.7629
-40.2756
-40.7443
-41.1276
-41.3892
-41.5093
-41.4916
-41.3642
-41.1725
-40.9692
-40.8061
-40.7257
-40.7568
-40.9097
-41.1753
-41.5264
-41.9216
-42.3109
-42.6431
-42.8751
-42.9815
-42.962
-42.8417
-42.6637
-42.4797
-42.3406
-42.2887
-42.3526
-42.5422
-42.8474
-43.2397
-43.6758
-44.1036
-44.4695
-44.7283
-44.8537
-44.8454
-44.7294
-44.551
-44.3644
-44.2228
-44.1705
-44.2373
-44.4334
-44.7479
-45.1504
-45.5951
-46.0268
-46.3889
-46.6339
-46.7339
-46.689
-46.5268
-46.2952
-46.0513
-45.8508
-45.7398
-45.7482
-45.8849
-46.1356
-46.464
-46.8165
-47.1276
-47.3291
-47.3603
-47.1799
-46.7743
-46.1576
-45.3633
-44.4326
-43.4053
-42.3142
-41.1839
-40.0347
-38.8892
-37.779
-36.7432
-35.8184
-35.0281
-34.3773
-31.8203
-33.0379
-34.1413
-35.106
-35.9311
-36.6361
-37.2521
-37.8115
-38.3401
-38.8513
-39.3452
-39.8103
-40.2273
-40.5744
-40.8335
-40.9958
-41.0659
-41.0615
-41.0107
-40.9468
-40.9027
-40.906
-40.9755
-41.1182
-41.329
-41.5909
-41.8784
-42.1606
-42.4069
-42.592
-42.7017
-42.736
-42.7094
-42.6472
-42.5808
-42.5417
-42.5566
-42.6432
-42.8076
-43.0435
-43.3326
-43.6478
-43.9565
-44.2264
-44.4311
-44.5554
-44.5991
-44.5773
-44.5166
-44.4495
-44.4089
-44.4226
-44.509
-44.6742
-44.911
-45.2002
-45.5126
-45.8137
-46.0693
-46.2512
-46.3433
-46.3455
-46.2732
-46.1542
-46.0224
-45.9116
-45.8499
-45.8549
-45.9308
-46.067
-46.2389
-46.4109
-46.5404
-46.5838
-46.503
-46.2715
-45.8787
-45.3301
-44.6434
-43.8435
-42.9572
-42.0099
-41.0242
-40.0214
-39.0236
-38.0555
-37.1428
-36.3087
-35.5687
-34.928
-31.5925
-32.6792
-33.6896
-34.607
-35.4272
-36.1577
-36.8134
-37.4112
-37.9654
-38.4843
-38.969
-39.4144
-39.811
-40.1479
-40.417
-40.6153
-40.7474
-40.8255
-40.8679
-40.8959
-40.9309
-40.991
-41.0886
-41.2288
-41.4089
-41.6187
-41.8427
-42.0621
-42.2587
-42.4175
-42.5305
-42.5979
-42.6281
-42.6367
-42.6425
-42.6652
-42.7212
-42.8216
-42.9702
-43.1628
-43.3881
-43.6289
-43.8653
-44.0775
-44.2496
-44.3729
-44.4473
-44.4814
-44.4912
-44.4963
-44.517
-44.5701
-44.6672
-44.8117
-44.999
-45.2166
-45.4461
-45.6663
-45.8558
-45.9978
-46.0824
-46.1092
-46.0869
-46.0316
-45.9632
-45.9018
-45.8639
-45.8595
-45.8898
-45.9468
-46.0137
-46.0665
-46.0772
-46.0175
-45.8627
-45.5955
-45.2077
-44.7013
-44.0864
-43.3788
-42.5971
-41.7608
-40.8891
-40.0009
-39.1154
-38.2519
-37.4293
-36.6637
-35.9663
-35.3424
-31.435
-32.4302
-33.372
-34.2479
-35.0524
-35.787
-36.458
-37.0737
-37.6416
-38.1664
-38.6495
-39.0889
-39.4804
-39.8192
-40.1024
-40.33
-40.5066
-40.641
-40.7457
-40.835
-40.923
-41.022
-41.1404
-41.2821
-41.4459
-41.6262
-41.8134
-41.9966
-42.1647
-42.3091
-42.4251
-42.5131
-42.5782
-42.63
-42.6801
-42.7406
-42.8219
-42.9306
-43.0693
-43.2352
-43.4212
-43.6165
-43.8088
-43.9861
-44.1386
-44.261
-44.3533
-44.4206
-44.4725
-44.5209
-44.5781
-44.6545
-44.757
-44.8876
-45.0432
-45.2157
-45.3934
-45.5628
-45.7109
-45.8269
-45.9046
-45.9435
-45.9482
-45.9278
-45.894
-45.8582
-45.8298
-45.814
-45.8104
-45.8126
-45.8088
-45.7826
-45.7153
-45.588
-45.3845
-45.0929
-44.7074
-44.2287
-43.6629
-43.0207
-42.3156
-41.5627
-40.7777
-39.9766
-39.1754
-38.3896
-37.6338
-36.9203
-36.258
-35.6522
-31.327
-32.2579
-33.1495
-33.9916
-34.7782
-35.5079
-36.1824
-36.8051
-37.3796
-37.9086
-38.393
-38.8325
-39.2255
-39.5707
-39.8677
-40.1182
-40.3265
-40.4994
-40.6458
-40.7759
-40.8994
-41.0249
-41.1585
-41.3034
-41.4595
-41.6235
-41.7901
-41.9527
-42.1049
-42.2416
-42.3602
-42.461
-42.5476
-42.6257
-42.7028
-42.7863
-42.8828
-42.9966
-43.1292
-43.2787
-43.4407
-43.6085
-43.7742
-43.9303
-44.0708
-44.1925
-44.2952
-44.3821
-44.4588
-44.5328
-44.6115
-44.7013
-44.8064
-44.9277
-45.063
-45.2072
-45.3525
-45.4903
-45.6121
-45.7111
-45.783
-45.827
-45.8455
-45.8435
-45.8275
-45.8039
-45.7776
-45.7509
-45.7225
-45.6871
-45.6361
-45.5579
-45.4397
-45.2685
-45.0331
-44.7255
-44.3415
-43.8814
-43.3494
-42.7532
-42.103
-41.4109
-40.6896
-39.9525
-39.2131
-38.4841
-37.7774
-37.103
-36.4686
-35.8792
-31.2554
-32.1423
-32.9985
-33.815
-34.5859
-35.3083
-35.9814
-36.6059
-37.1833
-37.7148
-38.2013
-38.6429
-39.0396
-39.3916
-39.7001
-39.9673
-40.1973
-40.3958
-40.5696
-40.7262
-40.8729
-41.0161
-41.1605
-41.3088
-41.4615
-41.617
-41.7724
-41.9238
-42.0674
-42.2002
-42.3208
-42.4296
-42.529
-42.6229
-42.716
-42.8133
-42.9189
-43.0357
-43.1645
-43.3043
-43.4521
-43.6034
-43.7533
-43.8968
-44.0302
-44.1513
-44.26
-44.358
-44.4492
-44.5379
-44.629
-44.7262
-44.8323
-44.9475
-45.0703
-45.197
-45.3224
-45.4408
-45.5463
-45.6342
-45.7015
-45.7472
-45.7723
-45.7794
-45.772
-45.7534
-45.726
-45.6904
-45.6445
-45.5842
-45.5025
-45.391
-45.2403
-45.0412
-44.7857
-44.4681
-44.0853
-43.6376
-43.1283
-42.5633
-41.9509
-41.3009
-40.6241
-39.9319
-39.2358
-38.5466
-37.8745
-37.2281
-36.6144
-36.0382
-31.2116
-32.071
-32.9045
-33.704
-34.4637
-35.1798
-35.8503
-36.4746
-37.053
-37.586
-38.0741
-38.5179
-38.918
-39.2754
-39.5917
-39.8699
-40.1136
-40.3277
-40.5181
-40.6907
-40.8515
-41.0056
-41.1569
-41.3079
-41.4594
-41.6109
-41.7606
-41.9062
-42.0454
-42.1763
-42.2983
-42.4118
-42.5185
-42.6212
-42.7233
-42.8282
-42.9389
-43.0573
-43.1841
-43.3184
-43.4582
-43.6004
-43.7415
-43.878
-44.0074
-44.1281
-44.2399
-44.344
-44.443
-44.5397
-44.6374
-44.7386
-44.8449
-44.9564
-45.0719
-45.1886
-45.3026
-45.4097
-45.5057
-45.587
-45.6511
-45.697
-45.7249
-45.7362
-45.7325
-45.7156
-45.6864
-45.6444
-45.5876
-45.5119
-45.4118
-45.2805
-45.1107
-44.8952
-44.6279
-44.3044
-43.9226
-43.4826
-42.9873
-42.4418
-41.853
-41.2295
-40.5808
-39.917
-39.2483
-38.5844
-37.9345
-37.3063
-36.7063
-36.1392
-31.1909
-32.0369
-32.8593
-33.6504
-34.4042
-35.1168
-35.7856
-36.4095
-36.9882
-37.5218
-38.0108
-38.4559
-38.8579
-39.2181
-39.5385
-39.822
-40.0723
-40.294
-40.4922
-40.6723
-40.8397
-40.999
-41.1537
-41.3061
-41.4574
-41.6072
-41.7546
-41.8978
-42.0351
-42.1654
-42.2881
-42.4037
-42.5137
-42.6204
-42.7265
-42.8349
-42.9478
-43.067
-43.1928
-43.3247
-43.4609
-43.599
-43.7361
-43.8696
-43.9972
-44.1176
-44.2308
-44.3376
-44.4399
-44.5402
-44.6407
-44.7436
-44.8499
-44.9597
-45.0718
-45.1839
-45.2928
-45.3948
-45.4863
-45.5645
-45.627
-45.6728
-45.7017
-45.7144
-45.7121
-45.6956
-45.6651
-45.6199
-45.5577
-45.4748
-45.366
-45.2255
-45.0468
-44.8237
-44.551
-44.2249
-43.8435
-43.4073
-42.9187
-42.3825
-41.8051
-41.1944
-40.5593
-39.9093
-39.2539
-38.6023
-37.9631
-37.3438
-36.7506
-36.1883
-28.1082
-32.1944
-32.7628
-32.3406
-31.6286
-30.8714
-30.1639
-29.5405
-29.01
-28.5705
-28.2164
-27.9415
-27.7403
-27.6086
-27.5434
-27.4044
-30.2697
-31.3857
-31.5645
-31.302
-30.857
-30.3608
-29.8787
-29.4418
-29.0639
-28.7501
-28.5011
-28.316
-28.1937
-28.1328
-28.5397
-30.0942
-30.9457
-31.2296
-31.1579
-30.8939
-30.5437
-30.1716
-29.8146
-29.4933
-29.2189
-28.9966
-28.8291
-28.7172
-28.6613
-29.9599
-30.6218
-31.0733
-31.2504
-31.2062
-31.0169
-30.7486
-30.4494
-30.1516
-29.876
-29.6355
-29.4375
-29.2865
-29.1849
-29.1338
-31.2423
-31.3598
-31.4752
-31.4926
-31.3994
-31.2191
-30.9844
-30.7256
-30.4663
-30.2237
-30.0094
-29.8314
-29.6946
-29.6019
-29.5552
-32.3006
-32.0998
-31.975
-31.8455
-31.6797
-31.4755
-31.2444
-31.0024
-30.7645
-30.5429
-30.3472
-30.1841
-30.0584
-29.9731
-29.93
-33.1464
-32.7639
-32.4793
-32.2349
-31.9986
-31.7586
-31.5154
-31.2752
-31.0462
-30.8363
-30.6523
-30.4995
-30.3818
-30.302
-30.2617
-33.814
-33.33
-32.9436
-32.616
-32.321
-32.0451
-31.7834
-31.5368
-31.3088
-31.1038
-30.9262
-30.7798
-30.6674
-30.5914
-30.553
-34.3372
-33.7984
-33.3493
-32.9644
-32.6244
-32.3172
-32.0363
-31.7798
-31.5484
-31.3439
-31.169
-31.0259
-30.9167
-30.8431
-30.806
-34.7438
-34.1773
-33.6906
-33.2678
-32.8952
-32.5629
-32.2648
-31.9978
-31.7609
-31.5546
-31.3799
-31.2381
-31.1305
-31.0582
-31.0218
-35.0554
-34.4764
-33.9682
-33.521
-33.1256
-32.7745
-32.4623
-32.1857
-31.943
-31.7337
-31.5579
-31.4161
-31.3091
-31.2373
-31.2014
-35.288
-34.7046
-34.1847
-33.7225
-33.3118
-32.9471
-32.6241
-32.3396
-32.0916
-31.8792
-31.7018
-31.5594
-31.4523
-31.3808
-31.3449
-35.4532
-34.8694
-34.3435
-33.8724
-33.4519
-33.0781
-32.7474
-32.4569
-32.2048
-31.9896
-31.8106
-31.6675
-31.5601
-31.4884
-31.4526
-35.5592
-34.9763
-34.4476
-33.9716
-33.5454
-33.166
-32.8304
-32.536
-32.281
-32.0639
-31.8837
-31.7398
-31.6321
-31.5603
-31.5244
-35.611
-35.0288
-34.4991
-34.021
-33.5921
-33.2101
-32.8721
-32.5758
-32.3193
-32.1012
-31.9203
-31.7761
-31.6682
-31.5963
-31.5603
)
;

boundaryField
{
    hot
    {
        type            calculated;
        value           nonuniform List<scalar> 
120
(
-31.9349
-31.864
-31.7215
-31.5062
-31.2161
-30.849
-30.4026
-29.8745
-29.2629
-28.5669
-27.787
-26.9255
-25.9874
-24.9801
-23.9141
-22.895
-21.9466
-20.9856
-20.0218
-19.0643
-18.1219
-17.2021
-16.3112
-15.4541
-14.6342
-13.8538
-13.1142
-12.4159
-11.7586
-11.1417
-10.5643
-10.025
-9.52248
-9.05505
-8.62087
-8.21797
-7.84426
-7.49756
-7.1757
-6.87652
-6.59799
-6.33822
-6.09548
-5.86826
-5.65525
-5.45531
-5.26745
-5.09082
-4.92464
-4.7682
-4.62082
-4.48186
-4.3507
-4.22678
-4.10956
-3.99862
-3.89358
-3.79418
-3.70024
-3.6117
-3.52856
-3.4509
-3.37884
-3.31255
-3.25221
-3.19802
-3.15019
-3.10892
-3.07446
-3.04707
-3.02706
-3.01479
-3.01066
-3.01516
-3.02886
-3.05239
-3.08645
-3.13183
-3.18938
-3.26003
-3.34474
-3.44451
-3.56039
-3.69341
-3.8446
-4.01498
-4.20553
-4.41722
-4.65099
-4.90782
-5.1887
-5.49473
-5.82712
-6.1872
-6.57643
-6.99636
-7.44854
-7.93438
-8.45503
-9.01112
-9.60258
-10.2284
-10.8863
-11.573
-12.2835
-13.0846
-13.9727
-14.8608
-15.734
-16.5778
-17.3784
-18.1238
-18.8041
-19.4112
-19.9392
-20.3838
-20.742
-21.0118
-21.1923
-21.2826
)
;
    }
    cold
    {
        type            calculated;
        value           nonuniform List<scalar> 
120
(
-36.2199
-36.1933
-36.1384
-36.0518
-35.9284
-35.7611
-35.5412
-35.2582
-34.9002
-34.4543
-33.9075
-33.2478
-32.4659
-31.5564
-30.5192
-29.4577
-28.4173
-27.3123
-26.1557
-24.9621
-23.7464
-22.5234
-21.3068
-20.1085
-18.9387
-17.8056
-16.7158
-15.6743
-14.6846
-13.7494
-12.8703
-12.0481
-11.2831
-10.5748
-9.92195
-9.32305
-8.77595
-8.27818
-7.827
-7.41951
-7.05278
-6.72392
-6.43015
-6.16891
-5.93782
-5.73474
-5.55772
-5.40504
-5.27513
-5.1666
-5.07815
-5.00864
-4.95698
-4.9222
-4.90341
-4.89978
-4.91057
-4.93511
-4.97283
-5.02324
-5.08598
-5.16079
-5.24757
-5.34636
-5.45734
-5.58088
-5.71747
-5.86773
-6.03241
-6.21233
-6.40842
-6.62163
-6.85301
-7.10365
-7.37476
-7.66765
-7.98381
-8.32488
-8.69271
-9.08934
-9.51692
-9.97767
-10.4738
-11.0072
-11.5795
-12.1919
-12.8446
-13.5373
-14.2685
-15.0357
-15.8356
-16.6635
-17.5141
-18.3809
-19.2571
-20.1351
-21.0068
-21.8643
-22.6999
-23.5064
-24.2774
-25.0079
-25.6942
-26.334
-26.9267
-27.5272
-28.1176
-28.6473
-29.121
-29.5435
-29.9192
-30.2515
-30.5434
-30.7967
-31.0127
-31.1923
-31.3359
-31.4436
-31.5154
-31.5513
)
;
    }
    interface_left
    {
        type            calculated;
        value           nonuniform List<scalar> 
90
(
-60.1892
-112.221
56.6781
-3.57348
24.9247
-2.50314
10.5787
-2.53079
-12.9942
-2.8361
-14.4262
-3.25091
-15.5728
-3.48443
-18.6749
9.25836
-4.17401
3.42995
-4.1771
0.601877
-4.22401
-1.37113
-4.20288
-6.74279
-4.14777
-7.38097
-4.08565
-7.94465
-3.96773
-9.21979
0.925822
-4.02477
-0.770458
-3.81672
-1.56692
-3.64764
-2.17189
-3.46213
-4.67441
-3.27472
-4.9326
-3.10353
-5.17186
-2.91648
-5.80695
-0.0851076
-2.83401
-0.923348
-2.60862
-1.2944
-2.4106
-1.57088
-2.2083
-2.76105
-2.0094
-2.66697
-1.82001
-2.44102
-1.63467
-2.12239
-1.33516
-1.4664
-1.60735
-1.29448
-1.75939
-1.14857
-1.78276
-1.04059
-0.0349565
-0.98034
1.05075
-0.972733
2.6055
-1.05468
5.69071
-8.71346
-0.87454
-7.51588
-1.06375
-7.31205
-1.33477
-7.07997
-1.96612
4.40421
-9.9956
-3.51216
1.25913
7.15826
17.5963
41.5935
)
;
    }
    interface_right
    {
        type            calculated;
        value           nonuniform List<scalar> 
90
(
-186.792
-261.545
111.37
-4.77547
47.5432
-2.12122
21.6952
-1.39107
-19.7613
-0.96356
-21.4928
-0.849714
-22.6748
-0.622298
-27.2048
21.7202
-1.37976
11.3992
-1.17213
6.26451
-1.24143
2.72454
-1.3432
-4.71434
-1.48093
-5.19933
-1.66819
-5.39553
-1.83657
-5.93919
1.05224
-2.16753
-0.930623
-2.34783
-1.98203
-2.55257
-2.64572
-2.75847
-2.66901
-2.96494
-2.43829
-3.171
-2.03709
-3.40176
-1.1704
-6.0837
-3.51035
-5.74683
-3.70852
-5.65842
-3.8848
-5.46169
-4.06768
-2.51524
-4.24546
-1.61336
-4.40031
-0.36835
-4.60334
2.22097
-11.8795
-4.43723
-10.1926
-4.50705
-9.45127
-4.49024
-8.52947
-4.45885
0.210955
-4.37111
3.88287
-4.17963
9.37312
-4.09724
20.9161
-32.1266
-2.78582
-27.9137
-2.48916
-28.5515
-2.19966
-31.3497
-3.16885
42.2543
-111.194
-69.741
-53.8949
-47.0221
-44.5267
-46.6534
)
;
    }
    interface_top
    {
        type            calculated;
        value           nonuniform List<scalar> 
90
(
-24.0245
-100.629
-110.286
-68.0409
-52.5631
-38.0262
-30.7453
-19.6177
-27.2463
-30.8426
-36.3099
-40.2297
-48.0858
-56.1313
-77.1632
-76.9918
-55.3815
-47.0134
-38.6595
-34.4339
-28.4822
-24.624
-16.8315
-24.5999
-28.444
-34.3593
-38.5601
-46.8529
-55.1885
-76.7389
-76.8926
-55.8698
-47.7084
-39.461
-35.2676
-29.2872
-25.3787
-17.3941
-25.4967
-29.5269
-35.744
-40.1677
-48.9031
-57.6692
-80.3075
-80.5083
-58.5561
-50.0342
-41.4161
-37.0327
-30.7735
-26.6782
-18.2963
-26.8637
-31.135
-37.7387
-42.4338
-51.7048
-60.9672
-84.8489
-85.0141
-61.6897
-52.6626
-43.6043
-39.0036
-32.4493
-28.1624
-19.3728
-28.5739
-33.2308
-40.5305
-45.7833
-56.2299
-66.6954
-93.6647
-94.2899
-69.4594
-60.1413
-51.4654
-47.3505
-42.1859
-38.891
-32.2524
-63.8265
-61.6777
-23.4437
-11.9701
-8.85227
-10.0631
-18.184
)
;
    }
    interface_bottom
    {
        type            calculated;
        value           nonuniform List<scalar> 
90
(
-40.9835
-80.2897
-83.6879
-56.7823
-46.3716
-35.5312
-29.6097
-19.4637
-27.7511
-31.729
-37.7725
-42.0466
-50.512
-59.057
-81.2597
-81.065
-58.2066
-49.3371
-40.4523
-35.9546
-29.6309
-25.5491
-17.3775
-25.3288
-29.2152
-35.1585
-39.325
-47.5196
-55.6527
-76.6326
-76.4671
-54.9257
-46.574
-38.2244
-33.9955
-28.0497
-24.202
-16.484
-24.0324
-27.7173
-33.3461
-37.2851
-45.0281
-52.6795
-72.3875
-72.1941
-51.8261
-43.9386
-36.081
-32.1004
-26.5061
-22.8803
-15.5972
-22.7416
-26.231
-31.5616
-35.2942
-42.6311
-49.9019
-68.6468
-68.491
-49.216
-41.7505
-34.3065
-30.5319
-25.2164
-21.7707
-14.8434
-21.6328
-24.9552
-30.0348
-33.6097
-40.6505
-47.7069
-65.9695
-65.9449
-47.615
-40.5353
-33.5258
-29.9945
-25.1175
-21.939
-15.6563
-25.4557
-24.5839
-11.8248
-9.15315
-11.2609
-20.3732
-50.214
)
;
    }
    defaultFaces
    {
        type            empty;
    }
}


// ************************************************************************* //
