/*--------------------------------*- C++ -*----------------------------------*\
| =========                 |                                                 |
| \\      /  F ield         | OpenFOAM: The Open Source CFD Toolbox           |
|  \\    /   O peration     | Version:  5.x                                   |
|   \\  /    A nd           | Web:      www.OpenFOAM.org                      |
|    \\/     M anipulation  |                                                 |
\*---------------------------------------------------------------------------*/
FoamFile
{
    version     2.0;
    format      ascii;
    class       volScalarField;
    location    "7.2";
    object      gradTy;
}
// * * * * * * * * * * * * * * * * * * * * * * * * * * * * * * * * * * * * * //

dimensions      [0 -1 0 1 0 0 0];

internalField   nonuniform List<scalar> 
6300
(
32284.2
32252.5
32220.7
32188.7
32156.5
32124
32091.1
32057.7
32023.9
31989.6
31954.7
31919.2
31883.1
31846.4
31809.2
0.0534446
0.159831
0.264681
0.366858
0.465071
0.557823
0.643403
0.719896
0.785253
0.837412
0.874489
0.895025
0.898274
0.884475
0.85505
0.0896241
0.268076
0.44408
0.615807
0.781148
0.93763
1.08238
1.21213
1.32333
1.41234
1.47573
1.51077
1.5159
1.49132
1.43937
0.126601
0.378772
0.627761
0.871149
1.10609
1.32918
1.53636
1.72292
1.88361
2.01288
2.10534
2.15642
2.16324
2.12551
2.04641
0.164609
0.492651
0.817041
1.13494
1.44288
1.73663
2.01095
2.25957
2.47529
2.65019
2.77627
2.84629
2.85506
2.80101
2.68772
0.203792
0.61018
1.01282
1.40866
1.79387
2.1635
2.5112
2.82911
3.10774
3.33629
3.5032
3.59731
3.60961
3.53563
3.37828
0.244172
0.731459
1.21538
1.69302
2.16044
2.61227
3.04124
3.43787
3.79023
4.08395
4.30283
4.43003
4.45031
4.35349
4.13917
0.285606
0.856103
1.42422
1.98759
2.5426
3.08387
3.60358
4.09087
4.53127
4.90636
5.19403
5.36951
5.40792
5.28865
5.00244
0.327756
0.983123
1.63781
2.29049
2.93848
3.57699
4.19829
4.79069
5.33751
5.81607
6.19725
6.44589
6.52305
6.39057
6.01983
0.370048
1.11082
1.85339
2.59808
3.34383
4.0873
4.82183
5.53601
6.21189
6.82304
7.33284
7.69361
7.84765
7.73064
7.27786
0.41166
1.23673
2.06684
2.90461
3.75142
4.60649
5.46567
6.31954
7.15087
7.93122
8.61731
9.14792
9.44323
9.40639
8.92055
0.451522
1.35759
2.27261
3.2021
4.15072
5.12154
6.11474
7.12553
8.1407
9.13355
10.0572
10.8375
11.3707
11.5306
11.1665
0.48836
1.4695
2.46391
3.48043
4.52779
5.61415
6.74617
7.92705
9.15275
10.4051
11.6403
12.7738
13.6708
14.1755
14.2298
0.520779
1.56814
2.63308
3.72793
4.86585
6.06106
7.32866
8.68369
10.1381
11.6937
13.325
14.9462
16.3603
17.2597
17.7293
0.547396
1.64919
2.77235
3.93234
5.14661
6.43555
7.82369
9.34084
11.0224
12.9066
15.0197
17.3249
19.5576
20.7459
18.1331
31774.5
31742.5
31710.3
31677.7
31644.7
31611.5
31578
31544.3
31510.3
31476.1
31441.8
31407.3
31372.6
31337.9
31303
31268.1
31233.1
31198.1
31163.2
31128.2
31093.3
31058.4
31023.5
30988.7
30953.9
30919.1
30884.4
30849.7
30815.1
30780.6
30746.1
30711.7
30677.4
30643.2
30609.1
30575.1
30541.1
30507.3
30473.6
30439.9
30406.4
30372.9
30339.5
30306.2
30273
30239.8
30206.8
30173.9
30141.1
30108.4
30075.8
30043.3
30010.9
29978.6
29946.4
29914.3
29882.3
29850.3
29818.5
29786.7
29755
29723.4
29691.9
29660.5
29629.2
29598
29566.9
29535.9
29505
29474.2
29443.4
29412.7
29382.1
29351.5
29321
29290.5
29260.1
29229.8
29199.5
29169.3
29139.2
29109
29078.9
29048.7
29018.6
28988.3
28958
28927.7
28897.2
28866.6
0.816144
0.773994
0.727339
0.678397
0.629018
0.580445
0.533179
0.487002
0.441149
0.394599
0.34642
0.29609
0.243737
0.190233
0.137136
0.0864639
0.0403707
0.000763256
-0.0310426
-0.0545693
-0.0702797
-0.0795192
-0.084313
-0.0870515
-0.0901196
-0.0955259
-0.104595
-0.117768
-0.134554
-0.153637
-0.17313
-0.190926
-0.205089
-0.214207
-0.217645
-0.215653
-0.209319
-0.200382
-0.190938
-0.183089
-0.17859
-0.17856
-0.183292
-0.192205
-0.20395
-0.216643
-0.228208
-0.236741
-0.240849
-0.239883
-0.234043
-0.224333
-0.212381
-0.200154
-0.18963
-0.182457
-0.179677
-0.181551
-0.187505
-0.196234
-0.205927
-0.214586
-0.220378
-0.221951
-0.218661
-0.210668
-0.198888
-0.184819
-0.170272
-0.157039
-0.146576
-0.139723
-0.136528
-0.1362
-0.137193
-0.13743
-0.134617
-0.126604
-0.111726
-0.0890833
-0.0587078
-0.0216239
0.0202153
0.0640902
0.106765
0.144802
0.174924
0.194382
0.201292
0.194885
1.37091
1.29703
1.21574
1.13122
1.04694
0.96518
0.886737
0.810974
0.736155
0.660037
0.58055
0.496451
0.407795
0.316142
0.224431
0.136555
0.0566992
-0.0114068
-0.065179
-0.103659
-0.127709
-0.139896
-0.144092
-0.144871
-0.146797
-0.153707
-0.168122
-0.190858
-0.220926
-0.255731
-0.291565
-0.324299
-0.350147
-0.366355
-0.371691
-0.366644
-0.353326
-0.335104
-0.316028
-0.300158
-0.290884
-0.290369
-0.299176
-0.316175
-0.338735
-0.363187
-0.385482
-0.401917
-0.409792
-0.407861
-0.396532
-0.377764
-0.354714
-0.331195
-0.311032
-0.297417
-0.29237
-0.296397
-0.308389
-0.325808
-0.34513
-0.362468
-0.374261
-0.377901
-0.372161
-0.357379
-0.335361
-0.309037
-0.281938
-0.25757
-0.238793
-0.227289
-0.22322
-0.225123
-0.230072
-0.234105
-0.232828
-0.222109
-0.198736
-0.160933
-0.108668
-0.0437416
0.0303294
0.108615
0.185218
0.253837
0.308421
0.343853
0.3566
0.345208
1.94243
1.83071
1.7088
1.5837
1.46125
1.34515
1.23646
1.13362
1.03307
0.93037
0.821369
0.703421
0.576221
0.442186
0.306257
0.175149
0.0561643
-0.044161
-0.121278
-0.173469
-0.202164
-0.211719
-0.208729
-0.200979
-0.196233
-0.201017
-0.219601
-0.253326
-0.300409
-0.356275
-0.414398
-0.467522
-0.509017
-0.534091
-0.54062
-0.529476
-0.504326
-0.470985
-0.436433
-0.407656
-0.390497
-0.388683
-0.403193
-0.432068
-0.470727
-0.512768
-0.551124
-0.579353
-0.592784
-0.589305
-0.569667
-0.537292
-0.497654
-0.457338
-0.422941
-0.399972
-0.391933
-0.399711
-0.421394
-0.45258
-0.48713
-0.518272
-0.539827
-0.5473
-0.538624
-0.514456
-0.47798
-0.434317
-0.389618
-0.35
-0.320486
-0.3041
-0.301266
-0.309611
-0.324226
-0.338384
-0.344591
-0.335792
-0.306486
-0.253571
-0.176821
-0.0789913
0.0344093
0.155597
0.275199
0.383115
0.469526
0.526017
0.546695
0.529089
2.53863
2.37897
2.20638
2.0323
1.86634
1.71442
1.57775
1.45293
1.33309
1.20977
1.07507
0.923716
0.754493
0.570957
0.381144
0.196289
0.0287607
-0.110334
-0.213272
-0.277114
-0.304177
-0.301609
-0.280219
-0.252761
-0.231946
-0.228458
-0.249278
-0.29656
-0.367247
-0.45357
-0.54443
-0.627491
-0.691536
-0.728533
-0.735002
-0.712477
-0.667121
-0.608613
-0.548525
-0.498429
-0.468014
-0.463491
-0.486527
-0.533875
-0.597852
-0.667656
-0.731351
-0.778099
-0.800129
-0.79402
-0.761143
-0.707282
-0.641573
-0.574961
-0.518394
-0.48103
-0.468723
-0.483
-0.520718
-0.574509
-0.634037
-0.687882
-0.725673
-0.739951
-0.727398
-0.689253
-0.630947
-0.561089
-0.48998
-0.427879
-0.383272
-0.361393
-0.363213
-0.385067
-0.419037
-0.45411
-0.477962
-0.479003
-0.448229
-0.380526
-0.275328
-0.13666
0.0272794
0.204863
0.38201
0.543363
0.673717
0.759754
0.791919
0.766084
3.16941
2.94571
2.70597
2.4691
2.25112
2.06164
1.9019
1.76503
1.6381
1.50552
1.35275
1.16974
0.953372
0.708766
0.448889
0.192476
-0.0395899
-0.228574
-0.361566
-0.433725
-0.448862
-0.418609
-0.360451
-0.294983
-0.242714
-0.220899
-0.240855
-0.306095
-0.411577
-0.544337
-0.685698
-0.814851
-0.913009
-0.966944
-0.97114
-0.928362
-0.848863
-0.748523
-0.646235
-0.560868
-0.508252
-0.498625
-0.534858
-0.611743
-0.716592
-0.831351
-0.935988
-1.01245
-1.048
-1.03729
-0.982845
-0.894339
-0.786799
-0.678126
-0.5862
-0.526012
-0.507237
-0.532541
-0.596903
-0.688183
-0.789132
-0.880616
-0.945381
-0.971242
-0.953029
-0.893086
-0.800553
-0.689665
-0.577372
-0.480569
-0.413332
-0.384561
-0.396312
-0.443078
-0.512259
-0.585992
-0.644177
-0.668029
-0.643147
-0.561473
-0.422029
-0.230717
0.000503104
0.25476
0.511568
0.748249
0.941729
1.07107
1.12067
1.08344
3.84868
3.53533
3.20123
2.87848
2.59468
2.36587
2.19301
2.06272
1.9512
1.8303
1.67397
1.46377
1.19292
0.868563
0.511643
0.1536
-0.169981
-0.427445
-0.597464
-0.67245
-0.658915
-0.575795
-0.451214
-0.318204
-0.209635
-0.153195
-0.167228
-0.257687
-0.416635
-0.622723
-0.844555
-1.04685
-1.19817
-1.27699
-1.27493
-1.19713
-1.06063
-0.891247
-0.719588
-0.576155
-0.486595
-0.467728
-0.52466
-0.649349
-0.821073
-1.00963
-1.18121
-1.3057
-1.3625
-1.34354
-1.25361
-1.10881
-0.933665
-0.757184
-0.608311
-0.511368
-0.482286
-0.525847
-0.634329
-0.787941
-0.957863
-1.11183
-1.22111
-1.26601
-1.23875
-1.14385
-0.996594
-0.820265
-0.64246
-0.490686
-0.388002
-0.349378
-0.378988
-0.468812
-0.598925
-0.740264
-0.85983
-0.92723
-0.919846
-0.825605
-0.643416
-0.38224
-0.059444
0.300988
0.670109
1.01535
1.30211
1.4972
1.57445
1.521
4.59867
4.15461
3.67988
3.23151
2.85883
2.58931
2.42265
2.33324
2.2777
2.20604
2.07275
1.84511
1.5095
1.07525
0.576009
0.0650975
-0.395585
-0.752238
-0.970217
-1.03865
-0.969178
-0.79269
-0.55412
-0.306234
-0.101498
0.0159814
0.0164466
-0.110663
-0.353817
-0.678447
-1.03155
-1.35227
-1.58774
-1.70349
-1.68779
-1.55047
-1.31973
-1.03726
-0.752303
-0.513877
-0.363147
-0.327692
-0.416903
-0.619235
-0.901322
-1.21237
-1.49424
-1.69645
-1.78612
-1.752
-1.60337
-1.367
-1.08246
-0.796493
-0.555654
-0.399014
-0.352735
-0.425675
-0.606778
-0.864218
-1.14957
-1.4074
-1.58957
-1.66466
-1.62189
-1.47002
-1.2345
-0.952995
-0.670066
-0.430116
-0.270428
-0.215938
-0.274958
-0.436531
-0.669423
-0.925886
-1.1506
-1.29411
-1.32161
-1.21638
-0.978538
-0.622495
-0.173582
0.334705
0.863046
1.36666
1.79448
2.09304
2.21645
2.13969
5.45938
4.81795
4.12038
3.47533
2.97415
2.66438
2.54082
2.5548
2.62729
2.67043
2.60736
2.38188
1.9681
1.37552
0.657177
-0.0957391
-0.770997
-1.27673
-1.55832
-1.60343
-1.43355
-1.09899
-0.670448
-0.232134
0.132283
0.353651
0.383821
0.203457
-0.173681
-0.693181
-1.26517
-1.78047
-2.14973
-2.31928
-2.27581
-2.03832
-1.65333
-1.18689
-0.718018
-0.325329
-0.0737135
-0.00814733
-0.146262
-0.474283
-0.939877
-1.45714
-1.92199
-2.24929
-2.38798
-2.32537
-2.0795
-1.69457
-1.23332
-0.770826
-0.381758
-0.127752
-0.0515166
-0.169758
-0.469309
-0.900308
-1.38091
-1.81194
-2.11223
-2.23303
-2.16214
-1.91666
-1.53861
-1.08778
-0.635785
-0.25397
-0.00136909
0.0809553
-0.0232533
-0.301548
-0.705976
-1.15723
-1.5583
-1.82806
-1.91451
-1.7981
-1.48387
-0.996476
-0.373216
0.339549
1.0916
1.8271
2.473
2.9411
3.14668
3.03703
6.51019
5.56242
4.48553
3.51204
2.81362
2.47112
2.46074
2.69194
3.019
3.28766
3.37577
3.18975
2.68416
1.85687
0.788123
-0.36841
-1.39054
-2.12397
-2.48698
-2.47781
-2.13507
-1.54064
-0.800851
-0.0516347
0.572048
0.966637
1.05436
0.80092
0.211447
-0.632341
-1.58043
-2.419
-2.9993
-3.24184
-3.14323
-2.73858
-2.10424
-1.34002
-0.574044
0.0663499
0.483618
0.604684
0.397829
-0.131238
-0.904039
-1.77741
-2.5478
-3.07374
-3.27973
-3.16263
-2.75588
-2.13207
-1.386
-0.639435
-0.0133832
0.399486
0.529736
0.347235
-0.142566
-0.864974
-1.68366
-2.40474
-2.89336
-3.07744
-2.95383
-2.55418
-1.94754
-1.22425
-0.500445
0.108238
0.512886
0.646454
0.479134
0.0150689
-0.675106
-1.46082
-2.15507
-2.62596
-2.79952
-2.6647
-2.23852
-1.5661
-0.701733
0.287831
1.34397
2.4166
3.40753
4.16722
4.53081
4.37841
7.92106
6.49386
4.70332
3.15382
2.14061
1.79942
2.03268
2.69091
3.49467
4.1648
4.53886
4.45774
3.86345
2.6859
1.04547
-0.834639
-2.4258
-3.50465
-3.95158
-3.83253
-3.19903
-2.19163
-0.944842
0.309622
1.34169
2.0215
2.21615
1.88226
0.962776
-0.421328
-2.0534
-3.42944
-4.33528
-4.65568
-4.45137
-3.76958
-2.74222
-1.4957
-0.249249
0.779312
1.46746
1.6897
1.40589
0.562766
-0.723395
-2.246
-3.52566
-4.35894
-4.63672
-4.41702
-3.74486
-2.74562
-1.5394
-0.334528
0.661957
1.33368
1.56133
1.30673
0.519114
-0.69101
-2.12698
-3.33229
-4.11303
-4.36496
-4.14301
-3.48976
-2.52446
-1.36147
-0.199339
0.764252
1.41749
1.64523
1.40883
0.657281
-0.50666
-1.89611
-3.07348
-3.852
-4.12861
-3.95085
-3.34776
-2.41213
-1.21053
0.140254
1.57259
3.12375
4.67504
5.96371
6.65796
6.46664
10.0765
7.9482
4.57724
2.02824
0.501229
0.300465
0.992484
2.48016
4.16268
5.46817
6.35736
6.46462
5.88263
4.18143
1.64794
-1.71697
-4.19879
-5.79533
-6.2312
-5.92808
-4.80143
-3.18735
-1.09991
0.991102
2.61859
3.77497
4.13902
3.80684
2.38313
0.146735
-2.89508
-5.11698
-6.51432
-6.82512
-6.44712
-5.29825
-3.69579
-1.65133
0.389288
1.98244
3.12218
3.50343
3.21931
1.89472
-0.202304
-3.06445
-5.14631
-6.44411
-6.71013
-6.32298
-5.20484
-3.65725
-1.69089
0.270427
1.80493
2.90729
3.28735
3.03372
1.78919
-0.191843
-2.90248
-4.87124
-6.09423
-6.33485
-5.95326
-4.8747
-3.38609
-1.49744
0.387647
1.86717
2.93479
3.31235
3.08033
1.89333
-0.0134835
-2.6368
-4.56625
-5.80076
-6.112
-5.84945
-4.93586
-3.64115
-1.93413
-0.12476
1.63009
3.83072
6.32071
8.61615
10.0604
9.91993
13.8523
11.1726
3.26122
-0.556499
-3.04088
-2.48202
-1.19294
1.98893
5.37357
7.37093
9.30179
9.46398
9.51343
6.87543
3.44764
-3.87098
-7.24662
-9.75739
-9.57502
-9.20952
-7.10576
-4.86474
-1.26015
2.34004
4.57384
6.66937
7.06442
7.3032
4.97374
1.87457
-4.91747
-7.99194
-10.258
-9.98648
-9.55297
-7.48012
-5.28587
-1.80147
1.67214
3.83843
5.86911
6.27522
6.53098
4.33894
1.42052
-5.00654
-7.89604
-10.0151
-9.72412
-9.28161
-7.28328
-5.17193
-1.83514
1.48995
3.57016
5.52098
5.92586
6.18756
4.11978
1.35793
-4.74633
-7.48411
-9.49003
-9.20077
-8.76719
-6.85012
-4.82379
-1.6283
1.55863
3.56319
5.44577
5.85723
6.12701
4.16589
1.51146
-4.37668
-7.05973
-9.07903
-8.92162
-8.68554
-7.07275
-5.46392
-2.8051
-0.311273
1.04569
4.12101
8.24651
12.4944
15.7446
16.214
20.9153
21.7987
-4.06909
-5.08064
-10.9631
-6.31488
-6.10361
1.20582
8.58216
9.36939
14.793
12.6256
17.0141
10.7067
10.8501
-11.7029
-11.5399
-17.5976
-13.1826
-14.9941
-9.60779
-8.50572
-1.41408
5.65652
6.72816
12.0124
10.2148
14.4978
8.67267
8.9201
-12.2932
-12.0311
-17.6559
-13.3811
-15.0195
-9.83687
-8.73381
-1.93612
4.8375
5.88966
10.9554
9.26349
13.3674
7.82911
8.09574
-12.0428
-11.7553
-17.0564
-12.9564
-14.4807
-9.52452
-8.4513
-1.9626
4.50204
5.52169
10.3608
8.7705
12.6958
7.44977
7.72076
-11.438
-11.1509
-16.1909
-12.2745
-13.7173
-8.98291
-7.94511
-1.74686
4.43219
5.43484
10.0751
8.6061
12.3862
7.43679
7.69291
-10.7319
-10.509
-15.4917
-11.8445
-13.5041
-9.20394
-8.79866
-3.43847
1.13929
-2.01313
2.89912
9.99615
17.8094
25.4332
29.6968
30.6972
70.9257
-47.2074
-2.60482
-34.0551
-3.75971
-21.2357
0.326656
21.2794
4.69176
31.2157
6.34714
39.9172
5.24905
50.9356
-52.2456
-6.87502
-40.5183
-7.82371
-31.1432
-5.94019
-20.7714
-1.53739
17.6119
2.81665
27.5537
4.60951
36.2485
3.62745
46.8694
-50.5931
-7.59264
-39.3087
-8.26051
-30.308
-6.31865
-20.3816
-2.03571
16.2421
2.16177
25.7729
3.9062
34.0891
2.96056
44.1548
-48.4921
-7.56665
-37.635
-8.08932
-29.0111
-6.17397
-19.5286
-2.05505
15.3553
1.97362
24.4591
3.67306
32.4112
2.83559
42.0627
-46.1312
-7.14618
-35.7889
-7.63067
-27.5624
-5.79224
-18.4972
-1.83748
14.7601
2.06858
23.5021
3.79659
31.2159
3.21202
40.7751
-43.9394
-6.46212
-34.3313
-7.12558
-26.9043
-5.72635
-19.2683
-2.94496
13.7215
-16.6849
-1.46868
10.7147
23.3973
39.9607
66.6129
28832.9
28796
28759
28722
28684.9
28647.8
28610.8
28573.9
28537.1
28500.4
28463.8
28427.3
28390.8
28354.5
28318.2
0.173693
0.13463
0.0843509
0.0286342
-0.0266407
-0.0762945
-0.116362
-0.144301
-0.158952
-0.160345
-0.149436
-0.127848
-0.0976393
-0.0611349
-0.0208059
0.30706
0.23674
0.146559
0.0471996
-0.0506552
-0.137803
-0.207403
-0.255256
-0.279644
-0.280905
-0.260926
-0.222658
-0.169726
-0.106137
-0.0360986
0.469152
0.358732
0.217963
0.0642773
-0.0853614
-0.216847
-0.320177
-0.389665
-0.423454
-0.422699
-0.390698
-0.332129
-0.252466
-0.157589
-0.0535491
0.676282
0.511072
0.302288
0.0773095
-0.138219
-0.324043
-0.466791
-0.559771
-0.601805
-0.595737
-0.547038
-0.462691
-0.350419
-0.218204
-0.0740576
0.950656
0.706988
0.402809
0.0808932
-0.22078
-0.474313
-0.663171
-0.780823
-0.828257
-0.811405
-0.739023
-0.621179
-0.468313
-0.29075
-0.0985346
1.32385
0.963417
0.521067
0.0642364
-0.351478
-0.689258
-0.930755
-1.07209
-1.11899
-1.0826
-0.976469
-0.814688
-0.610903
-0.377949
-0.127865
1.84239
1.30177
0.653809
0.00646605
-0.56011
-1.00048
-1.2985
-1.45779
-1.49302
-1.42354
-1.26956
-1.0502
-0.78266
-0.482278
-0.162839
2.57724
1.74746
0.785934
-0.132068
-0.894941
-1.45406
-1.80496
-1.96756
-1.97175
-1.84896
-1.62805
-1.33388
-0.987262
-0.605661
-0.204055
3.64027
2.32491
0.874536
-0.425728
-1.43353
-2.11584
-2.49972
-2.63573
-2.57745
-2.3725
-2.0598
-1.66999
-1.22685
-0.749046
-0.251773
5.21341
3.03736
0.813032
-1.01185
-2.29759
-3.07605
-3.44235
-3.49817
-3.32983
-3.00377
-2.56866
-2.05943
-1.5011
-0.9119
-0.305764
7.59542
3.7981
0.352081
-2.13711
-3.66893
-4.44842
-4.69547
-4.58475
-4.23993
-3.74408
-3.15164
-2.49798
-1.80621
-1.09169
-0.365146
11.2389
4.20751
-1.0657
-4.21973
-5.79259
-6.35321
-6.30635
-5.90541
-5.30106
-4.58098
-3.79582
-2.97464
-2.13407
-1.2835
-0.428278
16.4866
2.85872
-4.60267
-7.8835
-8.92847
-8.86549
-8.2713
-7.42949
-6.47789
-5.48297
-4.47599
-3.4707
-2.47193
-1.47994
-0.492748
20.951
-4.65649
-12.3202
-13.7831
-13.1723
-11.909
-10.4839
-9.06334
-7.69805
-6.39699
-5.15449
-3.96025
-2.80298
-1.67161
-0.555518
0.56595
1.70566
2.86928
4.07449
5.34182
6.69641
8.17058
9.80756
11.6671
13.8334
16.4227
19.5739
23.3225
26.8249
23.9676
0.576872
1.73878
2.92575
4.15645
5.45291
6.8427
8.36242
10.0634
12.0221
14.3599
17.2858
21.2014
27.0077
37.1735
60.1029
0.582125
1.75451
2.95185
4.19275
5.4992
6.89879
8.42838
10.1403
12.1139
14.4782
17.4627
21.5206
27.6758
38.6283
62.6893
0.581731
1.7529
2.9477
4.18356
5.48083
6.86462
8.36774
10.0355
11.9342
14.1657
16.8943
20.3874
25.039
31.0778
35.99
0.575985
1.7349
2.91503
4.13174
5.4024
6.74762
8.1928
9.77045
11.5233
13.5076
15.7936
18.4479
21.4489
24.4089
26.0945
0.565412
1.70218
2.85697
4.04245
5.27223
6.56126
7.92593
9.3838
10.9517
12.6399
14.4361
16.2632
17.8776
18.638
17.0013
0.550713
1.65694
2.77761
3.92241
5.10095
6.3224
7.59443
8.92086
10.2967
11.6974
13.057
14.2253
14.8938
14.5293
12.7214
0.532678
1.60168
2.6815
3.77894
4.89989
6.04848
7.22521
8.42372
9.62451
10.7835
11.811
12.5344
12.6258
11.422
7.19251
0.512113
1.5389
2.57316
3.61914
4.67967
5.75504
6.84095
7.92512
8.98152
9.96094
10.7764
11.2827
11.2569
10.4158
8.71605
0.489769
1.47093
2.45669
3.44924
4.44916
5.45431
6.45794
7.44589
8.39212
9.25246
9.9565
10.4008
10.4541
10.006
9.12489
0.466301
1.39975
2.33551
3.27421
4.21502
5.15464
6.08587
6.99569
7.86248
8.65263
9.31712
9.79062
9.99974
9.89687
9.55539
0.442242
1.32698
2.21227
3.09772
3.98173
4.86079
5.72868
6.57541
7.38613
8.14015
8.81048
9.36412
9.76212
9.9536
9.84341
0.418005
1.25383
2.08892
2.92223
3.75186
4.57471
5.3862
6.18015
6.94918
7.68585
8.38494
9.04577
9.66802
10.2199
10.5496
0.3939
1.18118
1.9668
2.74929
3.52669
4.29651
5.05589
5.80221
6.53473
7.25766
7.98601
8.75427
9.62282
10.6406
11.5159
0.370152
1.10969
1.84685
2.57987
3.30678
4.02557
4.73463
5.43386
6.12693
6.82573
7.55937
8.39314
9.474
11.1603
14.4634
0.346939
1.03984
1.72978
2.41469
3.09251
3.76138
4.42019
5.06979
5.71513
6.36959
7.0632
7.86043
8.90476
10.5571
13.9275
0.324405
0.972049
1.61618
2.25443
2.88446
3.50416
4.11215
4.70865
5.297
5.88626
6.49507
7.15609
7.91328
8.76087
9.21078
0.302678
0.906694
1.50667
2.09988
2.68356
3.25506
3.81209
4.35316
4.87822
5.38934
5.89066
6.38495
6.85899
7.24076
7.34507
0.28188
0.844141
1.40187
1.95194
2.49111
3.016
3.5231
4.00877
4.46911
4.89922
5.29112
5.62785
5.86875
5.9133
5.4991
0.262124
0.784733
1.30237
1.81157
2.30858
2.78929
3.24898
3.68197
4.08097
4.43562
4.72987
4.93729
5.01486
4.90439
4.59855
0.243506
0.728773
1.20874
1.67965
2.13737
2.57717
2.99338
3.37877
3.72362
4.01395
4.22892
4.33687
4.29153
4.03113
3.46791
0.226099
0.676493
1.1214
1.55688
1.97859
2.38143
2.75917
3.10373
3.4041
3.64462
3.80226
3.84289
3.71753
3.36814
2.81539
0.209946
0.628023
1.04059
1.44368
1.83291
2.20313
2.548
2.85935
3.12614
3.33282
3.45684
3.46419
3.29909
2.84636
1.74194
0.19505
0.583384
0.966345
1.34011
1.70043
2.04241
2.36009
2.64592
2.88992
3.07843
3.19243
3.20522
3.08038
2.77714
2.32088
0.181382
0.542473
0.898491
1.24586
1.58069
1.89856
2.1943
2.46154
2.69221
2.87577
2.9983
3.04181
2.98555
2.81416
2.54015
0.168874
0.505083
0.836641
1.16032
1.47271
1.77009
2.04829
2.30254
2.52721
2.71549
2.85902
2.9477
2.97065
2.92246
2.83083
0.157434
0.470923
0.780258
1.08263
1.37516
1.65492
1.9189
2.16408
2.38748
2.58627
2.75782
2.89921
3.00515
3.0609
3.01954
0.146953
0.439646
0.72871
1.01176
1.28648
1.5507
1.80257
2.04074
2.26483
2.47597
2.67756
2.87534
3.07449
3.26677
3.40331
0.137314
0.41089
0.681338
0.94667
1.20507
1.45507
1.69574
1.92718
2.15116
2.37231
2.59994
2.85051
3.14859
3.51134
3.82478
0.128404
0.384305
0.637518
0.886391
1.12951
1.3659
1.59532
1.81879
2.03944
2.26413
2.50639
2.79267
3.17777
3.79014
4.99218
0.120125
0.359584
0.596712
0.830104
1.05862
1.28158
1.49904
1.71235
1.92492
2.14376
2.38225
2.6662
3.04912
3.65945
4.87968
0.112395
0.336483
0.558499
0.777203
0.991591
1.20106
1.40565
1.60642
1.80605
2.00973
2.22653
2.47101
2.76252
3.10521
3.34369
0.105154
0.314819
0.522586
0.727298
0.927976
1.12393
1.3149
1.50128
1.68436
1.86658
2.05159
2.24316
2.44037
2.62332
2.73417
0.0983585
0.294472
0.488794
0.680194
0.867642
1.05025
1.22734
1.39844
1.56326
1.72149
1.8721
2.01138
2.12813
2.19151
2.11593
0.0919823
0.27537
0.457031
0.635834
0.810666
0.980418
1.14395
1.29995
1.44673
1.58171
1.70047
1.79525
1.85295
1.8562
1.8077
0.086007
0.257466
0.427253
0.594233
0.757217
0.914905
1.06577
1.20786
1.3384
1.45317
1.54551
1.60487
1.61557
1.55683
1.40019
0.0804172
0.240722
0.399426
0.555407
0.707446
0.854129
0.993701
1.1238
1.24102
1.34022
1.41343
1.4483
1.42641
1.32543
1.15508
0.0751952
0.225092
0.37349
0.519321
0.661394
0.798292
0.928209
1.04868
1.15616
1.24532
1.30799
1.33113
1.29219
1.14222
0.722424
0.070316
0.210503
0.349336
0.485846
0.618938
0.747306
0.869279
0.982589
1.08401
1.16883
1.23
1.25708
1.23507
1.1464
1.00161
0.065746
0.196855
0.326798
0.454745
0.579766
0.700764
0.816367
0.924754
1.02341
1.10876
1.17569
1.21712
1.22425
1.18954
1.11464
0.0614425
0.184016
0.305648
0.425677
0.543389
0.657973
0.768469
0.873681
0.972052
1.06148
1.13909
1.20099
1.24249
1.26061
1.26702
0.0573554
0.171833
0.285612
0.398222
0.509187
0.618024
0.724246
0.827365
0.926909
1.02242
1.11341
1.19904
1.27697
1.33983
1.36398
0.0534302
0.160137
0.26639
0.371912
0.476466
0.579896
0.682183
0.783539
0.884571
0.986509
1.09147
1.20245
1.32191
1.44595
1.5525
0.049612
0.148757
0.247679
0.346276
0.444529
0.542568
0.640771
0.739945
0.841611
0.948505
1.06536
1.19999
1.3637
1.56423
1.74935
0.0458491
0.137534
0.229196
0.320882
0.412746
0.50513
0.598693
0.694627
0.79503
0.903595
1.02692
1.17734
1.37992
1.69324
2.28249
0.0420959
0.126328
0.210699
0.295368
0.380606
0.466879
0.554976
0.646213
0.742792
0.848446
0.969676
1.11847
1.31927
1.63066
2.22775
0.0383153
0.115027
0.191998
0.269462
0.347751
0.427369
0.509086
0.594097
0.684263
0.782492
0.893305
1.02351
1.18184
1.36969
1.51457
0.0344791
0.103547
0.172958
0.242986
0.31398
0.386408
0.460917
0.538412
0.620147
0.707811
0.80348
0.909045
1.02393
1.13858
1.2267
0.0305672
0.0918316
0.153493
0.215845
0.279219
0.344009
0.410684
0.479791
0.551924
0.627584
0.706797
0.788121
0.866216
0.925915
0.924941
0.0265657
0.0798416
0.133553
0.187997
0.24348
0.300308
0.358769
0.41908
0.481263
0.544903
0.608665
0.669455
0.721292
0.755407
0.771558
0.0224646
0.0675512
0.113107
0.159434
0.206813
0.255481
0.30558
0.357078
0.409602
0.462151
0.512611
0.557024
0.588692
0.597393
0.565414
0.018255
0.0549371
0.0921283
0.130145
0.169259
0.209667
0.251429
0.294376
0.337936
0.380862
0.420773
0.453459
0.472061
0.467647
0.443392
0.0139268
0.0419716
0.0705806
0.100098
0.130813
0.16292
0.196466
0.231258
0.266723
0.301682
0.333968
0.359692
0.371431
0.351698
0.241382
0.00946651
0.0286164
0.0484059
0.0692255
0.0914058
0.115182
0.140648
0.167684
0.195874
0.224374
0.251734
0.275653
0.292674
0.29867
0.298026
0.00485652
0.0148192
0.0255197
0.0374135
0.0508977
0.066281
0.0837481
0.103321
0.124825
0.147871
0.171907
0.196422
0.221591
0.250269
0.294159
7.40482e-05
0.000511956
0.0018087
0.00450258
0.00907804
0.0159413
0.0253966
0.0376299
0.0527174
0.0706957
0.0917636
0.116754
0.148091
0.191323
0.25534
-0.00490879
-0.0143893
-0.0228684
-0.0297093
-0.034323
-0.0361892
-0.0348731
-0.030031
-0.0213827
-0.00860858
0.00891477
0.0327
0.0663528
0.117967
0.205814
-0.0101248
-0.0299837
-0.0486791
-0.0654619
-0.0796245
-0.0905203
-0.0975803
-0.100322
-0.0983332
-0.0911939
-0.0782634
-0.0581851
-0.0278347
0.0194772
0.0933443
-0.0156111
-0.0463837
-0.0758139
-0.103028
-0.127187
-0.147506
-0.163275
-0.173885
-0.178845
-0.177783
-0.170385
-0.15618
-0.133774
-0.0974239
-0.0179762
-0.0214088
-0.0637135
-0.104483
-0.14271
-0.177409
-0.207641
-0.232541
-0.251357
-0.263524
-0.268755
-0.267213
-0.259846
-0.249369
-0.244219
-0.278881
-0.0275619
-0.0821065
-0.134915
-0.184835
-0.230725
-0.271471
-0.30602
-0.333435
-0.353003
-0.364411
-0.368063
-0.365648
-0.361231
-0.36333
-0.386615
-0.0341161
-0.101703
-0.167349
-0.229753
-0.287605
-0.339595
-0.384441
-0.420948
-0.448133
-0.465435
-0.473105
-0.472812
-0.468537
-0.467687
-0.482911
-0.041118
-0.122643
-0.20203
-0.277827
-0.348549
-0.412671
-0.468641
-0.514924
-0.550109
-0.57313
-0.583656
-0.582718
-0.573434
-0.560843
-0.545632
-0.0486123
-0.145067
-0.2392
-0.329419
-0.414068
-0.491398
-0.559557
-0.616592
-0.660519
-0.689485
-0.702149
-0.698396
-0.680601
-0.655786
-0.640761
-0.0566403
-0.169101
-0.279084
-0.384875
-0.484662
-0.576486
-0.658186
-0.727352
-0.781304
-0.817146
-0.832024
-0.823803
-0.79262
-0.743905
-0.691383
-0.0652369
-0.194853
-0.321874
-0.444494
-0.560779
-0.668595
-0.765509
-0.848667
-0.91465
-0.959348
-0.977923
-0.965138
-0.916792
-0.834647
-0.74177
-0.0744283
-0.222405
-0.367718
-0.508507
-0.642771
-0.768267
-0.882375
-0.981896
-1.06277
-1.11968
-1.14558
-1.13115
-1.06442
-0.932824
-0.745368
-0.0842301
-0.251804
-0.416699
-0.577048
-0.730845
-0.875839
-1.00936
-1.12806
-1.22751
-1.30152
-1.34124
-1.33347
-1.25707
-1.06978
-0.641497
-0.0946464
-0.283062
-0.468832
-0.650132
-0.825027
-0.991369
-1.14663
-1.2876
-1.4099
-1.50718
-1.56986
-1.58344
-1.5267
-1.37408
-1.13117
-0.105671
-0.316156
-0.524066
-0.72766
-0.925142
-1.11459
-1.29381
-1.46009
-1.60966
-1.73684
-1.83258
-1.88222
-1.86291
-1.74108
-1.46065
-0.11729
-0.351036
-0.582295
-0.809429
-1.03083
-1.2449
-1.44998
-1.64417
-1.82495
-1.98833
-2.12729
-2.22888
-2.2703
-2.2182
-2.06152
-0.129485
-0.387643
-0.643383
-0.895174
-1.14161
-1.38145
-1.61369
-1.83755
-2.0523
-2.25678
-2.44793
-2.6173
-2.74263
-2.76793
-2.54774
-0.142245
-0.425926
-0.707212
-0.984637
-1.25695
-1.52326
-1.78322
-2.03725
-2.28679
-2.53447
-2.78368
-3.0363
-3.28441
-3.48812
-3.55054
-0.155567
-0.465869
-0.773719
-1.07764
-1.37646
-1.66949
-1.95687
-2.24005
-2.52256
-2.81108
-3.11707
-3.4584
-3.85703
-4.30641
-4.54556
-0.169467
-0.507514
-0.842948
-1.17419
-1.49999
-1.81963
-2.13341
-2.44332
-2.75414
-3.07555
-3.4259
-3.84069
-4.39439
-5.27067
-7.03752
-0.183981
-0.550972
-0.915083
-1.27453
-1.62777
-1.97383
-2.31265
-2.64593
-2.97836
-3.3199
-3.68998
-4.1265
-4.70771
-5.61646
-7.35902
-0.19917
-0.596429
-0.990458
-1.37915
-1.76056
-2.13305
-2.49573
-2.84913
-3.19626
-3.54441
-3.90792
-4.3118
-4.79356
-5.3832
-5.93969
-0.215107
-0.644127
-1.06953
-1.48885
-1.89952
-2.29906
-2.68526
-3.05668
-3.41342
-3.75825
-4.09782
-4.44301
-4.80449
-5.17294
-5.46996
-0.231874
-0.694332
-1.15284
-1.60453
-2.04621
-2.47434
-2.88505
-3.27442
-3.63886
-3.97573
-4.28381
-4.5629
-4.81056
-5.01227
-5.11727
-0.249538
-0.747277
-1.24088
-1.72716
-2.20232
-2.66169
-3.09964
-3.50945
-3.88343
-4.21319
-4.48992
-4.7046
-4.84852
-4.91875
-4.94788
-0.268129
-0.803095
-1.334
-1.85752
-2.36937
-2.86393
-3.33378
-3.76936
-4.15871
-4.48747
-4.7391
-4.89542
-4.93766
-4.85375
-4.67384
-0.287618
-0.861731
-1.43225
-1.99596
-2.54843
-3.08332
-3.59171
-4.06136
-4.47606
-4.81529
-5.05448
-5.16545
-5.11439
-4.85541
-4.39306
-0.307885
-0.922865
-1.53521
-2.14222
-2.7397
-3.3211
-3.87653
-4.39152
-4.84582
-5.21257
-5.45889
-5.54801
-5.4355
-4.99829
-3.51941
-0.328699
-0.98583
-1.64187
-2.2951
-2.94213
-3.57692
-4.18943
-4.76383
-5.27635
-5.69348
-5.97245
-6.07057
-5.98209
-5.86454
-6.50684
-0.349699
-1.04955
-1.75048
-2.45227
-3.15305
-3.84821
-4.5288
-5.17909
-5.77313
-6.27033
-6.61159
-6.7227
-6.54886
-6.20312
-6.53444
-0.370385
-1.11251
-1.8585
-2.61015
-3.36786
-4.1296
-4.88919
-5.63341
-6.33716
-6.95546
-7.41054
-7.57271
-7.23499
-6.07152
-3.42459
-0.390125
-1.17279
-1.96259
-2.76382
-3.57987
-4.41249
-5.26026
-6.11581
-6.96052
-7.75394
-8.41289
-8.76986
-8.49455
-6.97009
-3.23299
-0.408186
-1.22812
-2.05875
-2.90717
-3.78037
-4.68486
-5.62591
-6.60575
-7.61949
-8.6458
-9.62493
-10.4061
-10.6216
-9.40521
-4.93642
-0.423772
-1.27602
-2.14254
-3.03333
-3.95914
-4.93184
-5.96462
-7.07213
-8.26972
-9.57042
-10.9744
-12.4351
-13.7429
-14.099
-10.3927
-0.436089
-1.31402
-2.20948
-3.13515
-4.10535
-5.13708
-6.25143
-7.47594
-8.84835
-10.4233
-12.2846
-14.5703
-17.5252
-21.6137
-27.7093
-11.4126
-25.9772
-24.5485
-20.9684
-17.6435
-14.8558
-12.5209
-10.5223
-8.76725
-7.18858
-5.73778
-4.37914
-3.08544
-1.83486
-0.608943
-111.766
-58.2995
-37.641
-27.4357
-21.3506
-17.2124
-14.1273
-11.6686
-9.60807
-7.81267
-6.19895
-4.7112
-3.3098
-1.96471
-0.651465
-124.257
-67.8382
-43.4742
-31.0418
-23.7057
-18.8378
-15.2988
-12.5384
-10.2648
-8.31057
-6.57264
-4.98328
-3.49504
-2.07244
-0.686825
-68.2843
-55.1164
-41.0215
-31.1089
-24.3466
-19.5402
-15.9295
-13.07
-10.6997
-8.65827
-6.84316
-5.18511
-3.63471
-2.15447
-0.713878
-48.2176
-43.0383
-35.6644
-28.9881
-23.6294
-19.4123
-16.0386
-13.262
-10.9061
-8.8488
-7.00461
-5.31219
-3.72566
-2.20896
-0.732017
-30.6392
-32.4843
-29.8229
-25.9523
-22.1193
-18.6986
-15.733
-13.1618
-10.9053
-8.89131
-7.06064
-5.36572
-3.76812
-2.23585
-0.741189
-22.6131
-25.0598
-24.821
-22.8903
-20.3228
-17.6689
-15.1536
-12.843
-10.7359
-8.80653
-7.02239
-5.35167
-3.76519
-2.23661
-0.741832
-12.5744
-19.5003
-20.994
-20.2706
-18.5862
-16.543
-14.432
-12.3829
-10.4432
-8.62085
-6.90536
-5.27911
-3.72205
-2.21389
-0.734758
-15.1906
-17.7131
-18.7065
-18.3181
-17.0989
-15.4641
-13.6673
-11.8467
-10.0691
-8.36091
-6.72636
-5.1585
-3.64496
-2.17101
-0.721003
-15.8689
-16.9876
-17.3788
-16.9425
-15.9001
-14.4978
-12.9192
-11.2805
-9.64679
-8.04983
-6.50105
-5.00015
-3.54036
-2.1115
-0.701692
-16.5264
-16.7673
-16.6256
-15.9879
-14.9512
-13.6538
-12.2129
-10.7109
-9.19894
-7.70527
-6.24247
-4.81325
-3.41428
-2.03875
-0.677921
-16.9498
-16.8128
-16.2169
-15.3102
-14.1834
-12.9095
-11.5491
-10.1481
-8.73838
-7.33926
-5.96057
-4.60532
-3.27191
-1.9558
-0.650681
-17.9894
-17.177
-16.0238
-14.7855
-13.5176
-12.2253
-10.9133
-9.59139
-8.27044
-6.95905
-5.66239
-4.38223
-3.11753
-1.86521
-0.620829
-19.4841
-17.7777
-15.8899
-14.2813
-12.8688
-11.5547
-10.2844
-9.03401
-7.79584
-6.5686
-5.35275
-4.14839
-2.95455
-1.76911
-0.589083
-24.1305
-18.5045
-15.5619
-13.641
-12.1517
-10.8537
-9.6415
-8.46815
-7.31366
-6.17022
-5.03511
-3.90724
-2.78572
-1.66925
-0.556041
-23.0889
-17.3676
-14.5243
-12.701
-11.3017
-10.0931
-8.97165
-7.88918
-6.82379
-5.76606
-4.71242
-3.66168
-2.61339
-1.56712
-0.522214
-14.9787
-14.2322
-12.7785
-11.4663
-10.3193
-9.27208
-8.27467
-7.29834
-6.32857
-5.35905
-4.38771
-3.4144
-2.43964
-1.46405
-0.488053
-11.7575
-11.5878
-10.9344
-10.1169
-9.26764
-8.41638
-7.56303
-6.70292
-5.83317
-4.9533
-4.06436
-3.16811
-2.26648
-1.36125
-0.453968
-8.55108
-9.2793
-9.20406
-8.78965
-8.2173
-7.5621
-6.85608
-6.11417
-5.34479
-4.55384
-3.74607
-2.92556
-2.09582
-1.25986
-0.420339
-6.99969
-7.52874
-7.70929
-7.57204
-7.22446
-6.74311
-6.17403
-5.54448
-4.87138
-4.16604
-3.43663
-2.68942
-1.92946
-1.16094
-0.387515
-5.08699
-6.02017
-6.43519
-6.50046
-6.3245
-5.98502
-5.53395
-5.00503
-4.42035
-3.79495
-3.13953
-2.46212
-1.76903
-1.06544
-0.355802
-4.02146
-4.8714
-5.40395
-5.59639
-5.53809
-5.30439
-4.94793
-4.50427
-3.99759
-3.44469
-2.8577
-2.24571
-1.6159
-0.974117
-0.325455
-2.38102
-3.94303
-4.60888
-4.86642
-4.87347
-4.70899
-4.42244
-4.04728
-3.60691
-3.1181
-2.5932
-2.04169
-1.47106
-0.887576
-0.296668
-2.96283
-3.63696
-4.09735
-4.31037
-4.32795
-4.19836
-3.95846
-3.63555
-3.24986
-2.81655
-2.34719
-1.85092
-1.33516
-0.806186
-0.269565
-3.10553
-3.47931
-3.75759
-3.89001
-3.88461
-3.76431
-3.5521
-3.26741
-2.92588
-2.54001
-2.11986
-1.67368
-1.20841
-0.730108
-0.244202
-3.2159
-3.38794
-3.51909
-3.56535
-3.52104
-3.39408
-3.19607
-2.93871
-2.63267
-2.28727
-1.9106
-1.50968
-1.09073
-0.659305
-0.220572
-3.25705
-3.32496
-3.33952
-3.30355
-3.21484
-3.07316
-2.88122
-2.64382
-2.36679
-2.05625
-1.71816
-1.35821
-0.981687
-0.593576
-0.198614
-3.35843
-3.299
-3.19502
-3.07834
-2.94541
-2.78713
-2.59793
-2.37643
-2.12417
-1.84433
-1.54091
-1.21824
-0.880689
-0.532601
-0.178229
-3.54201
-3.30393
-3.05931
-2.86439
-2.69357
-2.52255
-2.33704
-2.13039
-1.90068
-1.64877
-1.37702
-1.08859
-0.787007
-0.475986
-0.159293
-4.18682
-3.31335
-2.88907
-2.63367
-2.44184
-2.26802
-2.09083
-1.90033
-1.6926
-1.46698
-1.22471
-0.968059
-0.699874
-0.423309
-0.141669
-3.91607
-3.01078
-2.60151
-2.35877
-2.17759
-2.0158
-1.85383
-1.68224
-1.49692
-1.29674
-1.08238
-0.855534
-0.618557
-0.374152
-0.125223
-2.37578
-2.36372
-2.19827
-2.04109
-1.89985
-1.76369
-1.62349
-1.47368
-1.31154
-1.13635
-0.9487
-0.75004
-0.542395
-0.328133
-0.109831
-1.75476
-1.82315
-1.78927
-1.71232
-1.61855
-1.51438
-1.3998
-1.27365
-1.13522
-0.98461
-0.822656
-0.650779
-0.470823
-0.284919
-0.0953804
-1.13462
-1.35357
-1.41014
-1.3952
-1.34446
-1.27228
-1.18413
-1.08214
-0.967347
-0.840735
-0.703495
-0.557122
-0.403376
-0.244226
-0.0817779
-0.837816
-0.996731
-1.08066
-1.10291
-1.08525
-1.04124
-0.978073
-0.899491
-0.807672
-0.70423
-0.590669
-0.468579
-0.339679
-0.205819
-0.0689438
-0.493813
-0.691947
-0.793977
-0.838326
-0.84431
-0.823489
-0.782705
-0.726025
-0.656059
-0.574742
-0.48376
-0.384758
-0.279423
-0.169505
-0.0568115
-0.31949
-0.453885
-0.547335
-0.600366
-0.62197
-0.619587
-0.598361
-0.561775
-0.512319
-0.451956
-0.382413
-0.305331
-0.222346
-0.135115
-0.0453238
-0.116995
-0.244243
-0.328746
-0.384214
-0.416273
-0.428757
-0.42467
-0.406452
-0.376143
-0.335538
-0.286294
-0.229998
-0.168213
-0.102502
-0.0344298
0.0113805
-0.064272
-0.130306
-0.184303
-0.224157
-0.24942
-0.260783
-0.259514
-0.247107
-0.225113
-0.195066
-0.158471
-0.116804
-0.071525
-0.024082
0.12501
0.109033
0.0597884
0.00580141
-0.0421611
-0.0797252
-0.105657
-0.1203
-0.124722
-0.120273
-0.10838
-0.0904612
-0.0679003
-0.0420493
-0.0142342
0.34027
0.305455
0.25319
0.191735
0.132626
0.0819033
0.0416398
0.0118248
-0.00848889
-0.0205967
-0.0258742
-0.0256706
-0.0212785
-0.0139358
-0.00483932
0.510187
0.514008
0.452988
0.376053
0.301601
0.236279
0.18169
0.13736
0.102053
0.0743429
0.0528307
0.0362152
0.0232971
0.0129613
0.00415202
0.843927
0.767603
0.663851
0.558658
0.464248
0.38321
0.314626
0.256636
0.207326
0.164984
0.12814
0.0955368
0.0660818
0.0388
0.0127931
1.15118
1.04026
0.87573
0.733786
0.617619
0.521503
0.440212
0.369891
0.307767
0.251812
0.200508
0.152675
0.10736
0.0637545
0.0211428
1.88273
1.35016
1.07194
0.891024
0.757075
0.64951
0.558187
0.477462
0.403928
0.335415
0.27047
0.208069
0.147452
0.0880202
0.0292664
2.00003
1.48343
1.20059
1.01566
0.878219
0.766244
0.668811
0.580043
0.496607
0.416546
0.338668
0.262225
0.186724
0.111816
0.0372369
1.65494
1.45438
1.26126
1.10732
0.981688
0.872886
0.773423
0.678926
0.586948
0.496163
0.405872
0.315731
0.225585
0.135385
0.0451345
1.5402
1.42018
1.29474
1.17932
1.07348
0.973048
0.874592
0.776064
0.676465
0.575439
0.472975
0.369241
0.264485
0.158988
0.0530458
1.4405
1.38976
1.32127
1.24467
1.16152
1.07184
0.975816
0.873948
0.766977
0.655715
0.540962
0.423463
0.3039
0.182903
0.0610606
1.38661
1.37167
1.35344
1.31458
1.25408
1.17505
1.0811
0.975379
0.86047
0.738418
0.610858
0.479119
0.344312
0.207404
0.0692693
1.2788
1.35586
1.39995
1.39951
1.35952
1.28864
1.19455
1.08319
0.958924
0.824947
0.683657
0.536906
0.386184
0.232758
0.0777585
1.18202
1.36293
1.47739
1.5119
1.48642
1.41833
1.32001
1.19998
1.06412
0.916554
0.760251
0.59745
0.429933
0.259206
0.0866069
0.889714
1.41616
1.61035
1.66596
1.6429
1.56902
1.46053
1.32775
1.17745
1.01423
0.841356
0.661268
0.475913
0.286953
0.0958824
1.46754
1.70012
1.83956
1.87464
1.83468
1.74373
1.61793
1.46769
1.29974
1.11861
0.927472
0.728743
0.524397
0.316164
0.10564
1.81248
2.04877
2.14122
2.13542
2.06186
1.94265
1.79231
1.61991
1.43119
1.22994
1.01886
0.800118
0.57558
0.346965
0.115924
2.40105
2.49729
2.51113
2.44325
2.32074
2.16319
1.98199
1.78347
1.57135
1.34808
1.11556
0.875518
0.629594
0.379451
0.126767
2.85621
3.00302
2.93777
2.78902
2.60395
2.40015
2.18368
1.95647
1.71925
1.47264
1.2175
0.954998
0.686536
0.413701
0.138199
3.775
3.656
3.42238
3.16
2.90017
2.6459
2.39283
2.13643
1.87367
1.60311
1.32455
1.03862
0.746513
0.449802
0.150253
4.68228
4.38858
3.92696
3.5292
3.19251
2.89081
2.6043
2.32078
2.03349
1.73915
1.43672
1.12651
0.809688
0.487872
0.162971
6.95947
5.23775
4.38717
3.85597
3.46056
3.12517
2.81368
2.50776
2.19819
1.8808
1.55428
1.21901
0.876328
0.528083
0.176413
7.17133
5.48194
4.62559
4.08843
3.68691
3.34291
3.01918
2.69727
2.36834
2.02877
1.6779
1.31666
0.946828
0.570671
0.190655
5.58966
5.14761
4.64233
4.22668
3.87331
3.54656
3.22342
2.89165
2.54585
2.1846
1.80874
1.42026
1.02172
0.615938
0.205797
5.0347
4.85717
4.5968
4.32166
4.04123
3.74768
3.43364
3.09578
2.73408
2.35057
1.94833
1.53083
1.10164
0.664231
0.221948
4.552
4.62426
4.56152
4.42029
4.21825
3.96301
3.6604
3.31645
2.93744
2.52954
2.0985
1.64953
1.18728
0.715905
0.239217
4.31979
4.48506
4.58075
4.56112
4.43221
4.21124
3.91585
3.56145
3.16087
2.72458
2.26113
1.77745
1.27923
0.771269
0.257699
3.95096
4.39417
4.68004
4.77785
4.71007
4.51113
4.21228
3.83853
3.40907
2.93848
2.4378
1.91545
1.37796
0.830523
0.277449
3.65635
4.41253
4.90991
5.10955
5.07901
4.8804
4.56072
4.15427
3.68583
3.17328
2.62952
2.06397
1.48359
0.893688
0.298465
2.80947
4.6106
5.34653
5.60108
5.56465
5.33373
4.9694
4.51305
3.99322
3.42973
2.83636
2.22278
1.59584
0.960545
0.320667
4.61382
5.54838
6.11744
6.29466
6.18533
5.8797
5.44197
4.91589
4.33093
3.70693
3.05723
2.39085
1.7139
1.03058
0.343879
5.75339
6.73997
7.16043
7.18724
6.9423
6.5174
5.9759
5.35961
4.69575
4.00196
3.28968
2.56626
1.83638
1.10296
0.367823
7.77474
8.32467
8.47677
8.2685
7.82424
7.23606
6.56174
5.83636
5.08135
4.30983
3.52985
2.74614
1.96131
1.17653
0.392121
9.43011
10.1856
10.0433
9.51363
8.80611
8.01453
7.18301
6.33369
5.47839
4.62358
3.77261
2.92681
2.0862
1.24986
0.416298
12.8759
12.67
11.879
10.8822
9.84633
8.82073
7.81664
6.83515
5.87508
4.93466
4.01176
3.10388
2.20811
1.32124
0.439806
16.4168
15.5609
13.8573
12.278
10.8794
9.61197
8.43455
7.32174
6.25812
5.23355
4.24048
3.27252
2.32385
1.38886
0.462045
25.4226
19.0403
15.7495
13.5481
11.8214
10.3407
9.00759
7.77416
6.61403
5.51058
4.45175
3.42777
2.43008
1.45079
0.482393
26.6908
20.3727
16.885
14.4887
12.5925
10.9669
9.51141
8.17565
6.93057
5.7566
4.63881
3.56477
2.52354
1.50515
0.500233
21.9379
19.7396
17.2626
15.082
13.1756
11.475
9.93204
8.51417
7.19773
5.96361
4.79548
3.67897
2.60114
1.55016
0.514981
20.6114
19.3
17.4342
15.485
13.6156
11.8738
10.2658
8.78226
7.40771
6.12477
4.91631
3.7663
2.66008
1.58419
0.526107
20.253
19.2453
17.6638
15.8324
13.9672
12.1795
10.513
8.97466
7.55408
6.23421
4.99653
3.82323
2.69797
1.60585
0.533155
20.4484
19.5891
18.0669
16.2034
14.2649
12.4011
10.6713
9.08528
7.6305
6.28658
5.03204
3.84679
2.71282
1.61404
0.535765
21.3661
20.3932
18.707
16.6264
14.5108
12.5295
10.7297
9.10476
7.62992
6.27687
5.01942
3.83474
2.70325
1.60797
0.533694
21.8674
21.6927
19.621
17.0737
14.6635
12.5319
10.6665
9.02005
7.54475
6.20079
4.95626
3.78574
2.66854
1.58731
0.526839
22.0939
24.3094
20.8653
17.4257
14.6228
12.3494
10.4515
8.81643
7.36839
6.05563
4.84171
3.69971
2.60886
1.55223
0.515268
51.468
30.8565
22.1063
17.3357
14.2145
11.9061
10.0538
8.48296
7.09806
5.84185
4.6772
3.57817
2.52541
1.50348
0.499237
50.2694
29.1664
20.5837
16.1003
13.2416
11.146
9.46066
8.02038
6.73837
5.5645
4.46711
3.42449
2.42055
1.44245
0.479199
17.1748
18.7816
16.2143
13.7365
11.739
10.1009
8.69738
7.44787
6.30358
5.23402
4.21898
3.24395
2.29776
1.3711
0.455792
6.81834
11.2954
11.7829
11.0392
9.98673
8.893
7.82713
6.80231
5.81688
4.86569
3.94305
3.0434
2.16139
1.29187
0.429798
2.82271
6.57959
8.2066
8.55623
8.26312
7.66573
6.92837
6.12939
5.30641
4.47754
3.65116
2.83058
2.01635
1.20747
0.402086
0.138553
3.34289
5.51733
6.51962
6.75082
6.53567
6.07241
5.47312
4.80002
4.08765
3.35524
2.61336
1.86759
1.12064
0.373533
-4.57839
0.821451
3.64204
5.0185
5.54848
5.57789
5.31091
4.86812
4.32089
3.71168
3.0659
2.39883
1.71966
1.03391
0.344953
-0.444771
-1.34096
-2.2575
-3.20938
-4.21397
-5.29261
-6.47307
-7.79372
-9.31095
-11.1137
-13.3539
-16.3178
-20.6119
-27.7183
-41.9127
-0.44811
-1.35159
-2.27731
-3.24174
-4.2641
-5.36821
-6.58525
-7.95844
-9.55104
-11.461
-13.8487
-16.992
-21.3938
-27.9756
-38.28
-0.44419
-1.33997
-2.25841
-3.21616
-4.23249
-5.33086
-6.54127
-7.90375
-9.47378
-11.3304
-13.5879
-16.4078
-19.9955
-24.5101
-29.6347
-0.432869
-1.3057
-2.20018
-3.13199
-4.11882
-5.18147
-6.34521
-7.64152
-9.1099
-10.7991
-12.7646
-15.0557
-17.6704
-20.4347
-22.7242
-0.414452
-1.24978
-2.10463
-2.9928
-3.92934
-4.93097
-6.01657
-7.20719
-8.52523
-9.99126
-11.6158
-13.38
-15.1958
-16.8339
-17.8251
-0.389608
-1.17434
-1.97574
-2.80525
-3.67474
-4.59651
-5.58291
-6.64545
-7.79254
-9.02497
-10.3273
-11.6526
-12.8989
-13.88
-14.3112
-0.359244
-1.08224
-1.81875
-2.57771
-3.36787
-4.19739
-5.07311
-5.99916
-6.97451
-7.98878
-9.01576
-10.0042
-10.8672
-11.4758
-11.6708
-0.324373
-0.976622
-1.63929
-2.31898
-3.02165
-3.75207
-4.51296
-5.30357
-6.11755
-6.93988
-7.74278
-8.48122
-9.08986
-9.4854
-9.58113
-0.285997
-0.860584
-1.44281
-2.03726
-2.64766
-3.27627
-3.92308
-4.58459
-5.25224
-5.91041
-6.53424
-7.08804
-7.52562
-7.79475
-7.84846
-0.245027
-0.736906
-1.2341
-1.7396
-2.25546
-2.78228
-3.31849
-3.85946
-4.39641
-4.91526
-5.39571
-5.81109
-6.12981
-6.31951
-6.35453
-0.202231
-0.607911
-1.01709
-1.43157
-1.85229
-2.27889
-2.70915
-3.13836
-3.55867
-3.95849
-4.32224
-4.63079
-4.86301
-4.99894
-5.02439
-0.158217
-0.475416
-0.79478
-1.1173
-1.44324
-1.77184
-2.10084
-2.42616
-2.74142
-3.0378
-3.30398
-3.52681
-3.6925
-3.78886
-3.80796
-0.113437
-0.340757
-0.569313
-0.799592
-1.03155
-1.26438
-1.49623
-1.72399
-1.94306
-2.14728
-2.32908
-2.47994
-2.59133
-2.65602
-2.66967
-0.0682113
-0.20486
-0.342124
-0.480206
-0.618988
-0.757884
-0.895703
-1.03051
-1.15955
-1.27919
-1.38511
-1.47255
-1.53686
-1.57423
-1.5825
-32289.4
-32268.1
-32246.7
-32225
-32203.1
-32180.7
-32157.8
-32134.3
-32110.1
-32085.2
-32059.4
-32032.7
-32004.9
-31976.2
-31946.4
-92.6118
-132.121
53.1927
-0.515015
35.4461
2.39401
20.3396
-1.74781
-22.6836
-6.27951
-32.1546
-8.10982
-40.5184
-7.3197
-51.2776
47.7094
4.01663
36.4011
4.78738
27.3477
2.83489
17.2585
-1.59264
-20.4467
-6.0724
-30.6006
-8.1541
-39.7845
-7.62856
-51.3332
47.4658
3.54015
36.6172
4.48088
27.678
2.57017
17.4775
-1.93765
-21.4083
-6.54015
-31.9603
-8.67773
-41.5402
-8.09156
-53.5813
49.3803
3.61795
38.1546
4.64829
28.9009
2.7036
18.316
-1.95607
-22.3011
-6.69805
-33.3006
-8.82845
-43.2626
-8.04174
-55.7346
52.419
4.46431
40.6229
5.52808
31.0231
3.54491
20.0502
-1.28261
-22.7724
-6.1541
-34.5012
-8.20321
-45.3149
-6.96372
-59.1044
60.7507
7.58683
49.641
9.61721
42.1259
9.04149
35.4579
7.06784
-25.9911
75.4616
46.7153
29.5788
16.9557
5.37554
-8.1615
-52.3205
-50.7007
-7.78212
-1.9096
7.09699
3.27959
3.66543
-3.40588
-10.5948
-11.255
-16.4855
-14.3698
-18.6125
-12.5937
-12.7768
8.8278
8.61727
14.4081
10.0994
11.8118
6.53339
5.40871
-1.58757
-8.5939
-9.75283
-15.0794
-13.4464
-17.8417
-12.1825
-12.5054
8.95833
8.65714
14.5257
10.135
11.905
6.49829
5.35412
-1.85649
-9.09017
-10.2887
-15.8074
-14.1116
-18.6716
-12.7744
-13.0935
9.28734
8.9914
15.1349
10.5764
12.4501
6.82867
5.66095
-1.84982
-9.3848
-10.6013
-16.3401
-14.5091
-19.2356
-12.9739
-13.2456
10.309
10.0508
16.5203
11.7839
13.8013
7.95378
6.79398
-1.05562
-8.93432
-10.116
-16.1049
-13.9766
-18.8614
-11.7739
-11.6835
14.8048
15.0658
23.2416
18.8343
22.9171
17.8236
19.9172
13.7915
11.3906
31.8703
29.9974
23.0796
15.4542
8.1936
2.21276
-32.742
-28.7504
-15.4105
-7.81717
-2.78548
-1.88739
-2.27036
-4.89439
-7.90752
-9.64894
-11.3948
-11.4736
-11.4829
-8.93675
-5.65
1.36019
4.57617
6.95861
6.74119
6.34284
4.25079
2.01429
-1.56776
-5.16104
-7.43165
-9.57948
-10.0579
-10.3769
-8.12198
-5.04993
1.79262
4.89001
7.20787
6.91819
6.46665
4.28876
1.96683
-1.74176
-5.46217
-7.81613
-10.0427
-10.5366
-10.8612
-8.50518
-5.29344
1.84942
5.09243
7.5264
7.24274
6.79244
4.54085
2.14027
-1.70835
-5.56677
-7.99192
-10.2799
-10.7466
-11.0311
-8.49764
-5.06636
2.49014
5.94948
8.55465
8.31444
7.90552
5.61256
3.17134
-0.786422
-4.73965
-7.15511
-9.39722
-9.65098
-9.64769
-6.50824
-2.2751
6.62613
11.1479
14.9618
15.826
16.9224
16.2565
16.2123
15.1516
15.8247
20.4667
20.5446
17.5997
13.4276
9.16898
5.72131
-22.9792
-20.2615
-14.7637
-10.036
-6.71556
-5.20962
-4.97898
-5.82258
-7.05143
-8.03655
-8.70441
-8.67771
-8.03298
-6.34629
-3.88494
-0.643735
1.73539
3.25294
3.64357
3.31285
2.17621
0.557483
-1.53175
-3.63282
-5.28722
-6.48354
-6.89891
-6.61841
-5.23813
-3.02399
0.0199459
2.24541
3.6449
3.93445
3.51429
2.28666
0.576329
-1.60999
-3.80184
-5.52687
-6.7732
-7.20548
-6.91072
-5.46826
-3.15411
0.0273196
2.35848
3.83132
4.14904
3.72869
2.46761
0.704782
-1.55275
-3.81263
-5.58012
-6.84213
-7.24654
-6.88432
-5.31428
-2.82738
0.571159
3.07821
4.68638
5.08798
4.72273
3.48485
1.73256
-0.523736
-2.75935
-4.44386
-5.55272
-5.69545
-4.95004
-2.81742
0.411238
4.75392
8.24936
10.9298
12.4834
13.4657
13.7939
13.9714
14.0149
14.5437
15.6355
15.4447
13.8871
11.5256
8.97674
6.77022
-17.4638
-15.7759
-13.0078
-10.2284
-8.03275
-6.6954
-6.14069
-6.19597
-6.54633
-6.881
-7.0142
-6.77172
-6.08348
-4.87136
-3.24287
-1.40627
0.135238
1.17004
1.58466
1.44335
0.795825
-0.221823
-1.47869
-2.74783
-3.80245
-4.5122
-4.742
-4.44364
-3.55509
-2.19296
-0.574167
0.790201
1.68022
1.97263
1.72467
0.979625
-0.128785
-1.47028
-2.81378
-3.92694
-4.67596
-4.92129
-4.61297
-3.68661
-2.26371
-0.570429
0.86048
1.7996
2.11813
1.87555
1.11685
-0.0183557
-1.3938
-2.76757
-3.89625
-4.63938
-4.85044
-4.47689
-3.45121
-1.90117
-0.0641042
1.50131
2.55557
2.96573
2.79654
2.09786
1.01955
-0.290856
-1.57267
-2.56155
-3.09946
-3.01888
-2.24997
-0.704905
1.49336
4.10175
6.52446
8.52018
9.96355
10.9506
11.5485
11.9235
12.1792
12.4521
12.6511
12.3133
11.332
9.89359
8.29152
6.80703
-13.906
-12.8456
-11.2682
-9.58023
-8.11397
-7.05416
-6.42399
-6.14446
-6.06379
-6.01554
-5.86498
-5.50763
-4.88835
-3.99599
-2.90048
-1.74386
-0.735272
-0.0197912
0.326246
0.302815
-0.051602
-0.656666
-1.40799
-2.17174
-2.8143
-3.23198
-3.34568
-3.11877
-2.554
-1.73154
-0.801939
0.0180269
0.576068
0.78892
0.650823
0.195803
-0.49828
-1.32773
-2.15741
-2.85142
-3.30405
-3.4344
-3.20523
-2.62001
-1.76266
-0.790397
0.070634
0.661486
0.895179
0.765603
0.308231
-0.39557
-1.2373
-2.07545
-2.76761
-3.20285
-3.29622
-3.00853
-2.34326
-1.3883
-0.308211
0.660468
1.35225
1.67773
1.6328
1.2575
0.640732
-0.0991608
-0.807828
-1.32866
-1.53682
-1.33352
-0.667585
0.466986
1.98491
3.71695
5.41442
6.90598
8.10079
8.99606
9.62395
10.0474
10.3188
10.467
10.4397
10.1084
9.43505
8.49728
7.43698
6.40239
-11.3445
-10.6599
-9.68796
-8.61272
-7.60989
-6.7942
-6.20238
-5.80659
-5.53456
-5.29738
-5.01352
-4.62072
-4.08645
-3.41314
-2.64611
-1.86829
-1.18371
-0.677632
-0.400136
-0.361112
-0.538106
-0.880899
-1.31941
-1.77019
-2.14999
-2.38951
-2.43982
-2.28044
-1.92402
-1.4244
-0.871859
-0.376993
-0.0310306
0.110556
0.0333257
-0.24379
-0.67286
-1.18489
-1.69639
-2.12353
-2.39625
-2.46521
-2.31022
-1.94529
-1.42711
-0.850209
-0.330173
0.0376665
0.195322
0.127662
-0.145547
-0.574177
-1.086
-1.59356
-2.00894
-2.25863
-2.29074
-2.08388
-1.65249
-1.05563
-0.3919
0.218347
0.676383
0.923096
0.944789
0.764867
0.439198
0.0475588
-0.313475
-0.546037
-0.56671
-0.31437
0.239961
1.08684
2.16814
3.38191
4.60091
5.71911
6.66934
7.42656
7.99375
8.39048
8.6356
8.73449
8.6663
8.39589
7.91893
7.27743
6.54545
5.80409
-9.34166
-8.88785
-8.25644
-7.54095
-6.83633
-6.21185
-5.69848
-5.2905
-4.95512
-4.64643
-4.31894
-3.93752
-3.48476
-2.96525
-2.40727
-1.85843
-1.3751
-1.00632
-0.783122
-0.713977
-0.785866
-0.967298
-1.21319
-1.47082
-1.68771
-1.81949
-1.83593
-1.72586
-1.50026
-1.19347
-0.858742
-0.557604
-0.343841
-0.252726
-0.296351
-0.464581
-0.727996
-1.0428
-1.3569
-1.618
-1.78187
-1.81854
-1.71755
-1.49126
-1.17613
-0.82815
-0.511833
-0.283501
-0.180096
-0.214301
-0.375533
-0.633003
-0.940838
-1.24442
-1.48889
-1.62774
-1.62938
-1.4826
-1.19998
-0.819285
-0.398578
-0.00459658
0.304813
0.492489
0.547092
0.482101
0.332652
0.1502
-0.0041289
-0.0685385
0.0102615
0.269907
0.726233
1.36914
2.16061
3.03933
3.93254
4.77413
5.51584
6.1307
6.60901
6.95186
7.16303
7.24259
7.1841
6.98084
6.63978
6.18786
5.66741
5.12539
-7.67885
-7.37154
-6.94601
-6.45349
-5.94734
-5.46951
-5.0428
-4.66985
-4.33725
-4.02255
-3.702
-3.35704
-2.97918
-2.57277
-2.15526
-1.75425
-1.40155
-1.12537
-0.944272
-0.863753
-0.87589
-0.960874
-1.09007
-1.23015
-1.34797
-1.41557
-1.41423
-1.33764
-1.19342
-1.00279
-0.797262
-0.612405
-0.480049
-0.421995
-0.446608
-0.548319
-0.709141
-0.901757
-1.09372
-1.25251
-1.35067
-1.3701
-1.30533
-1.16518
-0.972461
-0.76051
-0.566803
-0.424787
-0.357368
-0.373355
-0.466946
-0.619312
-0.801818
-0.980411
-1.12093
-1.19445
-1.18178
-1.07691
-0.888705
-0.640564
-0.36678
-0.105765
0.108535
0.253501
0.321603
0.320947
0.273627
0.212339
0.175728
0.202734
0.326811
0.570959
0.943831
1.4375
2.02743
2.67588
3.33852
3.97296
4.54502
5.03149
5.41934
5.70285
5.87997
5.94949
5.91035
5.76425
5.52026
5.19696
4.82045
4.41952
-6.23649
-6.02548
-5.73201
-5.38567
-5.01757
-4.65354
-4.30969
-3.9911
-3.69357
-3.4071
-3.12022
-2.82392
-2.51471
-2.19627
-1.87946
-1.58053
-1.31778
-1.10753
-0.960584
-0.880107
-0.861019
-0.890786
-0.951296
-1.02151
-1.08057
-1.11091
-1.10092
-1.0468
-0.953406
-0.833583
-0.706018
-0.591616
-0.50927
-0.472232
-0.485855
-0.546945
-0.644514
-0.761667
-0.878306
-0.974328
-1.03284
-1.04293
-1.00165
-0.914823
-0.79649
-0.666611
-0.547347
-0.458662
-0.414544
-0.420671
-0.473734
-0.562232
-0.66844
-0.77124
-0.849463
-0.885256
-0.866971
-0.791222
-0.66375
-0.498777
-0.316603
-0.139667
0.0120884
0.125194
0.19512
0.226984
0.234712
0.238936
0.263974
0.334217
0.470457
0.686645
0.987486
1.36723
1.81
2.29197
2.78513
3.26163
3.69743
4.07429
4.37992
4.60705
4.75188
4.81288
4.79062
4.68864
4.51497
4.28266
4.00867
3.71143
-4.94347
-4.79813
-4.59415
-4.34918
-4.08191
-3.80853
-3.54018
-3.28204
-3.03396
-2.79224
-2.55198
-2.30938
-2.06354
-1.81743
-1.57792
-1.3547
-1.15842
-0.998518
-0.881185
-0.808065
-0.775797
-0.77643
-0.798549
-0.828941
-0.854535
-0.864347
-0.85114
-0.812544
-0.751451
-0.67553
-0.595829
-0.524672
-0.473257
-0.449527
-0.456759
-0.493049
-0.551694
-0.622326
-0.692596
-0.750172
-0.784748
-0.789758
-0.763559
-0.709844
-0.637153
-0.557436
-0.483869
-0.428367
-0.399377
-0.400407
-0.429505
-0.479658
-0.539977
-0.597467
-0.639106
-0.653948
-0.634917
-0.580025
-0.492803
-0.381765
-0.258891
-0.137316
-0.0287071
0.059059
0.123441
0.167774
0.200836
0.235558
0.28712
0.370663
0.498972
0.680428
0.917524
1.20619
1.5361
1.89198
2.25573
2.60889
2.93474
3.21964
3.45355
3.62977
3.74448
3.79618
3.78567
3.71625
3.59412
3.42841
3.23036
3.01213
-3.75382
-3.65519
-3.5153
-3.3448
-3.15506
-2.95626
-2.75595
-2.55848
-2.36518
-2.17527
-1.98711
-1.79951
-1.61273
-1.42909
-1.25294
-1.09006
-0.946681
-0.828207
-0.738121
-0.677196
-0.643203
-0.631136
-0.633893
-0.643284
-0.651226
-0.650934
-0.637925
-0.610683
-0.570857
-0.522924
-0.473341
-0.429307
-0.397383
-0.382245
-0.385826
-0.406968
-0.441622
-0.483514
-0.525172
-0.559146
-0.579237
-0.581532
-0.565099
-0.532199
-0.487942
-0.439411
-0.394385
-0.359905
-0.340988
-0.339731
-0.354964
-0.382451
-0.415598
-0.446525
-0.467342
-0.471425
-0.454508
-0.41539
-0.356156
-0.281804
-0.199313
-0.116298
-0.0394947
0.026593
0.0806263
0.124792
0.164564
0.207929
0.264208
0.342642
0.450955
0.594087
0.773296
0.985767
1.22481
1.48063
1.74158
1.9955
2.23101
2.43844
2.61023
2.74109
2.82779
2.86909
2.86557
2.81974
2.73605
2.6207
2.48113
2.32534
-2.63532
-2.57168
-2.48051
-2.36812
-2.24126
-2.10614
-1.96764
-1.82892
-1.69153
-1.55578
-1.42144
-1.28844
-1.1574
-1.02998
-0.908832
-0.797353
-0.699075
-0.617017
-0.553068
-0.507547
-0.479035
-0.4645
-0.459687
-0.459716
-0.459779
-0.455837
-0.44521
-0.426949
-0.401941
-0.3727
-0.342867
-0.316511
-0.297343
-0.288014
-0.289609
-0.301438
-0.321135
-0.345045
-0.368817
-0.38812
-0.399359
-0.400279
-0.390359
-0.370915
-0.344891
-0.316345
-0.28972
-0.26904
-0.257174
-0.255318
-0.262783
-0.2771
-0.294421
-0.310148
-0.319679
-0.31915
-0.306072
-0.279728
-0.241286
-0.193566
-0.140494
-0.0863394
-0.034856
0.0114815
0.0520175
0.0881332
0.123114
0.161701
0.209388
0.271593
0.352796
0.455794
0.581172
0.727079
0.889345
1.06192
1.23755
1.4086
1.56773
1.70854
1.82587
1.91598
1.97651
2.00652
2.00638
1.97776
1.92359
1.84785
1.75526
1.65088
-1.5635
-1.52781
-1.47628
-1.41227
-1.33936
-1.2609
-1.17963
-1.09746
-1.0155
-0.934235
-0.853848
-0.774554
-0.696878
-0.621809
-0.550805
-0.485637
-0.428112
-0.379751
-0.34148
-0.313407
-0.294744
-0.283864
-0.27851
-0.276102
-0.2741
-0.270371
-0.26349
-0.252933
-0.239126
-0.223331
-0.20739
-0.193366
-0.18314
-0.178057
-0.17866
-0.18458
-0.194586
-0.206779
-0.218902
-0.22871
-0.234345
-0.234642
-0.229338
-0.219112
-0.205478
-0.190515
-0.1765
-0.165488
-0.158948
-0.157487
-0.160742
-0.167427
-0.175543
-0.1827
-0.186505
-0.184952
-0.176741
-0.16149
-0.139781
-0.113037
-0.0832395
-0.0525374
-0.0228102
0.00472101
0.0297713
0.0531054
0.0764711
0.102364
0.133662
0.173186
0.223251
0.28527
0.359483
0.444836
0.539039
0.638792
0.740134
0.838844
0.930832
1.01246
1.08073
1.13344
1.16918
1.18737
1.18819
1.17258
1.1422
1.09926
1.04637
0.986346
-31918.1
-31891.7
-31864.6
-31836.7
-31808.3
-31779.2
-31749.5
-31719.2
-31688.5
-31657.3
-31625.7
-31593.6
-31561.2
-31528.5
-31495.5
-31462.3
-31428.8
-31395.1
-31361.3
-31327.3
-31293.1
-31258.8
-31224.4
-31189.9
-31155.2
-31120.4
-31085.5
-31050.4
-31015.3
-30980
-30944.6
-30909.1
-30873.6
-30837.9
-30802.2
-30766.4
-30730.5
-30694.6
-30658.5
-30622.3
-30586
-30549.7
-30513.2
-30476.6
-30439.9
-30403.1
-30366.2
-30329.2
-30292.2
-30255.1
-30217.9
-30180.6
-30143.3
-30105.9
-30068.4
-30030.8
-29993.1
-29955.4
-29917.5
-29879.6
-29841.7
-29803.7
-29765.7
-29727.7
-29689.7
-29651.7
-29613.7
-29575.8
-29537.9
-29500.1
-29462.3
-29424.7
-29387.2
-29349.8
-29312.7
-29275.8
-29239.2
-29202.9
-29167.1
-29131.7
-29096.7
-29062.2
-29028.3
-28994.9
-28962.1
-28929.8
-28898.1
-28866.9
-28836.2
-28805.9
-4.51021
0.354094
2.81329
4.0809
4.64703
4.77409
4.62179
4.29114
3.84657
3.32933
2.76587
2.17327
1.56263
0.941297
0.314347
0.87863
1.88297
2.95793
3.6864
4.06038
4.15108
4.03281
3.76605
3.39592
2.95482
2.46552
1.94395
1.40128
0.845498
0.282586
3.80782
3.34124
3.44909
3.64637
3.75702
3.73702
3.59232
3.34432
3.01626
2.62851
2.19745
1.73573
1.25304
0.75683
0.253083
5.1162
4.22507
3.85084
3.69295
3.5843
3.44768
3.25514
3.00264
2.69628
2.34552
1.96003
1.54849
1.11831
0.6757
0.226001
5.51132
4.59199
4.03626
3.6903
3.43955
3.21425
2.97793
2.71482
2.42071
2.09726
1.74865
1.3799
0.996002
0.60166
0.201221
5.41226
4.59533
4.01189
3.59246
3.26933
2.99185
2.72751
2.45798
2.17449
1.87416
1.55743
1.22644
0.884139
0.533719
0.178444
5.05
4.36518
3.82352
3.39831
3.05346
2.75631
2.48229
2.2151
1.9451
1.66745
1.38045
1.08431
0.780392
0.470631
0.15728
4.54993
3.99185
3.51871
3.12381
2.78988
2.49763
2.23024
1.97502
1.72337
1.47011
1.2126
0.949969
0.682482
0.411132
0.137324
3.98018
3.53357
3.13567
2.78832
2.48463
2.2141
1.96604
1.73136
1.50324
1.27701
1.04988
0.820478
0.588436
0.354092
0.11821
3.37776
3.02658
2.7021
2.40917
2.14621
1.90809
1.68844
1.48116
1.28121
1.08481
0.889442
0.693622
0.496694
0.298589
0.0996325
2.76251
2.4929
2.23696
2.00005
1.78296
1.58361
1.39846
1.22364
1.05563
0.891587
0.729449
0.567873
0.406127
0.243939
0.0813632
2.14457
1.94553
1.75282
1.57109
1.40198
1.24494
1.09816
0.95931
0.826078
0.696458
0.568893
0.442296
0.316
0.189678
0.063244
1.52846
1.39183
1.25768
1.12952
1.00893
0.896002
0.789917
0.689362
0.592916
0.499274
0.407369
0.316416
0.225901
0.13553
0.0451784
0.915456
0.835633
0.756568
0.680396
0.608201
0.540228
0.476145
0.415306
0.356951
0.300351
0.244891
0.190101
0.135656
0.0813621
0.0271181
-28773.2
-28738.1
-28703.6
-28669.6
-28636
-28602.8
-28570
-28537.5
-28505.3
-28473.3
-28441.5
-28409.9
-28378.4
-28347
-28315.7
)
;

boundaryField
{
    hot
    {
        type            calculated;
        value           nonuniform List<scalar> 
120
(
32284.2
0.0534446
0.0896241
0.126601
0.164609
0.203792
0.244172
0.285606
0.327756
0.370048
0.41166
0.451522
0.48836
0.520779
0.547396
0.56595
0.576872
0.582125
0.581731
0.575985
0.565412
0.550713
0.532678
0.512113
0.489769
0.466301
0.442242
0.418005
0.3939
0.370152
0.346939
0.324405
0.302678
0.28188
0.262124
0.243506
0.226099
0.209946
0.19505
0.181382
0.168874
0.157434
0.146953
0.137314
0.128404
0.120125
0.112395
0.105154
0.0983585
0.0919823
0.086007
0.0804172
0.0751952
0.070316
0.065746
0.0614425
0.0573554
0.0534302
0.049612
0.0458491
0.0420959
0.0383153
0.0344791
0.0305672
0.0265657
0.0224646
0.018255
0.0139268
0.00946651
0.00485652
7.40482e-05
-0.00490879
-0.0101248
-0.0156111
-0.0214088
-0.0275619
-0.0341161
-0.041118
-0.0486123
-0.0566403
-0.0652369
-0.0744283
-0.0842301
-0.0946464
-0.105671
-0.11729
-0.129485
-0.142245
-0.155567
-0.169467
-0.183981
-0.19917
-0.215107
-0.231874
-0.249538
-0.268129
-0.287618
-0.307885
-0.328699
-0.349699
-0.370385
-0.390125
-0.408186
-0.423772
-0.436089
-0.444771
-0.44811
-0.44419
-0.432869
-0.414452
-0.389608
-0.359244
-0.324373
-0.285997
-0.245027
-0.202231
-0.158217
-0.113437
-0.0682113
-32289.4
)
;
    }
    cold
    {
        type            calculated;
        value           nonuniform List<scalar> 
120
(
28318.2
-0.0208059
-0.0360986
-0.0535491
-0.0740576
-0.0985346
-0.127865
-0.162839
-0.204055
-0.251773
-0.305764
-0.365146
-0.428278
-0.492748
-0.555518
-0.608943
-0.651465
-0.686825
-0.713878
-0.732017
-0.741189
-0.741832
-0.734758
-0.721003
-0.701692
-0.677921
-0.650681
-0.620829
-0.589083
-0.556041
-0.522214
-0.488053
-0.453968
-0.420339
-0.387515
-0.355802
-0.325455
-0.296668
-0.269565
-0.244202
-0.220572
-0.198614
-0.178229
-0.159293
-0.141669
-0.125223
-0.109831
-0.0953804
-0.0817779
-0.0689438
-0.0568115
-0.0453238
-0.0344298
-0.024082
-0.0142342
-0.00483932
0.00415202
0.0127931
0.0211428
0.0292664
0.0372369
0.0451345
0.0530458
0.0610606
0.0692693
0.0777585
0.0866069
0.0958824
0.10564
0.115924
0.126767
0.138199
0.150253
0.162971
0.176413
0.190655
0.205797
0.221948
0.239217
0.257699
0.277449
0.298465
0.320667
0.343879
0.367823
0.392121
0.416298
0.439806
0.462045
0.482393
0.500233
0.514981
0.526107
0.533155
0.535765
0.533694
0.526839
0.515268
0.499237
0.479199
0.455792
0.429798
0.402086
0.373533
0.344953
0.314347
0.282586
0.253083
0.226001
0.201221
0.178444
0.15728
0.137324
0.11821
0.0996325
0.0813632
0.063244
0.0451784
0.0271181
-28315.7
)
;
    }
    interface_left
    {
        type            calculated;
        value           nonuniform List<scalar> 
90
(
23.9676
60.1029
62.6893
35.99
26.0945
17.0013
12.7214
7.19251
8.71605
9.12489
9.55539
9.84341
10.5496
11.5159
14.4634
13.9275
9.21078
7.34507
5.4991
4.59855
3.46791
2.81539
1.74194
2.32088
2.54015
2.83083
3.01954
3.40331
3.82478
4.99218
4.87968
3.34369
2.73417
2.11593
1.8077
1.40019
1.15508
0.722424
1.00161
1.11464
1.26702
1.36398
1.5525
1.74935
2.28249
2.22775
1.51457
1.2267
0.924941
0.771558
0.565414
0.443392
0.241382
0.298026
0.294159
0.25534
0.205814
0.0933443
-0.0179762
-0.278881
-0.386615
-0.482911
-0.545632
-0.640761
-0.691383
-0.74177
-0.745368
-0.641497
-1.13117
-1.46065
-2.06152
-2.54774
-3.55054
-4.54556
-7.03752
-7.35902
-5.93969
-5.46996
-5.11727
-4.94788
-4.67384
-4.39306
-3.51941
-6.50684
-6.53444
-3.42459
-3.23299
-4.93642
-10.3927
-27.7093
)
;
    }
    interface_right
    {
        type            calculated;
        value           nonuniform List<scalar> 
90
(
-11.4126
-111.766
-124.257
-68.2843
-48.2176
-30.6392
-22.6131
-12.5744
-15.1906
-15.8689
-16.5264
-16.9498
-17.9894
-19.4841
-24.1305
-23.0889
-14.9787
-11.7575
-8.55108
-6.99969
-5.08699
-4.02146
-2.38102
-2.96283
-3.10553
-3.2159
-3.25705
-3.35843
-3.54201
-4.18682
-3.91607
-2.37578
-1.75476
-1.13462
-0.837816
-0.493813
-0.31949
-0.116995
0.0113805
0.12501
0.34027
0.510187
0.843927
1.15118
1.88273
2.00003
1.65494
1.5402
1.4405
1.38661
1.2788
1.18202
0.889714
1.46754
1.81248
2.40105
2.85621
3.775
4.68228
6.95947
7.17133
5.58966
5.0347
4.552
4.31979
3.95096
3.65635
2.80947
4.61382
5.75339
7.77474
9.43011
12.8759
16.4168
25.4226
26.6908
21.9379
20.6114
20.253
20.4484
21.3661
21.8674
22.0939
51.468
50.2694
17.1748
6.81834
2.82271
0.138553
-4.57839
)
;
    }
    interface_top
    {
        type            calculated;
        value           nonuniform List<scalar> 
90
(
-119.674
-197.303
106.74
-3.20779
56.7656
-1.44039
32.9277
-0.961789
-32.6676
-0.637645
-44.4045
-0.597105
-57.5223
-0.041283
-83.9808
80.6002
-2.817
53.3274
-2.05332
39.2896
-1.91978
26.6728
-1.59174
-29.8529
-1.32378
-42.5211
-1.32473
-56.6624
-0.835071
-84.1833
80.1526
-3.64774
53.6977
-2.62106
39.852
-2.37557
27.1442
-1.96715
-31.1593
-1.65174
-44.3488
-1.61843
-59.1164
-1.054
-87.8239
83.4233
-3.8987
55.9604
-2.77833
41.6044
-2.47405
28.4134
-1.99684
-32.5191
-1.58993
-46.3042
-1.43465
-61.7295
-0.641042
-91.6732
88.1703
-3.37973
59.2662
-2.28376
44.3346
-1.93647
30.6564
-1.37719
-33.6726
-0.8108
-48.5403
-0.427097
-65.552
0.775661
-99.0633
99.9543
-1.98147
70.3277
-0.722583
57.3718
-0.0490927
48.4772
1.97038
-58.6955
110.735
57.207
32.8228
17.4496
3.44864
-15.9047
)
;
    }
    interface_bottom
    {
        type            calculated;
        value           nonuniform List<scalar> 
90
(
35.8613
111.729
-84.1455
2.62711
-51.6307
0.855986
-32.927
-0.0929241
31.5771
-0.864719
43.9781
-1.3224
57.6697
-2.31259
84.9896
-86.5236
0.15886
-58.1272
-0.817355
-43.5169
-1.11384
-30.467
-1.58719
27.1557
-2.08486
39.5561
-2.41137
53.0698
-3.45301
79.089
-82.9872
-0.927048
-55.9494
-1.59492
-42.0286
-1.71283
-29.5946
-2.07344
25.3445
-2.50986
37.219
-2.79354
50.1228
-3.82629
74.7791
-79.3128
-1.24982
-53.4459
-1.752
-40.1499
-1.79012
-28.2906
-2.08949
24.0175
-2.47235
35.3495
-2.70227
47.6644
-3.6098
71.2257
-75.47
-1.12
-50.8485
-1.58898
-38.177
-1.61766
-26.8443
-1.87307
23.0005
-2.15856
33.8653
-2.25136
45.7614
-2.82127
68.8383
-72.0519
-0.527861
-48.8336
-1.10822
-37.1913
-1.32447
-27.5003
-2.27156
24.8284
-28.8406
-4.65289
10.6902
25.9659
48.377
94.1672
)
;
    }
    defaultFaces
    {
        type            empty;
    }
}


// ************************************************************************* //
