/*--------------------------------*- C++ -*----------------------------------*\
| =========                 |                                                 |
| \\      /  F ield         | OpenFOAM: The Open Source CFD Toolbox           |
|  \\    /   O peration     | Version:  5.x                                   |
|   \\  /    A nd           | Web:      www.OpenFOAM.org                      |
|    \\/     M anipulation  |                                                 |
\*---------------------------------------------------------------------------*/
FoamFile
{
    version     2.0;
    format      ascii;
    class       volScalarField;
    location    "8.4";
    object      T;
}
// * * * * * * * * * * * * * * * * * * * * * * * * * * * * * * * * * * * * * //

dimensions      [0 0 0 1 0 0 0];

internalField   nonuniform List<scalar> 
6300
(
322.841
322.522
322.203
321.881
321.557
321.23
320.899
320.564
320.225
319.88
319.529
319.173
318.811
318.442
318.068
322.841
322.523
322.204
321.883
321.56
321.234
320.904
320.569
320.23
319.885
319.535
319.179
318.817
318.448
318.074
322.842
322.525
322.208
321.888
321.566
321.241
320.912
320.579
320.24
319.896
319.547
319.191
318.829
318.46
318.085
322.843
322.529
322.213
321.896
321.576
321.253
320.925
320.593
320.256
319.914
319.565
319.209
318.847
318.478
318.103
322.844
322.533
322.22
321.906
321.589
321.268
320.943
320.613
320.278
319.937
319.589
319.234
318.872
318.503
318.126
322.846
322.539
322.23
321.919
321.605
321.287
320.966
320.639
320.306
319.967
319.62
319.266
318.904
318.534
318.157
322.849
322.545
322.241
321.934
321.625
321.311
320.993
320.67
320.34
320.004
319.659
319.306
318.944
318.573
318.194
322.851
322.553
322.254
321.952
321.648
321.34
321.027
320.708
320.382
320.048
319.706
319.355
318.993
318.621
318.239
322.854
322.562
322.269
321.974
321.675
321.373
321.066
320.752
320.431
320.102
319.763
319.414
319.053
318.679
318.294
322.858
322.573
322.287
321.998
321.707
321.411
321.111
320.804
320.489
320.165
319.83
319.484
319.124
318.749
318.36
322.862
322.585
322.306
322.026
321.742
321.455
321.162
320.863
320.555
320.239
319.91
319.568
319.21
318.834
318.44
322.866
322.598
322.328
322.056
321.782
321.504
321.22
320.93
320.632
320.324
320.003
319.667
319.313
318.938
318.539
322.871
322.612
322.352
322.09
321.825
321.557
321.284
321.005
320.719
320.421
320.111
319.785
319.438
319.065
318.664
322.876
322.627
322.377
322.126
321.873
321.616
321.355
321.089
320.815
320.532
320.236
319.923
319.587
319.222
318.824
322.881
322.643
322.404
322.164
321.923
321.679
321.431
321.179
320.921
320.656
320.378
320.084
319.765
319.411
319.019
317.72
317.4
317.076
316.749
316.419
316.085
315.749
315.411
315.07
314.728
314.383
314.037
313.69
313.341
312.991
312.641
312.291
311.94
311.59
311.239
310.889
310.539
310.189
309.84
309.491
309.143
308.795
308.448
308.101
307.755
307.41
307.066
306.722
306.38
306.038
305.698
305.358
305.02
304.682
304.346
304.01
303.675
303.341
303.008
302.676
302.345
302.015
301.686
301.358
301.031
300.706
300.381
300.058
299.735
299.414
299.093
298.774
298.455
298.137
297.82
297.504
297.189
296.875
296.562
296.25
295.939
295.629
295.32
295.012
294.704
294.398
294.091
293.786
293.481
293.177
292.874
292.571
292.269
291.967
291.666
291.365
291.065
290.764
290.464
290.163
289.861
289.559
289.257
288.953
288.648
317.726
317.405
317.081
316.753
316.423
316.089
315.753
315.414
315.073
314.73
314.385
314.039
313.691
313.342
312.992
312.642
312.291
311.94
311.589
311.239
310.888
310.538
310.189
309.84
309.491
309.143
308.795
308.447
308.101
307.754
307.409
307.064
306.721
306.378
306.037
305.696
305.357
305.018
304.681
304.344
304.009
303.674
303.34
303.007
302.675
302.343
302.013
301.684
301.356
301.03
300.704
300.38
300.056
299.734
299.413
299.092
298.773
298.454
298.136
297.819
297.503
297.188
296.874
296.561
296.249
295.938
295.628
295.319
295.01
294.703
294.397
294.091
293.785
293.481
293.176
292.873
292.57
292.268
291.966
291.665
291.365
291.064
290.764
290.464
290.163
289.862
289.56
289.258
288.954
288.649
317.736
317.415
317.091
316.762
316.431
316.097
315.76
315.421
315.079
314.735
314.39
314.043
313.694
313.345
312.994
312.643
312.292
311.94
311.589
311.238
310.887
310.537
310.188
309.838
309.49
309.141
308.793
308.446
308.099
307.752
307.407
307.062
306.718
306.375
306.034
305.693
305.354
305.015
304.678
304.342
304.006
303.671
303.337
303.004
302.672
302.34
302.01
301.681
301.353
301.026
300.701
300.377
300.053
299.731
299.41
299.09
298.77
298.451
298.133
297.816
297.5
297.185
296.871
296.557
296.246
295.935
295.625
295.316
295.008
294.701
294.395
294.089
293.783
293.479
293.175
292.871
292.568
292.266
291.965
291.664
291.364
291.064
290.765
290.465
290.165
289.864
289.563
289.26
288.957
288.652
317.753
317.431
317.105
316.776
316.444
316.108
315.771
315.43
315.088
314.743
314.397
314.049
313.699
313.348
312.997
312.645
312.292
311.94
311.588
311.236
310.886
310.535
310.186
309.836
309.488
309.139
308.791
308.443
308.096
307.749
307.403
307.058
306.714
306.371
306.029
305.688
305.349
305.011
304.674
304.338
304.002
303.668
303.334
303
302.667
302.336
302.005
301.676
301.348
301.021
300.696
300.372
300.049
299.727
299.406
299.086
298.767
298.448
298.13
297.812
297.496
297.18
296.866
296.553
296.241
295.93
295.621
295.312
295.005
294.698
294.392
294.086
293.781
293.476
293.172
292.868
292.566
292.264
291.962
291.662
291.363
291.064
290.765
290.466
290.167
289.867
289.567
289.265
288.961
288.656
317.775
317.452
317.125
316.794
316.46
316.124
315.785
315.443
315.1
314.754
314.406
314.057
313.706
313.353
313
312.646
312.293
311.939
311.586
311.234
310.883
310.533
310.183
309.834
309.485
309.137
308.788
308.44
308.092
307.745
307.398
307.052
306.707
306.364
306.022
305.682
305.343
305.006
304.669
304.333
303.998
303.663
303.329
302.995
302.662
302.33
301.999
301.669
301.341
301.014
300.689
300.365
300.043
299.722
299.401
299.081
298.762
298.443
298.125
297.807
297.49
297.174
296.86
296.546
296.235
295.924
295.615
295.307
295
294.694
294.388
294.083
293.777
293.473
293.168
292.864
292.562
292.26
291.959
291.659
291.361
291.063
290.765
290.468
290.17
289.872
289.572
289.271
288.968
288.663
317.804
317.479
317.149
316.817
316.481
316.143
315.802
315.459
315.115
314.768
314.418
314.067
313.714
313.36
313.004
312.648
312.293
311.937
311.583
311.231
310.879
310.529
310.18
309.831
309.483
309.134
308.786
308.437
308.088
307.739
307.392
307.045
306.699
306.355
306.014
305.674
305.335
304.998
304.663
304.327
303.993
303.658
303.323
302.989
302.655
302.322
301.99
301.66
301.331
301.005
300.68
300.357
300.036
299.715
299.395
299.076
298.757
298.438
298.119
297.8
297.483
297.166
296.851
296.538
296.226
295.916
295.608
295.301
294.995
294.689
294.384
294.079
293.773
293.468
293.164
292.859
292.556
292.254
291.954
291.655
291.357
291.061
290.766
290.47
290.175
289.878
289.58
289.28
288.977
288.672
317.839
317.511
317.179
316.844
316.505
316.165
315.823
315.479
315.132
314.784
314.433
314.08
313.725
313.367
313.009
312.65
312.291
311.934
311.579
311.225
310.874
310.524
310.175
309.828
309.48
309.132
308.783
308.434
308.084
307.733
307.384
307.035
306.688
306.344
306.002
305.663
305.326
304.99
304.655
304.321
303.987
303.652
303.317
302.982
302.647
302.312
301.979
301.648
301.319
300.993
300.669
300.347
300.027
299.708
299.389
299.07
298.751
298.432
298.112
297.793
297.474
297.156
296.84
296.527
296.215
295.906
295.599
295.293
294.989
294.684
294.38
294.075
293.769
293.464
293.158
292.853
292.549
292.246
291.946
291.648
291.352
291.058
290.766
290.473
290.181
289.887
289.591
289.293
288.99
288.685
317.881
317.549
317.213
316.874
316.533
316.19
315.846
315.501
315.153
314.804
314.452
314.096
313.738
313.377
313.014
312.651
312.289
311.928
311.571
311.217
310.865
310.517
310.17
309.824
309.478
309.131
308.782
308.431
308.079
307.726
307.374
307.023
306.674
306.329
305.987
305.649
305.313
304.98
304.647
304.315
303.982
303.648
303.312
302.975
302.638
302.301
301.966
301.633
301.303
300.977
300.654
300.334
300.016
299.699
299.383
299.065
298.746
298.427
298.106
297.784
297.463
297.144
296.826
296.512
296.201
295.893
295.588
295.284
294.982
294.679
294.376
294.072
293.766
293.459
293.152
292.845
292.539
292.236
291.935
291.638
291.345
291.054
290.765
290.477
290.188
289.899
289.606
289.31
289.009
288.702
317.931
317.594
317.253
316.908
316.563
316.217
315.871
315.525
315.178
314.828
314.475
314.117
313.755
313.389
313.02
312.651
312.283
311.919
311.559
311.204
310.854
310.507
310.164
309.821
309.477
309.132
308.783
308.431
308.076
307.719
307.362
307.007
306.656
306.309
305.968
305.631
305.298
304.968
304.639
304.31
303.979
303.645
303.308
302.969
302.628
302.287
301.948
301.613
301.282
300.957
300.636
300.319
300.004
299.691
299.377
299.062
298.744
298.423
298.099
297.775
297.45
297.128
296.808
296.493
296.183
295.877
295.574
295.274
294.975
294.676
294.374
294.07
293.764
293.455
293.145
292.834
292.526
292.221
291.92
291.624
291.333
291.046
290.762
290.48
290.198
289.915
289.627
289.334
289.035
288.727
317.99
317.646
317.296
316.944
316.592
316.243
315.897
315.552
315.206
314.857
314.504
314.144
313.777
313.404
313.027
312.649
312.273
311.902
311.539
311.184
310.836
310.494
310.156
309.819
309.48
309.137
308.789
308.434
308.075
307.712
307.348
306.986
306.63
306.282
305.941
305.607
305.279
304.955
304.632
304.307
303.979
303.646
303.308
302.964
302.618
302.271
301.926
301.587
301.254
300.93
300.612
300.299
299.991
299.683
299.374
299.062
298.745
298.422
298.095
297.765
297.435
297.107
296.784
296.467
296.158
295.855
295.557
295.263
294.969
294.674
294.376
294.073
293.765
293.453
293.138
292.822
292.508
292.199
291.897
291.603
291.315
291.034
290.757
290.484
290.21
289.935
289.656
289.369
289.072
288.763
318.061
317.706
317.342
316.979
316.619
316.266
315.92
315.579
315.238
314.894
314.542
314.181
313.808
313.426
313.035
312.643
312.255
311.876
311.508
311.153
310.81
310.476
310.147
309.819
309.488
309.15
308.803
308.446
308.079
307.705
307.33
306.958
306.595
306.243
305.903
305.575
305.255
304.94
304.627
304.31
303.987
303.656
303.315
302.965
302.609
302.25
301.896
301.551
301.216
300.892
300.58
300.275
299.975
299.677
299.376
299.068
298.753
298.429
298.096
297.757
297.416
297.079
296.75
296.431
296.123
295.825
295.535
295.249
294.965
294.678
294.384
294.083
293.773
293.455
293.131
292.805
292.483
292.169
291.864
291.571
291.289
291.015
290.749
290.486
290.225
289.963
289.695
289.418
289.125
288.815
318.149
317.776
317.39
317.007
316.635
316.279
315.937
315.605
315.276
314.941
314.595
314.233
313.854
313.458
313.047
312.631
312.224
311.831
311.459
311.106
310.771
310.45
310.136
309.824
309.506
309.177
308.832
308.471
308.093
307.702
307.305
306.917
306.542
306.187
305.85
305.53
305.223
304.924
304.625
304.322
304.007
303.679
303.335
302.974
302.602
302.224
301.854
301.498
301.161
300.84
300.536
300.243
299.959
299.675
299.386
299.087
298.775
298.447
298.105
297.751
297.392
297.04
296.701
296.38
296.075
295.785
295.506
295.235
294.965
294.689
294.404
294.106
293.793
293.466
293.128
292.784
292.447
292.123
291.816
291.524
291.249
290.986
290.734
290.487
290.242
289.998
289.749
289.488
289.205
288.892
318.263
317.865
317.434
317.019
316.629
316.272
315.94
315.629
315.322
315.003
314.669
314.31
313.926
313.509
313.068
312.608
312.17
311.759
311.382
311.034
310.713
310.411
310.124
309.838
309.54
309.225
308.885
308.521
308.126
307.707
307.27
306.854
306.463
306.105
305.773
305.467
305.179
304.905
304.633
304.348
304.048
303.724
303.377
303.001
302.603
302.188
301.792
301.42
301.08
300.765
300.474
300.201
299.94
299.681
299.41
299.125
298.817
298.488
298.13
297.752
297.357
296.981
296.628
296.304
296.004
295.728
295.467
295.219
294.972
294.714
294.443
294.149
293.835
293.493
293.131
292.753
292.393
292.053
291.743
291.455
291.191
290.943
290.71
290.484
290.258
290.04
289.822
289.59
289.326
289.013
318.427
318
317.455
316.996
316.574
316.229
315.913
315.645
315.383
315.088
314.781
314.422
314.045
313.595
313.116
312.553
312.078
311.635
311.266
310.921
310.628
310.351
310.11
309.87
309.597
309.309
308.973
308.616
308.192
307.739
307.206
306.755
306.335
305.986
305.657
305.379
305.115
304.886
304.657
304.397
304.123
303.802
303.463
303.059
302.629
302.123
301.695
301.297
300.965
300.653
300.389
300.138
299.92
299.703
299.456
299.196
298.891
298.569
298.186
297.777
297.296
296.89
296.511
296.196
295.899
295.648
295.41
295.202
294.995
294.76
294.512
294.223
293.916
293.549
293.158
292.697
292.307
291.943
291.638
291.352
291.108
290.878
290.678
290.481
290.263
290.08
289.914
289.737
289.519
289.216
318.682
318.302
317.352
316.917
316.409
316.145
315.817
315.653
315.494
315.191
314.966
314.563
314.267
313.723
313.285
312.373
311.938
311.405
311.117
310.732
310.519
310.239
310.095
309.95
309.673
309.465
309.089
308.811
308.298
307.885
307.023
306.611
306.108
305.835
305.47
305.269
305.003
304.865
304.728
304.464
304.265
303.907
303.643
303.156
302.763
301.945
301.555
301.078
300.82
300.474
300.282
300.03
299.899
299.769
299.519
299.33
298.991
298.74
298.278
297.905
297.128
296.758
296.304
296.059
295.73
295.548
295.308
295.184
295.06
294.822
294.643
294.321
294.082
293.642
293.285
292.54
292.184
291.745
291.508
291.187
291.008
290.768
290.642
290.507
290.218
290.098
290.021
289.945
289.833
289.605
288.312
287.944
287.576
287.207
286.837
286.468
286.099
285.731
285.364
284.998
284.633
284.269
283.906
283.543
283.181
288.313
287.945
287.576
287.207
286.837
286.468
286.099
285.73
285.363
284.997
284.632
284.268
283.905
283.543
283.181
288.316
287.947
287.578
287.207
286.837
286.467
286.097
285.729
285.361
284.995
284.63
284.267
283.904
283.542
283.181
288.32
287.95
287.579
287.208
286.836
286.465
286.095
285.725
285.358
284.992
284.627
284.264
283.902
283.541
283.18
288.325
287.954
287.582
287.209
286.835
286.462
286.091
285.721
285.353
284.987
284.622
284.26
283.899
283.539
283.18
288.333
287.96
287.586
287.21
286.834
286.459
286.085
285.714
285.346
284.98
284.616
284.255
283.895
283.536
283.179
288.344
287.969
287.59
287.21
286.831
286.453
286.078
285.705
285.336
284.971
284.608
284.248
283.89
283.533
283.178
288.36
287.98
287.596
287.211
286.827
286.445
286.067
285.693
285.324
284.958
284.597
284.239
283.883
283.529
283.176
288.381
287.995
287.603
287.211
286.82
286.433
286.052
285.676
285.307
284.942
284.583
284.227
283.874
283.524
283.174
288.411
288.015
287.612
287.209
286.809
286.416
286.031
285.654
285.285
284.922
284.565
284.212
283.863
283.517
283.172
288.454
288.041
287.621
287.203
286.792
286.391
286.002
285.624
285.256
284.895
284.542
284.194
283.85
283.509
283.169
288.515
288.076
287.629
287.189
286.764
286.355
285.963
285.585
285.218
284.862
284.513
284.171
283.833
283.499
283.166
288.606
288.117
287.629
287.16
286.719
286.303
285.909
285.533
285.171
284.821
284.479
284.144
283.814
283.487
283.162
288.74
288.16
287.608
287.105
286.649
286.229
285.837
285.467
285.113
284.771
284.438
284.112
283.791
283.473
283.158
288.935
288.175
287.537
287.004
286.541
286.127
285.745
285.385
285.043
284.712
284.39
284.075
283.765
283.458
283.152
322.886
322.659
322.43
322.201
321.971
321.739
321.505
321.268
321.026
320.779
320.524
320.255
319.961
319.619
319.173
322.891
322.673
322.455
322.236
322.016
321.796
321.574
321.351
321.126
320.898
320.665
320.426
320.172
319.878
319.433
322.896
322.688
322.479
322.271
322.062
321.853
321.644
321.435
321.227
321.019
320.812
320.608
320.412
320.239
320.177
322.901
322.702
322.504
322.306
322.108
321.911
321.714
321.52
321.327
321.139
320.957
320.785
320.634
320.523
320.48
322.906
322.717
322.528
322.34
322.153
321.967
321.784
321.603
321.426
321.255
321.094
320.948
320.829
320.758
320.778
322.91
322.731
322.552
322.374
322.198
322.023
321.851
321.683
321.519
321.364
321.22
321.093
320.992
320.93
320.915
322.915
322.745
322.576
322.408
322.241
322.077
321.916
321.759
321.608
321.465
321.334
321.219
321.127
321.068
321.061
322.919
322.759
322.598
322.44
322.283
322.128
321.977
321.831
321.691
321.559
321.437
321.329
321.24
321.172
321.127
322.924
322.772
322.62
322.47
322.322
322.177
322.036
321.899
321.768
321.644
321.53
321.427
321.337
321.258
321.18
322.928
322.784
322.641
322.5
322.36
322.224
322.091
321.962
321.84
321.724
321.616
321.517
321.426
321.344
321.271
322.932
322.796
322.661
322.528
322.396
322.268
322.143
322.022
321.907
321.798
321.695
321.6
321.51
321.424
321.331
322.936
322.807
322.68
322.554
322.43
322.309
322.192
322.078
321.97
321.867
321.77
321.679
321.592
321.507
321.429
322.939
322.818
322.698
322.579
322.462
322.348
322.238
322.131
322.029
321.933
321.841
321.754
321.671
321.588
321.493
322.943
322.828
322.715
322.602
322.492
322.385
322.281
322.181
322.085
321.994
321.909
321.828
321.751
321.676
321.602
322.946
322.838
322.73
322.624
322.521
322.419
322.321
322.227
322.137
322.052
321.973
321.899
321.829
321.762
321.682
322.949
322.846
322.745
322.645
322.547
322.451
322.359
322.27
322.186
322.107
322.033
321.966
321.907
321.859
321.839
322.952
322.855
322.759
322.664
322.572
322.481
322.394
322.311
322.231
322.157
322.089
322.028
321.976
321.935
321.91
322.954
322.863
322.772
322.682
322.595
322.509
322.427
322.348
322.273
322.204
322.14
322.083
322.036
322.002
321.989
322.957
322.87
322.784
322.699
322.616
322.535
322.457
322.382
322.312
322.246
322.186
322.133
322.088
322.054
322.03
322.959
322.876
322.795
322.714
322.636
322.559
322.485
322.414
322.347
322.284
322.227
322.176
322.133
322.099
322.079
322.961
322.883
322.805
322.729
322.654
322.581
322.511
322.443
322.379
322.319
322.263
322.214
322.17
322.134
322.105
322.963
322.888
322.815
322.742
322.671
322.601
322.534
322.47
322.408
322.35
322.296
322.247
322.203
322.165
322.136
322.965
322.894
322.824
322.754
322.687
322.62
322.556
322.494
322.435
322.379
322.326
322.277
322.231
322.189
322.151
322.966
322.899
322.832
322.766
322.701
322.638
322.576
322.517
322.459
322.405
322.353
322.304
322.257
322.211
322.164
322.968
322.903
322.84
322.777
322.715
322.654
322.595
322.538
322.482
322.429
322.378
322.329
322.282
322.235
322.189
322.969
322.908
322.847
322.786
322.727
322.669
322.612
322.557
322.504
322.452
322.402
322.354
322.306
322.257
322.206
322.971
322.912
322.853
322.796
322.739
322.683
322.628
322.575
322.524
322.474
322.425
322.378
322.33
322.283
322.235
322.972
322.916
322.86
322.804
322.75
322.696
322.644
322.593
322.543
322.495
322.447
322.401
322.355
322.308
322.255
322.973
322.919
322.865
322.812
322.76
322.709
322.658
322.609
322.561
322.515
322.469
322.425
322.381
322.336
322.291
322.974
322.922
322.871
322.82
322.77
322.72
322.672
322.624
322.578
322.534
322.49
322.448
322.407
322.365
322.318
322.975
322.925
322.876
322.827
322.779
322.731
322.684
322.639
322.595
322.552
322.51
322.471
322.433
322.398
322.373
322.976
322.928
322.881
322.834
322.787
322.741
322.696
322.653
322.61
322.569
322.529
322.492
322.457
322.425
322.398
322.977
322.931
322.885
322.84
322.795
322.751
322.708
322.665
322.624
322.585
322.547
322.511
322.478
322.449
322.428
322.978
322.933
322.889
322.846
322.802
322.76
322.718
322.677
322.638
322.6
322.563
322.529
322.497
322.469
322.443
322.979
322.936
322.893
322.851
322.809
322.768
322.728
322.689
322.65
322.613
322.578
322.545
322.514
322.486
322.463
322.979
322.938
322.897
322.856
322.816
322.776
322.737
322.699
322.662
322.626
322.591
322.559
322.528
322.499
322.473
322.98
322.94
322.9
322.861
322.822
322.783
322.746
322.709
322.673
322.638
322.604
322.571
322.54
322.512
322.486
322.981
322.942
322.904
322.865
322.828
322.79
322.754
322.718
322.683
322.648
322.615
322.583
322.552
322.521
322.492
322.981
322.944
322.907
322.87
322.833
322.797
322.761
322.726
322.692
322.658
322.626
322.594
322.562
322.531
322.498
322.982
322.946
322.909
322.874
322.838
322.803
322.768
322.734
322.701
322.668
322.636
322.604
322.572
322.541
322.509
322.982
322.947
322.912
322.877
322.843
322.809
322.775
322.742
322.709
322.677
322.645
322.614
322.583
322.551
322.517
322.983
322.949
322.915
322.881
322.847
322.814
322.781
322.749
322.717
322.686
322.655
322.624
322.593
322.562
322.531
322.983
322.95
322.917
322.884
322.851
322.819
322.787
322.756
322.725
322.695
322.664
322.635
322.605
322.574
322.54
322.984
322.951
322.919
322.887
322.855
322.824
322.793
322.762
322.732
322.703
322.674
322.645
322.616
322.587
322.557
322.984
322.953
322.921
322.89
322.859
322.828
322.798
322.769
322.74
322.711
322.683
322.655
322.628
322.601
322.57
322.985
322.954
322.923
322.893
322.863
322.833
322.803
322.775
322.746
322.719
322.692
322.665
322.64
322.616
322.597
322.985
322.955
322.925
322.895
322.866
322.837
322.808
322.78
322.752
322.726
322.7
322.675
322.651
322.629
322.609
322.985
322.956
322.926
322.897
322.869
322.84
322.812
322.785
322.758
322.732
322.707
322.683
322.661
322.641
322.624
322.986
322.957
322.928
322.899
322.871
322.843
322.816
322.789
322.763
322.738
322.714
322.691
322.669
322.649
322.631
322.986
322.957
322.929
322.901
322.874
322.846
322.82
322.794
322.768
322.744
322.72
322.698
322.676
322.657
322.64
322.986
322.958
322.93
322.903
322.876
322.849
322.823
322.797
322.772
322.748
322.725
322.703
322.682
322.663
322.645
322.986
322.959
322.931
322.904
322.877
322.851
322.825
322.8
322.776
322.752
322.729
322.708
322.687
322.668
322.651
322.986
322.959
322.932
322.905
322.879
322.853
322.828
322.803
322.779
322.755
322.733
322.712
322.691
322.672
322.653
322.987
322.96
322.933
322.906
322.88
322.854
322.829
322.805
322.781
322.758
322.736
322.715
322.695
322.675
322.656
322.987
322.96
322.933
322.907
322.881
322.856
322.831
322.806
322.783
322.76
322.738
322.717
322.697
322.678
322.659
322.987
322.96
322.933
322.907
322.881
322.856
322.831
322.807
322.784
322.762
322.74
322.719
322.7
322.681
322.662
322.987
322.96
322.934
322.907
322.882
322.856
322.832
322.808
322.785
322.763
322.741
322.721
322.701
322.683
322.665
322.987
322.96
322.933
322.907
322.881
322.856
322.832
322.808
322.785
322.763
322.742
322.722
322.702
322.684
322.667
322.987
322.96
322.933
322.907
322.881
322.856
322.831
322.807
322.784
322.762
322.741
322.722
322.703
322.685
322.669
322.986
322.959
322.932
322.906
322.88
322.854
322.83
322.806
322.783
322.761
322.74
322.721
322.702
322.685
322.67
322.986
322.959
322.932
322.905
322.878
322.853
322.828
322.804
322.781
322.759
322.739
322.719
322.701
322.684
322.669
322.986
322.958
322.931
322.903
322.877
322.851
322.826
322.801
322.778
322.756
322.736
322.717
322.699
322.682
322.667
322.986
322.957
322.929
322.901
322.874
322.848
322.822
322.798
322.775
322.753
322.732
322.713
322.695
322.679
322.664
322.985
322.956
322.927
322.899
322.871
322.845
322.819
322.794
322.77
322.748
322.728
322.709
322.691
322.675
322.661
322.985
322.955
322.925
322.896
322.868
322.84
322.814
322.789
322.765
322.743
322.722
322.703
322.686
322.67
322.655
322.985
322.954
322.923
322.893
322.864
322.836
322.808
322.783
322.758
322.736
322.715
322.696
322.68
322.664
322.651
322.984
322.952
322.92
322.889
322.859
322.83
322.802
322.776
322.751
322.728
322.707
322.688
322.672
322.658
322.644
322.983
322.95
322.917
322.885
322.854
322.823
322.795
322.767
322.742
322.718
322.697
322.679
322.663
322.65
322.64
322.983
322.948
322.914
322.88
322.848
322.816
322.786
322.758
322.731
322.707
322.686
322.667
322.652
322.641
322.634
322.982
322.946
322.91
322.875
322.841
322.808
322.776
322.747
322.719
322.694
322.672
322.654
322.639
322.628
322.622
322.981
322.943
322.905
322.868
322.833
322.798
322.765
322.734
322.705
322.679
322.656
322.637
322.622
322.613
322.611
322.98
322.94
322.9
322.862
322.824
322.787
322.753
322.72
322.69
322.662
322.638
322.618
322.602
322.593
322.589
322.979
322.937
322.895
322.854
322.814
322.776
322.739
322.704
322.672
322.643
322.617
322.595
322.578
322.568
322.57
322.978
322.933
322.889
322.846
322.803
322.763
322.724
322.687
322.653
322.621
322.593
322.568
322.549
322.536
322.531
322.976
322.929
322.882
322.836
322.792
322.748
322.707
322.668
322.631
322.597
322.566
322.539
322.515
322.498
322.496
322.975
322.925
322.875
322.826
322.779
322.733
322.689
322.647
322.608
322.571
322.537
322.506
322.477
322.45
322.417
322.973
322.92
322.867
322.815
322.765
322.716
322.669
322.625
322.582
322.543
322.506
322.471
322.438
322.407
322.376
322.972
322.915
322.859
322.804
322.75
322.698
322.648
322.6
322.555
322.513
322.473
322.435
322.399
322.362
322.32
322.97
322.909
322.85
322.791
322.734
322.678
322.625
322.574
322.526
322.481
322.438
322.398
322.36
322.322
322.286
322.968
322.903
322.84
322.777
322.716
322.657
322.6
322.546
322.495
322.447
322.402
322.36
322.32
322.28
322.236
322.966
322.897
322.829
322.763
322.697
322.634
322.574
322.516
322.462
322.412
322.365
322.321
322.28
322.241
322.205
322.963
322.89
322.818
322.747
322.677
322.61
322.545
322.484
322.427
322.373
322.324
322.28
322.239
322.2
322.159
322.961
322.883
322.806
322.73
322.655
322.584
322.515
322.449
322.388
322.332
322.281
322.236
322.196
322.161
322.133
322.958
322.875
322.792
322.711
322.632
322.555
322.481
322.412
322.347
322.287
322.234
322.188
322.149
322.117
322.1
322.955
322.867
322.778
322.692
322.607
322.524
322.445
322.371
322.301
322.238
322.182
322.135
322.097
322.064
322.025
322.952
322.858
322.763
322.671
322.58
322.491
322.406
322.326
322.251
322.183
322.125
322.077
322.04
322.015
321.992
322.949
322.848
322.748
322.648
322.551
322.456
322.364
322.277
322.196
322.123
322.06
322.01
321.977
321.963
321.968
322.946
322.838
322.731
322.625
322.52
322.418
322.319
322.225
322.136
322.055
321.985
321.931
321.899
321.899
321.939
322.943
322.828
322.714
322.6
322.488
322.378
322.271
322.168
322.07
321.979
321.9
321.837
321.801
321.807
321.886
322.939
322.817
322.695
322.575
322.455
322.337
322.22
322.107
321.999
321.896
321.803
321.725
321.671
321.665
321.766
289.139
288.077
287.377
286.845
286.4
286.003
285.639
285.295
284.967
284.649
284.34
284.037
283.738
283.441
283.147
288.764
287.735
287.116
286.642
286.236
285.869
285.527
285.203
284.89
284.587
284.29
283.999
283.711
283.426
283.142
287.284
287.109
286.753
286.39
286.045
285.718
285.404
285.102
284.808
284.52
284.237
283.959
283.683
283.409
283.136
286.702
286.61
286.394
286.127
285.843
285.557
285.274
284.995
284.72
284.449
284.182
283.916
283.653
283.391
283.13
286.151
286.195
286.072
285.874
285.642
285.394
285.14
284.885
284.63
284.376
284.124
283.873
283.623
283.373
283.124
285.902
285.896
285.803
285.646
285.451
285.235
285.008
284.775
284.539
284.303
284.066
283.828
283.591
283.355
283.118
285.643
285.656
285.578
285.444
285.275
285.084
284.88
284.667
284.45
284.229
284.007
283.784
283.56
283.336
283.112
285.527
285.48
285.391
285.267
285.114
284.942
284.757
284.562
284.362
284.157
283.949
283.74
283.529
283.318
283.106
285.435
285.333
285.23
285.108
284.967
284.81
284.641
284.462
284.277
284.086
283.893
283.696
283.499
283.3
283.1
285.276
285.187
285.082
284.963
284.831
284.686
284.531
284.366
284.195
284.018
283.838
283.654
283.469
283.282
283.094
285.172
285.052
284.942
284.828
284.704
284.57
284.427
284.275
284.117
283.953
283.785
283.614
283.44
283.265
283.088
285.002
284.909
284.806
284.699
284.584
284.46
284.329
284.189
284.043
283.891
283.735
283.575
283.412
283.248
283.083
284.892
284.774
284.674
284.575
284.469
284.357
284.236
284.107
283.972
283.832
283.687
283.538
283.386
283.232
283.078
284.705
284.626
284.542
284.454
284.36
284.258
284.148
284.03
283.906
283.776
283.641
283.502
283.361
283.217
283.073
284.57
284.48
284.412
284.339
284.257
284.166
284.066
283.958
283.844
283.723
283.598
283.469
283.337
283.203
283.068
284.307
284.32
284.285
284.229
284.16
284.079
283.989
283.891
283.785
283.674
283.558
283.438
283.315
283.19
283.063
284.19
284.194
284.172
284.129
284.07
283.999
283.918
283.828
283.731
283.628
283.52
283.409
283.294
283.177
283.059
284.061
284.086
284.075
284.04
283.99
283.926
283.853
283.77
283.681
283.586
283.485
283.381
283.275
283.166
283.055
283.996
284.004
283.992
283.963
283.918
283.861
283.793
283.718
283.635
283.546
283.453
283.356
283.257
283.155
283.052
283.92
283.934
283.923
283.896
283.855
283.802
283.74
283.67
283.593
283.511
283.424
283.333
283.24
283.145
283.048
283.882
283.88
283.866
283.838
283.799
283.75
283.692
283.626
283.555
283.478
283.397
283.312
283.225
283.136
283.045
283.837
283.835
283.818
283.789
283.751
283.704
283.649
283.587
283.52
283.448
283.372
283.293
283.211
283.127
283.043
283.816
283.8
283.777
283.747
283.708
283.663
283.611
283.553
283.489
283.421
283.35
283.275
283.198
283.12
283.04
283.799
283.771
283.743
283.71
283.671
283.627
283.576
283.521
283.461
283.397
283.33
283.259
283.187
283.113
283.038
283.768
283.741
283.711
283.677
283.638
283.594
283.546
283.493
283.436
283.375
283.311
283.245
283.176
283.106
283.036
283.749
283.715
283.682
283.646
283.608
283.565
283.519
283.468
283.413
283.356
283.295
283.232
283.167
283.101
283.034
283.717
283.687
283.654
283.619
283.581
283.539
283.494
283.445
283.393
283.338
283.28
283.22
283.159
283.096
283.032
283.697
283.661
283.628
283.593
283.556
283.516
283.472
283.425
283.375
283.322
283.267
283.21
283.151
283.091
283.03
283.664
283.634
283.603
283.569
283.533
283.494
283.452
283.407
283.359
283.308
283.255
283.201
283.144
283.087
283.029
283.641
283.609
283.579
283.548
283.513
283.475
283.434
283.391
283.344
283.296
283.245
283.192
283.138
283.083
283.028
283.598
283.582
283.557
283.528
283.494
283.458
283.418
283.376
283.331
283.284
283.235
283.185
283.133
283.08
283.027
283.58
283.562
283.538
283.51
283.478
283.443
283.405
283.364
283.32
283.275
283.227
283.178
283.128
283.077
283.026
283.561
283.545
283.523
283.495
283.464
283.43
283.393
283.353
283.31
283.266
283.22
283.173
283.124
283.075
283.025
283.553
283.534
283.51
283.483
283.453
283.419
283.382
283.343
283.302
283.259
283.214
283.168
283.121
283.073
283.024
283.544
283.525
283.501
283.474
283.443
283.41
283.374
283.336
283.295
283.253
283.209
283.164
283.118
283.071
283.024
283.54
283.518
283.494
283.466
283.436
283.403
283.367
283.329
283.289
283.248
283.205
283.161
283.115
283.07
283.023
283.537
283.514
283.489
283.461
283.43
283.397
283.362
283.324
283.285
283.244
283.201
283.158
283.113
283.068
283.023
283.536
283.512
283.486
283.457
283.426
283.393
283.358
283.321
283.282
283.241
283.199
283.156
283.112
283.067
283.023
283.536
283.511
283.484
283.455
283.424
283.391
283.355
283.318
283.279
283.239
283.197
283.154
283.111
283.067
283.022
283.537
283.512
283.484
283.455
283.423
283.39
283.354
283.317
283.278
283.238
283.196
283.154
283.11
283.066
283.022
283.538
283.514
283.486
283.456
283.424
283.39
283.354
283.317
283.278
283.237
283.196
283.153
283.11
283.066
283.022
283.543
283.517
283.489
283.459
283.426
283.392
283.356
283.318
283.278
283.238
283.196
283.153
283.11
283.066
283.022
283.548
283.523
283.494
283.463
283.43
283.395
283.358
283.319
283.28
283.239
283.197
283.154
283.11
283.066
283.022
283.558
283.531
283.501
283.469
283.435
283.399
283.361
283.322
283.282
283.241
283.198
283.155
283.111
283.067
283.022
283.568
283.541
283.51
283.476
283.441
283.404
283.366
283.326
283.285
283.243
283.2
283.157
283.112
283.068
283.023
283.591
283.554
283.52
283.484
283.448
283.41
283.371
283.331
283.289
283.247
283.203
283.159
283.114
283.068
283.023
283.602
283.567
283.53
283.493
283.456
283.417
283.377
283.336
283.294
283.25
283.206
283.161
283.116
283.07
283.023
283.619
283.579
283.541
283.503
283.465
283.425
283.384
283.342
283.299
283.255
283.21
283.164
283.118
283.071
283.024
283.628
283.591
283.552
283.513
283.474
283.433
283.392
283.349
283.305
283.26
283.214
283.167
283.12
283.072
283.024
283.643
283.603
283.563
283.524
283.484
283.443
283.4
283.357
283.312
283.266
283.219
283.171
283.123
283.074
283.025
283.651
283.614
283.575
283.535
283.495
283.453
283.41
283.365
283.319
283.272
283.224
283.175
283.126
283.076
283.025
283.664
283.625
283.587
283.547
283.507
283.464
283.42
283.375
283.328
283.28
283.23
283.18
283.129
283.078
283.026
283.671
283.636
283.599
283.561
283.52
283.477
283.432
283.385
283.337
283.288
283.237
283.185
283.133
283.08
283.027
283.679
283.649
283.613
283.575
283.534
283.49
283.445
283.397
283.347
283.296
283.244
283.191
283.137
283.082
283.028
283.695
283.664
283.63
283.592
283.55
283.505
283.459
283.41
283.359
283.306
283.252
283.197
283.142
283.085
283.028
283.709
283.682
283.649
283.61
283.568
283.522
283.474
283.424
283.371
283.317
283.261
283.204
283.147
283.088
283.029
283.735
283.705
283.671
283.632
283.588
283.541
283.491
283.439
283.385
283.328
283.271
283.212
283.152
283.091
283.031
283.756
283.732
283.697
283.656
283.611
283.562
283.51
283.456
283.399
283.341
283.281
283.22
283.158
283.095
283.032
283.797
283.765
283.727
283.684
283.636
283.585
283.531
283.474
283.415
283.355
283.293
283.229
283.164
283.099
283.033
283.832
283.804
283.761
283.714
283.663
283.609
283.553
283.494
283.433
283.37
283.305
283.239
283.171
283.103
283.034
283.911
283.851
283.799
283.747
283.693
283.636
283.577
283.515
283.452
283.386
283.318
283.249
283.179
283.108
283.036
283.95
283.893
283.837
283.781
283.724
283.664
283.603
283.538
283.472
283.403
283.333
283.26
283.187
283.112
283.038
284.002
283.935
283.875
283.816
283.756
283.694
283.63
283.563
283.494
283.422
283.348
283.272
283.196
283.118
283.039
284.032
283.973
283.913
283.852
283.79
283.726
283.659
283.589
283.517
283.442
283.365
283.286
283.205
283.123
283.041
284.076
284.011
283.95
283.889
283.826
283.759
283.69
283.618
283.542
283.463
283.383
283.3
283.215
283.13
283.043
284.103
284.046
283.988
283.927
283.863
283.795
283.723
283.648
283.569
283.487
283.402
283.315
283.226
283.136
283.045
284.141
284.083
284.027
283.967
283.903
283.834
283.76
283.681
283.598
283.512
283.423
283.331
283.238
283.143
283.048
284.162
284.119
284.068
284.011
283.947
283.876
283.799
283.716
283.63
283.539
283.445
283.349
283.251
283.151
283.05
284.187
284.159
284.115
284.059
283.995
283.922
283.841
283.755
283.664
283.569
283.47
283.368
283.264
283.159
283.053
284.238
284.21
284.169
284.115
284.049
283.973
283.888
283.798
283.701
283.6
283.496
283.388
283.279
283.168
283.056
284.281
284.27
284.233
284.178
284.109
284.029
283.94
283.844
283.742
283.635
283.524
283.41
283.295
283.177
283.059
284.366
284.347
284.309
284.251
284.178
284.092
283.997
283.894
283.785
283.672
283.554
283.434
283.311
283.187
283.063
284.436
284.437
284.398
284.335
284.255
284.162
284.059
283.949
283.832
283.711
283.586
283.459
283.329
283.198
283.066
284.578
284.556
284.505
284.431
284.34
284.238
284.126
284.007
283.882
283.753
283.621
283.485
283.348
283.209
283.07
284.707
284.694
284.627
284.538
284.435
284.321
284.198
284.07
283.936
283.798
283.657
283.513
283.368
283.221
283.074
284.998
284.87
284.765
284.655
284.536
284.409
284.275
284.136
283.992
283.845
283.694
283.542
283.388
283.233
283.078
285.148
285.031
284.907
284.778
284.643
284.502
284.356
284.205
284.051
283.893
283.734
283.572
283.409
283.246
283.082
285.361
285.197
285.051
284.905
284.754
284.599
284.44
284.277
284.111
283.943
283.774
283.603
283.431
283.259
283.086
285.49
285.351
285.196
285.035
284.869
284.699
284.526
284.351
284.174
283.995
283.815
283.635
283.454
283.272
283.091
285.697
285.517
285.344
285.168
284.986
284.802
284.615
284.426
284.237
284.047
283.857
283.667
283.476
283.286
283.095
285.83
285.677
285.496
285.304
285.106
284.905
284.704
284.502
284.3
284.099
283.899
283.699
283.499
283.299
283.1
286.053
285.856
285.656
285.444
285.228
285.01
284.793
284.578
284.364
284.151
283.94
283.73
283.521
283.312
283.104
286.194
286.038
285.823
285.588
285.35
285.114
284.881
284.652
284.426
284.202
283.981
283.761
283.543
283.325
283.108
286.422
286.262
286.004
285.735
285.471
285.216
284.967
284.724
284.486
284.252
284.021
283.792
283.564
283.338
283.113
287.054
286.553
286.192
285.877
285.587
285.312
285.049
284.793
284.544
284.3
284.059
283.821
283.585
283.35
283.117
287.261
286.749
286.347
286.003
285.692
285.401
285.124
284.858
284.598
284.345
284.095
283.849
283.605
283.362
283.121
287.341
286.867
286.462
286.106
285.783
285.481
285.193
284.917
284.649
284.387
284.129
283.875
283.623
283.373
283.124
287.375
286.937
286.544
286.187
285.858
285.549
285.255
284.971
284.695
284.426
284.161
283.899
283.641
283.384
283.128
287.388
286.977
286.599
286.249
285.92
285.608
285.309
285.019
284.737
284.461
284.19
283.922
283.657
283.393
283.131
287.377
286.993
286.635
286.296
285.971
285.658
285.356
285.062
284.775
284.494
284.217
283.943
283.672
283.402
283.134
322.935
322.805
322.675
322.546
322.417
322.289
322.162
322.037
321.915
321.797
321.685
321.582
321.493
321.427
321.392
322.93
322.791
322.652
322.513
322.374
322.236
322.097
321.959
321.821
321.684
321.548
321.413
321.277
321.135
320.965
322.926
322.778
322.63
322.481
322.332
322.182
322.031
321.879
321.725
321.569
321.41
321.244
321.067
320.869
320.63
322.922
322.765
322.607
322.449
322.29
322.129
321.967
321.801
321.632
321.458
321.277
321.086
320.879
320.646
320.375
322.917
322.752
322.586
322.419
322.25
322.079
321.905
321.727
321.544
321.354
321.155
320.944
320.715
320.462
320.177
322.913
322.74
322.566
322.39
322.212
322.031
321.847
321.658
321.462
321.259
321.046
320.82
320.576
320.311
320.02
322.91
322.729
322.547
322.363
322.177
321.987
321.794
321.595
321.389
321.174
320.95
320.712
320.458
320.186
319.892
322.906
322.718
322.529
322.338
322.145
321.948
321.746
321.538
321.324
321.1
320.866
320.62
320.36
320.083
319.787
322.903
322.709
322.514
322.317
322.117
321.913
321.704
321.489
321.267
321.036
320.796
320.543
320.277
319.997
319.701
322.901
322.701
322.501
322.298
322.092
321.882
321.668
321.447
321.219
320.982
320.736
320.479
320.21
319.927
319.631
322.898
322.694
322.489
322.282
322.072
321.857
321.638
321.412
321.179
320.938
320.688
320.427
320.155
319.871
319.575
322.897
322.689
322.48
322.269
322.055
321.837
321.614
321.384
321.148
320.904
320.65
320.387
320.113
319.828
319.531
322.895
322.685
322.474
322.26
322.043
321.822
321.596
321.364
321.125
320.878
320.622
320.357
320.082
319.796
319.499
322.894
322.682
322.469
322.253
322.035
321.812
321.584
321.35
321.109
320.861
320.604
320.338
320.061
319.775
319.478
322.894
322.681
322.467
322.25
322.031
321.807
321.578
321.343
321.102
320.852
320.595
320.328
320.051
319.765
319.468
321.379
320.992
319.702
319.154
318.568
318.278
317.935
317.766
317.608
317.312
317.094
316.706
316.423
315.904
315.486
314.616
314.201
313.691
313.415
313.045
312.84
312.569
312.428
312.287
312.017
311.811
311.441
311.166
310.657
310.242
309.372
308.954
308.437
308.156
307.777
307.566
307.287
307.141
306.996
306.715
306.502
306.117
305.829
305.298
304.865
303.956
303.519
302.978
302.684
302.287
302.067
301.774
301.622
301.469
301.174
300.95
300.546
300.244
299.684
299.228
298.272
297.813
297.246
296.937
296.52
296.288
295.98
295.819
295.657
295.344
295.104
294.67
294.343
293.734
293.234
292.176
291.665
291.021
290.664
290.164
289.876
289.461
289.228
288.924
288.165
287.896
287.774
287.697
287.627
287.53
320.725
320.325
319.699
319.176
318.71
318.341
318.013
317.741
317.482
317.193
316.896
316.551
316.189
315.759
315.301
314.764
314.309
313.885
313.531
313.198
312.915
312.647
312.412
312.177
311.908
311.625
311.292
310.937
310.512
310.057
309.518
309.06
308.631
308.27
307.93
307.64
307.364
307.121
306.878
306.6
306.305
305.958
305.589
305.146
304.67
304.108
303.629
303.181
302.804
302.448
302.145
301.855
301.602
301.347
301.055
300.746
300.382
299.994
299.529
299.029
298.439
297.936
297.465
297.07
296.697
296.378
296.074
295.807
295.538
295.228
294.899
294.509
294.091
293.587
293.041
292.392
291.837
291.311
290.864
290.433
290.058
289.686
289.35
288.991
288.568
288.259
288.038
287.862
287.7
287.525
320.336
319.981
319.547
319.116
318.711
318.344
318.009
317.699
317.398
317.088
316.766
316.421
316.052
315.654
315.232
314.792
314.372
313.978
313.616
313.28
312.969
312.676
312.396
312.116
311.822
311.51
311.173
310.809
310.413
309.991
309.549
309.125
308.725
308.356
308.012
307.694
307.392
307.102
306.812
306.507
306.184
305.833
305.454
305.041
304.601
304.139
303.697
303.279
302.894
302.534
302.202
301.886
301.583
301.28
300.96
300.621
300.253
299.857
299.423
298.962
298.478
298.014
297.576
297.172
296.796
296.447
296.115
295.797
295.477
295.14
294.781
294.388
293.964
293.498
292.999
292.473
291.967
291.487
291.042
290.623
290.233
289.861
289.505
289.152
288.804
288.498
288.237
288.007
287.791
287.574
320.073
319.752
319.392
319.021
318.655
318.304
317.968
317.644
317.325
317.002
316.669
316.323
315.961
315.581
315.189
314.791
314.4
314.023
313.665
313.324
312.999
312.686
312.38
312.074
311.76
311.433
311.09
310.729
310.349
309.955
309.552
309.156
308.773
308.407
308.058
307.724
307.401
307.085
306.767
306.442
306.103
305.746
305.37
304.974
304.563
304.143
303.729
303.329
302.947
302.582
302.234
301.897
301.566
301.234
300.894
300.539
300.166
299.772
299.358
298.927
298.487
298.054
297.636
297.236
296.854
296.49
296.137
295.79
295.442
295.084
294.71
294.315
293.897
293.456
292.995
292.525
292.06
291.611
291.182
290.773
290.384
290.011
289.654
289.309
288.978
288.671
288.391
288.131
287.883
287.64
319.878
319.578
319.254
318.917
318.577
318.241
317.91
317.583
317.258
316.929
316.593
316.248
315.893
315.528
315.155
314.779
314.407
314.042
313.689
313.346
313.012
312.687
312.365
312.043
311.715
311.38
311.034
310.676
310.307
309.929
309.548
309.168
308.796
308.433
308.081
307.738
307.401
307.069
306.735
306.395
306.047
305.687
305.315
304.93
304.536
304.138
303.742
303.354
302.975
302.607
302.249
301.898
301.55
301.202
300.847
300.483
300.107
299.718
299.316
298.904
298.488
298.075
297.669
297.273
296.889
296.516
296.149
295.786
295.421
295.05
294.669
294.274
293.864
293.441
293.007
292.568
292.132
291.705
291.292
290.893
290.51
290.141
289.786
289.444
289.117
288.807
288.515
288.237
287.97
287.709
319.725
319.438
319.133
318.817
318.495
318.171
317.846
317.521
317.195
316.865
316.53
316.188
315.84
315.484
315.125
314.763
314.403
314.047
313.696
313.353
313.015
312.682
312.35
312.018
311.683
311.343
310.995
310.64
310.278
309.91
309.54
309.171
308.805
308.445
308.091
307.742
307.397
307.054
306.71
306.362
306.008
305.646
305.276
304.899
304.516
304.13
303.745
303.364
302.988
302.619
302.255
301.895
301.537
301.177
300.814
300.445
300.067
299.681
299.287
298.888
298.485
298.084
297.686
297.295
296.91
296.531
296.156
295.784
295.41
295.032
294.647
294.254
293.851
293.441
293.025
292.607
292.191
291.781
291.381
290.992
290.615
290.25
289.898
289.558
289.231
288.918
288.618
288.329
288.049
287.776
319.602
319.322
319.029
318.726
318.416
318.101
317.783
317.461
317.137
316.809
316.477
316.139
315.796
315.448
315.097
314.745
314.392
314.042
313.695
313.351
313.011
312.673
312.336
311.999
311.659
311.315
310.967
310.613
310.255
309.894
309.531
309.168
308.806
308.448
308.093
307.74
307.39
307.041
306.69
306.337
305.98
305.617
305.249
304.876
304.5
304.121
303.743
303.366
302.992
302.621
302.254
301.889
301.524
301.159
300.79
300.418
300.04
299.656
299.268
298.875
298.481
298.087
297.695
297.306
296.921
296.54
296.161
295.783
295.404
295.023
294.637
294.246
293.85
293.45
293.046
292.642
292.24
291.844
291.454
291.073
290.703
290.342
289.992
289.654
289.326
289.01
288.704
288.407
288.119
287.837
319.5
319.226
318.94
318.646
318.344
318.036
317.723
317.406
317.085
316.76
316.43
316.097
315.758
315.417
315.072
314.726
314.379
314.033
313.688
313.345
313.004
312.664
312.324
311.983
311.64
311.294
310.946
310.594
310.238
309.881
309.522
309.162
308.803
308.446
308.09
307.736
307.382
307.029
306.675
306.318
305.959
305.596
305.229
304.859
304.486
304.112
303.737
303.363
302.991
302.62
302.251
301.882
301.514
301.144
300.773
300.398
300.02
299.639
299.253
298.866
298.477
298.087
297.699
297.312
296.928
296.546
296.165
295.784
295.403
295.02
294.635
294.247
293.856
293.462
293.068
292.674
292.283
291.896
291.515
291.141
290.775
290.418
290.071
289.733
289.405
289.086
288.776
288.475
288.18
287.892
319.416
319.145
318.865
318.576
318.28
317.977
317.669
317.356
317.039
316.717
316.391
316.06
315.726
315.389
315.049
314.708
314.365
314.022
313.679
313.337
312.995
312.654
312.312
311.969
311.625
311.278
310.93
310.578
310.225
309.87
309.513
309.156
308.799
308.442
308.086
307.73
307.375
307.019
306.662
306.304
305.943
305.58
305.214
304.845
304.475
304.104
303.731
303.359
302.987
302.616
302.246
301.875
301.505
301.133
300.76
300.384
300.006
299.626
299.243
298.858
298.472
298.086
297.7
297.316
296.932
296.549
296.167
295.786
295.404
295.021
294.637
294.251
293.864
293.477
293.089
292.703
292.319
291.939
291.565
291.196
290.835
290.481
290.136
289.799
289.47
289.149
288.837
288.531
288.233
287.94
319.347
319.079
318.802
318.517
318.225
317.927
317.623
317.313
316.999
316.68
316.357
316.03
315.699
315.365
315.029
314.691
314.351
314.01
313.669
313.328
312.986
312.644
312.302
311.958
311.613
311.266
310.917
310.566
310.214
309.86
309.505
309.149
308.793
308.437
308.08
307.724
307.367
307.01
306.652
306.292
305.931
305.567
305.202
304.835
304.466
304.096
303.725
303.354
302.983
302.612
302.24
301.869
301.497
301.124
300.75
300.374
299.996
299.616
299.235
298.852
298.469
298.085
297.701
297.317
296.934
296.552
296.17
295.788
295.406
295.024
294.641
294.258
293.874
293.491
293.108
292.728
292.35
291.975
291.606
291.242
290.884
290.533
290.189
289.852
289.523
289.201
288.887
288.579
288.277
287.98
319.291
319.025
318.751
318.469
318.18
317.885
317.584
317.277
316.965
316.649
316.329
316.004
315.676
315.345
315.012
314.676
314.339
314
313.66
313.319
312.978
312.636
312.293
311.948
311.603
311.256
310.907
310.557
310.205
309.852
309.498
309.143
308.788
308.432
308.075
307.718
307.361
307.003
306.644
306.283
305.922
305.558
305.193
304.826
304.458
304.089
303.72
303.349
302.978
302.607
302.235
301.863
301.491
301.117
300.742
300.366
299.988
299.609
299.229
298.848
298.466
298.083
297.7
297.318
296.935
296.553
296.172
295.79
295.409
295.027
294.646
294.265
293.884
293.504
293.125
292.749
292.375
292.004
291.639
291.278
290.923
290.574
290.231
289.895
289.566
289.243
288.927
288.617
288.313
288.014
319.248
318.983
318.711
318.431
318.144
317.851
317.552
317.248
316.938
316.624
316.306
315.984
315.658
315.329
314.998
314.664
314.328
313.991
313.652
313.312
312.971
312.629
312.285
311.941
311.595
311.248
310.9
310.55
310.199
309.846
309.493
309.138
308.783
308.427
308.071
307.714
307.356
306.997
306.637
306.277
305.915
305.551
305.186
304.82
304.453
304.084
303.715
303.345
302.974
302.603
302.231
301.859
301.486
301.112
300.736
300.36
299.983
299.604
299.225
298.844
298.463
298.081
297.7
297.318
296.936
296.555
296.173
295.792
295.412
295.031
294.651
294.271
293.893
293.515
293.139
292.765
292.395
292.027
291.664
291.306
290.953
290.605
290.264
289.928
289.599
289.276
288.959
288.647
288.341
288.041
319.217
318.953
318.681
318.403
318.117
317.826
317.529
317.226
316.918
316.606
316.289
315.968
315.644
315.317
314.987
314.654
314.32
313.983
313.645
313.306
312.965
312.623
312.28
311.935
311.59
311.243
310.894
310.545
310.194
309.842
309.489
309.134
308.779
308.424
308.067
307.71
307.352
306.993
306.633
306.272
305.909
305.546
305.181
304.815
304.448
304.08
303.711
303.341
302.971
302.6
302.228
301.855
301.482
301.108
300.732
300.356
299.979
299.601
299.222
298.842
298.461
298.08
297.699
297.318
296.937
296.556
296.175
295.794
295.414
295.034
294.655
294.277
293.899
293.524
293.15
292.778
292.409
292.044
291.683
291.327
290.975
290.628
290.288
289.952
289.623
289.3
288.982
288.67
288.363
288.06
319.196
318.932
318.661
318.384
318.1
317.809
317.513
317.211
316.905
316.593
316.278
315.958
315.635
315.309
314.98
314.648
314.314
313.978
313.641
313.302
312.961
312.619
312.276
311.932
311.586
311.239
310.891
310.541
310.19
309.839
309.486
309.132
308.777
308.421
308.065
307.707
307.349
306.99
306.63
306.269
305.906
305.543
305.178
304.812
304.445
304.078
303.709
303.339
302.969
302.598
302.226
301.853
301.479
301.105
300.73
300.354
299.976
299.598
299.22
298.84
298.46
298.079
297.699
297.318
296.937
296.556
296.176
295.795
295.416
295.036
294.658
294.28
293.904
293.529
293.157
292.787
292.419
292.056
291.696
291.34
290.989
290.644
290.303
289.968
289.639
289.315
288.997
288.684
288.377
288.074
319.186
318.922
318.652
318.375
318.091
317.801
317.505
317.204
316.898
316.587
316.272
315.953
315.63
315.305
314.976
314.645
314.311
313.976
313.638
313.299
312.959
312.617
312.274
311.93
311.584
311.237
310.889
310.539
310.189
309.837
309.484
309.13
308.776
308.42
308.063
307.706
307.348
306.989
306.628
306.267
305.905
305.541
305.176
304.811
304.444
304.076
303.707
303.338
302.968
302.596
302.224
301.852
301.478
301.104
300.728
300.352
299.975
299.597
299.219
298.839
298.459
298.079
297.699
297.318
296.937
296.556
296.176
295.796
295.416
295.038
294.659
294.282
293.906
293.532
293.16
292.791
292.424
292.061
291.702
291.347
290.996
290.651
290.311
289.976
289.647
289.323
289.005
288.692
288.383
288.08
287.304
286.99
286.662
286.336
286.017
285.705
285.401
285.104
284.813
284.526
284.243
283.964
283.687
283.411
283.137
287.293
287
286.689
286.374
286.059
285.749
285.444
285.144
284.849
284.557
284.269
283.984
283.702
283.42
283.14
287.321
287.027
286.721
286.41
286.098
285.788
285.482
285.179
284.88
284.585
284.293
284.003
283.715
283.428
283.143
287.369
287.066
286.758
286.446
286.134
285.824
285.516
285.211
284.909
284.61
284.313
284.019
283.727
283.435
283.145
287.424
287.111
286.798
286.483
286.17
285.857
285.547
285.239
284.934
284.632
284.332
284.034
283.737
283.442
283.147
287.479
287.158
286.838
286.52
286.203
285.888
285.575
285.265
284.957
284.652
284.348
284.047
283.747
283.447
283.149
287.532
287.203
286.878
286.555
286.235
285.917
285.601
285.288
284.978
284.669
284.363
284.058
283.755
283.452
283.151
287.58
287.245
286.915
286.588
286.264
285.943
285.625
285.309
284.996
284.685
284.376
284.068
283.762
283.457
283.152
287.623
287.283
286.948
286.618
286.291
285.967
285.646
285.328
285.012
284.699
284.387
284.077
283.768
283.461
283.154
287.66
287.316
286.978
286.644
286.314
285.987
285.664
285.344
285.026
284.71
284.397
284.085
283.774
283.464
283.155
287.69
287.344
287.002
286.666
286.334
286.005
285.68
285.357
285.038
284.72
284.405
284.091
283.778
283.467
283.155
287.715
287.366
287.022
286.684
286.35
286.019
285.692
285.368
285.047
284.728
284.411
284.096
283.782
283.469
283.156
287.733
287.383
287.037
286.697
286.362
286.03
285.702
285.377
285.054
284.734
284.416
284.1
283.785
283.47
283.157
287.746
287.394
287.048
286.706
286.37
286.037
285.708
285.382
285.059
284.738
284.419
284.102
283.787
283.472
283.157
287.752
287.399
287.053
286.711
286.374
286.041
285.711
285.385
285.061
284.74
284.421
284.104
283.787
283.472
283.157
)
;

boundaryField
{
    hot
    {
        type            fixedValue;
        value           uniform 323;
    }
    cold
    {
        type            fixedValue;
        value           uniform 283;
    }
    interface_left
    {
        type            fixedValue;
        value           nonuniform List<scalar> 
90
(
318.879
318.879
320.462
320.462
320.903
320.903
321.114
321.114
321.114
321.257
321.257
321.413
321.413
321.586
321.586
321.891
321.891
322.011
322.011
322.086
322.086
322.133
322.133
322.133
322.171
322.171
322.218
322.218
322.274
322.274
322.381
322.381
322.427
322.427
322.458
322.458
322.478
322.478
322.478
322.496
322.496
322.518
322.518
322.545
322.545
322.598
322.598
322.62
322.62
322.635
322.635
322.644
322.644
322.644
322.651
322.651
322.658
322.658
322.663
322.663
322.661
322.661
322.656
322.656
322.646
322.646
322.635
322.635
322.635
322.618
322.618
322.585
322.585
322.527
322.527
322.372
322.372
322.282
322.282
322.199
322.199
322.123
322.123
322.123
321.975
321.975
321.975
321.975
321.975
321.975
)
;
    }
    interface_right
    {
        type            fixedValue;
        value           nonuniform List<scalar> 
90
(
290.074
290.074
286.726
286.726
285.912
285.912
285.534
285.534
285.534
285.28
285.28
285.006
285.006
284.707
284.707
284.196
284.196
284.001
284.001
283.887
283.887
283.822
283.822
283.822
283.774
283.774
283.724
283.724
283.671
283.671
283.588
283.588
283.562
283.562
283.55
283.55
283.547
283.547
283.547
283.549
283.549
283.556
283.556
283.572
283.572
283.617
283.617
283.644
283.644
283.667
283.667
283.688
283.688
283.688
283.713
283.713
283.753
283.753
283.816
283.816
283.968
283.968
284.051
284.051
284.122
284.122
284.182
284.182
284.182
284.258
284.258
284.385
284.385
284.597
284.597
285.162
285.162
285.502
285.502
285.841
285.841
286.21
286.21
286.21
287.61
287.61
287.61
287.61
287.61
287.61
)
;
    }
    interface_top
    {
        type            fixedValue;
        value           nonuniform List<scalar> 
90
(
321.975
321.975
319.17
319.17
318.285
318.285
317.77
317.77
317.77
317.315
317.315
316.709
316.709
315.904
315.904
314.214
314.214
313.425
313.425
312.849
312.849
312.436
312.436
312.436
312.023
312.023
311.448
311.448
310.661
310.661
308.973
308.973
308.169
308.169
307.578
307.578
307.152
307.152
307.152
306.724
306.724
306.125
306.125
305.304
305.304
303.54
303.54
302.699
302.699
302.08
302.08
301.632
301.632
301.632
301.183
301.183
300.553
300.553
299.688
299.688
297.831
297.831
296.949
296.949
296.298
296.298
295.826
295.826
295.826
295.348
295.348
294.672
294.672
293.731
293.731
291.675
291.675
290.668
290.668
289.876
289.876
289.218
289.218
289.218
287.61
287.61
287.61
287.61
287.61
287.61
)
;
    }
    interface_bottom
    {
        type            fixedValue;
        value           nonuniform List<scalar> 
90
(
318.879
318.879
316.929
316.929
316.149
316.149
315.652
315.652
315.652
315.187
315.187
314.556
314.556
313.711
313.711
311.938
311.938
311.113
311.113
310.513
310.513
310.086
310.086
310.086
309.663
309.663
309.076
309.076
308.281
308.281
306.606
306.606
305.827
305.827
305.259
305.259
304.854
304.854
304.854
304.451
304.451
303.893
303.893
303.136
303.136
301.548
301.548
300.81
300.81
300.273
300.273
299.888
299.888
299.888
299.506
299.506
298.977
298.977
298.259
298.259
296.752
296.752
296.051
296.051
295.54
295.54
295.175
295.175
295.175
294.812
294.812
294.309
294.309
293.628
293.628
292.181
292.181
291.502
291.502
291.001
291.001
290.631
290.631
290.631
290.074
290.074
290.074
290.074
290.074
290.074
)
;
    }
    defaultFaces
    {
        type            empty;
    }
}


// ************************************************************************* //
