/*--------------------------------*- C++ -*----------------------------------*\
| =========                 |                                                 |
| \\      /  F ield         | OpenFOAM: The Open Source CFD Toolbox           |
|  \\    /   O peration     | Version:  5.x                                   |
|   \\  /    A nd           | Web:      www.OpenFOAM.org                      |
|    \\/     M anipulation  |                                                 |
\*---------------------------------------------------------------------------*/
FoamFile
{
    version     2.0;
    format      ascii;
    class       volScalarField;
    location    "9";
    object      gradTy;
}
// * * * * * * * * * * * * * * * * * * * * * * * * * * * * * * * * * * * * * //

dimensions      [0 -1 0 1 0 0 0];

internalField   nonuniform List<scalar> 
6300
(
32284.1
32252.2
32220.3
32188.1
32155.7
32123
32090
32056.5
32022.5
31988
31952.9
31917.3
31881
31844.2
31806.7
0.05348
0.15994
0.264865
0.367121
0.465413
0.558247
0.643906
0.720472
0.785892
0.838099
0.8752
0.895731
0.898937
0.885055
0.855501
0.0896874
0.268267
0.444403
0.616266
0.781748
0.938373
1.08326
1.21315
1.32447
1.41357
1.47703
1.51207
1.51715
1.49243
1.44028
0.12669
0.37904
0.628214
0.871795
1.10694
1.33024
1.53763
1.7244
1.88527
2.0147
2.10726
2.15838
2.16514
2.12725
2.04787
0.164721
0.49299
0.817616
1.13576
1.44397
1.738
2.01261
2.26153
2.47753
2.65268
2.77894
2.84905
2.85779
2.80355
2.6899
0.203924
0.61058
1.0135
1.40965
1.79519
2.16518
2.51327
2.83158
3.11062
3.33954
3.50676
3.60107
3.61341
3.53925
3.38147
0.244318
0.731907
1.21615
1.69415
2.16197
2.61424
3.04371
3.44089
3.79381
4.0881
4.30748
4.43506
4.45551
4.35858
4.14378
0.285761
0.856576
1.42504
1.98881
2.54429
3.0861
3.60644
4.09445
4.53563
4.91155
5.2
5.37616
5.41499
5.29575
5.00905
0.327907
0.983593
1.63864
2.29176
2.94027
3.57943
4.2015
4.79483
5.34271
5.82244
6.20481
6.45455
6.53252
6.40035
6.02916
0.370183
1.11125
1.85416
2.5993
3.34561
4.08983
4.82531
5.54065
6.21793
6.83069
7.34222
7.70469
7.86014
7.74388
7.29078
0.411759
1.23705
2.06746
2.90565
3.75305
4.60895
5.46923
6.32454
7.15765
7.94015
8.62865
9.16175
9.4593
9.42394
8.93812
0.451562
1.35774
2.27296
3.2028
4.15199
5.12368
6.11813
7.13061
8.14798
9.14358
10.0704
10.8542
11.3908
11.5534
11.1905
0.48831
1.46938
2.46384
3.48059
4.52844
5.61565
6.74898
7.93177
9.16007
10.4157
11.655
12.7932
13.695
14.2046
14.2644
0.520604
1.56765
2.63241
3.72728
4.86552
6.06148
7.33038
8.68743
10.1448
11.7042
13.3405
14.9676
16.3881
17.296
17.7821
0.547056
1.64821
2.77087
3.93058
5.1449
6.43436
7.82364
9.34276
11.0274
12.9159
15.0349
17.3472
19.5878
20.7864
18.2012
31771.9
31739.8
31707.4
31674.6
31641.5
31608.2
31574.6
31540.7
31506.6
31472.3
31437.8
31403.1
31368.4
31333.5
31298.5
31263.4
31228.4
31193.3
31158.2
31123.1
31088
31053
31018.1
30983.1
30948.2
30913.4
30878.6
30843.9
30809.2
30774.6
30740
30705.6
30671.2
30637
30602.8
30568.8
30534.8
30501
30467.2
30433.6
30400
30366.5
30333.1
30299.9
30266.6
30233.5
30200.5
30167.7
30134.9
30102.2
30069.7
30037.3
30004.9
29972.7
29940.6
29908.6
29876.6
29844.8
29813
29781.3
29749.7
29718.2
29686.8
29655.6
29624.4
29593.3
29562.3
29531.4
29500.6
29469.9
29439.3
29408.7
29378.2
29347.7
29317.3
29287
29256.7
29226.5
29196.4
29166.3
29136.2
29106.2
29076.2
29046.1
29016.1
28986
28955.8
28925.5
28895.2
28864.7
0.81644
0.774126
0.727291
0.678151
0.628561
0.579762
0.532255
0.485815
0.439673
0.392802
0.344266
0.293542
0.24076
0.186799
0.133223
0.0820641
0.0354866
-0.00459156
-0.0368459
-0.0607937
-0.0768964
-0.0865018
-0.0916399
-0.0947084
-0.0980991
-0.103827
-0.113222
-0.126726
-0.143847
-0.163266
-0.183088
-0.201199
-0.215655
-0.225037
-0.228703
-0.226896
-0.220704
-0.211861
-0.202465
-0.194616
-0.190071
-0.189951
-0.194551
-0.203296
-0.214838
-0.227301
-0.238613
-0.246874
-0.250692
-0.249421
-0.24326
-0.23321
-0.220894
-0.208276
-0.197327
-0.189694
-0.186419
-0.187764
-0.193161
-0.201316
-0.210427
-0.218509
-0.223738
-0.224773
-0.220974
-0.212503
-0.200274
-0.185781
-0.170827
-0.1572
-0.14635
-0.139118
-0.135554
-0.134871
-0.135535
-0.135478
-0.132418
-0.124214
-0.109208
-0.0865017
-0.0561249
-0.0190938
0.0226502
0.0664026
0.108944
0.146855
0.176873
0.196262
0.203146
0.19676
1.37157
1.29741
1.21583
1.13098
1.04635
0.964219
0.885384
0.809196
0.73391
0.65727
0.577197
0.492444
0.403071
0.310647
0.218128
0.129427
0.0487535
-0.0201449
-0.0746673
-0.113846
-0.138542
-0.151325
-0.15608
-0.157393
-0.159842
-0.167278
-0.182229
-0.205516
-0.236146
-0.271517
-0.307909
-0.341178
-0.367524
-0.38418
-0.3899
-0.385167
-0.372086
-0.354022
-0.335023
-0.319149
-0.309795
-0.309123
-0.317705
-0.334416
-0.356632
-0.380692
-0.402558
-0.418535
-0.425926
-0.42349
-0.411631
-0.392304
-0.368657
-0.344495
-0.323632
-0.309254
-0.30338
-0.306519
-0.317573
-0.33402
-0.352358
-0.36872
-0.379567
-0.382306
-0.37572
-0.36015
-0.337395
-0.310378
-0.282616
-0.257603
-0.23819
-0.226056
-0.221367
-0.222671
-0.22706
-0.230591
-0.228893
-0.217851
-0.194268
-0.15637
-0.104121
-0.0393074
0.0345748
0.112623
0.188971
0.25735
0.311734
0.347031
0.359723
0.348359
1.94352
1.83141
1.70906
1.58349
1.46054
1.34393
1.2347
1.13128
1.0301
0.926683
0.816869
0.698003
0.569781
0.434637
0.297539
0.165237
0.045069
-0.0563939
-0.134578
-0.187749
-0.217335
-0.227704
-0.225468
-0.218436
-0.214398
-0.2199
-0.239227
-0.273726
-0.321609
-0.378289
-0.437219
-0.491121
-0.533339
-0.559061
-0.566145
-0.555451
-0.530639
-0.497521
-0.463075
-0.434288
-0.417008
-0.414965
-0.429147
-0.457602
-0.495762
-0.537238
-0.574979
-0.602555
-0.615305
-0.611122
-0.590753
-0.557612
-0.517159
-0.47596
-0.440596
-0.416563
-0.407359
-0.413873
-0.434213
-0.464
-0.49713
-0.526868
-0.54707
-0.553264
-0.543402
-0.518139
-0.480653
-0.436045
-0.390443
-0.349941
-0.319545
-0.302272
-0.298551
-0.306026
-0.319819
-0.333235
-0.33882
-0.329548
-0.29994
-0.246904
-0.170207
-0.0725799
0.0405004
0.161293
0.280476
0.387996
0.47408
0.530351
0.550939
0.533381
2.54032
2.38013
2.20694
2.03222
1.8656
1.71301
1.57566
1.45013
1.32951
1.2053
1.06957
0.917028
0.746456
0.561435
0.370043
0.18357
0.0144465
-0.126167
-0.230508
-0.295614
-0.323802
-0.322238
-0.301762
-0.275171
-0.255215
-0.252615
-0.274377
-0.322662
-0.394407
-0.48182
-0.573772
-0.657887
-0.722911
-0.760781
-0.767993
-0.746065
-0.701153
-0.642932
-0.582976
-0.532861
-0.502278
-0.497445
-0.520035
-0.566815
-0.630117
-0.699163
-0.762036
-0.807923
-0.829069
-0.82206
-0.788265
-0.733451
-0.666732
-0.599022
-0.54124
-0.502519
-0.488701
-0.501318
-0.537248
-0.589164
-0.646785
-0.698749
-0.73474
-0.747341
-0.733257
-0.693728
-0.634165
-0.563143
-0.490924
-0.427725
-0.382001
-0.35897
-0.35961
-0.380283
-0.413117
-0.447156
-0.470138
-0.470526
-0.439349
-0.37151
-0.26643
-0.128104
0.0353208
0.212283
0.388774
0.549511
0.679359
0.765056
0.797086
0.771331
3.17196
2.94755
2.707
2.46927
2.25044
2.06013
1.89959
1.76191
1.63409
1.50048
1.34649
1.16201
0.943932
0.697403
0.435456
0.176918
-0.0572341
-0.248177
-0.382939
-0.456646
-0.473114
-0.444006
-0.386864
-0.322351
-0.271043
-0.250252
-0.271334
-0.337817
-0.444645
-0.578819
-0.721609
-0.852146
-0.951585
-1.00665
-1.0118
-0.969779
-0.890832
-0.790843
-0.68871
-0.603307
-0.550469
-0.540437
-0.576091
-0.652235
-0.756204
-0.869975
-0.973553
-1.04892
-1.08337
-1.07157
-1.01604
-0.926432
-0.817731
-0.707789
-0.614434
-0.552614
-0.531977
-0.555189
-0.61726
-0.706113
-0.804582
-0.89363
-0.95609
-0.979844
-0.959753
-0.898162
-0.804174
-0.691965
-0.578413
-0.480344
-0.411776
-0.381581
-0.39182
-0.437028
-0.504677
-0.576998
-0.633991
-0.656956
-0.631551
-0.549739
-0.410527
-0.21977
0.0106486
0.263953
0.519761
0.755506
0.948217
1.07704
1.12644
1.08935
3.85249
3.5382
3.203
2.8791
2.59419
2.36437
2.1906
2.05945
1.94701
1.82502
1.6673
1.45535
1.18237
0.855565
0.495958
0.135143
-0.191139
-0.451092
-0.623291
-0.700104
-0.688057
-0.606144
-0.482583
-0.350518
-0.242928
-0.187593
-0.202917
-0.294875
-0.455508
-0.66341
-0.887095
-1.09119
-1.24416
-1.32441
-1.32354
-1.24666
-1.11081
-0.941843
-0.770353
-0.626863
-0.537019
-0.517644
-0.573843
-0.697586
-0.868178
-1.05547
-1.2257
-1.34882
-1.40429
-1.38405
-1.2929
-1.1469
-0.970515
-0.792668
-0.642217
-0.543404
-0.512108
-0.553103
-0.658704
-0.809212
-0.975945
-1.1268
-1.23317
-1.27548
-1.24601
-1.14925
-1.00042
-0.822716
-0.643606
-0.490477
-0.386292
-0.345965
-0.373673
-0.461456
-0.589505
-0.728912
-0.846841
-0.913038
-0.904978
-0.810621
-0.628847
-0.368548
-0.0469766
0.312017
0.679639
1.02347
1.30907
1.5034
1.58036
1.52714
4.60428
4.15896
3.68271
3.23276
2.85861
2.58787
2.42025
2.33004
2.27369
2.20098
2.06622
1.83655
1.49833
1.06095
0.558194
0.0436352
-0.420565
-0.780375
-1.001
-1.07152
-1.00361
-0.828258
-0.590552
-0.343441
-0.139569
-0.0231873
-0.0241478
-0.153043
-0.398308
-0.725275
-1.08079
-1.40386
-1.64144
-1.75898
-1.74473
-1.60848
-1.37849
-1.09647
-0.811681
-0.57317
-0.422096
-0.386026
-0.474334
-0.675474
-0.956112
-1.26552
-1.54566
-1.74617
-1.83422
-1.79865
-1.64872
-1.41114
-1.1254
-0.838095
-0.595639
-0.436967
-0.38814
-0.457982
-0.635478
-0.888944
-1.17018
-1.424
-1.60252
-1.67447
-1.62916
-1.4753
-1.23824
-0.955489
-0.671384
-0.43013
-0.268847
-0.212375
-0.269016
-0.427899
-0.657976
-0.911752
-1.13418
-1.27605
-1.30267
-1.19738
-0.960244
-0.605557
-0.158488
0.347661
0.873775
1.37529
1.80137
2.09876
2.22173
2.14535
5.46746
4.82427
4.12453
3.47725
2.97409
2.66288
2.53841
2.55187
2.6239
2.66627
2.6018
2.37406
1.95709
1.36045
0.637426
-0.120395
-0.800314
-1.31008
-1.59488
-1.64229
-1.47389
-1.14016
-0.712066
-0.274104
0.0897743
0.310188
0.338845
0.156358
-0.223457
-0.746028
-1.32123
-1.83961
-2.21158
-2.38335
-2.34158
-2.10529
-1.72109
-1.25509
-0.786369
-0.39357
-0.141571
-0.075305
-0.212347
-0.538887
-1.00261
-1.51773
-1.98031
-2.30544
-2.44217
-2.37792
-2.13074
-1.74475
-1.28253
-0.818939
-0.428412
-0.172352
-0.0932877
-0.207834
-0.502856
-0.928691
-1.40387
-1.82965
-2.12531
-2.24233
-2.1686
-1.92116
-1.54187
-1.0902
-0.637453
-0.254622
-0.000472224
0.0841005
-0.0171258
-0.291819
-0.692316
-1.13973
-1.53754
-1.805
-1.89032
-1.77399
-1.46091
-0.975595
-0.355074
0.354555
1.10334
1.83573
2.47899
2.94528
3.15016
3.04114
6.52146
5.57112
4.49094
3.5142
2.81306
2.46891
2.45797
2.68937
3.01681
3.2854
3.37247
3.18405
2.67458
1.84193
0.76676
-0.39661
-1.42508
-2.16376
-2.53059
-2.52382
-2.18222
-1.58797
-0.847788
-0.0980879
0.525703
0.919692
1.00588
0.74991
0.156958
-0.690991
-1.6435
-2.48621
-3.07001
-3.31523
-3.21852
-2.81511
-2.1815
-1.41762
-0.651734
-0.0112213
0.406407
0.528177
0.322513
-0.204753
-0.975116
-1.84557
-2.61291
-3.13598
-3.33954
-3.22061
-2.81264
-2.18812
-1.44163
-0.694573
-0.0675477
0.347137
0.480366
0.302202
-0.181858
-0.897389
-1.70866
-2.4227
-2.90532
-3.08485
-2.95819
-2.55689
-1.94969
-1.22648
-0.502832
0.106192
0.512097
0.64813
0.48456
0.0254207
-0.659095
-1.43912
-2.12859
-2.59623
-2.76837
-2.63389
-2.20961
-1.54032
-0.679971
0.305069
1.3565
2.42454
3.41143
4.16821
4.53063
4.37921
7.93639
6.50505
4.709
3.15471
2.13778
1.79494
2.02851
2.68854
3.49447
4.16594
4.53983
4.45637
3.85741
2.67264
1.0231
-0.867082
-2.46716
-3.55292
-4.00429
-3.88753
-3.25437
-2.24593
-0.997215
0.259234
1.29254
1.97243
2.16562
1.82871
0.904567
-0.48539
-2.12389
-3.50564
-4.41598
-4.73949
-4.53714
-3.8564
-2.82948
-1.58306
-0.336559
0.692077
1.38042
1.60316
1.32047
0.479441
-0.803487
-2.32191
-3.59726
-4.42661
-4.70131
-4.47952
-3.80639
-2.80712
-1.60154
-0.39736
0.599088
1.27193
1.50243
1.25273
0.472461
-0.728213
-2.15348
-3.34898
-4.12179
-4.36829
-4.14325
-3.48912
-2.52457
-1.36339
-0.203146
0.759504
1.41329
1.64359
1.41187
0.667206
-0.488335
-1.86891
-3.03909
-3.81299
-4.08794
-3.91109
-3.31111
-2.38019
-1.18441
0.15998
1.58574
3.13022
4.67523
5.95903
6.65104
6.46114
10.0981
7.9626
4.58016
2.02418
0.492277
0.29061
0.984724
2.47754
4.16573
5.47495
6.36578
6.47099
5.88382
4.17261
1.62595
-1.75531
-4.24984
-5.85559
-6.29611
-5.99483
-4.86694
-3.24989
-1.15778
0.937874
2.56832
3.72599
4.08872
3.75313
2.32294
0.0781131
-2.974
-5.20392
-6.607
-6.92098
-6.54465
-5.39618
-3.79357
-1.74863
0.292339
1.8854
3.02488
3.40597
3.12245
1.79996
-0.292748
-3.14828
-5.22384
-6.51592
-6.77803
-6.38836
-5.26977
-3.72319
-1.75943
0.198985
1.73172
2.83368
3.21598
2.96729
1.73216
-0.235616
-2.92917
-4.88391
-6.09614
-6.33073
-5.94621
-4.86833
-3.3826
-1.49895
0.381086
1.85759
2.92428
3.30439
3.07781
1.90066
0.00647379
-2.60166
-4.52022
-5.74822
-6.05809
-5.7976
-4.88918
-3.60144
-1.90286
-0.102282
1.64405
3.83512
6.31518
8.60204
10.0414
9.90269
13.8898
11.1992
3.25487
-0.572753
-3.06417
-2.50243
-1.20894
1.98521
5.38272
7.38642
9.32301
9.48263
9.52883
6.87562
3.43063
-3.92044
-7.31238
-9.83619
-9.65612
-9.29245
-7.18391
-4.93792
-1.32346
2.28642
4.52488
6.62426
7.01739
7.25375
4.91441
1.8041
-5.00808
-8.09284
-10.3663
-10.0965
-9.66405
-7.58992
-5.39462
-1.90846
1.56622
3.73187
5.76142
6.16582
6.42053
4.2296
1.31646
-5.09782
-7.97863
-10.0884
-9.79329
-9.34686
-7.34944
-5.24
-1.90964
1.40831
3.48469
5.43174
5.83816
6.10233
4.04689
1.3021
-4.76874
-7.48806
-9.4783
-9.18466
-8.74762
-6.83483
-4.81362
-1.62931
1.54641
3.54582
5.42397
5.83881
6.11258
4.16666
1.52936
-4.32737
-6.99577
-9.00557
-8.84957
-8.61713
-7.01344
-5.41431
-2.76819
-0.28642
1.06192
4.1239
8.23333
12.4654
15.7042
16.1736
21.0051
21.9007
-4.08954
-5.10919
-11.0161
-6.34852
-6.13936
1.20014
8.6068
9.39453
14.8391
12.6576
17.061
10.7188
10.8601
-11.7867
-11.625
-17.7104
-13.2805
-15.1027
-9.69883
-8.59656
-1.48254
5.60981
6.68171
11.9795
10.1718
14.4634
8.61606
8.86078
-12.4096
-12.15
-17.788
-13.5063
-15.1474
-9.95813
-8.85451
-2.05178
4.7251
5.7743
10.8382
9.1412
13.2403
7.69922
7.96728
-12.1355
-11.8437
-17.1239
-13.0265
-14.5388
-9.5904
-8.51494
-2.04198
4.40551
5.42388
10.2483
8.66519
12.5776
7.35427
7.62934
-11.4345
-11.1421
-16.1492
-12.2451
-13.6741
-8.95744
-7.91948
-1.7473
4.40564
5.40865
10.0308
8.57637
12.3437
7.42827
7.68823
-10.6443
-10.4197
-15.3817
-11.7511
-13.4112
-9.13114
-8.73486
-3.39684
1.16158
-1.98785
2.90434
9.97483
17.7592
25.355
29.6044
30.9171
71.3058
-47.4024
-2.61832
-34.1989
-3.77542
-21.3376
0.318389
21.3622
4.6969
31.3366
6.35034
40.067
5.22571
51.1044
-52.4972
-6.94193
-40.7264
-7.90208
-31.3182
-6.01944
-20.9121
-1.61037
17.6027
2.75325
27.5668
4.54334
36.273
3.54525
46.8993
-50.8144
-7.7145
-39.494
-8.38726
-30.4666
-6.44292
-20.5211
-2.15784
16.1319
2.03565
25.6507
3.77024
33.9421
2.80368
43.9522
-48.5415
-7.68517
-37.6629
-8.18176
-29.034
-6.25437
-19.5622
-2.13761
15.2207
1.88235
24.2918
3.57866
32.2083
2.74397
41.8046
-45.9731
-7.16484
-35.6523
-7.62588
-27.4502
-5.78275
-18.4186
-1.83758
14.6808
2.05985
23.3881
3.79454
31.078
3.23731
40.6203
-43.6834
-6.37491
-34.131
-7.03405
-26.7593
-5.65612
-19.1715
-2.90285
13.7089
-16.6175
-1.45196
10.6884
23.3243
39.8248
66.3738
28831.1
28794.3
28757.5
28720.6
28683.6
28646.7
28609.8
28573
28536.3
28499.7
28463.2
28426.8
28390.5
28354.3
28318.1
0.175637
0.136694
0.086558
0.0309836
-0.0241753
-0.0737612
-0.113825
-0.141832
-0.156627
-0.158238
-0.147614
-0.126367
-0.0965467
-0.0604644
-0.0205795
0.310328
0.240223
0.150302
0.0512018
-0.0464419
-0.133465
-0.203053
-0.251023
-0.275661
-0.277298
-0.257809
-0.220129
-0.167862
-0.104996
-0.0357142
0.473636
0.363568
0.223227
0.0699634
-0.0793291
-0.210604
-0.313899
-0.383547
-0.417694
-0.417484
-0.386194
-0.328477
-0.249777
-0.155944
-0.0529952
0.681838
0.517186
0.309073
0.084755
-0.130233
-0.315722
-0.458391
-0.551572
-0.594083
-0.588749
-0.541008
-0.457806
-0.346825
-0.216006
-0.0733181
0.957061
0.714268
0.411125
0.0902177
-0.210637
-0.463658
-0.652372
-0.770267
-0.818317
-0.802419
-0.731281
-0.614916
-0.463711
-0.287938
-0.0975889
1.33076
0.971701
0.530941
0.0756293
-0.338874
-0.6759
-0.91717
-1.05881
-1.1065
-1.07133
-0.966779
-0.806865
-0.605165
-0.374447
-0.126688
1.84931
1.31083
0.66531
0.0202339
-0.544588
-0.983898
-1.2816
-1.44129
-1.47754
-1.40962
-1.25764
-1.0406
-0.775636
-0.477997
-0.161402
2.58337
1.75701
0.799237
-0.115416
-0.87581
-1.4335
-1.78404
-1.94721
-1.95276
-1.83197
-1.61356
-1.32226
-0.978783
-0.600503
-0.202324
3.64441
2.33459
0.890047
-0.405321
-1.40973
-2.09027
-2.47384
-2.61074
-2.55432
-2.35194
-2.04237
-1.65608
-1.21674
-0.742908
-0.249716
5.21366
3.04691
0.831681
-0.986182
-2.26752
-3.04401
-3.4103
-3.46759
-3.30183
-2.97911
-2.5479
-2.04296
-1.48917
-0.904679
-0.303347
7.58876
3.80773
0.375948
-2.10356
-3.63017
-4.40794
-4.65576
-4.5475
-4.20628
-3.71477
-3.12717
-2.47869
-1.7923
-1.08329
-0.36234
11.2206
4.21929
-1.03205
-4.17385
-5.74164
-6.30182
-6.2573
-5.86037
-5.26102
-4.54653
-3.76731
-2.95231
-2.11804
-1.27385
-0.425059
16.4505
2.88088
-4.5496
-7.81812
-8.86074
-8.80039
-8.21125
-7.37567
-6.43087
-5.44302
-4.44324
-3.44521
-2.45371
-1.46901
-0.489104
20.9004
-4.59669
-12.2291
-13.6883
-13.0828
-11.8277
-10.4117
-9.00019
-7.64379
-6.35142
-5.11743
-3.93157
-2.78257
-1.65939
-0.55145
0.565424
1.70412
2.86687
4.07144
5.33847
6.69325
8.16827
9.807
11.6695
13.8403
16.4362
19.5959
23.3546
26.8685
24.0393
0.576143
1.73664
2.92232
4.15197
5.44772
6.83728
8.35742
10.0597
12.021
14.3631
17.2958
21.2216
27.0425
37.2283
60.2019
0.581162
1.75166
2.94723
4.18659
5.49181
6.89062
8.42005
10.1327
12.1081
14.476
17.4665
21.5348
27.7073
38.6861
62.7758
0.580506
1.74926
2.94174
4.17549
5.47092
6.85326
8.35546
10.0231
11.9225
14.1563
16.8892
20.3902
25.0553
31.1135
36.0236
0.574471
1.73039
2.9076
4.12154
5.38966
6.73265
8.17603
9.75244
11.5048
13.4897
15.7778
18.4363
21.4444
24.4143
26.1008
0.56359
1.69673
2.84795
4.02996
5.25642
6.54234
7.9042
9.35964
10.9256
12.6127
14.4086
16.2369
17.8537
18.6171
16.9748
0.548569
1.65052
2.76693
3.9075
5.08189
6.29929
7.56738
8.89007
10.2624
11.66
13.0172
14.184
14.8522
14.4892
12.6827
0.530208
1.59426
2.66912
3.76157
4.8775
6.02102
7.19265
8.38602
9.58164
10.7355
11.7582
12.4774
12.566
11.3635
7.14972
0.50932
1.5305
2.5591
3.59932
4.65396
5.72324
6.80283
7.8804
8.92987
9.90203
10.71
11.2089
11.1761
10.329
8.62064
0.486668
1.46159
2.44102
3.42706
4.42024
5.4183
6.41442
7.39429
8.33178
9.1826
9.87633
10.3097
10.3517
9.89261
9.00254
0.462914
1.38955
2.31834
3.24985
4.18312
5.11471
6.03728
6.93762
7.79388
8.57225
9.22351
9.68229
9.87538
9.75545
9.39411
0.438602
1.316
2.19378
3.07142
3.94718
4.81738
5.67559
6.51154
7.31009
8.05015
8.70435
9.23937
9.61641
9.78593
9.65792
0.414151
1.2422
2.06931
2.8943
3.7151
4.52839
5.32934
6.11145
6.8669
7.5877
8.26793
8.90616
9.50153
10.023
10.3224
0.389876
1.16904
1.94632
2.7201
3.48822
4.24797
4.99618
5.72988
6.44778
7.1534
7.86069
8.60271
9.43795
10.4144
11.2499
0.366011
1.09719
1.82577
2.54981
3.26716
3.97555
4.67309
5.35927
6.03719
6.71793
7.42933
8.23451
9.27631
10.9036
14.1008
0.342732
1.02714
1.70837
2.38418
3.05231
3.71068
4.35789
4.9944
5.62463
6.26117
6.93283
7.70199
8.70809
10.3025
13.5677
0.320183
0.959313
1.59472
2.22387
2.84425
3.45355
4.05013
4.63387
5.20769
5.78002
6.36863
7.00493
7.73127
8.54128
8.9575
0.298491
0.89407
1.48542
2.06965
2.64387
3.20525
3.75128
4.28024
4.79177
5.28756
5.7713
6.24533
6.69633
7.05349
7.13515
0.277774
0.831765
1.38105
1.92239
2.45241
2.9676
3.4643
3.93871
4.38677
4.80346
5.1807
5.50171
5.72656
5.75699
5.33728
0.258138
0.772726
1.2822
1.78299
2.27126
2.74279
3.19277
3.61548
4.00357
4.34674
4.62915
4.82486
4.89179
4.77307
4.46114
0.239674
0.717238
1.18938
1.65228
2.10173
2.53294
2.9402
3.31629
3.65155
3.93222
4.13781
4.23742
4.18593
3.92331
3.3647
0.222449
0.665511
1.10299
1.53091
1.94486
2.33972
2.70926
3.04545
3.33744
3.56982
3.72007
3.75492
3.62669
3.27909
2.73222
0.206499
0.617659
1.02323
1.41924
1.80124
2.16408
2.50147
2.80531
3.06471
3.26445
3.38246
3.38564
3.21979
2.77325
1.69341
0.191824
0.573686
0.950126
1.31729
1.67092
2.00612
2.31698
2.59602
2.83342
3.01582
3.1246
3.13375
3.00782
2.7072
2.25668
0.178388
0.533479
0.883459
1.22473
1.5534
1.86507
2.15457
2.41564
2.64033
2.8183
2.93593
2.97565
2.91714
2.74525
2.47152
0.166123
0.49682
0.822836
1.14093
1.44769
1.73939
2.01191
2.26052
2.47968
2.66269
2.80136
2.88577
2.90518
2.85403
2.75911
0.154933
0.46341
0.76771
1.06501
1.35243
1.62704
1.88585
2.12586
2.34412
2.53786
2.70447
2.84103
2.94222
2.9932
2.94697
0.144707
0.432901
0.717445
0.995941
1.26607
1.52566
1.77285
2.00629
2.2256
2.43188
2.62843
2.82086
3.01412
3.19986
3.32986
0.135328
0.404927
0.671379
0.932684
1.18702
1.4329
1.66938
1.89655
2.11612
2.33264
2.55526
2.8001
3.09123
3.44523
3.74891
0.126684
0.379137
0.628886
0.874264
1.11385
1.34665
1.57239
1.79207
2.00875
2.22918
2.46664
2.74719
3.12469
3.72554
4.90674
0.118674
0.355225
0.589428
0.819867
1.04539
1.26529
1.47962
1.68966
1.89878
2.11387
2.34812
2.62695
3.00305
3.60282
4.80189
0.111217
0.332943
0.552583
0.768885
0.980832
1.1878
1.38982
1.5879
1.78467
1.98526
2.19862
2.43916
2.72609
3.06393
3.30111
0.104252
0.312108
0.518056
0.720926
0.91973
1.11376
1.30274
1.48704
1.66792
1.84778
2.03025
2.21914
2.41378
2.59494
2.70612
0.0977355
0.2926
0.485665
0.675791
0.861942
1.04322
1.21892
1.38857
1.55186
1.70848
1.85743
1.99515
2.11081
2.17453
2.10303
0.0916403
0.274342
0.455314
0.633418
0.807536
0.976553
1.13931
1.29451
1.44043
1.57451
1.6924
1.78646
1.84393
1.84804
1.80203
0.085947
0.257286
0.426954
0.593813
0.756673
0.914231
1.06496
1.20688
1.33723
1.45179
1.54392
1.60319
1.6141
1.55635
1.40273
0.0806391
0.24139
0.400545
0.556985
0.709492
0.856654
0.996711
1.12729
1.24499
1.34464
1.41827
1.45351
1.43195
1.33123
1.16125
0.0756976
0.226603
0.37602
0.522889
0.666024
0.804011
0.935046
1.05666
1.16528
1.25557
1.31928
1.34327
1.30476
1.15423
0.730816
0.0710962
0.212849
0.353266
0.491387
0.626131
0.756199
0.879925
0.995042
1.09831
1.18496
1.24788
1.27644
1.25537
1.16674
1.02137
0.0667999
0.200024
0.332107
0.462232
0.589487
0.712791
0.830784
0.941655
1.04288
1.13084
1.20034
1.24408
1.25289
1.21864
1.14177
0.0627646
0.187992
0.312307
0.43507
0.555587
0.673073
0.786592
0.894968
0.996658
1.08955
1.17068
1.23598
1.28033
1.30014
1.30678
0.0589386
0.176595
0.293586
0.409468
0.523794
0.636112
0.745972
0.852928
0.956551
1.05642
1.15203
1.24242
1.32483
1.39078
1.41367
0.0552666
0.165659
0.275636
0.384949
0.493396
0.60086
0.70737
0.813206
0.919056
1.02625
1.13701
1.25441
1.38075
1.51134
1.62218
0.0516924
0.155012
0.258149
0.361033
0.463682
0.566271
0.66924
0.773478
0.880629
0.993604
1.1174
1.26019
1.43374
1.64563
1.83848
0.0481639
0.144492
0.240838
0.337281
0.434012
0.531421
0.630232
0.731731
0.838162
0.953451
1.08459
1.24462
1.4601
1.79314
2.41995
0.0446354
0.133959
0.223462
0.313331
0.403874
0.4956
0.58936
0.68656
0.78955
0.902296
1.03172
1.19056
1.40482
1.73665
2.37108
0.0410703
0.123304
0.205832
0.288915
0.372915
0.45837
0.546101
0.637374
0.734165
0.839567
0.958416
1.09803
1.2679
1.47005
1.62931
0.037441
0.112443
0.187819
0.263863
0.340947
0.419562
0.500385
0.58436
0.672804
0.767506
0.870699
0.984501
1.10857
1.23323
1.33101
0.0337284
0.101324
0.169343
0.238092
0.307918
0.379223
0.452483
0.528246
0.607103
0.689554
0.775621
0.863849
0.948828
1.01508
1.01916
0.0299199
0.0899115
0.15036
0.211574
0.273864
0.337531
0.402846
0.469987
0.53891
0.609095
0.679049
0.74546
0.802101
0.840117
0.860184
0.0260061
0.0781825
0.130848
0.184312
0.238855
0.294697
0.351945
0.410493
0.469846
0.528802
0.584942
0.633863
0.668313
0.677624
0.644371
0.0219785
0.0661149
0.110781
0.156302
0.202946
0.250889
0.300144
0.350446
0.401061
0.45047
0.495854
0.53232
0.55199
0.544697
0.514376
0.0178265
0.0536799
0.0901238
0.127513
0.166137
0.206174
0.24762
0.290185
0.333119
0.374938
0.412964
0.442447
0.454395
0.427767
0.291687
0.0135356
0.0408358
0.0688108
0.0978692
0.12835
0.160482
0.194322
0.229672
0.265955
0.302044
0.336011
0.364758
0.383596
0.386852
0.379623
0.00908603
0.0275238
0.0467468
0.067239
0.0894196
0.113608
0.13998
0.168514
0.198929
0.230631
0.262689
0.293956
0.323622
0.353222
0.392594
0.00445227
0.0136672
0.023803
0.0354383
0.0490969
0.0652205
0.0841406
0.106054
0.131016
0.158975
0.189923
0.22427
0.263701
0.312811
0.380981
-0.000396741
-0.000827945
-0.000180909
0.00223471
0.00706517
0.014894
0.0262259
0.0414823
0.0610254
0.0852488
0.114801
0.151062
0.197065
0.259171
0.350569
-0.00549701
-0.016071
-0.0253915
-0.0326438
-0.0370461
-0.037862
-0.0344102
-0.0260621
-0.01221
0.00782802
0.0350265
0.0710944
0.119255
0.185197
0.275251
-0.0108886
-0.0321838
-0.0520368
-0.0694995
-0.0836453
-0.0935783
-0.0984426
-0.0974242
-0.0897359
-0.0745593
-0.0509003
-0.0172633
0.0291052
0.094488
0.199162
-0.0166147
-0.0492972
-0.0803404
-0.108657
-0.133167
-0.152811
-0.166556
-0.173414
-0.172457
-0.162831
-0.143749
-0.114454
-0.0742401
-0.0234961
0.0267784
-0.0227202
-0.067548
-0.110536
-0.150454
-0.186066
-0.216137
-0.239448
-0.254825
-0.261192
-0.257663
-0.243684
-0.219219
-0.184888
-0.141143
-0.0794565
-0.0292509
-0.0870754
-0.142863
-0.19524
-0.24281
-0.284154
-0.317847
-0.342488
-0.356793
-0.359746
-0.350893
-0.330827
-0.302063
-0.271235
-0.259167
-0.0362514
-0.108016
-0.177557
-0.243362
-0.303874
-0.357482
-0.402526
-0.437325
-0.460271
-0.470021
-0.465882
-0.448465
-0.420663
-0.388286
-0.355001
-0.0437643
-0.1305
-0.214845
-0.295157
-0.369729
-0.436754
-0.494316
-0.540389
-0.572907
-0.589936
-0.590084
-0.573309
-0.54243
-0.505958
-0.485327
-0.0518272
-0.154644
-0.25493
-0.350937
-0.440821
-0.522595
-0.59408
-0.652863
-0.696293
-0.721568
-0.726032
-0.707938
-0.668072
-0.612621
-0.554437
-0.0604716
-0.180545
-0.297986
-0.410968
-0.517544
-0.615578
-0.702659
-0.775993
-0.832283
-0.867645
-0.87764
-0.85768
-0.804529
-0.721173
-0.632242
-0.06972
-0.208272
-0.344136
-0.475445
-0.600195
-0.716164
-0.820783
-0.910954
-0.982801
-1.03133
-1.05004
-1.03046
-0.961956
-0.83359
-0.653359
-0.0795851
-0.237864
-0.393449
-0.544474
-0.688941
-0.824628
-0.948935
-1.05864
-1.1495
-1.21573
-1.24903
-1.23722
-1.16095
-0.982016
-0.583719
-0.0900687
-0.269326
-0.445929
-0.618055
-0.783781
-0.940993
-1.08723
-1.21939
-1.33332
-1.42297
-1.47934
-1.48873
-1.43122
-1.28277
-1.0482
-0.101163
-0.302631
-0.501515
-0.696078
-0.884531
-1.06498
-1.23528
-1.39282
-1.53397
-1.65334
-1.74226
-1.7867
-1.76464
-1.64334
-1.36689
-0.112854
-0.337728
-0.560103
-0.778341
-0.990837
-1.196
-1.39221
-1.5776
-1.74976
-1.90484
-2.03606
-2.13085
-2.16697
-2.11163
-1.95333
-0.125126
-0.374559
-0.621561
-0.864591
-1.10223
-1.33325
-1.55663
-1.77158
-1.9774
-2.17292
-2.35514
-2.51573
-2.63281
-2.65143
-2.42916
-0.137964
-0.413077
-0.685776
-0.954581
-1.21823
-1.47579
-1.7269
-1.97191
-2.21219
-2.45023
-2.68924
-2.93083
-3.16702
-3.35849
-3.41084
-0.15137
-0.45327
-0.752695
-1.04815
-1.33844
-1.62282
-1.9014
-2.17551
-2.44852
-2.72686
-3.02153
-3.34968
-3.73227
-4.16216
-4.38411
-0.165358
-0.495181
-0.822366
-1.14532
-1.46274
-1.77389
-2.07898
-2.37987
-2.68116
-2.99214
-3.33056
-3.73072
-4.26466
-5.11021
-6.81851
-0.179967
-0.538923
-0.894977
-1.24632
-1.5914
-1.92916
-2.25949
-2.58396
-2.90705
-3.23836
-3.59672
-4.01885
-4.58064
-5.45912
-7.14316
-0.195255
-0.58468
-0.970858
-1.35167
-1.72513
-2.08958
-2.44407
-2.789
-3.12723
-3.46579
-3.81859
-4.20999
-4.67669
-5.24862
-5.79208
-0.211296
-0.632691
-1.05046
-1.46213
-1.86512
-2.25692
-2.63528
-2.99869
-3.34717
-3.68333
-4.01364
-4.34882
-4.69964
-5.05787
-5.34834
-0.228169
-0.683216
-1.13432
-1.5786
-2.01287
-2.43358
-2.83686
-3.21876
-3.57566
-3.90491
-4.20531
-4.47679
-4.71745
-4.91418
-5.01997
-0.245938
-0.736481
-1.2229
-1.70202
-2.17005
-2.62235
-3.05329
-3.45617
-3.82336
-4.14654
-4.41705
-4.62617
-4.76575
-4.83363
-4.86253
-0.264632
-0.79261
-1.31655
-1.83315
-2.33815
-2.82595
-3.28919
-3.71837
-4.10162
-4.42473
-4.67141
-4.82383
-4.86383
-4.78015
-4.60397
-0.284218
-0.851542
-1.4153
-1.97232
-2.51819
-3.04661
-3.54875
-4.01246
-4.42164
-4.756
-4.99123
-5.09956
-5.0478
-4.79091
-4.33325
-0.304575
-0.91295
-1.51873
-2.11924
-2.71034
-3.28553
-3.835
-4.3444
-4.79363
-5.15609
-5.39916
-5.48647
-5.37421
-4.94107
-3.4789
-0.325472
-0.976162
-1.6258
-2.2727
-2.91353
-3.5423
-4.14906
-4.71812
-5.22589
-5.63909
-5.91525
-6.01197
-5.92346
-5.80584
-6.44096
-0.346546
-1.0401
-1.73478
-2.43038
-3.12509
-3.81435
-4.48932
-5.13439
-5.72381
-6.21725
-6.55596
-6.6661
-6.49291
-6.14787
-6.47144
-0.367297
-1.10326
-1.84312
-2.58869
-3.34042
-4.09634
-4.85033
-5.58931
-6.28839
-6.90285
-7.35538
-7.51699
-7.18172
-6.02557
-3.3963
-0.387097
-1.16372
-1.94749
-2.74272
-3.55285
-4.37965
-5.22177
-6.07195
-6.91171
-7.70091
-8.35684
-8.71292
-8.44057
-6.92627
-3.21236
-0.405213
-1.2192
-2.04389
-2.8864
-3.7537
-4.65233
-5.5876
-6.5618
-7.57016
-8.59152
-9.56653
-10.3453
-10.5619
-9.35446
-4.91094
-0.420854
-1.26726
-2.12793
-3.01285
-3.93278
-4.89957
-5.92641
-7.02795
-8.21956
-9.51431
-10.9125
-12.3679
-13.6721
-14.0299
-10.3445
-0.433228
-1.30542
-2.19513
-3.11499
-4.07933
-5.10509
-6.21333
-7.43153
-8.79735
-10.3652
-12.2188
-14.4956
-17.4396
-21.5132
-27.5861
-11.3206
-25.8193
-24.3997
-20.8386
-17.5315
-14.7591
-12.4374
-10.4506
-8.70649
-7.138
-5.69689
-4.34763
-3.06307
-1.82149
-0.604496
-111.211
-57.9922
-37.4308
-27.2747
-21.2198
-17.103
-14.0347
-11.59
-9.54191
-7.75787
-6.15482
-4.67727
-3.28576
-1.95036
-0.646694
-123.644
-67.4864
-43.236
-30.8626
-23.5622
-18.7189
-15.1988
-12.454
-10.194
-8.25206
-6.52561
-4.94716
-3.46948
-2.05719
-0.681756
-67.9288
-54.8225
-40.7934
-30.9276
-24.1981
-19.416
-15.8246
-12.9812
-10.6251
-8.59663
-6.79361
-5.14707
-3.60779
-2.13841
-0.708541
-47.9549
-42.7996
-35.4596
-28.8145
-23.4818
-19.2862
-15.9308
-13.1701
-10.8287
-8.78463
-6.95295
-5.2725
-3.69756
-2.1922
-0.726444
-30.4593
-32.2938
-29.6431
-25.7901
-21.9758
-18.573
-15.624
-13.068
-10.8257
-8.82515
-7.00726
-5.32465
-3.73901
-2.21848
-0.735413
-22.4727
-24.9027
-24.6615
-22.7388
-20.1841
-17.5447
-15.0441
-12.748
-10.6548
-8.73883
-6.96763
-5.30947
-3.73525
-2.21873
-0.735885
-12.4887
-19.3665
-20.8477
-20.1264
-18.4511
-16.42
-14.3224
-12.287
-10.361
-8.55194
-6.84949
-5.23599
-3.69143
-2.19559
-0.728669
-15.074
-17.5779
-18.5634
-18.1766
-16.9652
-15.3415
-13.5573
-11.75
-9.98589
-8.29103
-6.6696
-5.11462
-3.61377
-2.15236
-0.714798
-15.7368
-16.8438
-17.232
-16.7995
-15.7655
-14.3744
-12.8085
-11.183
-9.5627
-7.97911
-6.44355
-4.95567
-3.50873
-2.09257
-0.695394
-16.3676
-16.609
-16.4705
-15.8401
-14.8139
-13.5287
-12.1009
-10.6124
-9.11403
-7.63385
-6.18438
-4.76829
-3.38229
-2.01961
-0.671549
-16.7736
-16.6379
-16.0505
-15.1556
-14.042
-12.782
-11.4355
-10.0486
-8.65273
-7.26726
-5.90202
-4.56
-3.23967
-1.9365
-0.644256
-17.7808
-16.9804
-15.844
-14.6231
-13.3718
-12.0952
-10.7983
-9.491
-8.18421
-6.88663
-5.60352
-4.33667
-3.08511
-1.84581
-0.61437
-19.2404
-17.5562
-15.6963
-14.1116
-12.7192
-11.4226
-10.1683
-8.93303
-7.70927
-6.49596
-5.29371
-4.10271
-2.92205
-1.74966
-0.582606
-23.7931
-18.2541
-15.3575
-13.4666
-11.9999
-10.7207
-9.52509
-8.36706
-7.22707
-6.09761
-4.9761
-3.86158
-2.75323
-1.6498
-0.549565
-22.7508
-17.1171
-14.3201
-12.527
-11.1505
-9.96071
-8.85577
-7.78854
-6.73756
-5.69373
-4.65362
-3.61616
-2.58099
-1.54773
-0.515756
-14.7318
-14.0101
-12.5857
-11.2981
-10.1714
-9.14177
-8.16024
-7.19872
-6.24309
-5.28726
-4.3293
-3.36915
-2.40742
-1.44475
-0.481627
-11.5455
-11.391
-10.7563
-9.95729
-9.12497
-8.28941
-7.45082
-6.60482
-5.74876
-4.88226
-4.00648
-3.12324
-2.23451
-1.34209
-0.447588
-8.37266
-9.10537
-9.04105
-8.63962
-8.08078
-7.43913
-6.74653
-6.0179
-5.26166
-4.48371
-3.68885
-2.88115
-2.06415
-1.24088
-0.414016
-6.83931
-7.37322
-7.55989
-7.43125
-7.09409
-6.62423
-6.06727
-5.45015
-4.78962
-4.09691
-3.38012
-2.64552
-1.89813
-1.14216
-0.381256
-4.95381
-5.88221
-6.29769
-6.36768
-6.19953
-5.86983
-5.42976
-4.91253
-4.33994
-3.72682
-3.08377
-2.41876
-1.73807
-1.04687
-0.349613
-3.90696
-4.74739
-5.27539
-5.4695
-5.41715
-5.19206
-4.84583
-4.41336
-3.9184
-3.3775
-2.80266
-2.2029
-1.58532
-0.955772
-0.319341
-2.30593
-3.82954
-4.48494
-4.74245
-4.75471
-4.59842
-4.32179
-3.95758
-3.52874
-3.05176
-2.53886
-1.9994
-1.44086
-0.869459
-0.29063
-2.84951
-3.51461
-3.97081
-4.18571
-4.20932
-4.08833
-3.85857
-3.54668
-3.17251
-2.75096
-2.2935
-1.80916
-1.30534
-0.788303
-0.263605
-2.97452
-3.34474
-3.62423
-3.76179
-3.76434
-3.65378
-3.45236
-3.17903
-2.84917
-2.4751
-2.06679
-1.63245
-1.17899
-0.712467
-0.238324
-3.05935
-3.23785
-3.3762
-3.43164
-3.39791
-3.28232
-3.09607
-2.85064
-2.55653
-2.22302
-1.85817
-1.469
-1.06172
-0.641921
-0.214781
-3.0839
-3.15885
-3.18575
-3.16338
-3.08832
-2.95993
-2.78089
-2.55603
-2.29125
-1.9927
-1.66642
-1.31812
-0.953131
-0.576474
-0.192919
-3.15417
-3.11322
-3.02948
-2.93173
-2.81574
-2.67271
-2.49752
-2.28915
-2.0494
-1.78163
-1.48997
-1.17883
-0.852647
-0.515816
-0.172641
-3.30722
-3.09727
-2.88295
-2.71272
-2.56194
-2.40781
-2.23717
-2.04405
-1.82701
-1.58716
-1.32705
-1.04998
-0.759555
-0.459564
-0.153827
-3.87298
-3.08434
-2.70579
-2.48021
-2.31044
-2.15439
-1.99243
-1.81557
-1.62044
-1.40674
-1.17592
-0.930389
-0.673107
-0.407301
-0.136342
-3.60697
-2.78662
-2.42239
-2.20893
-2.0494
-1.90506
-1.75802
-1.59978
-1.42677
-1.23821
-1.03499
-0.818961
-0.592576
-0.358617
-0.120054
-2.16175
-2.17214
-2.03428
-1.90017
-1.77781
-1.6576
-1.53138
-1.39424
-1.24389
-1.07987
-0.902949
-0.714722
-0.517302
-0.313129
-0.104838
-1.57868
-1.66059
-1.64356
-1.58326
-1.50471
-1.4143
-1.31231
-1.19787
-1.0705
-0.930475
-0.778758
-0.616866
-0.446716
-0.2705
-0.0905816
-0.99828
-1.21774
-1.28288
-1.279
-1.23984
-1.17904
-1.10189
-1.01047
-0.905896
-0.789197
-0.661629
-0.524741
-0.380342
-0.230442
-0.0771895
-0.721504
-0.88205
-0.970131
-0.999241
-0.989995
-0.955132
-0.901366
-0.8322
-0.749708
-0.655463
-0.550971
-0.43783
-0.317786
-0.192711
-0.064579
-0.404857
-0.596674
-0.698322
-0.746106
-0.757931
-0.744343
-0.711532
-0.663179
-0.601676
-0.528843
-0.446314
-0.355711
-0.258721
-0.157103
-0.0526806
-0.24686
-0.373908
-0.463912
-0.517935
-0.543508
-0.546897
-0.532485
-0.503286
-0.461508
-0.408954
-0.347261
-0.278027
-0.202868
-0.12344
-0.0414341
-0.0730526
-0.176861
-0.254482
-0.309515
-0.344483
-0.361808
-0.363702
-0.352123
-0.328818
-0.295408
-0.253442
-0.204454
-0.149978
-0.0915668
-0.030786
0.0713854
0.00200514
-0.0607307
-0.115024
-0.157705
-0.187429
-0.204271
-0.209097
-0.203144
-0.187798
-0.164497
-0.134689
-0.0998205
-0.0613381
-0.020687
0.190647
0.176263
0.127164
0.07141
0.020081
-0.0219888
-0.053179
-0.0735529
-0.0839881
-0.0857107
-0.0800694
-0.0684361
-0.052171
-0.0326144
-0.0110898
0.412184
0.374635
0.319687
0.254778
0.191443
0.135901
0.0904067
0.0550938
0.0291213
0.0112663
0.000200318
-0.00539774
-0.00680585
-0.00525652
-0.001947
0.585407
0.585098
0.519134
0.437059
0.3574
0.286819
0.226927
0.177258
0.136597
0.103532
0.0766754
0.0547329
0.0365069
0.0208798
0.00679025
0.925044
0.841163
0.729776
0.61767
0.51706
0.430321
0.356351
0.293172
0.238802
0.191489
0.14974
0.112284
0.0780162
0.0459492
0.0151743
1.23868
1.11634
0.940927
0.790304
0.667092
0.564962
0.478286
0.402974
0.336109
0.275584
0.219827
0.167624
0.117998
0.070122
0.0232628
1.98861
1.42838
1.13488
0.94391
0.802492
0.688875
0.592336
0.506912
0.429018
0.356371
0.287447
0.221176
0.156766
0.0935895
0.0311197
2.09996
1.5552
1.25763
1.06311
0.918593
0.800933
0.69867
0.605626
0.518286
0.434575
0.353226
0.273438
0.194678
0.116567
0.0388171
1.71667
1.51038
1.30881
1.14761
1.01605
0.902302
0.798607
0.700382
0.605036
0.51114
0.417924
0.324988
0.232139
0.139295
0.0464343
1.5858
1.46228
1.33197
1.21154
1.10113
0.996698
0.89475
0.793142
0.690783
0.587236
0.482429
0.37648
0.269598
0.162034
0.0540573
1.46811
1.41891
1.34829
1.2685
1.18207
1.08937
0.99066
0.886427
0.777357
0.664208
0.547729
0.42862
0.30753
0.18506
0.0617765
1.40536
1.39043
1.37097
1.33008
1.26736
1.18623
1.09041
0.983071
0.866765
0.743496
0.614856
0.482137
0.346422
0.208653
0.0696826
1.28659
1.36509
1.40855
1.40682
1.36544
1.29329
1.19815
1.08595
0.961011
0.826514
0.684816
0.537735
0.386741
0.233079
0.0778632
1.18424
1.36408
1.47751
1.5111
1.48489
1.41633
1.31775
1.19766
1.0619
0.914535
0.758514
0.596052
0.428913
0.258585
0.0863986
0.885802
1.4092
1.60192
1.65689
1.63377
1.5602
1.4523
1.32027
1.17084
1.00857
0.836687
0.657618
0.473299
0.285381
0.0953583
1.45417
1.68396
1.82198
1.85693
1.81767
1.72792
1.60359
1.45496
1.2887
1.10927
0.919851
0.72283
0.520183
0.31364
0.1048
1.79127
2.02245
2.11363
2.10849
2.03664
1.91966
1.77176
1.60189
1.4157
1.21693
1.00829
0.79195
0.569774
0.343493
0.114768
2.36431
2.45816
2.47216
2.40638
2.28695
2.13286
1.95519
1.76016
1.55143
1.33143
1.10208
0.865121
0.622215
0.375043
0.1253
2.8067
2.94933
2.88608
2.74154
2.56133
2.36243
2.15068
1.92795
1.69498
1.45241
1.20116
0.94242
0.677618
0.408377
0.136429
3.69898
3.58348
3.35646
3.10145
2.84869
2.60092
2.35379
2.10285
1.84518
1.57943
1.30545
1.02392
0.736104
0.44359
0.148188
4.58101
4.29507
3.84627
3.4598
3.13258
2.83896
2.55954
2.28241
2.001
1.71217
1.41497
1.1098
0.797849
0.480808
0.160623
6.79618
5.11974
4.29278
3.77701
3.39314
3.06713
2.76369
2.46496
2.16197
1.85072
1.53004
1.20037
0.863129
0.520208
0.173795
6.99874
5.35449
4.52319
4.00262
3.61352
3.27961
2.96458
2.65045
2.32867
1.99582
1.65133
1.29622
0.93235
0.562032
0.187783
5.44764
5.02469
4.53779
4.13692
3.79556
3.47898
3.16483
2.84125
2.50305
2.14899
1.78
1.39814
1.00605
0.606585
0.202688
4.90328
4.73929
4.49265
4.22987
3.96039
3.67666
3.37164
3.04219
2.68845
2.31253
1.91759
1.50717
1.08487
0.654215
0.218617
4.42976
4.51129
4.4587
4.32748
4.1351
3.88912
3.5954
3.26
2.88924
2.48929
2.06594
1.62444
1.16948
0.70528
0.235684
4.20315
4.3764
4.47936
4.46755
4.34701
4.13473
3.8481
3.50237
3.11029
2.68228
2.22689
1.75105
1.26051
0.760089
0.253981
3.84504
4.29032
4.57969
4.68313
4.62263
4.43195
4.14183
3.77694
3.35627
2.8943
2.40203
1.88788
1.3584
0.818846
0.273566
3.56059
4.3125
4.80914
5.01255
4.98864
4.79823
4.48749
4.09022
3.63093
3.12736
2.59236
2.03534
1.4633
0.881574
0.294438
2.7418
4.51195
5.24221
5.49981
5.47027
5.24807
4.89322
4.44656
3.93634
3.38223
2.79797
2.19323
1.57491
0.948059
0.316517
4.50178
5.43353
6.0035
6.18646
6.08569
5.79001
5.3627
4.84703
4.27223
3.65804
3.0178
2.36055
1.69246
1.0178
0.339631
5.61841
6.60634
7.03355
7.07011
6.83646
6.42335
5.89353
5.28855
4.63547
3.95194
3.24944
2.53539
1.81456
1.08996
0.363507
7.60356
8.16852
8.33488
8.14141
7.71184
7.13771
6.47656
5.76345
5.01985
4.25901
3.48909
2.71494
1.93928
1.16342
0.387768
9.23588
10.0075
9.88605
9.37665
8.6876
7.9125
7.09566
6.25953
5.4162
4.57239
3.73166
2.89553
2.06414
1.23674
0.411944
12.639
12.4667
11.7066
10.7366
9.72311
8.71626
7.72816
6.76059
5.81287
4.88363
3.97104
3.07281
2.18624
1.30824
0.435492
16.1451
15.3339
13.673
12.1268
10.754
9.50698
8.34638
7.24785
6.1967
5.1833
4.20044
3.24201
2.30237
1.3761
0.457811
25.0676
18.7913
15.5596
13.3967
11.6974
10.2377
8.9215
7.7022
6.55431
5.46175
4.41286
3.39814
2.40923
1.4384
0.478282
26.3459
20.1344
16.704
14.3445
12.4744
10.8688
9.4293
8.10695
6.87348
5.70987
4.60156
3.53636
2.50353
1.49326
0.496286
21.7108
19.546
17.1047
14.9524
13.0678
11.3845
9.85573
8.44997
7.14414
5.9196
4.7603
3.65208
2.58217
1.53887
0.511235
20.4383
19.1495
17.3048
15.3745
13.5212
11.793
10.1967
8.72357
7.35836
6.084
4.88357
3.7412
2.64234
1.57361
0.522593
20.1528
19.1391
17.5644
15.7429
13.8878
12.1098
10.4522
8.92221
7.50947
6.19705
4.96651
3.8001
2.68157
1.59606
0.529898
20.3828
19.5183
17.9954
16.1347
14.201
12.3428
10.6191
9.03941
7.59092
6.25325
5.00489
3.82576
2.69785
1.60507
0.53278
21.3442
20.3548
18.6608
16.5772
14.4617
12.4825
10.6861
9.06547
7.5954
6.24743
4.99521
3.81585
2.68974
1.59985
0.530988
21.8676
21.6805
19.5969
17.0417
14.6277
12.4952
10.631
8.98698
7.51509
6.1751
4.93491
3.76896
2.65648
1.58004
0.524411
22.1232
24.3233
20.8605
17.4083
14.5982
12.3215
10.4229
8.78897
7.34318
6.03346
4.82306
3.68494
2.59818
1.54577
0.513108
51.5776
30.8986
22.1166
17.329
14.1984
11.8852
10.0311
8.46031
7.07678
5.82283
4.66102
3.56525
2.51602
1.49778
0.497328
50.3804
29.2122
20.5989
16.0989
13.2309
11.1301
9.4424
8.00162
6.7204
5.54821
4.45312
3.41324
2.41234
1.43745
0.477521
17.2087
18.807
16.2248
13.7356
11.7306
10.0881
8.6823
7.43212
6.2883
5.22004
4.20688
3.23417
2.29058
1.36672
0.454321
6.82797
11.3049
11.7861
11.0359
9.97859
8.8817
7.81413
6.78877
5.80372
4.8536
3.93255
3.03488
2.15512
1.28804
0.428511
2.82161
6.57757
8.20253
8.54955
8.25406
7.65495
6.91663
6.11743
5.29488
4.46697
3.64199
2.82313
2.01086
1.20411
0.400957
0.125836
3.33013
5.50642
6.50936
6.74038
6.52486
6.06142
5.4623
4.78975
4.07832
3.34717
2.60681
1.86277
1.11769
0.372541
-4.62037
0.796574
3.62513
5.00523
5.5368
5.56694
5.30042
4.85815
4.31163
3.70335
3.05874
2.39304
1.71541
1.03131
0.344079
-0.441979
-1.33257
-2.24348
-3.18965
-4.18841
-5.26105
-6.43528
-7.74933
-9.25941
-11.0541
-13.2849
-16.2368
-20.5138
-27.5919
-41.7284
-0.445408
-1.34346
-2.26371
-3.22256
-4.2392
-5.33736
-6.54813
-7.91458
-9.49973
-11.4011
-13.7786
-16.9088
-21.2925
-27.8474
-38.1099
-0.441595
-1.33217
-2.24533
-3.19769
-4.20847
-5.30104
-6.5053
-7.86114
-9.4238
-11.272
-13.5196
-16.3273
-19.8998
-24.3952
-29.4977
-0.430401
-1.29828
-2.18774
-3.11441
-4.09594
-5.15304
-6.3109
-7.60086
-9.06228
-10.7436
-12.7003
-14.9812
-17.5843
-20.3359
-22.6143
-0.412133
-1.24281
-2.09293
-2.97628
-3.90784
-4.90427
-5.98438
-7.16914
-8.48082
-9.93993
-11.5569
-13.3128
-15.1201
-16.75
-17.7351
-0.387459
-1.16788
-1.96491
-2.78995
-3.65485
-4.57183
-5.55322
-6.61047
-7.75194
-8.97839
-10.2744
-11.5932
-12.8332
-13.8088
-14.2364
-0.357283
-1.07634
-1.80887
-2.56377
-3.34977
-4.17497
-5.04621
-5.96759
-6.93807
-7.94729
-8.96911
-9.95246
-10.8108
-11.4155
-11.608
-0.322616
-0.971338
-1.63044
-2.30651
-3.00547
-3.73209
-4.48905
-5.27562
-6.08546
-6.90358
-7.7023
-8.43675
-9.04182
-9.43452
-9.52849
-0.284456
-0.855952
-1.43506
-2.02635
-2.63353
-3.25885
-3.90229
-4.56037
-5.22456
-5.87927
-6.49974
-7.05042
-7.48526
-7.75225
-7.80461
-0.243711
-0.732953
-1.22749
-1.7303
-2.24343
-2.76748
-3.30089
-3.83902
-4.37313
-4.88919
-5.36698
-5.77992
-6.09654
-6.28461
-6.31857
-0.201148
-0.604658
-1.01165
-1.42393
-1.84242
-2.26677
-2.69475
-3.12169
-3.53975
-3.93739
-4.29907
-4.60574
-4.83637
-4.97106
-4.99569
-0.157371
-0.472876
-0.790537
-1.11134
-1.43556
-1.76241
-2.08967
-2.41324
-2.7268
-3.02153
-3.28618
-3.50761
-3.67214
-3.76758
-3.78607
-0.112832
-0.338939
-0.566278
-0.795333
-1.02606
-1.25765
-1.48827
-1.7148
-1.93268
-2.13576
-2.31649
-2.4664
-2.57698
-2.64105
-2.65427
-0.0678477
-0.203769
-0.340304
-0.477654
-0.615699
-0.753859
-0.890944
-1.02503
-1.15336
-1.27233
-1.37762
-1.4645
-1.52834
-1.56535
-1.57338
-32289.4
-32268.2
-32246.8
-32225.2
-32203.3
-32180.9
-32158.1
-32134.7
-32110.6
-32085.7
-32060
-32033.3
-32005.7
-31977
-31947.3
-92.23
-131.622
53.0661
-0.470633
35.3911
2.44363
20.3405
-1.67163
-22.5305
-6.18975
-31.9602
-8.0174
-40.2856
-7.22971
-50.9837
47.5171
4.03746
36.2308
4.77568
27.2083
2.81728
17.1595
-1.6001
-20.363
-6.07143
-30.48
-8.16351
-39.6409
-7.67165
-51.1741
47.149
3.40917
36.3735
4.35404
27.4774
2.44964
17.3141
-2.04736
-21.4684
-6.64827
-32.0122
-8.79873
-41.6019
-8.23621
-53.6691
49.1766
3.44518
38.0094
4.50232
28.7818
2.57126
18.2084
-2.08247
-22.4519
-6.82353
-33.4701
-8.95001
-43.4545
-8.14784
-55.9518
52.4804
4.40904
40.6598
5.4767
31.0434
3.4921
20.0461
-1.34736
-22.9012
-6.23182
-34.6707
-8.28325
-45.5248
-7.02033
-59.3509
60.9604
7.6042
49.8097
9.64554
42.2683
9.07227
35.5737
7.09311
-26.0661
75.6616
46.8286
29.6371
16.9701
5.34564
-8.24816
-52.0946
-50.481
-7.70733
-1.85485
7.12686
3.32418
3.71284
-3.33226
-10.4948
-11.1529
-16.3632
-14.2577
-18.4833
-12.4925
-12.6784
8.81647
8.60109
14.3519
10.0579
11.7538
6.4963
5.37105
-1.59535
-8.5721
-9.73251
-15.0396
-13.4249
-17.8074
-12.1889
-12.519
8.83578
8.52982
14.3756
9.99987
11.7637
6.37317
5.23122
-1.96139
-9.1789
-10.3799
-15.891
-14.2071
-18.7648
-12.8863
-13.2084
9.14611
8.85039
15.0014
10.4479
12.3296
6.70953
5.5462
-1.96916
-9.5104
-10.7255
-16.471
-14.6333
-19.3658
-13.0849
-13.3523
10.2663
10.0109
16.4991
11.7527
13.7779
7.91631
6.75492
-1.11616
-9.01711
-10.2012
-16.2078
-14.0699
-18.9682
-11.8485
-11.7527
14.8395
15.1051
23.3124
18.8911
22.989
17.8783
19.9776
13.8304
11.4175
31.9486
30.0649
23.122
15.469
8.1816
2.17925
-32.5903
-28.6103
-15.3142
-7.74516
-2.72795
-1.83079
-2.21022
-4.82373
-7.8256
-9.56093
-11.301
-11.3813
-11.3927
-8.86082
-5.59324
1.37857
4.57345
6.93735
6.71476
6.31216
4.22486
1.9939
-1.57572
-5.15677
-7.42243
-9.56642
-10.0502
-10.3755
-8.14
-5.08997
1.71397
4.792
7.09669
6.8048
6.35222
4.17879
1.86134
-1.83954
-5.55312
-7.90492
-10.1304
-10.6278
-10.9557
-8.60731
-5.40196
1.73197
4.97239
7.40789
7.12688
6.67988
4.43021
2.03101
-1.81853
-5.67848
-8.10369
-10.3918
-10.8554
-11.1362
-8.5924
-5.14847
2.43077
5.90199
8.5163
8.27766
7.86966
5.57221
3.12577
-0.841885
-4.80517
-7.22611
-9.47299
-9.72454
-9.71746
-6.56215
-2.30927
6.62878
11.1702
15.0002
15.869
16.9701
16.3019
16.2566
15.1903
15.8618
20.5128
20.5867
17.6293
13.4413
9.16716
5.70781
-22.8655
-20.1549
-14.6741
-9.96082
-6.64989
-5.14745
-4.91619
-5.75594
-6.98019
-7.96217
-8.62868
-8.60402
-7.96457
-6.28849
-3.84218
-0.620563
1.74241
3.24739
3.63083
3.29647
2.16029
0.544444
-1.5396
-3.63562
-5.28753
-6.48398
-6.90371
-6.63112
-5.26407
-3.0666
-0.0425363
2.1678
3.55686
3.84112
3.41877
2.19182
0.483618
-1.69941
-3.88827
-5.61189
-6.85822
-7.29236
-7.00055
-5.56239
-3.25267
-0.0755216
2.25348
3.72619
4.0449
3.62604
2.36623
0.604319
-1.65292
-3.9126
-5.67929
-6.93971
-7.34092
-6.97384
-5.39616
-2.8995
0.510814
3.02704
4.64175
5.0465
4.68218
3.44267
1.68717
-0.573893
-2.81421
-4.50165
-5.61141
-5.75156
-5.00014
-2.8563
0.387514
4.74919
8.25993
10.952
12.5126
13.499
13.8285
14.0058
14.0478
14.5758
15.6679
15.4736
13.9086
11.5377
8.97945
6.76548
-17.3728
-15.6888
-12.9285
-10.1571
-7.9676
-6.63363
-6.07991
-6.13449
-6.48361
-6.81769
-6.95166
-6.71206
-6.02916
-4.82529
-3.20756
-1.38324
0.146909
1.17242
1.58056
1.4354
0.786466
-0.230817
-1.48622
-2.75398
-3.80849
-4.52003
-4.75416
-4.46276
-3.58394
-2.23353
-0.627266
0.726226
1.60796
1.89495
1.64396
0.897836
-0.21035
-1.55088
-2.89338
-4.00616
-4.75561
-5.00233
-4.69615
-3.77252
-2.35246
-0.661697
0.767642
1.70623
2.02502
1.78314
1.02528
-0.10911
-1.48379
-2.85663
-3.98392
-4.72492
-4.93278
-4.55478
-3.52324
-1.96621
-0.12166
1.45029
2.50953
2.92278
2.75499
2.05616
0.976571
-0.335778
-1.61939
-2.60903
-3.1461
-3.06244
-2.28791
-0.734401
1.47458
4.09493
6.52853
8.53312
9.98283
10.9741
11.5741
11.9499
12.2054
12.4776
12.6752
12.3344
11.3483
9.90402
8.29596
6.80639
-13.8307
-12.7724
-11.199
-9.51558
-8.05327
-6.99624
-6.36767
-6.08889
-6.00871
-5.96134
-5.8126
-5.45843
-4.84394
-3.95805
-2.8704
-1.72232
-0.721918
-0.0135079
0.327043
0.299784
-0.0569421
-0.663175
-1.41505
-2.17941
-2.8233
-3.24354
-3.36137
-3.14028
-2.58289
-1.76887
-0.848006
-0.0360115
0.515481
0.723479
0.582134
0.125226
-0.569748
-1.3995
-2.22929
-2.92362
-3.37695
-3.50847
-3.28089
-2.69752
-1.84206
-0.871428
-0.0115258
0.578792
0.812474
0.683268
0.226507
-0.476522
-1.31732
-2.15427
-2.84481
-3.27785
-3.36828
-3.07683
-2.40702
-1.44694
-0.361602
0.611854
1.30752
1.63577
1.59251
1.21792
0.601152
-0.139056
-0.847865
-1.36815
-1.57463
-1.36817
-0.697413
0.443616
1.96926
3.70959
5.41493
6.91325
8.11333
9.01238
9.64264
10.0673
10.3389
10.4866
10.4581
10.1244
9.4478
8.50613
7.44184
6.40367
-11.2813
-10.5978
-9.62808
-8.55555
-7.55535
-6.74186
-6.15174
-5.7573
-5.48655
-5.25097
-4.96934
-4.57966
-4.04953
-3.38136
-2.62025
-1.84872
-1.17028
-0.669718
-0.396826
-0.361397
-0.541054
-0.885803
-1.3259
-1.7783
-2.16017
-2.40252
-2.45663
-2.30208
-1.95138
-1.45807
-0.91197
-0.423124
-0.0823608
0.0550607
-0.0252804
-0.304567
-0.735073
-1.24805
-1.76027
-2.18812
-2.46169
-2.5317
-2.37795
-2.01436
-1.49749
-0.921717
-0.402497
-0.0350971
0.122485
0.0550681
-0.217641
-0.645546
-1.15641
-1.66273
-2.07651
-2.32414
-2.35368
-2.14373
-1.70878
-1.10806
-0.440434
0.173436
0.63457
0.883719
0.907165
0.728405
0.403487
0.0124476
-0.347824
-0.579138
-0.597798
-0.342478
0.215886
1.06778
2.15482
3.37462
4.59945
5.72283
6.67732
7.43778
8.00719
8.40522
8.65081
8.74944
8.6803
8.40823
7.929
7.28484
6.5501
5.80617
-9.28861
-8.83532
-8.20517
-7.49136
-6.78855
-6.16582
-5.65404
-5.24757
-4.91376
-4.6069
-4.28168
-3.90312
-3.45388
-2.9385
-2.3851
-1.84108
-1.36248
-0.998084
-0.778742
-0.712851
-0.78743
-0.971119
-1.21905
-1.47874
-1.69795
-1.83254
-1.85237
-1.7463
-1.52523
-1.2233
-0.89348
-0.596997
-0.387389
-0.299779
-0.346213
-0.516604
-0.781641
-1.09768
-1.41277
-1.67477
-1.83954
-1.87717
-1.77719
-1.55192
-1.23774
-0.890575
-0.574851
-0.346853
-0.243509
-0.277516
-0.438311
-0.695115
-1.00205
-1.30446
-1.54746
-1.6845
-1.68396
-1.53465
-1.24922
-0.865552
-0.441854
-0.0450448
0.266882
0.456678
0.512991
0.449357
0.301034
0.119644
-0.0334835
-0.096352
-0.0154988
0.246828
0.706498
1.35334
2.14918
3.03243
3.93004
4.77562
5.52073
6.13827
6.61853
6.96261
7.17434
7.25385
7.19474
6.99035
6.64772
6.19396
5.67158
5.1277
-7.63458
-7.32751
-6.90272
-6.41131
-5.90645
-5.43
-5.00469
-4.63319
-4.30216
-3.98926
-3.67083
-3.32838
-2.95346
-2.55037
-2.13646
-1.73921
-1.39022
-1.11757
-0.939685
-0.862025
-0.876682
-0.963926
-1.09525
-1.23747
-1.3576
-1.42779
-1.42941
-1.35612
-1.21552
-1.0287
-0.826978
-0.645769
-0.51674
-0.461592
-0.488647
-0.592349
-0.75477
-0.948675
-1.14171
-1.30145
-1.40049
-1.42078
-1.35685
-1.2175
-1.02551
-0.814157
-0.620885
-0.479109
-0.411721
-0.427529
-0.520732
-0.672502
-0.854196
-1.03175
-1.17098
-1.24296
-1.22849
-1.12158
-0.93115
-0.680678
-0.404556
-0.141298
0.0750607
0.221852
0.291537
0.29226
0.246193
0.186143
0.150882
0.179473
0.305477
0.551957
0.927578
1.42436
2.01766
2.66956
3.33556
3.97309
4.54782
5.03647
5.42597
5.71058
5.88828
5.95788
5.91838
5.77153
5.52647
5.20189
4.82401
4.42173
-6.20015
-5.98922
-5.69621
-5.35061
-4.98346
-4.62052
-4.27785
-3.96055
-3.66445
-3.37959
-3.09456
-2.80039
-2.49359
-2.17781
-1.86384
-1.56785
-1.30803
-1.1006
-0.956299
-0.878258
-0.861405
-0.893253
-0.955766
-1.02799
-1.08917
-1.12179
-1.11429
-1.06289
-0.972373
-0.855531
-0.730941
-0.619399
-0.539703
-0.505034
-0.52071
-0.583538
-0.68256
-0.800926
-0.918596
-1.01552
-1.07484
-1.08569
-1.0451
-0.958913
-0.841137
-0.71171
-0.592766
-0.504248
-0.460135
-0.466096
-0.51882
-0.606801
-0.712311
-0.814226
-0.89137
-0.925888
-0.906142
-0.828766
-0.699542
-0.532744
-0.348736
-0.170018
-0.0165866
0.098059
0.169386
0.202538
0.211489
0.216944
0.243299
0.315022
0.452967
0.671122
0.974191
1.35638
1.80175
2.28637
2.7821
3.26097
3.69886
4.07746
4.38444
4.61251
4.75787
4.81904
4.79659
4.69413
4.51975
4.28656
4.0116
3.71338
-4.91445
-4.76911
-4.56541
-4.32097
-4.0544
-3.78185
-3.51446
-3.2574
-3.01053
-2.77017
-2.53145
-2.29058
-2.04666
-1.80264
-1.56534
-1.34439
-1.15039
-0.992709
-0.877499
-0.80638
-0.775996
-0.778422
-0.802287
-0.834433
-0.861839
-0.873566
-0.862398
-0.825965
-0.767133
-0.69352
-0.616114
-0.547171
-0.497826
-0.475977
-0.484874
-0.522609
-0.582492
-0.654181
-0.72536
-0.78373
-0.819009
-0.824652
-0.799022
-0.745811
-0.673547
-0.594168
-0.520835
-0.465448
-0.436445
-0.437327
-0.466138
-0.515862
-0.575607
-0.632373
-0.67314
-0.686966
-0.666782
-0.610621
-0.522042
-0.409594
-0.285298
-0.162329
-0.0523838
0.0366425
0.102207
0.147662
0.181817
0.217649
0.270383
0.355211
0.484953
0.668008
0.906866
1.19743
1.52932
1.8872
2.25289
2.60786
2.93531
3.22156
3.45653
3.63353
3.7487
3.8006
3.79002
3.7203
3.5977
3.43139
3.23267
3.01374
-3.73167
-3.63302
-3.49331
-3.32317
-3.13393
-2.93576
-2.73619
-2.53957
-2.34723
-2.15839
-1.97143
-1.78517
-1.59985
-1.41779
-1.24329
-1.08212
-0.940452
-0.823661
-0.735204
-0.67584
-0.643339
-0.632714
-0.636884
-0.647694
-0.657089
-0.658309
-0.646884
-0.621296
-0.583176
-0.536971
-0.4891
-0.446721
-0.416354
-0.402645
-0.40751
-0.429785
-0.465426
-0.508172
-0.55057
-0.585191
-0.605851
-0.608649
-0.59266
-0.560144
-0.516206
-0.467922
-0.423062
-0.388659
-0.369721
-0.368342
-0.383345
-0.410495
-0.443193
-0.473561
-0.493709
-0.497018
-0.47923
-0.439161
-0.378913
-0.303508
-0.219953
-0.135885
-0.0580595
0.00900981
0.0639835
0.109059
0.14973
0.194011
0.251252
0.330724
0.440168
0.584537
0.765083
0.978971
1.21948
1.47677
1.73914
1.99438
2.23108
2.43951
2.61211
2.74357
2.83066
2.87213
2.8686
2.82261
2.73862
2.62287
2.48284
2.32658
-2.61974
-2.55607
-2.46502
-2.35286
-2.22635
-2.09167
-1.95369
-1.81558
-1.67887
-1.5439
-1.41043
-1.27838
-1.14837
-1.02204
-0.902057
-0.791767
-0.694685
-0.613811
-0.551016
-0.506613
-0.479181
-0.465697
-0.46192
-0.462989
-0.46411
-0.46126
-0.451763
-0.434671
-0.410859
-0.382821
-0.354178
-0.328972
-0.310892
-0.302568
-0.305074
-0.317715
-0.338128
-0.362662
-0.386979
-0.406758
-0.418415
-0.419701
-0.410099
-0.390926
-0.365124
-0.336747
-0.310234
-0.289601
-0.277714
-0.275766
-0.283065
-0.297138
-0.314138
-0.329468
-0.338526
-0.337453
-0.323765
-0.296758
-0.257612
-0.209161
-0.155347
-0.100454
-0.0482469
-0.00120625
0.0400124
0.0767966
0.112444
0.151711
0.20011
0.263073
0.345093
0.44897
0.575287
0.72218
0.885455
1.05904
1.23564
1.4076
1.56755
1.70906
1.82696
1.91748
1.9783
2.00846
2.00834
1.97963
1.92528
1.84929
1.75641
1.65172
-1.55428
-1.51856
-1.46711
-1.40323
-1.33052
-1.25232
-1.17137
-1.08957
-1.00803
-0.927234
-0.847367
-0.768644
-0.691584
-0.617172
-0.546855
-0.482392
-0.425578
-0.377924
-0.340344
-0.312946
-0.294938
-0.284699
-0.279979
-0.278206
-0.276849
-0.273781
-0.26758
-0.257722
-0.244625
-0.229543
-0.214306
-0.200962
-0.191381
-0.186896
-0.188044
-0.194454
-0.204893
-0.217467
-0.229923
-0.240023
-0.245912
-0.246432
-0.241319
-0.231255
-0.217752
-0.202889
-0.188937
-0.177951
-0.171396
-0.169877
-0.17303
-0.179567
-0.18749
-0.194408
-0.197931
-0.196054
-0.187481
-0.171838
-0.149712
-0.122535
-0.0922979
-0.061156
-0.0309951
-0.00303943
0.0224262
0.0461702
0.0699464
0.0962587
0.127994
0.167982
0.218541
0.281089
0.355862
0.441797
0.536595
0.63694
0.738853
0.838096
0.930565
1.0126
1.08122
1.13418
1.17011
1.18839
1.18923
1.17359
1.14311
1.10003
1.04699
0.986794
-31919.1
-31892.8
-31865.7
-31838
-31809.6
-31780.6
-31751
-31720.9
-31690.3
-31659.2
-31627.7
-31595.7
-31563.5
-31530.9
-31498
-31464.9
-31431.5
-31398
-31364.3
-31330.4
-31296.4
-31262.2
-31227.9
-31193.5
-31159
-31124.3
-31089.5
-31054.6
-31019.5
-30984.3
-30949.1
-30913.7
-30878.3
-30842.7
-30807.1
-30771.4
-30735.6
-30699.7
-30663.7
-30627.6
-30591.3
-30555
-30518.5
-30482
-30445.3
-30408.6
-30371.7
-30334.7
-30297.7
-30260.6
-30223.4
-30186.1
-30148.8
-30111.4
-30073.8
-30036.2
-29998.5
-29960.7
-29922.8
-29884.9
-29846.9
-29808.8
-29770.7
-29732.6
-29694.6
-29656.5
-29618.4
-29580.4
-29542.4
-29504.5
-29466.6
-29428.9
-29391.3
-29353.8
-29316.6
-29279.6
-29242.8
-29206.5
-29170.5
-29135
-29099.9
-29065.3
-29031.3
-28997.8
-28964.8
-28932.4
-28900.6
-28869.2
-28838.4
-28808.1
-4.56254
0.324384
2.7936
4.06612
4.63477
4.76323
4.61184
4.28197
3.83822
3.32192
2.75956
2.1682
1.55891
0.939027
0.313584
0.846665
1.8588
2.93978
3.67211
4.04851
4.14076
4.02359
3.75773
3.38848
2.9483
2.46001
1.93954
1.39806
0.843535
0.281926
3.79
3.32438
3.43459
3.63405
3.74641
3.7277
3.58401
3.33688
3.00966
2.62278
2.19263
1.73189
1.25024
0.755131
0.252513
5.1068
4.21415
3.84014
3.68308
3.57536
3.43962
3.24788
2.99613
2.69051
2.34052
1.95584
1.54516
1.11589
0.674231
0.225508
5.50676
4.58526
4.02874
3.68277
3.43235
3.20754
2.97176
2.70923
2.41574
2.09295
1.74504
1.37703
0.993918
0.600397
0.200797
5.41046
4.59139
4.0068
3.5869
3.26371
2.98642
2.72241
2.45329
2.17028
1.87049
1.55434
1.22399
0.88236
0.532639
0.178082
5.04971
4.36302
3.82019
3.39432
3.04919
2.75202
2.47815
2.21123
1.94159
1.66437
1.37785
1.08224
0.778887
0.469717
0.156973
4.55043
3.99081
3.51659
3.121
2.7867
2.49431
2.22695
1.97189
1.72049
1.46756
1.21045
0.948245
0.681226
0.410368
0.137068
3.98103
3.5332
3.13437
2.78638
2.48229
2.21156
1.96346
1.72887
1.50092
1.27494
1.04812
0.819063
0.587403
0.353463
0.117999
3.3787
3.02657
2.70133
2.40785
2.14452
1.90619
1.68647
1.47922
1.27938
1.08317
0.88803
0.692484
0.49586
0.298081
0.0994616
2.76338
2.49305
2.23653
1.99916
1.78176
1.58222
1.39698
1.22216
1.05422
0.890311
0.728347
0.566982
0.405472
0.243539
0.0812286
2.14528
1.94572
1.75257
1.57051
1.40114
1.24394
1.09708
0.958222
0.825035
0.695504
0.568066
0.441624
0.315506
0.189376
0.0631421
1.52896
1.39198
1.25754
1.12914
1.00837
0.895325
0.789177
0.688608
0.592189
0.498606
0.406788
0.315944
0.225552
0.135316
0.0451062
0.915718
0.8357
0.756464
0.680153
0.607854
0.539812
0.475693
0.414845
0.356506
0.299943
0.244536
0.18981
0.135441
0.0812297
0.0270729
-28775.2
-28740
-28705.3
-28671.2
-28637.5
-28604.1
-28571.2
-28538.6
-28506.2
-28474.1
-28442.2
-28410.4
-28378.8
-28347.2
-28315.7
)
;

boundaryField
{
    hot
    {
        type            calculated;
        value           nonuniform List<scalar> 
120
(
32284.1
0.05348
0.0896874
0.12669
0.164721
0.203924
0.244318
0.285761
0.327907
0.370183
0.411759
0.451562
0.48831
0.520604
0.547056
0.565424
0.576143
0.581162
0.580506
0.574471
0.56359
0.548569
0.530208
0.50932
0.486668
0.462914
0.438602
0.414151
0.389876
0.366011
0.342732
0.320183
0.298491
0.277774
0.258138
0.239674
0.222449
0.206499
0.191824
0.178388
0.166123
0.154933
0.144707
0.135328
0.126684
0.118674
0.111217
0.104252
0.0977355
0.0916403
0.085947
0.0806391
0.0756976
0.0710962
0.0667999
0.0627646
0.0589386
0.0552666
0.0516924
0.0481639
0.0446354
0.0410703
0.037441
0.0337284
0.0299199
0.0260061
0.0219785
0.0178265
0.0135356
0.00908603
0.00445227
-0.000396741
-0.00549701
-0.0108886
-0.0166147
-0.0227202
-0.0292509
-0.0362514
-0.0437643
-0.0518272
-0.0604716
-0.06972
-0.0795851
-0.0900687
-0.101163
-0.112854
-0.125126
-0.137964
-0.15137
-0.165358
-0.179967
-0.195255
-0.211296
-0.228169
-0.245938
-0.264632
-0.284218
-0.304575
-0.325472
-0.346546
-0.367297
-0.387097
-0.405213
-0.420854
-0.433228
-0.441979
-0.445408
-0.441595
-0.430401
-0.412133
-0.387459
-0.357283
-0.322616
-0.284456
-0.243711
-0.201148
-0.157371
-0.112832
-0.0678477
-32289.4
)
;
    }
    cold
    {
        type            calculated;
        value           nonuniform List<scalar> 
120
(
28318.1
-0.0205795
-0.0357142
-0.0529952
-0.0733181
-0.0975889
-0.126688
-0.161402
-0.202324
-0.249716
-0.303347
-0.36234
-0.425059
-0.489104
-0.55145
-0.604496
-0.646694
-0.681756
-0.708541
-0.726444
-0.735413
-0.735885
-0.728669
-0.714798
-0.695394
-0.671549
-0.644256
-0.61437
-0.582606
-0.549565
-0.515756
-0.481627
-0.447588
-0.414016
-0.381256
-0.349613
-0.319341
-0.29063
-0.263605
-0.238324
-0.214781
-0.192919
-0.172641
-0.153827
-0.136342
-0.120054
-0.104838
-0.0905816
-0.0771895
-0.064579
-0.0526806
-0.0414341
-0.030786
-0.020687
-0.0110898
-0.001947
0.00679025
0.0151743
0.0232628
0.0311197
0.0388171
0.0464343
0.0540573
0.0617765
0.0696826
0.0778632
0.0863986
0.0953583
0.1048
0.114768
0.1253
0.136429
0.148188
0.160623
0.173795
0.187783
0.202688
0.218617
0.235684
0.253981
0.273566
0.294438
0.316517
0.339631
0.363507
0.387768
0.411944
0.435492
0.457811
0.478282
0.496286
0.511235
0.522593
0.529898
0.53278
0.530988
0.524411
0.513108
0.497328
0.477521
0.454321
0.428511
0.400957
0.372541
0.344079
0.313584
0.281926
0.252513
0.225508
0.200797
0.178082
0.156973
0.137068
0.117999
0.0994616
0.0812286
0.0631421
0.0451062
0.0270729
-28315.7
)
;
    }
    interface_left
    {
        type            calculated;
        value           nonuniform List<scalar> 
90
(
24.0393
60.2019
62.7758
36.0236
26.1008
16.9748
12.6827
7.14972
8.62064
9.00254
9.39411
9.65792
10.3224
11.2499
14.1008
13.5677
8.9575
7.13515
5.33728
4.46114
3.3647
2.73222
1.69341
2.25668
2.47152
2.75911
2.94697
3.32986
3.74891
4.90674
4.80189
3.30111
2.70612
2.10303
1.80203
1.40273
1.16125
0.730816
1.02137
1.14177
1.30678
1.41367
1.62218
1.83848
2.41995
2.37108
1.62931
1.33101
1.01916
0.860184
0.644371
0.514376
0.291687
0.379623
0.392594
0.380981
0.350569
0.275251
0.199162
0.0267784
-0.0794565
-0.259167
-0.355001
-0.485327
-0.554437
-0.632242
-0.653359
-0.583719
-1.0482
-1.36689
-1.95333
-2.42916
-3.41084
-4.38411
-6.81851
-7.14316
-5.79208
-5.34834
-5.01997
-4.86253
-4.60397
-4.33325
-3.4789
-6.44096
-6.47144
-3.3963
-3.21236
-4.91094
-10.3445
-27.5861
)
;
    }
    interface_right
    {
        type            calculated;
        value           nonuniform List<scalar> 
90
(
-11.3206
-111.211
-123.644
-67.9288
-47.9549
-30.4593
-22.4727
-12.4887
-15.074
-15.7368
-16.3676
-16.7736
-17.7808
-19.2404
-23.7931
-22.7508
-14.7318
-11.5455
-8.37266
-6.83931
-4.95381
-3.90696
-2.30593
-2.84951
-2.97452
-3.05935
-3.0839
-3.15417
-3.30722
-3.87298
-3.60697
-2.16175
-1.57868
-0.99828
-0.721504
-0.404857
-0.24686
-0.0730526
0.0713854
0.190647
0.412184
0.585407
0.925044
1.23868
1.98861
2.09996
1.71667
1.5858
1.46811
1.40536
1.28659
1.18424
0.885802
1.45417
1.79127
2.36431
2.8067
3.69898
4.58101
6.79618
6.99874
5.44764
4.90328
4.42976
4.20315
3.84504
3.56059
2.7418
4.50178
5.61841
7.60356
9.23588
12.639
16.1451
25.0676
26.3459
21.7108
20.4383
20.1528
20.3828
21.3442
21.8676
22.1232
51.5776
50.3804
17.2087
6.82797
2.82161
0.125836
-4.62037
)
;
    }
    interface_top
    {
        type            calculated;
        value           nonuniform List<scalar> 
90
(
-119.186
-196.582
106.435
-3.16063
56.6465
-1.37835
32.892
-0.884297
-32.4736
-0.566698
-44.156
-0.533497
-57.2115
0.0233572
-83.5237
80.2523
-2.75218
53.0675
-2.02848
39.0871
-1.91271
26.5248
-1.59903
-29.7199
-1.34744
-42.3378
-1.37133
-56.4328
-0.921031
-83.8749
79.6747
-3.76543
53.3853
-2.72906
39.6083
-2.48442
26.9509
-2.07853
-31.1944
-1.77576
-44.3733
-1.76213
-59.1498
-1.22561
-87.8832
83.1726
-4.09074
55.8113
-2.93508
41.4898
-2.61549
28.3144
-2.12605
-32.6873
-1.71072
-46.5012
-1.54607
-61.9671
-0.733447
-91.9826
88.3213
-3.45498
59.3488
-2.35773
44.3896
-2.00593
30.6814
-1.44373
-33.8363
-0.87417
-48.7594
-0.484194
-65.8402
0.748343
-99.4594
100.313
-1.99545
70.572
-0.728488
57.5691
-0.0456243
48.6376
1.98421
-58.8604
111.034
57.3493
32.8893
17.4634
3.40782
-16.0305
)
;
    }
    interface_bottom
    {
        type            calculated;
        value           nonuniform List<scalar> 
90
(
36.1707
112.322
-84.5076
2.63252
-51.8457
0.864573
-33.0811
-0.102627
31.7065
-0.884021
44.1573
-1.35386
57.9003
-2.37734
85.2946
-86.9161
0.120635
-58.4081
-0.868485
-43.7421
-1.17539
-30.6461
-1.66221
27.1778
-2.16634
39.6061
-2.50225
53.1418
-3.56223
79.1971
-83.2946
-1.04181
-56.1732
-1.71574
-42.2084
-1.83474
-29.7465
-2.19809
25.2387
-2.64259
37.096
-2.93655
49.9651
-3.99795
74.5189
-79.3209
-1.39491
-53.44
-1.86594
-40.1435
-1.88529
-28.299
-2.17315
23.854
-2.5514
35.1416
-2.77737
47.3983
-3.68462
70.8284
-75.1793
-1.17298
-50.6381
-1.61491
-38.0117
-1.62896
-26.7239
-1.87312
22.879
-2.14575
33.6968
-2.22078
45.5479
-2.75741
68.5533
-71.6565
-0.45723
-48.567
-1.02955
-37.0089
-1.26334
-27.3793
-2.23082
24.7843
-28.7385
-4.62742
10.6629
25.8824
48.2075
93.8181
)
;
    }
    defaultFaces
    {
        type            empty;
    }
}


// ************************************************************************* //
