/*--------------------------------*- C++ -*----------------------------------*\
| =========                 |                                                 |
| \\      /  F ield         | OpenFOAM: The Open Source CFD Toolbox           |
|  \\    /   O peration     | Version:  5.x                                   |
|   \\  /    A nd           | Web:      www.OpenFOAM.org                      |
|    \\/     M anipulation  |                                                 |
\*---------------------------------------------------------------------------*/
FoamFile
{
    version     2.0;
    format      ascii;
    class       volScalarField;
    location    "8.3001";
    object      T;
}
// * * * * * * * * * * * * * * * * * * * * * * * * * * * * * * * * * * * * * //

dimensions      [0 0 0 1 0 0 0];

internalField   nonuniform List<scalar> 
6300
(
322.841
322.522
322.203
321.881
321.557
321.231
320.9
320.565
320.225
319.88
319.53
319.174
318.811
318.443
318.069
322.841
322.523
322.204
321.884
321.561
321.234
320.904
320.57
320.23
319.886
319.536
319.18
318.817
318.449
318.075
322.842
322.526
322.208
321.889
321.567
321.242
320.913
320.579
320.241
319.897
319.547
319.192
318.829
318.461
318.086
322.843
322.529
322.213
321.896
321.576
321.253
320.926
320.594
320.257
319.914
319.565
319.21
318.848
318.479
318.104
322.844
322.533
322.221
321.906
321.589
321.268
320.944
320.614
320.279
319.937
319.59
319.235
318.873
318.504
318.127
322.846
322.539
322.23
321.919
321.605
321.288
320.966
320.639
320.307
319.967
319.621
319.267
318.905
318.535
318.158
322.849
322.545
322.241
321.934
321.625
321.312
320.994
320.671
320.341
320.004
319.66
319.307
318.945
318.574
318.195
322.851
322.553
322.254
321.953
321.648
321.34
321.027
320.708
320.382
320.049
319.707
319.356
318.994
318.622
318.24
322.854
322.562
322.269
321.974
321.676
321.373
321.066
320.752
320.432
320.102
319.764
319.414
319.053
318.68
318.295
322.858
322.573
322.287
321.999
321.707
321.412
321.111
320.804
320.489
320.165
319.831
319.485
319.125
318.75
318.361
322.862
322.585
322.306
322.026
321.743
321.455
321.162
320.863
320.556
320.239
319.911
319.568
319.211
318.835
318.441
322.866
322.598
322.328
322.057
321.782
321.504
321.22
320.931
320.632
320.324
320.004
319.668
319.314
318.939
318.54
322.871
322.612
322.352
322.09
321.826
321.558
321.285
321.006
320.719
320.422
320.112
319.786
319.438
319.066
318.665
322.876
322.627
322.377
322.126
321.873
321.616
321.355
321.089
320.816
320.533
320.237
319.924
319.588
319.223
318.826
322.881
322.643
322.405
322.165
321.923
321.679
321.432
321.18
320.922
320.656
320.379
320.085
319.766
319.413
319.023
317.721
317.401
317.077
316.75
316.42
316.087
315.751
315.412
315.072
314.729
314.385
314.039
313.691
313.343
312.993
312.643
312.293
311.942
311.592
311.241
310.891
310.541
310.192
309.843
309.494
309.146
308.798
308.451
308.104
307.758
307.413
307.068
306.725
306.382
306.041
305.7
305.361
305.022
304.685
304.348
304.013
303.678
303.344
303.011
302.679
302.348
302.017
301.688
301.361
301.034
300.708
300.384
300.06
299.738
299.416
299.096
298.776
298.457
298.139
297.822
297.506
297.191
296.877
296.564
296.252
295.941
295.631
295.322
295.013
294.706
294.399
294.093
293.788
293.483
293.179
292.875
292.572
292.27
291.968
291.667
291.366
291.066
290.765
290.465
290.164
289.862
289.56
289.257
288.954
288.649
317.727
317.406
317.082
316.755
316.424
316.091
315.754
315.416
315.075
314.732
314.387
314.041
313.693
313.344
312.994
312.644
312.293
311.942
311.592
311.241
310.891
310.541
310.191
309.842
309.493
309.145
308.797
308.45
308.103
307.757
307.412
307.067
306.723
306.381
306.039
305.699
305.359
305.021
304.684
304.347
304.011
303.677
303.343
303.009
302.677
302.346
302.016
301.687
301.359
301.032
300.707
300.382
300.059
299.736
299.415
299.095
298.775
298.456
298.138
297.821
297.505
297.19
296.876
296.562
296.25
295.939
295.629
295.32
295.012
294.705
294.398
294.092
293.787
293.482
293.178
292.874
292.571
292.269
291.968
291.667
291.366
291.066
290.765
290.465
290.164
289.863
289.561
289.259
288.955
288.65
317.738
317.417
317.092
316.764
316.432
316.098
315.761
315.422
315.081
314.737
314.392
314.045
313.696
313.347
312.996
312.645
312.294
311.942
311.591
311.24
310.89
310.539
310.19
309.841
309.492
309.144
308.796
308.448
308.101
307.755
307.409
307.064
306.721
306.378
306.036
305.696
305.356
305.018
304.681
304.344
304.009
303.674
303.34
303.007
302.674
302.343
302.013
301.684
301.356
301.029
300.703
300.379
300.056
299.734
299.412
299.092
298.772
298.454
298.136
297.818
297.502
297.187
296.873
296.559
296.247
295.937
295.627
295.318
295.01
294.703
294.396
294.09
293.785
293.48
293.176
292.873
292.57
292.268
291.966
291.665
291.365
291.065
290.766
290.466
290.166
289.865
289.564
289.261
288.958
288.653
317.754
317.432
317.106
316.777
316.445
316.11
315.772
315.432
315.09
314.745
314.399
314.051
313.701
313.35
312.999
312.647
312.294
311.942
311.59
311.239
310.888
310.538
310.188
309.839
309.49
309.142
308.794
308.446
308.098
307.752
307.406
307.06
306.716
306.373
306.032
305.691
305.352
305.014
304.677
304.341
304.005
303.67
303.336
303.003
302.67
302.338
302.008
301.678
301.35
301.024
300.698
300.374
300.051
299.73
299.409
299.088
298.769
298.45
298.132
297.814
297.498
297.182
296.868
296.555
296.243
295.932
295.623
295.314
295.007
294.7
294.393
294.088
293.782
293.477
293.173
292.87
292.567
292.265
291.964
291.663
291.364
291.065
290.766
290.467
290.168
289.868
289.568
289.266
288.962
288.657
317.776
317.453
317.126
316.795
316.462
316.125
315.786
315.445
315.101
314.756
314.408
314.059
313.708
313.355
313.002
312.648
312.295
311.941
311.588
311.236
310.885
310.535
310.185
309.836
309.488
309.139
308.791
308.443
308.095
307.747
307.401
307.055
306.71
306.367
306.025
305.685
305.346
305.008
304.672
304.336
304.001
303.666
303.331
302.998
302.665
302.332
302.001
301.672
301.343
301.017
300.692
300.368
300.046
299.724
299.404
299.084
298.764
298.445
298.127
297.809
297.492
297.176
296.862
296.548
296.237
295.926
295.617
295.309
295.002
294.696
294.39
294.084
293.779
293.474
293.17
292.866
292.563
292.261
291.96
291.66
291.362
291.064
290.766
290.469
290.171
289.873
289.573
289.272
288.969
288.664
317.805
317.48
317.151
316.818
316.482
316.144
315.804
315.461
315.116
314.769
314.42
314.069
313.716
313.362
313.006
312.65
312.295
311.94
311.586
311.233
310.881
310.531
310.182
309.833
309.485
309.137
308.788
308.439
308.091
307.742
307.394
307.047
306.702
306.358
306.016
305.676
305.338
305.001
304.665
304.33
303.995
303.661
303.326
302.992
302.658
302.325
301.993
301.662
301.334
301.007
300.683
300.36
300.038
299.718
299.398
299.078
298.759
298.44
298.121
297.803
297.485
297.168
296.853
296.54
296.228
295.918
295.61
295.303
294.997
294.691
294.386
294.08
293.775
293.47
293.165
292.861
292.557
292.255
291.955
291.656
291.358
291.062
290.767
290.471
290.176
289.879
289.581
289.281
288.978
288.673
317.84
317.512
317.18
316.845
316.507
316.166
315.824
315.48
315.134
314.786
314.435
314.082
313.727
313.369
313.011
312.652
312.294
311.936
311.581
311.227
310.876
310.526
310.178
309.83
309.482
309.134
308.786
308.436
308.086
307.736
307.386
307.038
306.691
306.347
306.005
305.666
305.328
304.993
304.658
304.324
303.99
303.655
303.32
302.985
302.65
302.315
301.982
301.651
301.322
300.995
300.671
300.349
300.029
299.71
299.391
299.073
298.754
298.434
298.114
297.795
297.476
297.158
296.842
296.529
296.217
295.908
295.601
295.295
294.99
294.686
294.381
294.076
293.771
293.465
293.159
292.854
292.55
292.248
291.947
291.649
291.353
291.059
290.767
290.474
290.182
289.888
289.592
289.293
288.991
288.685
317.882
317.551
317.215
316.876
316.534
316.191
315.847
315.502
315.155
314.806
314.453
314.098
313.74
313.379
313.016
312.653
312.291
311.931
311.573
311.219
310.868
310.519
310.173
309.827
309.48
309.133
308.784
308.434
308.082
307.729
307.377
307.026
306.677
306.332
305.99
305.652
305.316
304.983
304.65
304.318
303.985
303.65
303.315
302.978
302.64
302.304
301.968
301.636
301.306
300.98
300.657
300.337
300.019
299.702
299.385
299.067
298.749
298.429
298.108
297.786
297.465
297.146
296.828
296.514
296.203
295.895
295.59
295.286
294.984
294.681
294.378
294.073
293.767
293.46
293.153
292.846
292.54
292.237
291.937
291.64
291.346
291.055
290.766
290.478
290.189
289.9
289.607
289.311
289.01
288.703
317.932
317.595
317.254
316.909
316.564
316.218
315.873
315.527
315.179
314.83
314.476
314.119
313.757
313.391
313.022
312.653
312.285
311.921
311.561
311.206
310.856
310.51
310.166
309.823
309.48
309.134
308.785
308.433
308.078
307.722
307.365
307.01
306.659
306.312
305.97
305.634
305.301
304.971
304.642
304.313
303.982
303.648
303.311
302.971
302.631
302.29
301.951
301.616
301.285
300.959
300.638
300.321
300.007
299.693
299.379
299.064
298.746
298.425
298.102
297.777
297.452
297.13
296.81
296.495
296.185
295.878
295.576
295.276
294.977
294.677
294.376
294.072
293.765
293.456
293.146
292.836
292.527
292.222
291.921
291.625
291.334
291.047
290.763
290.481
290.199
289.915
289.628
289.335
289.035
288.728
317.991
317.647
317.297
316.945
316.594
316.245
315.898
315.553
315.208
314.859
314.505
314.146
313.779
313.406
313.029
312.651
312.275
311.905
311.541
311.186
310.839
310.497
310.158
309.821
309.482
309.14
308.791
308.437
308.078
307.714
307.35
306.989
306.633
306.285
305.944
305.61
305.282
304.958
304.635
304.31
303.982
303.649
303.311
302.967
302.621
302.273
301.929
301.59
301.257
300.932
300.614
300.302
299.993
299.685
299.376
299.064
298.747
298.425
298.098
297.768
297.437
297.109
296.786
296.469
296.16
295.857
295.559
295.264
294.971
294.676
294.378
294.075
293.767
293.454
293.139
292.823
292.509
292.201
291.899
291.604
291.316
291.035
290.758
290.485
290.211
289.936
289.657
289.37
289.072
288.764
318.062
317.707
317.344
316.98
316.62
316.268
315.922
315.58
315.24
314.895
314.544
314.182
313.81
313.427
313.037
312.645
312.257
311.878
311.51
311.156
310.813
310.478
310.149
309.822
309.491
309.153
308.806
308.449
308.082
307.708
307.332
306.961
306.598
306.246
305.906
305.578
305.258
304.943
304.629
304.313
303.99
303.659
303.318
302.968
302.611
302.253
301.899
301.553
301.218
300.895
300.582
300.278
299.978
299.679
299.378
299.071
298.755
298.431
298.098
297.759
297.418
297.081
296.752
296.433
296.125
295.827
295.537
295.251
294.967
294.679
294.386
294.085
293.775
293.457
293.133
292.807
292.484
292.17
291.866
291.572
291.29
291.016
290.75
290.487
290.226
289.964
289.696
289.419
289.126
288.816
318.15
317.777
317.391
317.008
316.636
316.281
315.939
315.607
315.277
314.942
314.596
314.235
313.856
313.459
313.049
312.634
312.226
311.834
311.462
311.109
310.774
310.452
310.139
309.827
309.508
309.179
308.835
308.474
308.096
307.705
307.308
306.919
306.545
306.19
305.853
305.533
305.226
304.927
304.628
304.324
304.01
303.682
303.337
302.977
302.605
302.227
301.857
301.501
301.163
300.843
300.538
300.246
299.961
299.678
299.388
299.09
298.777
298.45
298.107
297.753
297.394
297.042
296.703
296.382
296.076
295.787
295.508
295.237
294.966
294.691
294.406
294.107
293.795
293.468
293.129
292.785
292.448
292.124
291.817
291.525
291.25
290.987
290.735
290.488
290.243
289.999
289.75
289.489
289.205
288.893
318.264
317.866
317.435
317.02
316.63
316.273
315.941
315.63
315.323
315.005
314.671
314.312
313.928
313.511
313.07
312.61
312.172
311.761
311.385
311.036
310.715
310.413
310.126
309.841
309.542
309.228
308.888
308.524
308.129
307.71
307.273
306.857
306.466
306.108
305.776
305.47
305.182
304.908
304.636
304.351
304.051
303.727
303.38
303.004
302.606
302.191
301.795
301.423
301.083
300.767
300.477
300.203
299.943
299.684
299.413
299.128
298.82
298.49
298.133
297.754
297.359
296.983
296.63
296.306
296.006
295.729
295.469
295.221
294.974
294.716
294.444
294.151
293.836
293.495
293.133
292.754
292.394
292.055
291.744
291.456
291.192
290.944
290.711
290.485
290.259
290.04
289.822
289.591
289.327
289.014
318.429
318.001
317.456
316.997
316.575
316.231
315.915
315.647
315.385
315.09
314.783
314.424
314.046
313.597
313.118
312.555
312.08
311.637
311.269
310.923
310.63
310.353
310.113
309.873
309.599
309.312
308.975
308.619
308.194
307.741
307.209
306.758
306.338
305.989
305.66
305.382
305.118
304.889
304.66
304.4
304.126
303.805
303.466
303.062
302.632
302.126
301.698
301.299
300.967
300.656
300.391
300.141
299.923
299.706
299.458
299.198
298.894
298.572
298.188
297.779
297.298
296.892
296.513
296.198
295.901
295.649
295.411
295.204
294.997
294.761
294.514
294.224
293.917
293.551
293.159
292.699
292.308
291.944
291.639
291.353
291.109
290.879
290.679
290.482
290.264
290.081
289.915
289.738
289.52
289.216
318.689
318.309
317.354
316.918
316.41
316.147
315.819
315.654
315.495
315.193
314.968
314.565
314.269
313.725
313.287
312.375
311.94
311.407
311.12
310.734
310.522
310.242
310.097
309.953
309.676
309.467
309.091
308.813
308.301
307.888
307.026
306.614
306.111
305.838
305.473
305.272
305.006
304.868
304.731
304.467
304.268
303.911
303.646
303.159
302.766
301.948
301.558
301.081
300.822
300.477
300.285
300.033
299.902
299.772
299.521
299.333
298.993
298.742
298.28
297.907
297.13
296.76
296.306
296.061
295.732
295.55
295.31
295.186
295.062
294.824
294.645
294.322
294.083
293.643
293.286
292.541
292.185
291.747
291.509
291.188
291.009
290.769
290.643
290.508
290.219
290.098
290.022
289.946
289.834
289.606
288.313
287.945
287.576
287.207
286.838
286.469
286.1
285.732
285.365
284.998
284.633
284.269
283.906
283.543
283.181
288.314
287.946
287.577
287.207
286.838
286.468
286.099
285.731
285.364
284.997
284.632
284.268
283.905
283.543
283.181
288.316
287.948
287.578
287.208
286.837
286.467
286.097
285.729
285.361
284.995
284.63
284.267
283.904
283.542
283.181
288.32
287.951
287.58
287.208
286.837
286.465
286.095
285.726
285.358
284.992
284.627
284.264
283.902
283.541
283.18
288.326
287.955
287.583
287.209
286.836
286.463
286.091
285.721
285.353
284.987
284.623
284.26
283.899
283.539
283.18
288.334
287.961
287.586
287.21
286.834
286.459
286.086
285.715
285.346
284.98
284.616
284.255
283.895
283.536
283.179
288.345
287.969
287.591
287.211
286.831
286.453
286.078
285.706
285.337
284.971
284.608
284.248
283.89
283.533
283.178
288.36
287.98
287.597
287.212
286.827
286.445
286.067
285.693
285.324
284.959
284.597
284.239
283.883
283.529
283.176
288.382
287.995
287.604
287.211
286.82
286.434
286.052
285.677
285.307
284.943
284.583
284.227
283.874
283.524
283.174
288.412
288.015
287.613
287.209
286.81
286.417
286.032
285.654
285.285
284.922
284.565
284.212
283.863
283.517
283.172
288.455
288.042
287.622
287.203
286.792
286.392
286.003
285.624
285.256
284.895
284.542
284.194
283.85
283.509
283.169
288.516
288.076
287.629
287.189
286.764
286.356
285.963
285.585
285.219
284.862
284.514
284.171
283.833
283.499
283.166
288.606
288.118
287.629
287.161
286.719
286.303
285.909
285.533
285.172
284.821
284.479
284.144
283.814
283.487
283.162
288.741
288.161
287.608
287.106
286.649
286.229
285.838
285.467
285.113
284.771
284.438
284.112
283.791
283.473
283.158
288.935
288.176
287.538
287.004
286.542
286.127
285.745
285.386
285.043
284.712
284.39
284.075
283.765
283.458
283.152
322.886
322.659
322.431
322.202
321.971
321.739
321.505
321.268
321.027
320.78
320.524
320.255
319.962
319.621
319.18
322.891
322.673
322.455
322.236
322.016
321.796
321.574
321.351
321.126
320.898
320.666
320.427
320.173
319.879
319.44
322.896
322.688
322.479
322.271
322.062
321.854
321.645
321.436
321.227
321.019
320.813
320.609
320.412
320.24
320.179
322.901
322.702
322.504
322.306
322.108
321.911
321.715
321.52
321.328
321.14
320.957
320.786
320.635
320.523
320.481
322.906
322.717
322.528
322.341
322.154
321.968
321.784
321.603
321.426
321.255
321.094
320.949
320.83
320.759
320.779
322.91
322.731
322.552
322.375
322.198
322.023
321.851
321.683
321.52
321.365
321.22
321.093
320.993
320.931
320.916
322.915
322.745
322.576
322.408
322.241
322.077
321.916
321.759
321.608
321.466
321.335
321.22
321.128
321.069
321.062
322.919
322.759
322.599
322.44
322.283
322.129
321.978
321.831
321.691
321.559
321.438
321.33
321.24
321.172
321.128
322.924
322.772
322.621
322.471
322.323
322.178
322.036
321.899
321.768
321.645
321.531
321.428
321.338
321.259
321.181
322.928
322.784
322.641
322.5
322.361
322.224
322.091
321.963
321.84
321.725
321.617
321.518
321.427
321.345
321.272
322.932
322.796
322.661
322.528
322.397
322.268
322.143
322.023
321.908
321.799
321.696
321.601
321.511
321.425
321.332
322.936
322.808
322.68
322.554
322.431
322.31
322.192
322.079
321.971
321.868
321.771
321.68
321.593
321.509
321.43
322.939
322.818
322.698
322.579
322.463
322.349
322.238
322.132
322.03
321.933
321.842
321.755
321.672
321.589
321.494
322.943
322.828
322.715
322.603
322.493
322.385
322.281
322.181
322.086
321.995
321.91
321.829
321.752
321.677
321.603
322.946
322.838
322.731
322.625
322.521
322.42
322.322
322.228
322.138
322.053
321.974
321.9
321.831
321.764
321.683
322.949
322.847
322.745
322.645
322.547
322.452
322.36
322.271
322.187
322.108
322.034
321.967
321.908
321.86
321.84
322.952
322.855
322.759
322.665
322.572
322.482
322.395
322.312
322.232
322.158
322.09
322.029
321.977
321.937
321.912
322.954
322.863
322.772
322.683
322.595
322.51
322.428
322.349
322.274
322.205
322.141
322.085
322.038
322.004
321.991
322.957
322.87
322.784
322.699
322.616
322.536
322.458
322.383
322.313
322.247
322.187
322.134
322.09
322.056
322.032
322.959
322.877
322.795
322.715
322.636
322.56
322.486
322.415
322.348
322.285
322.228
322.177
322.134
322.101
322.081
322.961
322.883
322.806
322.729
322.655
322.582
322.511
322.444
322.38
322.32
322.265
322.215
322.172
322.136
322.107
322.963
322.889
322.815
322.743
322.671
322.602
322.535
322.471
322.409
322.351
322.298
322.249
322.205
322.167
322.138
322.965
322.894
322.824
322.755
322.687
322.621
322.557
322.495
322.436
322.38
322.327
322.278
322.233
322.191
322.153
322.966
322.899
322.832
322.766
322.702
322.638
322.577
322.518
322.461
322.406
322.354
322.305
322.259
322.213
322.166
322.968
322.904
322.84
322.777
322.715
322.655
322.596
322.539
322.484
322.431
322.38
322.331
322.283
322.237
322.191
322.969
322.908
322.847
322.787
322.728
322.67
322.613
322.558
322.505
322.454
322.404
322.355
322.308
322.259
322.208
322.971
322.912
322.854
322.796
322.739
322.684
322.629
322.577
322.525
322.475
322.427
322.379
322.332
322.285
322.237
322.972
322.916
322.86
322.805
322.75
322.697
322.645
322.594
322.544
322.496
322.449
322.403
322.357
322.31
322.257
322.973
322.919
322.866
322.813
322.761
322.709
322.659
322.61
322.562
322.516
322.471
322.426
322.383
322.338
322.293
322.974
322.923
322.871
322.82
322.77
322.721
322.673
322.626
322.58
322.535
322.492
322.45
322.409
322.367
322.32
322.975
322.926
322.876
322.827
322.779
322.732
322.685
322.64
322.596
322.553
322.512
322.472
322.435
322.4
322.375
322.976
322.928
322.881
322.834
322.788
322.742
322.697
322.654
322.611
322.57
322.531
322.494
322.459
322.427
322.4
322.977
322.931
322.886
322.84
322.796
322.752
322.709
322.667
322.626
322.586
322.549
322.513
322.48
322.452
322.43
322.978
322.934
322.89
322.846
322.803
322.761
322.719
322.679
322.639
322.601
322.565
322.531
322.499
322.471
322.445
322.979
322.936
322.894
322.852
322.81
322.769
322.729
322.69
322.652
322.615
322.58
322.546
322.516
322.488
322.465
322.979
322.938
322.897
322.857
322.817
322.777
322.738
322.7
322.663
322.627
322.593
322.56
322.53
322.501
322.475
322.98
322.94
322.901
322.861
322.823
322.784
322.747
322.71
322.674
322.639
322.605
322.573
322.542
322.514
322.488
322.981
322.942
322.904
322.866
322.828
322.791
322.755
322.719
322.684
322.65
322.617
322.585
322.554
322.524
322.495
322.981
322.944
322.907
322.87
322.834
322.798
322.762
322.727
322.693
322.66
322.627
322.595
322.564
322.533
322.5
322.982
322.946
322.91
322.874
322.839
322.804
322.769
322.735
322.702
322.669
322.637
322.606
322.574
322.543
322.511
322.982
322.947
322.912
322.878
322.843
322.809
322.776
322.743
322.711
322.679
322.647
322.616
322.585
322.553
322.519
322.983
322.949
322.915
322.881
322.848
322.815
322.782
322.75
322.719
322.687
322.657
322.626
322.595
322.564
322.533
322.983
322.95
322.917
322.885
322.852
322.82
322.788
322.757
322.726
322.696
322.666
322.636
322.606
322.576
322.542
322.984
322.952
322.92
322.888
322.856
322.825
322.794
322.764
322.734
322.704
322.675
322.647
322.618
322.589
322.56
322.984
322.953
322.922
322.891
322.86
322.829
322.799
322.77
322.741
322.712
322.684
322.657
322.63
322.603
322.573
322.985
322.954
322.923
322.893
322.863
322.834
322.804
322.776
322.747
322.72
322.693
322.667
322.642
322.618
322.599
322.985
322.955
322.925
322.896
322.866
322.837
322.809
322.781
322.754
322.727
322.701
322.677
322.653
322.631
322.611
322.985
322.956
322.927
322.898
322.869
322.841
322.813
322.786
322.759
322.734
322.709
322.685
322.663
322.643
322.626
322.986
322.957
322.928
322.9
322.872
322.844
322.817
322.791
322.765
322.74
322.716
322.693
322.671
322.651
322.633
322.986
322.958
322.93
322.902
322.874
322.847
322.821
322.795
322.769
322.745
322.721
322.699
322.678
322.659
322.642
322.986
322.958
322.931
322.903
322.876
322.85
322.824
322.798
322.773
322.749
322.727
322.705
322.684
322.665
322.647
322.986
322.959
322.932
322.905
322.878
322.852
322.826
322.801
322.777
322.753
322.731
322.709
322.689
322.67
322.653
322.986
322.959
322.932
322.906
322.88
322.854
322.828
322.804
322.78
322.757
322.734
322.713
322.693
322.674
322.655
322.987
322.96
322.933
322.907
322.881
322.855
322.83
322.806
322.782
322.759
322.737
322.716
322.696
322.677
322.657
322.987
322.96
322.934
322.907
322.882
322.856
322.831
322.807
322.784
322.761
322.74
322.719
322.699
322.68
322.661
322.987
322.96
322.934
322.908
322.882
322.857
322.832
322.808
322.785
322.763
322.741
322.721
322.701
322.682
322.664
322.987
322.96
322.934
322.908
322.882
322.857
322.833
322.809
322.786
322.764
322.742
322.722
322.703
322.684
322.667
322.987
322.96
322.934
322.908
322.882
322.857
322.832
322.809
322.786
322.764
322.743
322.723
322.704
322.686
322.669
322.987
322.96
322.933
322.907
322.881
322.856
322.832
322.808
322.785
322.763
322.743
322.723
322.704
322.687
322.671
322.986
322.959
322.933
322.906
322.88
322.855
322.83
322.807
322.784
322.762
322.742
322.722
322.704
322.687
322.671
322.986
322.959
322.932
322.905
322.879
322.853
322.829
322.805
322.782
322.76
322.74
322.72
322.702
322.686
322.67
322.986
322.958
322.931
322.904
322.877
322.851
322.826
322.802
322.779
322.757
322.737
322.718
322.7
322.683
322.669
322.986
322.957
322.929
322.902
322.875
322.848
322.823
322.799
322.776
322.754
322.733
322.714
322.697
322.68
322.665
322.985
322.956
322.928
322.899
322.872
322.845
322.819
322.795
322.771
322.749
322.729
322.71
322.692
322.676
322.662
322.985
322.955
322.926
322.897
322.868
322.841
322.815
322.789
322.766
322.743
322.723
322.704
322.687
322.671
322.656
322.985
322.954
322.923
322.893
322.864
322.836
322.809
322.783
322.759
322.737
322.716
322.697
322.681
322.665
322.652
322.984
322.952
322.921
322.89
322.86
322.83
322.803
322.776
322.751
322.729
322.708
322.689
322.673
322.659
322.645
322.983
322.95
322.918
322.885
322.854
322.824
322.795
322.768
322.742
322.719
322.698
322.68
322.664
322.651
322.641
322.983
322.948
322.914
322.88
322.848
322.816
322.786
322.758
322.732
322.708
322.687
322.668
322.653
322.642
322.635
322.982
322.946
322.91
322.875
322.841
322.808
322.777
322.747
322.72
322.695
322.673
322.654
322.64
322.629
322.623
322.981
322.943
322.905
322.869
322.833
322.798
322.766
322.735
322.706
322.68
322.657
322.638
322.623
322.614
322.612
322.98
322.94
322.901
322.862
322.824
322.788
322.753
322.721
322.69
322.663
322.639
322.618
322.603
322.594
322.59
322.979
322.937
322.895
322.854
322.814
322.776
322.739
322.705
322.673
322.643
322.617
322.596
322.579
322.569
322.571
322.978
322.933
322.889
322.846
322.804
322.763
322.724
322.687
322.653
322.622
322.593
322.569
322.55
322.537
322.532
322.976
322.929
322.882
322.837
322.792
322.749
322.707
322.668
322.631
322.597
322.567
322.539
322.516
322.499
322.497
322.975
322.925
322.875
322.827
322.779
322.733
322.689
322.647
322.608
322.571
322.537
322.506
322.478
322.451
322.417
322.973
322.92
322.867
322.816
322.765
322.716
322.669
322.625
322.583
322.543
322.506
322.472
322.439
322.407
322.377
322.972
322.915
322.859
322.804
322.75
322.698
322.648
322.601
322.556
322.513
322.473
322.436
322.399
322.363
322.32
322.97
322.909
322.85
322.791
322.734
322.679
322.625
322.575
322.527
322.481
322.439
322.399
322.36
322.322
322.287
322.968
322.904
322.84
322.777
322.716
322.657
322.601
322.547
322.496
322.448
322.403
322.361
322.32
322.28
322.236
322.966
322.897
322.829
322.763
322.698
322.635
322.574
322.517
322.463
322.412
322.365
322.321
322.28
322.241
322.205
322.963
322.89
322.818
322.747
322.677
322.61
322.546
322.484
322.427
322.374
322.325
322.28
322.239
322.2
322.159
322.961
322.883
322.806
322.73
322.655
322.584
322.515
322.45
322.389
322.332
322.281
322.236
322.196
322.161
322.133
322.958
322.875
322.793
322.711
322.632
322.555
322.482
322.412
322.347
322.287
322.234
322.188
322.149
322.118
322.101
322.955
322.867
322.778
322.692
322.607
322.524
322.446
322.371
322.301
322.238
322.183
322.135
322.097
322.064
322.025
322.952
322.858
322.764
322.671
322.58
322.491
322.407
322.326
322.251
322.184
322.125
322.077
322.041
322.015
321.993
322.949
322.848
322.748
322.648
322.551
322.456
322.365
322.277
322.196
322.123
322.06
322.01
321.977
321.964
321.969
322.946
322.838
322.731
322.625
322.52
322.418
322.319
322.225
322.136
322.055
321.985
321.931
321.9
321.899
321.939
322.943
322.828
322.714
322.6
322.488
322.378
322.271
322.168
322.07
321.979
321.9
321.837
321.801
321.807
321.887
322.939
322.817
322.695
322.575
322.455
322.337
322.22
322.107
321.999
321.896
321.803
321.725
321.672
321.665
321.766
289.14
288.077
287.378
286.846
286.4
286.004
285.639
285.295
284.967
284.649
284.34
284.037
283.738
283.442
283.147
288.765
287.736
287.116
286.642
286.236
285.87
285.528
285.203
284.89
284.587
284.291
283.999
283.711
283.426
283.142
287.285
287.11
286.753
286.391
286.046
285.718
285.405
285.102
284.808
284.52
284.237
283.959
283.683
283.409
283.136
286.702
286.61
286.395
286.127
285.843
285.557
285.274
284.995
284.72
284.449
284.182
283.916
283.653
283.391
283.13
286.151
286.195
286.073
285.874
285.642
285.394
285.14
284.885
284.63
284.376
284.124
283.873
283.623
283.373
283.124
285.902
285.896
285.803
285.646
285.451
285.235
285.008
284.775
284.539
284.303
284.066
283.828
283.591
283.355
283.118
285.643
285.656
285.578
285.444
285.275
285.084
284.88
284.667
284.45
284.229
284.007
283.784
283.56
283.336
283.112
285.527
285.48
285.391
285.266
285.114
284.942
284.757
284.562
284.362
284.157
283.949
283.74
283.529
283.318
283.106
285.435
285.333
285.23
285.108
284.967
284.81
284.64
284.462
284.277
284.086
283.893
283.696
283.499
283.3
283.1
285.275
285.186
285.081
284.963
284.831
284.686
284.53
284.366
284.195
284.018
283.838
283.654
283.469
283.282
283.094
285.172
285.051
284.942
284.827
284.704
284.57
284.427
284.275
284.117
283.953
283.785
283.614
283.44
283.265
283.088
285.002
284.909
284.806
284.698
284.583
284.46
284.328
284.189
284.043
283.891
283.734
283.575
283.412
283.248
283.083
284.891
284.773
284.674
284.574
284.469
284.356
284.235
284.107
283.972
283.832
283.686
283.537
283.386
283.232
283.078
284.705
284.625
284.541
284.454
284.36
284.258
284.148
284.03
283.906
283.776
283.641
283.502
283.361
283.217
283.073
284.57
284.48
284.411
284.338
284.256
284.165
284.065
283.958
283.843
283.723
283.598
283.469
283.337
283.203
283.068
284.306
284.32
284.284
284.229
284.159
284.079
283.989
283.89
283.785
283.674
283.558
283.438
283.315
283.19
283.063
284.189
284.193
284.172
284.129
284.07
283.999
283.917
283.828
283.731
283.628
283.52
283.408
283.294
283.177
283.059
284.06
284.085
284.074
284.04
283.989
283.926
283.852
283.77
283.681
283.585
283.485
283.381
283.274
283.165
283.055
283.995
284.003
283.992
283.962
283.917
283.86
283.793
283.717
283.635
283.546
283.453
283.356
283.256
283.155
283.052
283.919
283.933
283.922
283.895
283.854
283.801
283.739
283.669
283.592
283.51
283.423
283.333
283.24
283.145
283.048
283.881
283.879
283.865
283.837
283.798
283.749
283.691
283.626
283.554
283.478
283.396
283.312
283.225
283.136
283.045
283.836
283.834
283.817
283.788
283.75
283.703
283.648
283.587
283.52
283.448
283.372
283.293
283.211
283.127
283.043
283.815
283.799
283.776
283.746
283.707
283.662
283.61
283.552
283.489
283.421
283.349
283.275
283.198
283.12
283.04
283.797
283.77
283.741
283.709
283.67
283.626
283.576
283.521
283.461
283.397
283.329
283.259
283.187
283.113
283.038
283.767
283.74
283.71
283.675
283.637
283.593
283.545
283.492
283.435
283.375
283.311
283.245
283.176
283.106
283.036
283.747
283.713
283.68
283.645
283.607
283.564
283.518
283.467
283.413
283.355
283.295
283.232
283.167
283.101
283.034
283.715
283.686
283.653
283.618
283.58
283.538
283.493
283.444
283.392
283.337
283.28
283.22
283.158
283.096
283.032
283.695
283.66
283.627
283.592
283.555
283.515
283.471
283.424
283.374
283.322
283.267
283.21
283.151
283.091
283.03
283.662
283.633
283.602
283.568
283.532
283.493
283.451
283.406
283.358
283.308
283.255
283.2
283.144
283.087
283.029
283.639
283.607
283.578
283.546
283.512
283.474
283.433
283.39
283.344
283.295
283.244
283.192
283.138
283.083
283.028
283.596
283.581
283.556
283.526
283.493
283.457
283.417
283.375
283.331
283.284
283.235
283.184
283.133
283.08
283.027
283.578
283.56
283.537
283.509
283.477
283.442
283.403
283.363
283.319
283.274
283.227
283.178
283.128
283.077
283.026
283.559
283.543
283.521
283.494
283.463
283.429
283.391
283.352
283.31
283.266
283.22
283.172
283.124
283.075
283.025
283.551
283.532
283.509
283.482
283.451
283.418
283.381
283.342
283.301
283.258
283.214
283.168
283.12
283.073
283.024
283.542
283.523
283.499
283.472
283.442
283.409
283.373
283.335
283.294
283.252
283.208
283.164
283.118
283.071
283.024
283.538
283.516
283.492
283.465
283.434
283.401
283.366
283.328
283.289
283.247
283.204
283.16
283.115
283.069
283.023
283.535
283.512
283.487
283.459
283.429
283.396
283.361
283.323
283.284
283.243
283.201
283.157
283.113
283.068
283.023
283.534
283.51
283.484
283.456
283.425
283.392
283.357
283.32
283.281
283.24
283.198
283.155
283.112
283.067
283.022
283.533
283.509
283.482
283.454
283.423
283.389
283.354
283.317
283.278
283.238
283.196
283.154
283.111
283.067
283.022
283.534
283.51
283.483
283.453
283.422
283.388
283.353
283.316
283.277
283.237
283.195
283.153
283.11
283.066
283.022
283.536
283.512
283.484
283.455
283.423
283.389
283.353
283.316
283.277
283.236
283.195
283.153
283.11
283.066
283.022
283.541
283.515
283.487
283.457
283.425
283.39
283.354
283.316
283.277
283.237
283.195
283.153
283.11
283.066
283.022
283.546
283.521
283.492
283.461
283.428
283.393
283.357
283.318
283.279
283.238
283.196
283.153
283.11
283.066
283.022
283.556
283.529
283.499
283.467
283.433
283.397
283.36
283.321
283.281
283.24
283.198
283.155
283.111
283.067
283.022
283.566
283.539
283.508
283.474
283.439
283.402
283.364
283.325
283.284
283.242
283.2
283.156
283.112
283.067
283.022
283.588
283.552
283.518
283.483
283.446
283.408
283.37
283.329
283.288
283.246
283.202
283.158
283.113
283.068
283.023
283.6
283.564
283.528
283.492
283.454
283.415
283.376
283.335
283.293
283.25
283.205
283.161
283.115
283.069
283.023
283.616
283.577
283.539
283.501
283.463
283.423
283.383
283.341
283.298
283.254
283.209
283.164
283.117
283.071
283.024
283.626
283.588
283.55
283.512
283.472
283.432
283.39
283.348
283.304
283.259
283.213
283.167
283.12
283.072
283.024
283.64
283.6
283.561
283.522
283.482
283.441
283.399
283.356
283.311
283.265
283.218
283.171
283.122
283.074
283.025
283.649
283.611
283.573
283.534
283.493
283.452
283.409
283.364
283.318
283.272
283.224
283.175
283.125
283.075
283.025
283.662
283.623
283.585
283.546
283.505
283.463
283.419
283.374
283.327
283.279
283.23
283.18
283.129
283.077
283.026
283.669
283.634
283.597
283.559
283.518
283.475
283.43
283.384
283.336
283.287
283.236
283.185
283.133
283.08
283.027
283.676
283.646
283.611
283.573
283.532
283.489
283.443
283.396
283.346
283.296
283.244
283.191
283.137
283.082
283.027
283.693
283.662
283.628
283.59
283.548
283.504
283.457
283.408
283.358
283.305
283.252
283.197
283.141
283.085
283.028
283.706
283.68
283.647
283.608
283.566
283.521
283.473
283.422
283.37
283.316
283.26
283.204
283.146
283.088
283.029
283.732
283.703
283.669
283.63
283.586
283.54
283.49
283.438
283.384
283.328
283.27
283.211
283.152
283.091
283.03
283.753
283.729
283.695
283.654
283.609
283.56
283.509
283.455
283.398
283.34
283.281
283.22
283.158
283.095
283.032
283.794
283.763
283.725
283.682
283.634
283.583
283.529
283.473
283.414
283.354
283.292
283.228
283.164
283.099
283.033
283.83
283.801
283.759
283.712
283.662
283.608
283.552
283.493
283.432
283.369
283.304
283.238
283.171
283.103
283.034
283.908
283.849
283.797
283.745
283.691
283.635
283.576
283.514
283.451
283.385
283.318
283.249
283.178
283.107
283.036
283.947
283.891
283.835
283.779
283.722
283.663
283.601
283.537
283.471
283.402
283.332
283.26
283.187
283.112
283.037
284
283.933
283.873
283.814
283.755
283.693
283.629
283.562
283.493
283.421
283.347
283.272
283.195
283.118
283.039
284.03
283.971
283.911
283.85
283.789
283.725
283.658
283.588
283.516
283.441
283.364
283.285
283.205
283.123
283.041
284.074
284.009
283.948
283.887
283.824
283.758
283.689
283.617
283.541
283.463
283.382
283.299
283.215
283.129
283.043
284.101
284.044
283.986
283.925
283.861
283.794
283.722
283.647
283.568
283.486
283.401
283.314
283.226
283.136
283.045
284.139
284.081
284.025
283.966
283.902
283.832
283.758
283.68
283.597
283.511
283.422
283.331
283.238
283.143
283.048
284.16
284.117
284.067
284.009
283.945
283.874
283.798
283.715
283.629
283.538
283.445
283.348
283.25
283.151
283.05
284.185
284.157
284.113
284.058
283.993
283.92
283.84
283.754
283.663
283.568
283.469
283.368
283.264
283.159
283.053
284.236
284.208
284.167
284.113
284.047
283.971
283.887
283.797
283.7
283.6
283.495
283.388
283.279
283.168
283.056
284.28
284.268
284.231
284.177
284.108
284.028
283.939
283.843
283.741
283.634
283.523
283.41
283.294
283.177
283.059
284.364
284.345
284.307
284.25
284.176
284.091
283.996
283.893
283.784
283.671
283.554
283.433
283.311
283.187
283.063
284.435
284.436
284.397
284.334
284.253
284.161
284.058
283.948
283.831
283.711
283.586
283.458
283.329
283.198
283.066
284.576
284.554
284.503
284.43
284.339
284.237
284.125
284.006
283.882
283.753
283.62
283.485
283.348
283.209
283.07
284.706
284.693
284.626
284.537
284.434
284.32
284.198
284.069
283.935
283.797
283.656
283.513
283.367
283.221
283.074
284.996
284.869
284.764
284.654
284.535
284.408
284.275
284.135
283.991
283.844
283.694
283.542
283.388
283.233
283.078
285.147
285.03
284.906
284.777
284.642
284.501
284.355
284.205
284.05
283.893
283.733
283.572
283.409
283.246
283.082
285.36
285.196
285.05
284.904
284.754
284.599
284.439
284.276
284.111
283.943
283.773
283.603
283.431
283.259
283.086
285.489
285.35
285.195
285.034
284.868
284.699
284.526
284.35
284.173
283.994
283.815
283.634
283.453
283.272
283.091
285.696
285.516
285.344
285.167
284.986
284.801
284.614
284.426
284.236
284.047
283.856
283.666
283.476
283.286
283.095
285.829
285.676
285.495
285.303
285.105
284.905
284.703
284.501
284.3
284.099
283.898
283.698
283.498
283.299
283.1
286.052
285.855
285.655
285.444
285.227
285.009
284.792
284.577
284.363
284.151
283.94
283.73
283.521
283.312
283.104
286.193
286.038
285.822
285.588
285.349
285.113
284.881
284.651
284.425
284.202
283.981
283.761
283.543
283.325
283.108
286.421
286.261
286.003
285.734
285.471
285.215
284.966
284.724
284.486
284.252
284.02
283.792
283.564
283.338
283.113
287.053
286.553
286.191
285.877
285.586
285.312
285.048
284.793
284.543
284.299
284.059
283.821
283.585
283.35
283.117
287.26
286.748
286.346
286.002
285.691
285.401
285.124
284.857
284.598
284.344
284.095
283.848
283.605
283.362
283.121
287.34
286.866
286.461
286.106
285.782
285.48
285.193
284.917
284.648
284.386
284.129
283.875
283.623
283.373
283.124
287.374
286.936
286.543
286.186
285.858
285.549
285.254
284.97
284.695
284.425
284.16
283.899
283.64
283.384
283.128
287.387
286.976
286.598
286.248
285.92
285.608
285.308
285.019
284.737
284.461
284.19
283.922
283.657
283.393
283.131
287.376
286.992
286.635
286.295
285.97
285.658
285.355
285.062
284.775
284.493
284.216
283.943
283.672
283.402
283.134
322.935
322.805
322.675
322.546
322.417
322.289
322.162
322.038
321.916
321.798
321.685
321.582
321.494
321.427
321.392
322.93
322.791
322.652
322.513
322.374
322.236
322.097
321.959
321.821
321.684
321.548
321.413
321.277
321.135
320.965
322.926
322.778
322.63
322.481
322.332
322.182
322.031
321.879
321.725
321.569
321.41
321.244
321.067
320.869
320.63
322.922
322.765
322.607
322.449
322.29
322.129
321.967
321.801
321.632
321.458
321.277
321.086
320.879
320.646
320.375
322.917
322.752
322.586
322.419
322.25
322.079
321.905
321.727
321.544
321.354
321.155
320.944
320.715
320.462
320.177
322.913
322.74
322.566
322.39
322.212
322.031
321.847
321.658
321.462
321.259
321.046
320.819
320.576
320.311
320.02
322.91
322.729
322.547
322.363
322.177
321.987
321.794
321.594
321.389
321.174
320.95
320.712
320.458
320.186
319.892
322.906
322.718
322.529
322.338
322.145
321.948
321.746
321.538
321.323
321.1
320.866
320.62
320.36
320.082
319.787
322.903
322.709
322.514
322.317
322.117
321.913
321.704
321.489
321.267
321.036
320.795
320.543
320.277
319.997
319.701
322.901
322.701
322.501
322.298
322.092
321.882
321.668
321.447
321.219
320.982
320.736
320.479
320.21
319.927
319.631
322.898
322.694
322.489
322.282
322.072
321.857
321.638
321.412
321.179
320.938
320.688
320.427
320.155
319.871
319.575
322.897
322.689
322.48
322.269
322.055
321.837
321.614
321.384
321.148
320.904
320.65
320.387
320.113
319.828
319.531
322.895
322.685
322.474
322.26
322.043
321.822
321.596
321.364
321.125
320.878
320.622
320.357
320.082
319.796
319.499
322.894
322.682
322.469
322.253
322.035
321.812
321.584
321.35
321.109
320.861
320.604
320.337
320.061
319.775
319.478
322.894
322.681
322.467
322.25
322.031
321.807
321.578
321.343
321.102
320.852
320.595
320.328
320.051
319.764
319.467
321.379
320.992
319.702
319.154
318.568
318.278
317.935
317.766
317.608
317.311
317.093
316.706
316.422
315.903
315.485
314.615
314.2
313.69
313.414
313.044
312.839
312.568
312.427
312.286
312.015
311.81
311.44
311.164
310.655
310.24
309.37
308.952
308.434
308.154
307.774
307.563
307.284
307.139
306.993
306.712
306.499
306.114
305.827
305.296
304.862
303.953
303.516
302.975
302.681
302.284
302.064
301.771
301.619
301.466
301.171
300.948
300.543
300.241
299.682
299.226
298.27
297.811
297.243
296.935
296.518
296.286
295.978
295.817
295.655
295.341
295.102
294.667
294.341
293.732
293.232
292.175
291.663
291.019
290.663
290.162
289.875
289.46
289.227
288.923
288.164
287.895
287.773
287.696
287.626
287.529
320.725
320.325
319.699
319.176
318.709
318.34
318.012
317.741
317.481
317.193
316.895
316.55
316.188
315.758
315.301
314.763
314.308
313.884
313.53
313.197
312.914
312.645
312.411
312.176
311.907
311.623
311.29
310.935
310.511
310.055
309.516
309.058
308.628
308.268
307.928
307.638
307.361
307.119
306.876
306.597
306.303
305.956
305.586
305.143
304.668
304.105
303.627
303.178
302.801
302.446
302.142
301.853
301.599
301.344
301.052
300.743
300.379
299.992
299.526
299.027
298.436
297.934
297.463
297.068
296.695
296.376
296.072
295.805
295.536
295.226
294.897
294.507
294.089
293.585
293.04
292.39
291.835
291.309
290.863
290.432
290.056
289.685
289.349
288.99
288.566
288.258
288.037
287.861
287.699
287.524
320.336
319.981
319.547
319.116
318.71
318.344
318.008
317.699
317.397
317.088
316.765
316.42
316.052
315.653
315.231
314.791
314.371
313.977
313.615
313.279
312.968
312.675
312.395
312.114
311.82
311.509
311.171
310.808
310.411
309.989
309.547
309.123
308.722
308.354
308.01
307.691
307.389
307.1
306.81
306.505
306.181
305.83
305.452
305.038
304.598
304.137
303.694
303.276
302.891
302.532
302.199
301.883
301.58
301.277
300.958
300.619
300.251
299.854
299.421
298.959
298.475
298.011
297.573
297.17
296.793
296.444
296.113
295.795
295.475
295.138
294.778
294.386
293.962
293.496
292.997
292.471
291.965
291.485
291.04
290.622
290.232
289.859
289.503
289.151
288.802
288.496
288.235
288.005
287.79
287.573
320.073
319.752
319.392
319.02
318.654
318.303
317.968
317.644
317.324
317.001
316.669
316.322
315.96
315.581
315.188
314.79
314.399
314.022
313.664
313.323
312.998
312.685
312.379
312.072
311.758
311.432
311.089
310.728
310.348
309.953
309.55
309.154
308.771
308.405
308.055
307.721
307.399
307.082
306.765
306.439
306.1
305.743
305.367
304.972
304.56
304.14
303.727
303.327
302.944
302.58
302.231
301.894
301.563
301.231
300.891
300.536
300.163
299.769
299.355
298.924
298.485
298.052
297.633
297.234
296.852
296.487
296.134
295.788
295.44
295.082
294.708
294.313
293.895
293.454
292.994
292.523
292.059
291.609
291.18
290.771
290.382
290.01
289.653
289.307
288.976
288.67
288.389
288.13
287.882
287.639
319.878
319.578
319.253
318.917
318.577
318.241
317.91
317.583
317.257
316.928
316.592
316.247
315.892
315.527
315.154
314.778
314.406
314.041
313.687
313.344
313.011
312.685
312.364
312.041
311.714
311.379
311.033
310.675
310.305
309.928
309.546
309.166
308.794
308.431
308.079
307.735
307.399
307.066
306.732
306.393
306.044
305.684
305.312
304.927
304.534
304.136
303.74
303.351
302.973
302.605
302.247
301.895
301.548
301.199
300.844
300.48
300.104
299.715
299.313
298.902
298.486
298.072
297.666
297.271
296.887
296.513
296.147
295.784
295.419
295.048
294.667
294.272
293.862
293.439
293.005
292.566
292.13
291.704
291.29
290.892
290.508
290.139
289.784
289.443
289.116
288.806
288.514
288.236
287.969
287.708
319.725
319.438
319.133
318.817
318.495
318.17
317.846
317.521
317.194
316.865
316.529
316.188
315.839
315.484
315.124
314.762
314.402
314.045
313.695
313.352
313.014
312.68
312.349
312.017
311.682
311.341
310.993
310.638
310.276
309.908
309.538
309.169
308.803
308.443
308.088
307.74
307.395
307.052
306.707
306.359
306.005
305.644
305.274
304.897
304.513
304.128
303.743
303.361
302.985
302.616
302.252
301.892
301.534
301.175
300.812
300.442
300.065
299.679
299.285
298.885
298.483
298.081
297.684
297.292
296.907
296.529
296.154
295.782
295.408
295.03
294.645
294.252
293.849
293.439
293.023
292.605
292.189
291.78
291.38
290.991
290.614
290.249
289.897
289.557
289.23
288.917
288.616
288.328
288.048
287.775
319.601
319.322
319.029
318.726
318.416
318.1
317.782
317.461
317.137
316.809
316.476
316.138
315.795
315.447
315.096
314.744
314.391
314.041
313.694
313.35
313.01
312.672
312.335
311.997
311.657
311.314
310.965
310.612
310.254
309.892
309.529
309.166
308.804
308.446
308.09
307.738
307.388
307.038
306.688
306.335
305.977
305.615
305.247
304.874
304.497
304.119
303.74
303.363
302.989
302.619
302.252
301.886
301.522
301.156
300.788
300.415
300.037
299.654
299.265
298.873
298.479
298.085
297.693
297.304
296.919
296.538
296.159
295.781
295.402
295.021
294.635
294.244
293.848
293.448
293.044
292.64
292.239
291.842
291.453
291.072
290.701
290.341
289.991
289.652
289.325
289.008
288.703
288.406
288.118
287.836
319.499
319.225
318.94
318.646
318.343
318.035
317.722
317.405
317.084
316.759
316.43
316.096
315.758
315.416
315.071
314.725
314.378
314.032
313.687
313.344
313.003
312.662
312.322
311.981
311.638
311.293
310.944
310.592
310.237
309.879
309.52
309.16
308.801
308.444
308.088
307.734
307.38
307.027
306.672
306.316
305.956
305.593
305.227
304.857
304.484
304.11
303.735
303.361
302.988
302.617
302.248
301.88
301.511
301.142
300.77
300.396
300.018
299.636
299.251
298.863
298.474
298.085
297.697
297.31
296.926
296.543
296.162
295.782
295.401
295.018
294.633
294.245
293.854
293.461
293.066
292.672
292.281
291.894
291.513
291.139
290.774
290.417
290.07
289.732
289.403
289.085
288.775
288.473
288.179
287.891
319.415
319.145
318.865
318.576
318.28
317.977
317.669
317.356
317.038
316.716
316.39
316.06
315.726
315.388
315.048
314.707
314.364
314.021
313.678
313.336
312.994
312.652
312.31
311.968
311.623
311.277
310.928
310.577
310.223
309.868
309.511
309.154
308.797
308.44
308.084
307.728
307.372
307.017
306.66
306.301
305.941
305.577
305.211
304.843
304.473
304.101
303.729
303.357
302.985
302.614
302.243
301.873
301.502
301.131
300.757
300.382
300.004
299.623
299.24
298.856
298.47
298.084
297.698
297.313
296.93
296.547
296.165
295.784
295.402
295.019
294.635
294.249
293.863
293.475
293.087
292.701
292.317
291.938
291.563
291.195
290.833
290.48
290.134
289.797
289.469
289.148
288.836
288.53
288.232
287.939
319.346
319.079
318.802
318.517
318.225
317.926
317.622
317.313
316.998
316.679
316.356
316.029
315.698
315.365
315.028
314.69
314.35
314.009
313.668
313.327
312.985
312.643
312.3
311.956
311.611
311.264
310.915
310.565
310.212
309.858
309.503
309.147
308.791
308.435
308.078
307.722
307.365
307.008
306.65
306.29
305.928
305.565
305.2
304.832
304.464
304.093
303.723
303.352
302.98
302.609
302.238
301.866
301.494
301.122
300.747
300.371
299.994
299.614
299.233
298.85
298.466
298.082
297.698
297.315
296.932
296.549
296.167
295.786
295.404
295.022
294.639
294.256
293.872
293.489
293.107
292.726
292.348
291.974
291.604
291.24
290.882
290.531
290.187
289.851
289.522
289.2
288.886
288.578
288.276
287.979
319.291
319.025
318.751
318.469
318.18
317.884
317.583
317.276
316.965
316.648
316.328
316.004
315.676
315.345
315.011
314.675
314.338
313.999
313.659
313.318
312.977
312.634
312.291
311.947
311.601
311.254
310.906
310.555
310.204
309.851
309.496
309.141
308.786
308.43
308.073
307.716
307.359
307.001
306.642
306.281
305.919
305.556
305.191
304.824
304.456
304.087
303.717
303.347
302.976
302.604
302.233
301.861
301.488
301.114
300.74
300.364
299.986
299.607
299.227
298.845
298.463
298.081
297.698
297.315
296.933
296.551
296.169
295.788
295.407
295.025
294.644
294.263
293.882
293.502
293.123
292.747
292.373
292.003
291.637
291.276
290.921
290.572
290.23
289.894
289.565
289.242
288.926
288.616
288.312
288.013
319.248
318.983
318.71
318.431
318.144
317.851
317.552
317.247
316.938
316.624
316.305
315.983
315.657
315.328
314.997
314.663
314.327
313.989
313.651
313.311
312.969
312.627
312.284
311.94
311.594
311.247
310.898
310.548
310.197
309.844
309.491
309.136
308.781
308.425
308.069
307.712
307.354
306.995
306.635
306.274
305.912
305.549
305.184
304.818
304.45
304.082
303.712
303.342
302.972
302.6
302.229
301.856
301.483
301.109
300.734
300.358
299.98
299.602
299.222
298.842
298.461
298.079
297.697
297.316
296.934
296.552
296.171
295.79
295.409
295.029
294.649
294.269
293.891
293.513
293.137
292.764
292.393
292.026
291.663
291.304
290.951
290.604
290.262
289.927
289.598
289.275
288.957
288.646
288.34
288.04
319.216
318.952
318.681
318.402
318.117
317.826
317.528
317.225
316.918
316.605
316.288
315.968
315.643
315.316
314.986
314.653
314.319
313.982
313.644
313.304
312.964
312.622
312.278
311.934
311.588
311.241
310.893
310.543
310.192
309.84
309.487
309.132
308.777
308.422
308.065
307.708
307.35
306.991
306.631
306.269
305.907
305.544
305.179
304.813
304.446
304.078
303.709
303.339
302.968
302.597
302.225
301.853
301.479
301.105
300.73
300.354
299.976
299.598
299.219
298.839
298.459
298.078
297.697
297.316
296.934
296.553
296.173
295.792
295.412
295.032
294.653
294.275
293.897
293.522
293.148
292.776
292.408
292.043
291.682
291.325
290.973
290.627
290.286
289.951
289.622
289.298
288.981
288.668
288.361
288.059
319.196
318.932
318.661
318.383
318.099
317.809
317.513
317.211
316.904
316.593
316.277
315.957
315.634
315.308
314.979
314.647
314.313
313.977
313.639
313.3
312.96
312.618
312.275
311.93
311.584
311.237
310.889
310.54
310.189
309.837
309.484
309.13
308.775
308.419
308.063
307.705
307.347
306.988
306.628
306.266
305.904
305.54
305.176
304.81
304.443
304.075
303.706
303.337
302.966
302.595
302.223
301.85
301.477
301.103
300.727
300.351
299.974
299.596
299.217
298.838
298.458
298.077
297.696
297.316
296.935
296.554
296.173
295.793
295.414
295.034
294.656
294.278
293.902
293.528
293.155
292.785
292.418
292.054
291.694
291.339
290.988
290.642
290.302
289.967
289.638
289.314
288.996
288.683
288.375
288.073
319.185
318.922
318.651
318.374
318.09
317.8
317.505
317.204
316.897
316.587
316.271
315.952
315.63
315.304
314.975
314.644
314.31
313.974
313.637
313.298
312.958
312.616
312.273
311.928
311.583
311.236
310.887
310.538
310.187
309.835
309.482
309.128
308.774
308.418
308.061
307.704
307.346
306.986
306.626
306.265
305.902
305.539
305.174
304.808
304.442
304.074
303.705
303.335
302.965
302.594
302.222
301.849
301.476
301.101
300.726
300.35
299.973
299.595
299.216
298.837
298.457
298.077
297.696
297.316
296.935
296.554
296.174
295.794
295.414
295.036
294.657
294.28
293.905
293.531
293.159
292.789
292.423
292.059
291.7
291.345
290.995
290.65
290.31
289.975
289.646
289.322
289.004
288.69
288.382
288.079
287.303
286.989
286.661
286.335
286.016
285.705
285.401
285.104
284.812
284.526
284.243
283.964
283.687
283.411
283.137
287.292
286.999
286.688
286.373
286.059
285.749
285.444
285.143
284.848
284.557
284.269
283.984
283.701
283.42
283.14
287.32
287.026
286.72
286.409
286.097
285.788
285.481
285.179
284.88
284.585
284.292
284.002
283.715
283.428
283.143
287.368
287.065
286.757
286.446
286.134
285.823
285.515
285.21
284.908
284.609
284.313
284.019
283.726
283.435
283.145
287.423
287.111
286.797
286.483
286.169
285.856
285.546
285.239
284.934
284.631
284.331
284.033
283.737
283.442
283.147
287.478
287.157
286.838
286.519
286.202
285.888
285.575
285.265
284.957
284.651
284.348
284.046
283.746
283.447
283.149
287.531
287.202
286.877
286.554
286.234
285.916
285.601
285.288
284.977
284.669
284.363
284.058
283.755
283.452
283.151
287.579
287.244
286.914
286.587
286.263
285.943
285.624
285.309
284.996
284.685
284.375
284.068
283.762
283.457
283.152
287.622
287.282
286.948
286.617
286.29
285.966
285.645
285.327
285.012
284.698
284.387
284.077
283.768
283.461
283.153
287.659
287.315
286.977
286.643
286.313
285.987
285.664
285.343
285.026
284.71
284.396
284.084
283.774
283.464
283.155
287.689
287.343
287.002
286.665
286.333
286.004
285.679
285.357
285.037
284.72
284.405
284.091
283.778
283.467
283.155
287.714
287.365
287.022
286.683
286.349
286.019
285.692
285.368
285.047
284.728
284.411
284.096
283.782
283.469
283.156
287.732
287.382
287.037
286.697
286.361
286.029
285.701
285.376
285.054
284.734
284.416
284.1
283.785
283.47
283.157
287.745
287.393
287.047
286.706
286.369
286.036
285.707
285.382
285.059
284.738
284.419
284.102
283.786
283.471
283.157
287.751
287.398
287.052
286.71
286.373
286.04
285.711
285.384
285.061
284.74
284.421
284.103
283.787
283.472
283.157
)
;

boundaryField
{
    hot
    {
        type            fixedValue;
        value           uniform 323;
    }
    cold
    {
        type            fixedValue;
        value           uniform 283;
    }
    interface_left
    {
        type            fixedValue;
        value           nonuniform List<scalar> 
90
(
318.867
318.867
320.464
320.464
320.903
320.903
321.115
321.115
321.115
321.258
321.258
321.414
321.414
321.587
321.587
321.893
321.893
322.013
322.013
322.089
322.089
322.135
322.135
322.135
322.173
322.173
322.22
322.22
322.277
322.277
322.384
322.384
322.43
322.43
322.46
322.46
322.48
322.48
322.48
322.498
322.498
322.52
322.52
322.548
322.548
322.6
322.6
322.623
322.623
322.637
322.637
322.647
322.647
322.647
322.653
322.653
322.66
322.66
322.665
322.665
322.663
322.663
322.657
322.657
322.648
322.648
322.637
322.637
322.637
322.619
322.619
322.586
322.586
322.528
322.528
322.373
322.373
322.282
322.282
322.199
322.199
322.123
322.123
322.123
321.975
321.975
321.975
321.975
321.975
321.975
)
;
    }
    interface_right
    {
        type            fixedValue;
        value           nonuniform List<scalar> 
90
(
290.075
290.075
286.726
286.726
285.912
285.912
285.534
285.534
285.534
285.28
285.28
285.005
285.005
284.707
284.707
284.195
284.195
284
284
283.886
283.886
283.82
283.82
283.82
283.773
283.773
283.722
283.722
283.669
283.669
283.586
283.586
283.56
283.56
283.548
283.548
283.545
283.545
283.545
283.546
283.546
283.554
283.554
283.57
283.57
283.614
283.614
283.641
283.641
283.665
283.665
283.685
283.685
283.685
283.71
283.71
283.751
283.751
283.814
283.814
283.966
283.966
284.049
284.049
284.12
284.12
284.18
284.18
284.18
284.256
284.256
284.383
284.383
284.596
284.596
285.161
285.161
285.501
285.501
285.84
285.84
286.21
286.21
286.21
287.609
287.609
287.609
287.609
287.609
287.609
)
;
    }
    interface_top
    {
        type            fixedValue;
        value           nonuniform List<scalar> 
90
(
321.975
321.975
319.17
319.17
318.285
318.285
317.77
317.77
317.77
317.314
317.314
316.709
316.709
315.903
315.903
314.214
314.214
313.424
313.424
312.848
312.848
312.435
312.435
312.435
312.022
312.022
311.447
311.447
310.66
310.66
308.971
308.971
308.167
308.167
307.576
307.576
307.149
307.149
307.149
306.721
306.721
306.123
306.123
305.302
305.302
303.537
303.537
302.696
302.696
302.077
302.077
301.63
301.63
301.63
301.18
301.18
300.55
300.55
299.685
299.685
297.828
297.828
296.946
296.946
296.296
296.296
295.824
295.824
295.824
295.346
295.346
294.67
294.67
293.729
293.729
291.673
291.673
290.666
290.666
289.875
289.875
289.217
289.217
289.217
287.609
287.609
287.609
287.609
287.609
287.609
)
;
    }
    interface_bottom
    {
        type            fixedValue;
        value           nonuniform List<scalar> 
90
(
318.867
318.867
316.931
316.931
316.151
316.151
315.653
315.653
315.653
315.188
315.188
314.558
314.558
313.713
313.713
311.941
311.941
311.115
311.115
310.516
310.516
310.089
310.089
310.089
309.665
309.665
309.079
309.079
308.283
308.283
306.609
306.609
305.83
305.83
305.263
305.263
304.857
304.857
304.857
304.454
304.454
303.896
303.896
303.139
303.139
301.551
301.551
300.813
300.813
300.276
300.276
299.891
299.891
299.891
299.509
299.509
298.979
298.979
298.261
298.261
296.754
296.754
296.053
296.053
295.542
295.542
295.176
295.176
295.176
294.813
294.813
294.311
294.311
293.629
293.629
292.182
292.182
291.503
291.503
291.002
291.002
290.632
290.632
290.632
290.075
290.075
290.075
290.075
290.075
290.075
)
;
    }
    defaultFaces
    {
        type            empty;
    }
}


// ************************************************************************* //
