/*--------------------------------*- C++ -*----------------------------------*\
| =========                 |                                                 |
| \\      /  F ield         | OpenFOAM: The Open Source CFD Toolbox           |
|  \\    /   O peration     | Version:  5.x                                   |
|   \\  /    A nd           | Web:      www.OpenFOAM.org                      |
|    \\/     M anipulation  |                                                 |
\*---------------------------------------------------------------------------*/
FoamFile
{
    version     2.0;
    format      ascii;
    class       volScalarField;
    location    "4.8";
    object      gradTy;
}
// * * * * * * * * * * * * * * * * * * * * * * * * * * * * * * * * * * * * * //

dimensions      [0 -1 0 1 0 0 0];

internalField   nonuniform List<scalar> 
6300
(
32284.5
32253.6
32222.5
32191.2
32159.8
32128
32095.8
32063.2
32030.1
31996.5
31962.3
31927.6
31892.3
31856.3
31819.8
0.0531579
0.158973
0.26326
0.364895
0.462599
0.554894
0.640086
0.716287
0.781476
0.833622
0.870869
0.891786
0.895642
0.882685
0.854329
0.0891345
0.266612
0.441658
0.61246
0.776928
0.932618
1.07669
1.20592
1.3168
1.40574
1.46939
1.50504
1.51117
1.48799
1.43783
0.125905
0.376691
0.624314
0.866376
1.10006
1.32199
1.52816
1.71392
1.8741
2.00321
2.09596
2.14786
2.15606
2.12032
2.04379
0.163701
0.489933
0.812533
1.12868
1.43494
1.72712
2.00004
2.24753
2.46246
2.63704
2.76339
2.83437
2.84491
2.79346
2.68359
0.202667
0.606808
1.00721
1.40085
1.78392
2.15151
2.49736
2.81369
3.09117
3.31912
3.48617
3.58133
3.59574
3.52501
3.37204
0.242827
0.727423
1.20865
1.6836
2.14838
2.59763
3.0242
3.41872
3.7694
4.06211
4.28086
4.40906
4.43171
4.33881
4.13
0.284044
0.851406
1.41636
1.97654
2.52835
3.06645
3.5831
4.06759
4.50562
4.87906
5.16609
5.34233
5.38325
5.26854
4.98914
0.325987
0.977795
1.62886
2.27785
2.92205
3.55671
4.17417
4.76291
5.30644
5.78242
6.16213
6.41094
6.49043
6.36301
6.00048
0.368094
1.10493
1.84345
2.58394
3.32529
4.06417
4.79398
5.50344
6.17482
6.78208
7.2891
7.64889
7.80456
7.69264
7.24929
0.409558
1.23037
2.05607
2.88918
3.73099
4.5807
5.43416
6.28205
7.10733
7.88199
8.56332
9.091
9.38633
9.35375
8.87773
0.449327
1.35093
2.26127
3.18572
4.12881
5.0935
6.07991
7.08327
8.0905
9.07525
9.99125
10.7655
11.296
11.4582
11.1032
0.486147
1.46277
2.45237
3.46362
4.50502
5.58457
6.70874
7.88063
9.09616
10.3373
11.5609
12.6838
13.5738
14.0793
14.1454
0.518642
1.56161
2.62183
3.71136
4.84311
6.03102
7.28986
8.63436
10.0762
11.6169
13.2314
14.835
16.2354
17.1383
17.65
0.545449
1.64322
2.76197
3.91688
5.12506
6.40652
7.78533
9.29073
10.9575
12.8229
14.9125
17.1893
19.3936
20.5855
18.1431
31785.8
31754.5
31722.8
31690.8
31658.5
31625.9
31593
31559.9
31526.5
31492.9
31459.1
31425.2
31391.1
31356.9
31322.6
31288.2
31253.8
31219.3
31184.8
31150.3
31115.9
31081.4
31046.9
31012.5
30978.1
30943.7
30909.4
30875
30840.7
30806.4
30772.2
30738
30703.9
30669.9
30636
30602.1
30568.3
30534.5
30500.9
30467.3
30433.7
30400.2
30366.8
30333.4
30300.1
30266.9
30233.7
30200.7
30167.7
30134.8
30102
30069.2
30036.6
30004.1
29971.6
29939.2
29906.8
29874.5
29842.3
29810.2
29778.1
29746.1
29714.2
29682.4
29650.7
29619
29587.5
29556
29524.7
29493.3
29462.1
29430.9
29399.8
29368.7
29337.7
29306.8
29275.9
29245
29214.3
29183.6
29152.9
29122.2
29091.6
29060.9
29030.3
28999.5
28968.7
28937.9
28906.9
28875.8
0.816587
0.775611
0.730223
0.682618
0.634632
0.587499
0.541725
0.497102
0.452886
0.408078
0.361761
0.313421
0.263177
0.21188
0.16105
0.112658
0.0688063
0.0313513
0.00156873
-0.0200912
-0.0341026
-0.0418074
-0.045214
-0.0466884
-0.0485876
-0.0528949
-0.0609154
-0.0730807
-0.0888999
-0.107067
-0.125709
-0.14274
-0.156246
-0.164833
-0.16788
-0.165647
-0.159226
-0.150356
-0.141128
-0.133635
-0.129624
-0.130199
-0.135639
-0.145345
-0.15795
-0.171551
-0.184057
-0.193551
-0.19863
-0.198647
-0.193809
-0.185134
-0.174268
-0.1632
-0.153926
-0.148108
-0.146795
-0.150239
-0.157851
-0.1683
-0.179741
-0.190144
-0.197645
-0.200872
-0.19917
-0.192704
-0.182405
-0.169797
-0.156715
-0.144978
-0.136055
-0.13079
-0.129216
-0.13051
-0.133081
-0.134796
-0.133307
-0.126409
-0.112401
-0.0903608
-0.0603205
-0.023326
0.0186286
0.0627666
0.105785
0.144175
0.174591
0.194226
0.201155
0.194586
1.37133
1.29943
1.22028
1.138
1.05604
0.97666
0.900671
0.827456
0.755323
0.682072
0.605669
0.524889
0.439777
0.351853
0.263989
0.179988
0.103939
0.0394782
-0.0108853
-0.0462422
-0.0674734
-0.0771342
-0.079063
-0.0777851
-0.0778083
-0.0829221
-0.0956104
-0.116672
-0.145117
-0.178372
-0.21276
-0.24419
-0.268915
-0.284217
-0.288889
-0.283435
-0.269975
-0.251872
-0.233169
-0.21791
-0.209469
-0.209986
-0.22
-0.238349
-0.26237
-0.288361
-0.312242
-0.330286
-0.339778
-0.339472
-0.329787
-0.31271
-0.291433
-0.269812
-0.251707
-0.240338
-0.237739
-0.244405
-0.259197
-0.279529
-0.301814
-0.3221
-0.33677
-0.343175
-0.34007
-0.327802
-0.308209
-0.284268
-0.259567
-0.237661
-0.221443
-0.212602
-0.211278
-0.21595
-0.223609
-0.23019
-0.231192
-0.222387
-0.200491
-0.163685
-0.111937
-0.047087
0.027274
0.106113
0.183409
0.252732
0.307905
0.343707
0.356528
0.344876
1.94263
1.83376
1.71491
1.593
1.47381
1.36103
1.25571
1.15635
1.05947
0.960703
0.855982
0.742697
0.620535
0.491851
0.361478
0.235982
0.122504
0.027426
-0.0448254
-0.0926084
-0.117377
-0.123464
-0.117397
-0.106873
-0.0995613
-0.101903
-0.118107
-0.149487
-0.194265
-0.2479
-0.303924
-0.355147
-0.395005
-0.41876
-0.424328
-0.412602
-0.387256
-0.3541
-0.320097
-0.292212
-0.276263
-0.275946
-0.292203
-0.323032
-0.363801
-0.408056
-0.448679
-0.479187
-0.494883
-0.493651
-0.476263
-0.446184
-0.40895
-0.371215
-0.339644
-0.319797
-0.315201
-0.326731
-0.35243
-0.387811
-0.426632
-0.462011
-0.48767
-0.499044
-0.494039
-0.473327
-0.440151
-0.399719
-0.358279
-0.322041
-0.296095
-0.283484
-0.284602
-0.296986
-0.315591
-0.333521
-0.343105
-0.337126
-0.309961
-0.25844
-0.182337
-0.0844646
0.0295482
0.151753
0.272584
0.381732
0.469179
0.52634
0.547199
0.529226
2.53828
2.38245
2.21395
2.04409
1.88236
1.73465
1.60219
1.48166
1.36634
1.24791
1.11863
0.973292
0.810686
0.634282
0.451943
0.274671
0.114571
-0.0174966
-0.114001
-0.172116
-0.194185
-0.187299
-0.16215
-0.131339
-0.107415
-0.100925
-0.118754
-0.163013
-0.230662
-0.313992
-0.402004
-0.482474
-0.544286
-0.579496
-0.584675
-0.561385
-0.51579
-0.457552
-0.398219
-0.349334
-0.32055
-0.318042
-0.343428
-0.393404
-0.460217
-0.532984
-0.599687
-0.64942
-0.674368
-0.6711
-0.641015
-0.589966
-0.527189
-0.463747
-0.410699
-0.377297
-0.369443
-0.388655
-0.43172
-0.491139
-0.556406
-0.615918
-0.659139
-0.678496
-0.670626
-0.636798
-0.582542
-0.516617
-0.449496
-0.391601
-0.351539
-0.334594
-0.341699
-0.369059
-0.408541
-0.448865
-0.477424
-0.482368
-0.454496
-0.388591
-0.284079
-0.145079
0.0200307
0.199377
0.378586
0.541986
0.67407
0.761253
0.793792
0.767465
3.16809
2.94939
2.71496
2.48345
2.27073
2.08631
1.93146
1.79948
1.67768
1.55075
1.40441
1.22875
1.0207
0.785253
0.535107
0.288624
0.0662614
-0.113639
-0.238467
-0.303543
-0.312697
-0.277446
-0.215069
-0.145898
-0.0901789
-0.0649417
-0.0813548
-0.142873
-0.244491
-0.373356
-0.510962
-0.636681
-0.731893
-0.783492
-0.786035
-0.742306
-0.662545
-0.562598
-0.461315
-0.377525
-0.327016
-0.319988
-0.359259
-0.439549
-0.548075
-0.66666
-0.775146
-0.855361
-0.8945
-0.887178
-0.835969
-0.750648
-0.646402
-0.541322
-0.453478
-0.398021
-0.38472
-0.416245
-0.487471
-0.586058
-0.694477
-0.793293
-0.864979
-0.897162
-0.884601
-0.829692
-0.741743
-0.635242
-0.527431
-0.435486
-0.373699
-0.351075
-0.369633
-0.423677
-0.500279
-0.581154
-0.645747
-0.674864
-0.6538
-0.574333
-0.435482
-0.243292
-0.00998648
0.247199
0.507352
0.747334
0.943616
1.07485
1.12515
1.08727
3.84585
3.539
3.21173
2.89576
2.61834
2.39535
2.22781
2.10262
1.99641
1.88154
1.7324
1.53083
1.27017
0.95738
0.61299
0.267833
-0.043204
-0.2891
-0.44899
-0.515511
-0.495166
-0.406671
-0.277785
-0.141104
-0.0290644
0.0310017
0.0209795
-0.0650088
-0.2191
-0.420152
-0.637055
-0.83484
-0.982321
-1.05815
-1.05405
-0.975134
-0.838391
-0.669588
-0.499245
-0.357811
-0.270893
-0.255284
-0.316044
-0.445055
-0.621467
-0.814901
-0.991334
-1.12047
-1.18155
-1.16647
-1.08006
-0.9386
-0.766835
-0.594093
-0.449636
-0.358057
-0.335465
-0.386678
-0.503835
-0.666829
-0.84639
-1.00975
-1.12771
-1.18027
-1.15956
-1.07017
-0.927668
-0.755759
-0.582525
-0.435951
-0.339471
-0.308258
-0.346469
-0.445814
-0.585865
-0.736889
-0.865156
-0.939622
-0.9372
-0.845586
-0.663694
-0.400709
-0.0743922
0.290749
0.665159
1.01561
1.30682
1.505
1.58347
1.52915
4.59353
4.158
3.69225
3.25255
2.88757
2.62451
2.46316
2.37839
2.32761
2.26168
2.13588
1.91802
1.59469
1.17501
0.69197
0.197897
-0.246486
-0.588422
-0.793979
-0.852583
-0.775789
-0.594074
-0.351747
-0.100844
0.106873
0.227853
0.232685
0.110904
-0.126107
-0.444145
-0.790702
-1.10546
-1.33595
-1.44795
-1.4298
-1.29126
-1.06043
-0.778824
-0.495568
-0.259618
-0.11211
-0.0806318
-0.174572
-0.382327
-0.670373
-0.987644
-1.27565
-1.48359
-1.57831
-1.54849
-1.40346
-1.17021
-0.888694
-0.606154
-0.369668
-0.21877
-0.179947
-0.262169
-0.454209
-0.723759
-1.02165
-1.29158
-1.48464
-1.5689
-1.53343
-1.38714
-1.15594
-0.87819
-0.599238
-0.364287
-0.211262
-0.165478
-0.235278
-0.409337
-0.655652
-0.925394
-1.16204
-1.3151
-1.34904
-1.24684
-1.00868
-0.649327
-0.194706
0.320944
0.857463
1.36916
1.80399
2.1075
2.23299
2.15503
5.45056
4.82059
4.13532
3.5018
3.01007
2.70722
2.5882
2.6052
2.68059
2.72801
2.67192
2.45706
2.05795
1.48385
0.786833
0.0563966
-0.597307
-1.08415
-1.3506
-1.38465
-1.20752
-0.868781
-0.438079
0.00158534
0.367689
0.591938
0.626693
0.452728
0.0835401
-0.427092
-0.990166
-1.49744
-1.86023
-2.02517
-1.97894
-1.74034
-1.35559
-0.89047
-0.4238
-0.0340971
0.213727
0.274595
0.130767
-0.204005
-0.677219
-1.20255
-1.6753
-2.00977
-2.15444
-2.09645
-1.8539
-1.47133
-1.01205
-0.551921
-0.166473
0.0818841
0.149855
0.0204594
-0.292984
-0.739896
-1.23719
-1.68412
-1.99823
-2.12996
-2.06689
-1.8264
-1.45127
-1.00235
-0.552596
-0.174657
0.0713685
0.143737
0.0260433
-0.268813
-0.691708
-1.16156
-1.57929
-1.86209
-1.95692
-1.84387
-1.52817
-1.03513
-0.402909
0.321081
1.0855
1.83337
2.49022
2.96631
3.17545
3.06409
6.49493
5.56297
4.50404
3.54705
2.86073
2.52526
2.51737
2.74795
3.07381
3.34338
3.43659
3.26143
2.77318
1.9697
0.929806
-0.195612
-1.18843
-1.89724
-2.24191
-2.22082
-1.87198
-1.27594
-0.537338
0.20992
0.832756
1.22887
1.32124
1.07565
0.496845
-0.334547
-1.27
-2.09753
-2.66943
-2.90652
-2.80514
-2.39988
-1.76652
-1.00438
-0.24123
0.3957
0.808752
0.924557
0.711036
0.173643
-0.60904
-1.4932
-2.27411
-2.80926
-3.02243
-2.91019
-2.50601
-1.88295
-1.13666
-0.390166
0.23411
0.642273
0.763842
0.568098
0.0604167
-0.683499
-1.52527
-2.26794
-2.77447
-2.97154
-2.85584
-2.45954
-1.85285
-1.12774
-0.40254
0.20492
0.604058
0.726638
0.542474
0.0560814
-0.660149
-1.47276
-2.19084
-2.67977
-2.86412
-2.73271
-2.30305
-1.62136
-0.743258
0.262986
1.33738
2.42865
3.43673
4.20951
4.57939
4.42454
7.89382
6.48827
4.72615
3.2028
2.20647
1.87178
2.10322
2.75351
3.54807
4.21272
4.58771
4.51663
3.94232
2.79597
1.19592
-0.638583
-2.18854
-3.23474
-3.65993
-3.52898
-2.89245
-1.88841
-0.64909
0.597395
1.62428
2.30317
2.50242
2.17837
1.27385
-0.0921806
-1.70529
-3.06574
-3.96078
-4.27531
-4.06896
-3.38791
-2.36295
-1.11976
0.123054
1.14784
1.83178
2.04871
1.75765
0.904472
-0.394762
-1.93259
-3.22681
-4.07246
-4.35902
-4.14437
-3.47333
-2.47204
-1.26158
-0.0524525
0.945869
1.61533
1.83473
1.5649
0.753972
-0.486217
-1.95606
-3.1918
-3.99635
-4.26349
-4.0489
-3.39564
-2.42496
-1.25327
-0.0829485
0.884468
1.53498
1.75124
1.49411
0.711937
-0.489801
-1.92011
-3.13236
-3.93601
-4.22603
-4.05101
-3.44084
-2.49043
-1.26813
0.106771
1.56499
3.14376
4.72213
6.03296
6.73902
6.5444
10.0281
7.92641
4.60398
2.09963
0.599721
0.403345
1.08607
2.55135
4.20942
5.49915
6.38117
6.49645
5.9352
4.27556
1.79963
-1.49134
-3.91408
-5.46651
-5.87885
-5.5652
-4.44218
-2.83973
-0.771199
1.30106
2.91685
4.06814
4.43709
4.11694
2.71538
0.505942
-2.50446
-4.70421
-6.08813
-6.39422
-6.01639
-4.87122
-3.2737
-1.23464
0.801232
2.39077
3.52723
3.90433
3.61364
2.27757
0.163038
-2.72281
-4.82553
-6.14077
-6.4174
-6.0358
-4.91625
-3.36238
-1.38462
0.588773
2.13114
3.23642
3.61008
3.34083
2.06562
0.0417258
-2.72398
-4.73662
-5.99211
-6.24918
-5.87365
-4.78882
-3.28657
-1.37685
0.528806
2.02033
3.09122
3.45749
3.20178
1.97195
0.00967119
-2.68144
-4.66228
-5.93188
-6.2576
-5.99594
-5.0686
-3.751
-2.01272
-0.169362
1.61911
3.85967
6.39305
8.72759
10.1959
10.0526
13.779
11.1196
3.30128
-0.451342
-2.88444
-2.33093
-1.05788
2.07161
5.40118
7.37267
9.27873
9.45049
9.50974
6.93061
3.57696
-3.59437
-6.89291
-9.34006
-9.14326
-8.76698
-6.68233
-4.46227
-0.898719
2.66199
4.87827
6.95962
7.36404
7.61271
5.3202
2.25741
-4.47104
-7.51752
-9.7676
-9.49806
-9.06884
-7.006
-4.82033
-1.34501
2.12207
4.28607
6.31609
6.72151
6.97492
4.77161
1.83146
-4.64077
-7.5583
-9.70472
-9.42367
-8.98995
-6.98464
-4.86319
-1.5014
1.85061
3.94577
5.91099
6.31119
6.56527
4.45535
1.63783
-4.57636
-7.37177
-9.42561
-9.14583
-8.7198
-6.78314
-4.73493
-1.49461
1.73689
3.76188
5.66207
6.05936
6.31214
4.28668
1.55865
-4.46557
-7.21638
-9.2869
-9.13497
-8.89943
-7.25836
-5.61735
-2.90856
-0.366325
1.02252
4.15432
8.35087
12.6702
15.9742
16.45
20.8741
21.7352
-3.86067
-4.90392
-10.6699
-6.10151
-5.87515
1.30373
8.54853
9.34038
14.6736
12.5666
16.8835
10.701
10.8517
-11.2743
-11.0978
-17.021
-12.6662
-14.4289
-9.11753
-8.01954
-1.02222
5.95883
7.03393
12.2658
10.5152
14.7677
9.03417
9.28734
-11.7397
-11.4777
-17.0754
-12.8319
-14.4738
-9.31775
-8.22414
-1.44359
5.31927
6.37421
11.4443
9.75751
13.8738
8.32661
8.58598
-11.6776
-11.4015
-16.7643
-12.6499
-14.2072
-9.22035
-8.15017
-1.60417
4.92226
5.94741
10.8391
9.22261
13.1938
7.86395
8.12506
-11.3518
-11.0748
-16.2196
-12.2531
-13.7413
-8.93811
-7.89996
-1.59972
4.68229
5.68309
10.3971
8.86924
12.7031
7.61305
7.8541
-10.9634
-10.75
-15.8422
-12.1327
-13.8269
-9.44812
-9.02133
-3.56444
1.09783
-2.08351
2.91627
10.1325
18.0756
25.8254
30.158
30.9733
70.4795
-46.3787
-2.55588
-33.3351
-3.61823
-20.7022
0.442851
20.9902
4.77041
30.7847
6.43422
39.3787
5.3538
50.2072
-51.067
-6.51659
-39.4994
-7.37699
-30.2746
-5.48247
-20.0688
-1.1192
17.7633
3.20693
27.6301
5.02499
36.3059
4.13062
46.9642
-49.6611
-6.99657
-38.5509
-7.68727
-29.6641
-5.77594
-19.8135
-1.51304
16.7395
2.68429
26.3059
4.44084
34.6917
3.52387
44.8972
-48.2877
-7.12123
-37.4676
-7.70508
-28.8447
-5.81247
-19.3188
-1.6753
15.9192
2.38463
25.1425
4.09114
33.2191
3.22485
43.0383
-46.5699
-6.96752
-36.1309
-7.50279
-27.8196
-5.66868
-18.6397
-1.67592
15.2353
2.25989
24.1228
3.96065
31.9471
3.26492
41.5962
-44.8638
-6.64196
-35.0702
-7.34772
-27.4973
-5.94487
-19.6669
-3.07426
13.8587
-16.9713
-1.51447
10.8665
23.7579
40.5963
67.6931
28841.5
28804
28766.4
28728.8
28691.1
28653.4
28615.8
28578.3
28540.9
28503.6
28466.4
28429.3
28392.3
28355.3
28318.4
0.173022
0.133337
0.0822951
0.0257663
-0.0302748
-0.0805652
-0.121076
-0.149226
-0.16384
-0.164952
-0.153537
-0.131249
-0.100185
-0.0627098
-0.0213393
0.306082
0.234656
0.143109
0.0422981
-0.0569194
-0.145191
-0.215566
-0.263782
-0.288097
-0.28886
-0.267997
-0.228514
-0.174101
-0.10884
-0.0370127
0.468295
0.35614
0.213228
0.0572737
-0.094476
-0.227684
-0.332189
-0.402216
-0.435885
-0.43438
-0.401063
-0.340698
-0.25886
-0.161536
-0.0548829
0.676197
0.508387
0.296393
0.0680502
-0.150569
-0.338877
-0.483287
-0.577005
-0.618844
-0.611709
-0.561175
-0.474353
-0.359105
-0.223558
-0.075866
0.952345
0.70482
0.395909
0.0691074
-0.23697
-0.493965
-0.685073
-0.80367
-0.850775
-0.832437
-0.757573
-0.636434
-0.479648
-0.297725
-0.100888
1.32882
0.962636
0.513315
0.0494429
-0.37245
-0.714933
-0.959365
-1.10182
-1.14815
-1.10969
-1.00024
-0.83416
-0.625327
-0.386806
-0.13085
1.85293
1.30357
0.645263
-0.0122059
-0.587339
-1.03395
-1.33563
-1.4961
-1.53029
-1.45792
-1.29955
-1.07463
-0.800691
-0.493321
-0.166557
2.59677
1.75343
0.776345
-0.15621
-0.930762
-1.49789
-1.85309
-2.01665
-2.019
-1.89213
-1.66541
-1.36413
-1.00948
-0.619227
-0.208615
3.67412
2.33697
0.862863
-0.45825
-1.48163
-2.17376
-2.5622
-2.69841
-2.63693
-2.42619
-2.10582
-1.70699
-1.25387
-0.76549
-0.257291
5.27
3.05749
0.796361
-1.05805
-2.36378
-3.15334
-3.52355
-3.57785
-3.40411
-3.06988
-2.6247
-2.10411
-1.53354
-0.931563
-0.31235
7.68832
3.82673
0.323203
-2.20652
-3.76212
-4.55229
-4.8008
-4.68535
-4.33175
-3.82451
-3.21899
-2.5512
-1.84461
-1.11487
-0.372896
11.3894
4.23821
-1.12358
-4.32905
-5.92585
-6.4929
-6.44201
-6.03098
-5.41304
-4.67741
-3.87555
-3.03707
-2.17883
-1.31041
-0.437258
16.7215
2.86058
-4.72642
-8.06013
-9.11927
-9.05143
-8.44336
-7.5835
-6.61203
-5.59651
-4.56874
-3.54268
-2.52323
-1.51068
-0.502984
21.2568
-4.79076
-12.5823
-14.0657
-13.4396
-12.1502
-10.6965
-9.24762
-7.85504
-6.52784
-5.26022
-4.04168
-2.86072
-1.70608
-0.566983
0.564284
1.70053
2.86027
4.06089
5.32253
6.66989
8.13468
9.75937
11.6027
13.7472
16.3068
19.4164
23.1068
26.551
23.8394
0.575562
1.73472
2.91853
4.14536
5.43686
6.82009
8.33101
10.02
11.9623
14.2771
17.17
21.0347
26.7505
36.7201
59.1933
0.581262
1.7518
2.94692
4.18495
5.48748
6.88165
8.40365
10.1049
12.0632
14.4057
17.3583
21.3678
27.4401
38.2074
61.7231
0.581398
1.7518
2.94551
4.17973
5.47448
6.85444
8.35183
10.0111
11.8974
14.1107
16.8129
20.2688
24.8708
30.8465
35.6618
0.576251
1.73563
2.91598
4.13249
5.40231
6.74568
8.18756
9.75984
11.5043
13.4762
15.7443
18.3746
21.3494
24.2954
25.9783
0.566329
1.70489
2.86134
4.04824
5.27906
6.56852
7.93275
9.38892
10.9534
12.6359
14.4239
16.2412
17.849
18.6229
17.0467
0.552309
1.66173
2.78557
3.93349
5.11509
6.33945
7.61412
8.94281
10.3204
11.7223
13.083
14.2532
14.928
14.5825
12.818
0.534956
1.60855
2.69306
3.79537
4.92144
6.07544
7.25798
8.46277
9.67046
10.8372
11.8741
12.6092
12.7152
11.5273
7.28794
0.515048
1.54778
2.58821
3.64074
4.70839
5.79163
6.88641
7.98074
9.04898
10.0424
10.8748
11.4017
11.401
10.591
8.93601
0.493312
1.48166
2.47496
3.47562
4.48451
5.49981
6.51515
7.51685
8.47945
9.3595
10.0875
10.5608
10.6488
10.2414
9.40474
0.470374
1.41212
2.3566
3.30478
4.2562
5.20795
6.15339
7.08011
7.96728
8.78223
9.47701
9.98733
10.2406
10.1901
9.91341
0.446748
1.34067
2.23566
3.13171
4.02764
4.92048
5.80462
6.67085
7.50528
8.28843
8.99466
9.59239
10.0435
10.2957
10.246
0.422827
1.26848
2.11398
2.95871
3.80124
4.63906
5.4683
6.28366
7.0789
7.84804
8.58769
9.29929
9.98441
10.6111
11.0221
0.398906
1.1964
1.99285
2.78723
3.57812
4.36361
5.1416
5.91045
6.67065
7.42813
8.20019
9.02458
9.9659
11.0763
12.0499
0.375205
1.12505
1.87315
2.61819
3.35874
4.09337
4.82125
5.54325
6.2643
6.99809
7.77635
8.66867
9.82999
11.6364
15.1479
0.351896
1.05491
1.75558
2.45228
3.14346
3.82782
4.505
5.17671
5.8491
6.53716
7.27331
8.12596
9.24612
11.0124
14.5885
0.329126
0.986406
1.64075
2.29022
2.93291
3.56727
4.19254
4.80969
5.42302
6.04284
6.68938
7.39748
8.21355
9.13163
9.63961
0.307033
0.919935
1.52933
2.13285
2.72815
3.31303
3.88572
4.44532
4.99245
5.52995
6.0627
6.59401
7.11015
7.53565
7.67761
0.285749
0.855901
1.42198
1.98119
2.53062
3.06727
3.588
4.08961
4.56858
5.02036
5.43703
5.80107
6.06971
6.13658
5.72331
0.265402
0.794695
1.31941
1.83633
2.34199
2.83255
3.30356
3.74962
4.1636
4.53516
4.84791
5.07439
5.16937
5.07094
4.76986
0.246104
0.73667
1.22225
1.69928
2.16384
2.6114
3.03646
3.43192
3.78807
4.0908
4.31871
4.43904
4.40336
4.14602
3.57096
0.227947
0.682113
1.13102
1.57089
1.9975
2.40589
2.78991
3.14152
3.44965
3.69839
3.86422
3.91204
3.79128
3.44176
2.88368
0.21099
0.631209
1.04607
1.45171
1.84382
2.21731
2.56588
2.88132
3.15247
3.36357
3.49167
3.50212
3.33807
2.88233
1.76528
0.195255
0.584029
0.967516
1.34194
1.70308
2.04605
2.36485
2.65187
2.897
3.0864
3.20084
3.21338
3.08743
2.78214
2.32293
0.180728
0.540521
0.895262
1.24138
1.57496
1.89156
2.1859
2.45153
2.68023
2.86131
2.98078
3.02082
2.96134
2.78886
2.52147
0.167357
0.500521
0.829
1.14953
1.45865
1.75253
2.0269
2.27684
2.49653
2.679
2.81588
2.89739
2.91372
2.86151
2.76983
0.155061
0.463777
0.768258
1.06562
1.35291
1.62705
1.88488
2.12317
2.33868
2.52836
2.68944
2.81925
2.9137
2.96158
2.92552
0.143742
0.429976
0.71246
0.988713
1.2563
1.5129
1.75644
1.98531
2.19878
2.3976
2.58472
2.76567
2.94605
3.11996
3.24341
0.133293
0.39878
0.660992
0.917826
1.16733
1.40784
1.63819
1.85816
2.06907
2.27496
2.48431
2.71249
2.98291
3.31338
3.60497
0.123607
0.369859
0.613261
0.852032
1.08461
1.30982
1.52717
1.7373
1.94286
2.14993
2.37084
2.62999
2.9781
3.53383
4.6291
0.114589
0.34292
0.568749
0.790544
1.00701
1.21728
1.42116
1.61963
1.81561
2.0153
2.23082
2.48572
2.82911
3.37963
4.49366
0.106159
0.317719
0.527041
0.732759
0.933728
1.12917
1.31891
1.50371
1.68579
1.8697
2.06347
2.28003
2.53632
2.83412
3.02355
0.0982568
0.294075
0.487838
0.678275
0.864285
1.04504
1.22011
1.38967
1.55471
1.71725
1.88031
2.04677
2.21471
2.36389
2.4387
0.0908376
0.271861
0.450948
0.62687
0.7985
0.964855
1.12514
1.27879
1.42538
1.56447
1.69481
1.81249
1.90615
1.94535
1.84717
0.0838717
0.250994
0.416258
0.57845
0.736383
0.888892
1.0348
1.1728
1.30127
1.41776
1.51811
1.59491
1.63544
1.62222
1.55489
0.0773382
0.231418
0.383705
0.532993
0.678039
0.817523
0.949946
1.07345
1.1855
1.28228
1.35779
1.40252
1.40206
1.33668
1.17731
0.0712196
0.213089
0.353239
0.490485
0.623563
0.751063
0.871295
0.982072
1.08034
1.16158
1.21886
1.24153
1.21379
1.11643
0.956665
0.0654973
0.195956
0.324794
0.450875
0.572968
0.689658
0.799219
0.899387
0.987018
1.05752
1.10398
1.11557
1.07386
0.939525
0.586202
0.0601477
0.179952
0.298265
0.414041
0.52613
0.633213
0.733673
0.825419
0.905599
0.970178
1.01333
1.02664
0.99828
0.914709
0.784554
0.0551402
0.164984
0.273503
0.379771
0.482776
0.581373
0.674187
0.759493
0.835026
0.897724
0.943425
0.966652
0.961052
0.922255
0.85583
0.0504367
0.150937
0.250309
0.34777
0.44249
0.533555
0.619924
0.700365
0.773377
0.837084
0.889137
0.926699
0.946893
0.949001
0.943282
0.0459932
0.137676
0.228444
0.317678
0.404749
0.489007
0.569785
0.646406
0.718202
0.784551
0.844925
0.898823
0.945309
0.981201
0.994875
0.0417616
0.125052
0.207647
0.289094
0.368967
0.446882
0.522543
0.595809
0.666819
0.736182
0.805224
0.876109
0.951099
1.02885
1.09573
0.0376924
0.112913
0.18765
0.261609
0.334551
0.406331
0.476973
0.546789
0.616592
0.68805
0.76426
0.850561
0.954993
1.08406
1.20745
0.0337379
0.101113
0.168196
0.234835
0.300947
0.366578
0.431985
0.497789
0.565229
0.63663
0.716302
0.812442
0.941798
1.14324
1.5244
0.0298541
0.0895168
0.149055
0.208431
0.267685
0.326988
0.386732
0.447663
0.511127
0.579482
0.656926
0.751273
0.878566
1.07764
1.4666
0.0260028
0.0780092
0.13003
0.182117
0.234393
0.2871
0.340662
0.395791
0.453639
0.516035
0.585826
0.667245
0.765506
0.880216
0.959176
0.0221515
0.0664936
0.110962
0.155676
0.20081
0.246625
0.293513
0.34204
0.393005
0.447468
0.506666
0.571539
0.641045
0.70764
0.752576
0.018274
0.0548922
0.0917276
0.128948
0.166758
0.205414
0.245234
0.286606
0.329954
0.375625
0.423581
0.472634
0.518625
0.550128
0.536225
0.0143484
0.0431418
0.0722286
0.101816
0.132126
0.1634
0.195886
0.229811
0.265301
0.302207
0.33975
0.37587
0.406282
0.424167
0.427291
0.0103563
0.0311897
0.0523853
0.0741857
0.0968311
0.120552
0.145547
0.171938
0.199675
0.22836
0.256919
0.283084
0.302656
0.308474
0.2863
0.00628109
0.0189878
0.0321253
0.0459731
0.060795
0.0768258
0.0942465
0.113139
0.133403
0.154612
0.175763
0.194891
0.208593
0.212233
0.206697
0.00210623
0.00648844
0.0113753
0.0170884
0.0239248
0.0321412
0.0419322
0.0533966
0.0664849
0.0809147
0.0960233
0.110478
0.121532
0.122377
0.0894733
-0.00218583
-0.00635953
-0.00994556
-0.012572
-0.0138982
-0.0136301
-0.0115363
-0.00746452
-0.00135479
0.00675703
0.0167498
0.028437
0.0415737
0.0559683
0.0736746
-0.0066147
-0.0196139
-0.0319298
-0.0431311
-0.0528231
-0.0606629
-0.0663708
-0.0697322
-0.0705752
-0.0686963
-0.0636892
-0.0545985
-0.0392469
-0.0127299
0.0376249
-0.0112028
-0.0333409
-0.0546852
-0.0747342
-0.093029
-0.10917
-0.122827
-0.13374
-0.141676
-0.146311
-0.146953
-0.14197
-0.127809
-0.0979701
-0.0460714
-0.015976
-0.0476176
-0.0783372
-0.107552
-0.134726
-0.159395
-0.181182
-0.199808
-0.21506
-0.22669
-0.234111
-0.235703
-0.227247
-0.198516
-0.124393
-0.0209643
-0.0625328
-0.103032
-0.141782
-0.178157
-0.211615
-0.241726
-0.268209
-0.290951
-0.30998
-0.325307
-0.336401
-0.340751
-0.330571
-0.290687
-0.0262018
-0.0781893
-0.128938
-0.177657
-0.22361
-0.266152
-0.304781
-0.3392
-0.36941
-0.39583
-0.419429
-0.44177
-0.46433
-0.483237
-0.455654
-0.0317277
-0.0947041
-0.156252
-0.215449
-0.271425
-0.323402
-0.370754
-0.413105
-0.450492
-0.483629
-0.514414
-0.546974
-0.590431
-0.668169
-0.856956
-0.0375856
-0.112209
-0.185196
-0.255475
-0.322014
-0.383858
-0.440192
-0.490451
-0.534515
-0.573052
-0.608155
-0.644597
-0.692709
-0.775964
-0.953528
-0.0438233
-0.13085
-0.216018
-0.298093
-0.375858
-0.448136
-0.513843
-0.572091
-0.622366
-0.66485
-0.700953
-0.734103
-0.770566
-0.818247
-0.871705
-0.0504909
-0.15078
-0.248985
-0.343701
-0.433508
-0.51697
-0.592668
-0.65926
-0.715619
-0.76107
-0.79579
-0.821295
-0.840618
-0.8565
-0.863147
-0.0576393
-0.172155
-0.284372
-0.392716
-0.495559
-0.591191
-0.677809
-0.753529
-0.816438
-0.864734
-0.897016
-0.912769
-0.913045
-0.901152
-0.883466
-0.0653169
-0.195126
-0.322445
-0.445549
-0.562614
-0.671666
-0.770513
-0.856688
-0.927396
-0.979509
-1.00971
-1.01498
-0.993911
-0.949814
-0.896669
-0.0735664
-0.219826
-0.363442
-0.502571
-0.635231
-0.759222
-0.87201
-0.970583
-1.05126
-1.10949
-1.13971
-1.13548
-1.09076
-1.00475
-0.896469
-0.0824219
-0.24636
-0.407554
-0.564083
-0.713865
-0.854552
-0.983373
-1.0969
-1.19071
-1.25892
-1.29362
-1.28408
-1.21627
-1.07514
-0.870723
-0.0919059
-0.274797
-0.454903
-0.630276
-0.79881
-0.95812
-1.10535
-1.2369
-1.34791
-1.43163
-1.47825
-1.47313
-1.39269
-1.18948
-0.71691
-0.102029
-0.305169
-0.505537
-0.701217
-0.890157
-1.07007
-1.23822
-1.39115
-1.52408
-1.63009
-1.69879
-1.7145
-1.65434
-1.49088
-1.23063
-0.112788
-0.337463
-0.559426
-0.776834
-0.987772
-1.19017
-1.38167
-1.55928
-1.71892
-1.85444
-1.95614
-2.00853
-1.98774
-1.85948
-1.56859
-0.124173
-0.37164
-0.616475
-0.85694
-1.09131
-1.31785
-1.53475
-1.73989
-1.93051
-2.10228
-2.24773
-2.35337
-2.39575
-2.34103
-2.1789
-0.136168
-0.407643
-0.676557
-0.941277
-1.20028
-1.45223
-1.69598
-1.93059
-2.15518
-2.36839
-2.56696
-2.74214
-2.87119
-2.89715
-2.6723
-0.14876
-0.445424
-0.739551
-1.02958
-1.31416
-1.59229
-1.86354
-2.12823
-2.38775
-2.64467
-2.90243
-3.16293
-3.41821
-3.62744
-3.69054
-0.161948
-0.484965
-0.805389
-1.12166
-1.4325
-1.73714
-2.03566
-2.32947
-2.6221
-2.92036
-3.23598
-3.58735
-3.99721
-4.4592
-4.70598
-0.175745
-0.526304
-0.874113
-1.21751
-1.55514
-1.88624
-2.21104
-2.53152
-2.85255
-3.18399
-3.54469
-3.97113
-4.54
-5.4404
-7.25649
-0.19019
-0.569553
-0.9459
-1.31735
-1.68231
-2.0397
-2.38943
-2.73319
-3.07575
-3.42729
-3.80774
-4.256
-4.85255
-5.78571
-7.57792
-0.20534
-0.614894
-1.02108
-1.42171
-1.81474
-2.19847
-2.57195
-2.93568
-3.29272
-3.65051
-4.0237
-4.43787
-4.93135
-5.53443
-6.10009
-0.221271
-0.662572
-1.10012
-1.53135
-1.95362
-2.36434
-2.76124
-3.14282
-3.50915
-3.86303
-4.2112
-4.56466
-4.93403
-5.30915
-5.60882
-0.238063
-0.712853
-1.18355
-1.6472
-2.10051
-2.53982
-2.96117
-3.36054
-3.73423
-4.0795
-4.39502
-4.68039
-4.93271
-5.13623
-5.23708
-0.255784
-0.765971
-1.27188
-1.77023
-2.25712
-2.72776
-3.17637
-3.59608
-3.97904
-4.31662
-4.59976
-4.81907
-4.96525
-5.03461
-5.05949
-0.274464
-0.822057
-1.36545
-1.90123
-2.425
-2.93099
-3.41163
-3.85715
-4.25534
-4.59154
-4.84883
-5.00851
-5.05114
-4.96385
-4.77666
-0.294072
-0.881055
-1.46431
-2.04056
-2.60522
-3.15183
-3.67127
-4.15107
-4.5747
-4.92125
-5.16569
-5.27923
-5.22723
-4.96246
-4.48877
-0.314487
-0.942637
-1.56804
-2.18793
-2.79798
-3.39152
-3.95843
-4.48398
-4.94757
-5.32186
-5.57343
-5.6649
-5.55107
-5.10618
-3.59703
-0.335472
-1.00612
-1.67561
-2.34213
-3.00221
-3.64969
-4.2743
-4.85994
-5.38243
-5.8077
-6.09234
-6.19315
-6.1048
-5.989
-6.65316
-0.356659
-1.07042
-1.78522
-2.50079
-3.2152
-3.92373
-4.61724
-5.27973
-5.88479
-6.39118
-6.7389
-6.85275
-6.67762
-6.33022
-6.67954
-0.37754
-1.13398
-1.8943
-2.66026
-3.43226
-4.20818
-4.98171
-5.73938
-6.45567
-7.08484
-7.54787
-7.71304
-7.37009
-6.18762
-3.49419
-0.397474
-1.19486
-1.99944
-2.81554
-3.64658
-4.4943
-5.3572
-6.22777
-7.08704
-7.89386
-8.56367
-8.92619
-8.64557
-7.09433
-3.29143
-0.415714
-1.25074
-2.09659
-2.96043
-3.84933
-4.76986
-5.72734
-6.72399
-7.7548
-8.79803
-9.79286
-10.5859
-10.8034
-9.56469
-5.01921
-0.43145
-1.29912
-2.18123
-3.08792
-4.0301
-5.01975
-6.07027
-7.19648
-8.41394
-9.73578
-11.1621
-12.6454
-13.9725
-14.3314
-10.5615
-0.443876
-1.33745
-2.2488
-3.19077
-4.17789
-5.22737
-6.36063
-7.60559
-9.00057
-10.6009
-12.4919
-14.8133
-17.814
-21.9653
-28.1546
-11.6705
-26.4873
-25.0269
-21.3784
-17.9907
-15.1502
-12.7707
-10.7335
-8.94433
-7.33452
-5.85476
-4.46875
-3.14874
-1.87257
-0.62147
-113.804
-59.3803
-38.3499
-27.9599
-21.7637
-17.5492
-14.4065
-11.9012
-9.80112
-7.97068
-6.32501
-4.80742
-3.37762
-2.00505
-0.664858
-126.511
-69.0835
-44.284
-31.6288
-24.1604
-19.204
-15.5997
-12.7876
-10.4706
-8.4785
-6.7063
-5.08512
-3.56674
-2.11506
-0.700967
-69.5257
-56.1285
-41.7846
-31.6959
-24.8128
-19.9196
-16.2427
-13.3299
-10.9145
-8.8336
-6.98269
-5.29142
-3.70954
-2.19894
-0.728635
-49.0961
-43.8313
-36.3301
-29.5369
-24.0833
-19.7905
-16.3552
-13.5269
-11.1262
-9.02892
-7.14823
-5.42174
-3.80283
-2.25485
-0.747246
-31.2001
-33.0871
-30.384
-26.4476
-22.5476
-19.0658
-16.0461
-13.4268
-11.1271
-9.07382
-7.20666
-5.47735
-3.84686
-2.28271
-0.756748
-23.0299
-25.5304
-25.2942
-23.3331
-20.7215
-18.0203
-15.4588
-13.1047
-10.957
-8.98944
-7.16934
-5.46434
-3.84481
-2.28405
-0.757591
-12.8119
-19.8742
-21.4022
-20.6702
-18.9575
-16.8777
-14.7275
-12.6393
-10.6616
-8.80269
-7.05208
-5.39194
-3.80196
-2.26156
-0.750602
-15.4836
-18.0614
-19.0797
-18.6882
-17.4485
-15.784
-13.9532
-12.097
-10.2838
-8.54068
-6.87199
-5.27082
-3.72466
-2.21862
-0.736838
-16.1812
-17.3314
-17.7361
-17.2951
-16.2345
-14.8058
-13.1964
-11.5248
-9.85744
-8.22694
-6.64501
-5.11147
-3.6195
-2.15883
-0.717443
-16.8646
-17.1192
-16.9799
-16.3322
-15.2762
-13.9531
-12.4829
-10.9495
-9.40545
-7.87944
-6.38442
-4.92324
-3.4926
-2.08564
-0.693532
-17.3091
-17.1805
-16.5766
-15.6529
-14.5032
-13.2026
-11.8131
-10.3817
-8.9409
-7.51041
-6.10033
-4.71379
-3.34925
-2.00214
-0.666115
-18.3981
-17.572
-16.3954
-15.1306
-13.8348
-12.5138
-11.1724
-9.82048
-8.46916
-7.12718
-5.79987
-4.48907
-3.19378
-1.91093
-0.636063
-19.9474
-18.2067
-16.2756
-14.6296
-13.1841
-11.8392
-10.5389
-9.25883
-7.99089
-6.73377
-5.48794
-4.25356
-3.02967
-1.81418
-0.604106
-24.744
-18.9737
-15.9576
-13.9893
-12.4635
-11.1336
-9.89136
-8.68873
-7.50511
-6.33248
-5.16805
-4.01076
-2.85972
-1.71367
-0.57085
-23.6941
-17.8281
-14.912
-13.0418
-11.6067
-10.367
-9.21632
-8.10541
-7.01168
-5.9255
-4.8432
-3.7636
-2.6863
-1.61091
-0.536817
-15.4061
-14.6339
-13.14
-11.7922
-10.6143
-9.53852
-8.51368
-7.51014
-6.51301
-5.51581
-4.51645
-3.51483
-2.51154
-1.50725
-0.502464
-12.1194
-11.9408
-11.2664
-10.4247
-9.55077
-8.67471
-7.79621
-6.9104
-6.01436
-5.1076
-4.19127
-3.26722
-2.33748
-1.40393
-0.468209
-8.85716
-9.59206
-9.50887
-9.07964
-8.48872
-7.81257
-7.0838
-6.31776
-5.52313
-4.70604
-3.87143
-3.02356
-2.16606
-1.30211
-0.434438
-7.27716
-7.8114
-7.99165
-7.84681
-7.48586
-6.98693
-6.39727
-5.74496
-5.0475
-4.31662
-3.5608
-2.78656
-1.99913
-1.20286
-0.401505
-5.32437
-6.27656
-6.70016
-6.76404
-6.57879
-6.2243
-5.75423
-5.2035
-4.59506
-3.94451
-3.26296
-2.55873
-1.83834
-1.10713
-0.36972
-4.23018
-5.10878
-5.65847
-5.85426
-5.78923
-5.54191
-5.16718
-4.70211
-4.17185
-3.59391
-2.98085
-2.3421
-1.68504
-1.01572
-0.33934
-2.52599
-4.16939
-4.86253
-5.12558
-5.12624
-4.94798
-4.64285
-4.24596
-3.78176
-3.26769
-2.71657
-2.13819
-1.54026
-0.929199
-0.310558
-3.18886
-3.88989
-4.36525
-4.57909
-4.58749
-4.44215
-4.18224
-3.83655
-3.42628
-2.96717
-2.47123
-1.94784
-1.4046
-0.847938
-0.283495
-3.37408
-3.76708
-4.04956
-4.17525
-4.15549
-4.01587
-3.78117
-3.47198
-3.10469
-2.69223
-2.24495
-1.77127
-1.27827
-0.772074
-0.258199
-3.55278
-3.72102
-3.84273
-3.87239
-3.80672
-3.65559
-3.43181
-3.14776
-2.81446
-2.44147
-2.03698
-1.6081
-1.16108
-0.701543
-0.234655
-3.64233
-3.70725
-3.69979
-3.63571
-3.51728
-3.34576
-3.12429
-2.85771
-2.55179
-2.21256
-1.84594
-1.45753
-1.0526
-0.636111
-0.212791
-3.83885
-3.74374
-3.59616
-3.43677
-3.26469
-3.07059
-2.84807
-2.59497
-2.31224
-2.00268
-1.67002
-1.31841
-0.95213
-0.575423
-0.192497
-4.11457
-3.81662
-3.50072
-3.24661
-3.02736
-2.81515
-2.59308
-2.35279
-2.09131
-1.80882
-1.50725
-1.18949
-0.858895
-0.519051
-0.173637
-4.99325
-3.90195
-3.36234
-3.03221
-2.78512
-2.56655
-2.35073
-2.12532
-1.88497
-1.6282
-1.35572
-1.06947
-0.772079
-0.466545
-0.156067
-4.72748
-3.60412
-3.07846
-2.76014
-2.52305
-2.31602
-2.11502
-1.9082
-1.69001
-1.45848
-1.21375
-0.957188
-0.690912
-0.41747
-0.139647
-2.97039
-2.89119
-2.65056
-2.43163
-2.24008
-2.06129
-1.88335
-1.69896
-1.5043
-1.29792
-1.07998
-0.851642
-0.614718
-0.371433
-0.124249
-2.26484
-2.29035
-2.20758
-2.08408
-1.94824
-1.80594
-1.65615
-1.49685
-1.32671
-1.14539
-0.953431
-0.75205
-0.542936
-0.328101
-0.109761
-1.55817
-1.76466
-1.79286
-1.74509
-1.66087
-1.55576
-1.43553
-1.30225
-1.15687
-1.00023
-0.833415
-0.657823
-0.475123
-0.287202
-0.0960913
-1.21619
-1.36278
-1.43087
-1.43138
-1.388
-1.31608
-1.22396
-1.11604
-0.994832
-0.862124
-0.71949
-0.568526
-0.410932
-0.248514
-0.0831656
-0.805547
-1.01539
-1.11579
-1.14814
-1.13492
-1.09041
-1.02336
-0.939041
-0.840774
-0.730905
-0.611341
-0.483827
-0.350086
-0.211858
-0.0709215
-0.586717
-0.743997
-0.847957
-0.896527
-0.903546
-0.880377
-0.834739
-0.771715
-0.694761
-0.60641
-0.508703
-0.403448
-0.29235
-0.177081
-0.0593057
-0.292275
-0.509615
-0.618569
-0.673754
-0.693122
-0.685934
-0.658176
-0.61405
-0.556653
-0.488402
-0.411301
-0.327121
-0.237508
-0.144041
-0.0482694
-0.252833
-0.350486
-0.426503
-0.475838
-0.501124
-0.505761
-0.492967
-0.465587
-0.426072
-0.37653
-0.318806
-0.254562
-0.185338
-0.112599
-0.037765
-0.181
-0.206367
-0.25295
-0.294605
-0.323449
-0.337677
-0.337873
-0.32554
-0.302444
-0.27033
-0.230831
-0.185454
-0.135605
-0.0826085
-0.027743
-0.027204
-0.0474968
-0.0828012
-0.122251
-0.155908
-0.179322
-0.191465
-0.192956
-0.185068
-0.169249
-0.146929
-0.119448
-0.0880521
-0.053914
-0.0181509
0.101999
0.121816
0.0902462
0.0460983
0.00453667
-0.0287774
-0.0524398
-0.0668728
-0.0731871
-0.072675
-0.0666047
-0.056153
-0.0424001
-0.0263453
-0.0089317
0.358204
0.326837
0.27205
0.212672
0.159272
0.11508
0.0801902
0.0535853
0.033964
0.0200487
0.0106849
0.00485483
0.0016578
0.000282107
-2.37255e-05
0.590876
0.548147
0.457065
0.375115
0.307631
0.252496
0.207081
0.169206
0.137164
0.109621
0.0855282
0.06404
0.044455
0.0261691
0.00864002
1.13106
0.803064
0.635765
0.527534
0.447435
0.383177
0.32875
0.28079
0.237249
0.196807
0.15857
0.121909
0.0863543
0.051533
0.0171319
1.25794
0.946415
0.773473
0.660439
0.576258
0.507048
0.445943
0.389319
0.335194
0.282469
0.230525
0.179017
0.127748
0.0766076
0.0255295
1.13629
0.993555
0.869603
0.773329
0.694703
0.625308
0.560039
0.496123
0.432179
0.367598
0.302186
0.235964
0.169057
0.101641
0.033915
1.11054
1.02768
0.946538
0.873984
0.806755
0.74072
0.673209
0.60296
0.529616
0.453312
0.374417
0.293391
0.210722
0.126893
0.0423738
1.10337
1.06063
1.01753
0.97096
0.917998
0.857172
0.788293
0.711958
0.629119
0.540835
0.448133
0.351965
0.253198
0.152626
0.0509921
1.09748
1.09384
1.09096
1.07239
1.03472
0.97923
0.90857
0.825483
0.732414
0.631434
0.524264
0.41235
0.296931
0.179099
0.0598547
1.05756
1.12656
1.17529
1.18711
1.16382
1.11184
1.03749
0.94595
0.841214
0.726339
0.603696
0.475175
0.342342
0.206555
0.0690411
1.00242
1.17336
1.28527
1.32623
1.31287
1.25999
1.17836
1.07559
0.957063
0.826647
0.687217
0.540999
0.38981
0.235213
0.0786229
0.784646
1.26117
1.44453
1.50309
1.48938
1.42812
1.33393
1.21619
1.08118
0.933222
0.775457
0.61028
0.439646
0.265256
0.0886612
1.32575
1.55258
1.69046
1.73015
1.69891
1.61914
1.50585
1.36879
1.21429
1.04662
0.868852
0.683354
0.492096
0.296833
0.0992053
1.66158
1.90578
2.0046
2.00647
1.94218
1.83344
1.6943
1.53351
1.35654
1.16703
0.967622
0.760432
0.547329
0.330055
0.110294
2.2465
2.35996
2.38609
2.32874
2.21632
2.06885
1.8978
1.70948
1.50752
1.29433
1.0718
0.84162
0.605462
0.365006
0.121957
2.70546
2.8748
2.82555
2.68927
2.51482
2.32066
2.11331
1.89492
1.6663
1.42813
1.18129
0.926965
0.666583
0.401758
0.134223
3.63712
3.54144
3.32547
3.07634
2.827
2.58162
2.3365
2.08748
1.83173
1.56795
1.29599
1.01652
0.730793
0.440394
0.147121
4.55722
4.29164
3.84845
3.46355
3.13646
2.84242
2.56242
2.2847
2.00275
1.71346
1.4159
1.11043
0.798249
0.481027
0.160693
6.8617
5.1652
4.33096
3.81064
3.42298
3.09349
2.78676
2.48487
2.17887
1.86473
1.54129
1.209
0.86921
0.523824
0.174995
7.10368
5.43999
4.59548
4.06561
3.66912
3.32876
3.00774
2.68791
2.36063
2.02247
1.67285
1.31277
0.944062
0.569014
0.190103
5.59649
5.14592
4.64152
4.22796
3.8763
3.5506
3.22791
2.89612
2.54997
2.18818
1.81168
1.42253
1.02332
0.616889
0.206112
5.07534
4.88924
4.6245
4.34732
4.06547
3.77035
3.4544
3.11431
2.75016
2.3641
1.95929
1.53927
1.10761
0.66778
0.223125
4.63279
4.68718
4.61614
4.46994
4.26387
4.00458
3.69767
3.34921
2.96558
2.55306
2.11748
1.66409
1.19756
0.722025
0.241248
4.4193
4.57225
4.65997
4.63415
4.49921
4.27189
3.96981
3.60853
3.20106
2.75802
2.28803
1.79805
1.29377
0.779911
0.260566
4.06993
4.50262
4.78265
4.87414
4.79873
4.59113
4.28306
3.89993
3.46124
2.98172
2.47248
1.94195
1.39662
0.841608
0.281125
3.77837
4.53901
5.03626
5.23003
5.19004
4.98014
4.64844
4.22993
3.74978
3.22605
2.6717
2.09613
1.5062
0.907105
0.302912
2.91189
4.75833
5.50062
5.74825
5.69936
5.45374
5.0741
4.60273
4.06859
3.49164
2.88567
2.26027
1.62215
0.976141
0.325834
4.80747
5.74441
6.3085
6.47239
6.3453
6.0204
5.56348
5.01912
4.41712
3.77738
3.11314
2.43324
1.74359
1.04816
0.349699
6.00215
6.98941
7.39431
7.39859
7.12862
6.67873
6.11358
5.47553
4.79188
4.08013
3.35147
2.61299
1.86905
1.12228
0.374217
8.12025
8.63882
8.75832
8.51524
8.03689
7.4171
6.71431
5.96362
5.18615
4.39463
3.59664
2.79652
1.99647
1.1973
0.39899
9.84175
10.5654
10.3741
9.79529
9.04337
8.21311
7.34829
6.47031
5.59018
4.71361
3.84329
2.98001
2.12327
1.27174
0.423532
13.4152
13.1272
12.259
11.1955
10.1043
9.03312
7.99142
6.97849
5.99173
5.02825
4.08506
3.15895
2.24645
1.34386
0.447281
17.0587
16.0919
14.2796
12.6151
11.1511
9.83269
8.61457
7.46851
6.3771
5.3288
4.31497
3.32844
2.36276
1.41181
0.469629
26.3041
19.6437
16.1976
13.8953
12.097
10.5626
9.18766
7.92056
6.73256
5.6054
4.52591
3.48346
2.46885
1.47366
0.489951
27.5611
20.9632
17.3213
14.8256
12.8594
11.1818
9.68587
8.31768
7.04575
5.84891
4.71113
3.61915
2.56144
1.52753
0.507632
22.5319
20.2299
17.6489
15.3882
13.4215
11.6748
10.0954
8.64796
7.3068
6.05141
4.86453
3.73105
2.63751
1.57166
0.522098
21.0815
19.6903
17.7543
15.7467
13.8307
12.0515
10.4132
8.90444
7.50827
6.20635
4.98084
3.8152
2.69435
1.6045
0.532834
20.5627
19.5293
17.9093
16.0416
14.145
12.3305
10.6411
9.08272
7.64428
6.30821
5.05558
3.86826
2.72967
1.6247
0.539406
20.663
19.7759
18.2365
16.3567
14.4022
12.5228
10.778
9.1777
7.7092
6.35213
5.08495
3.88748
2.74164
1.63123
0.541479
21.42
20.4752
18.7999
16.7237
14.6074
12.6216
10.8147
9.18114
7.69674
6.33364
5.0659
3.87086
2.72902
1.62341
0.538836
21.8361
21.6814
19.6414
17.1182
14.722
12.5961
10.731
9.08105
7.60005
6.24892
4.99636
3.81729
2.69123
1.60097
0.531402
21.9403
24.1965
20.8179
17.4243
14.6486
12.3896
10.4978
8.86369
7.41317
6.09576
4.8758
3.72689
2.62859
1.56417
0.519268
50.9501
30.6251
22.0043
17.3008
14.2164
11.928
10.0858
8.51886
7.13385
5.87494
4.70589
3.60136
2.5424
1.51383
0.502711
49.7482
28.9265
20.4699
16.0526
13.2311
11.1565
9.48266
8.04768
6.76697
5.59173
4.49117
3.4442
2.43511
1.45136
0.482199
17.0104
18.6408
16.1302
13.6958
11.727
10.1068
8.71361
7.46939
6.32686
5.25665
4.23925
3.26072
2.31022
1.37877
0.458377
6.7663
11.2307
11.7371
11.0155
9.98068
8.89927
7.84113
6.82047
5.83654
4.88489
3.96035
3.05777
2.17212
1.29848
0.432031
2.81952
6.56897
8.19683
8.55257
8.26675
7.67559
6.9426
6.14605
5.32382
4.49431
3.6662
2.84306
2.02567
1.21321
0.404027
0.184905
3.38046
5.54019
6.53538
6.76491
6.5504
6.08817
5.48945
4.81614
4.10276
3.3686
2.62437
1.87578
1.12568
0.375236
-4.41219
0.910645
3.69254
5.0502
5.57157
5.59722
5.32851
4.88464
4.33629
3.72563
3.078
2.40869
1.72695
1.03838
0.346462
-0.452611
-1.36458
-2.29718
-3.26562
-4.28752
-5.38454
-6.58486
-7.92742
-9.46947
-11.3013
-13.5772
-16.5879
-20.9494
-28.1671
-42.5844
-0.455922
-1.37513
-2.31691
-3.29795
-4.33778
-5.46056
-6.69796
-8.09385
-9.71247
-11.6533
-14.0792
-17.2726
-21.744
-28.4297
-38.8963
-0.451869
-1.36312
-2.29736
-3.27149
-4.30508
-5.42195
-6.65255
-8.03754
-9.63326
-11.52
-13.8139
-16.6791
-20.3243
-24.9112
-30.1183
-0.440305
-1.32812
-2.2379
-3.18557
-4.1891
-5.26959
-6.45273
-7.77048
-9.26297
-10.9797
-12.9772
-15.3055
-17.9627
-20.7723
-23.1005
-0.421538
-1.27114
-2.14055
-3.04379
-3.99614
-5.01458
-6.11829
-7.32866
-8.66843
-10.1586
-11.8097
-13.6029
-15.4488
-17.1146
-18.124
-0.396246
-1.19434
-2.00936
-2.85291
-3.73707
-4.6743
-5.67719
-6.75741
-7.92352
-9.17635
-10.5002
-11.8476
-13.115
-14.1133
-14.5535
-0.36535
-1.10063
-1.84962
-2.62143
-3.42491
-4.26836
-5.15874
-6.10025
-7.09187
-8.12306
-9.16723
-10.1724
-11.0503
-11.67
-11.8697
-0.329876
-0.993186
-1.66708
-2.35825
-3.07277
-3.81548
-4.58913
-5.39299
-6.22062
-7.05676
-7.87323
-8.62431
-9.24364
-9.64663
-9.7452
-0.290843
-0.875164
-1.46724
-2.07174
-2.69244
-3.33163
-3.98932
-4.66195
-5.34085
-6.01014
-6.64459
-7.20798
-7.65336
-7.92769
-7.98323
-0.249176
-0.749382
-1.25499
-1.76903
-2.29359
-2.8293
-3.37455
-3.92464
-4.47067
-4.99833
-5.48702
-5.90964
-6.23411
-6.42753
-6.4638
-0.205653
-0.618198
-1.0343
-1.45578
-1.8836
-2.3174
-2.75493
-3.1914
-3.61884
-4.02548
-4.3955
-4.70945
-4.94589
-5.0845
-5.11082
-0.160893
-0.483457
-0.80822
-1.13619
-1.46764
-1.80179
-2.13635
-2.46717
-2.7878
-3.08925
-3.36003
-3.58678
-3.75549
-3.85373
-3.87345
-0.115355
-0.346518
-0.578936
-0.813105
-1.04898
-1.28574
-1.52152
-1.75314
-1.97594
-2.18366
-2.36861
-2.52213
-2.63554
-2.70149
-2.71555
-0.0693641
-0.208321
-0.347902
-0.488314
-0.629437
-0.770679
-0.910828
-1.04792
-1.17915
-1.30085
-1.4086
-1.49757
-1.56305
-1.60114
-1.60964
-32289.2
-32267.7
-32245.9
-32224
-32201.7
-32179
-32155.8
-32132
-32107.5
-32082.2
-32056
-32028.9
-32000.8
-31971.7
-31941.5
-94.0672
-134.143
53.8974
-0.599457
35.8807
2.3295
20.5809
-1.85506
-23.1295
-6.43465
-32.7428
-8.28057
-41.2446
-7.4589
-52.1895
48.5956
4.12138
37.1645
4.98611
27.9823
3.04669
17.7398
-1.41944
-20.5726
-5.9394
-30.8427
-8.01419
-40.1084
-7.43012
-51.7419
48.4499
3.95367
37.4182
4.90764
28.3537
2.98483
18.0391
-1.55254
-21.1862
-6.16817
-31.7744
-8.27824
-41.3439
-7.6274
-53.3344
50.1041
4.19208
38.7295
5.18039
29.4034
3.21588
18.7834
-1.4482
-21.7324
-6.17576
-32.6561
-8.28824
-42.5109
-7.50443
-54.8312
52.4023
4.87094
40.606
5.86411
31.04
3.8653
20.1448
-0.931699
-22.1479
-5.7716
-33.7231
-7.83594
-44.3958
-6.69283
-58.0387
59.9404
7.58486
48.9847
9.56453
41.5574
8.96487
34.9706
6.98208
-25.6325
74.5746
46.2111
29.3139
16.8788
5.48506
-7.81541
-53.1565
-51.5144
-7.96569
-2.00818
7.12778
3.25284
3.65172
-3.52761
-10.8271
-11.4884
-16.7993
-14.6394
-18.9467
-12.8125
-12.9859
9.02302
8.82691
14.753
10.3871
12.1519
6.79777
5.67109
-1.42805
-8.53562
-9.69589
-15.0902
-13.4116
-17.855
-12.0899
-12.4016
9.37566
9.08377
15.029
10.5923
12.3853
6.92736
5.7778
-1.49186
-8.77981
-9.97373
-15.5203
-13.7905
-18.3624
-12.4051
-12.7131
9.77851
9.48808
15.6311
11.0604
12.923
7.29845
6.12483
-1.37223
-8.8873
-10.0982
-15.8104
-13.9845
-18.6823
-12.4628
-12.7405
10.6065
10.3394
16.7211
12.0165
13.9914
8.19555
7.03343
-0.73039
-8.51975
-9.70058
-15.6201
-13.5426
-18.3735
-11.4229
-11.3528
14.7087
14.9522
22.9912
18.6408
22.6494
17.6245
19.6804
13.6437
11.2902
31.5316
29.7008
22.889
15.3798
8.23117
2.33988
-33.278
-29.2308
-15.6967
-7.99311
-2.88853
-1.97718
-2.36386
-5.0261
-8.08261
-9.84542
-11.6126
-11.684
-11.6835
-9.08151
-5.72335
1.42748
4.71834
7.16396
6.96168
6.57496
4.46347
2.2049
-1.42228
-5.06047
-7.35309
-9.52021
-9.99069
-10.2995
-7.99636
-4.86693
2.08385
5.23529
7.59266
7.30923
6.86117
4.6689
2.33247
-1.40177
-5.14566
-7.50842
-9.74075
-10.2252
-10.5396
-8.15745
-4.92016
2.2624
5.52318
7.96391
7.67988
7.22735
4.975
2.57526
-1.26706
-5.11687
-7.53563
-9.81626
-10.2836
-10.5714
-8.06193
-4.66607
2.8178
6.23636
8.80351
8.5532
8.13536
5.856
3.43125
-0.489632
-4.40526
-6.80329
-9.03031
-9.29857
-9.3143
-6.24284
-2.09216
6.65652
11.0958
14.8401
15.6813
16.7525
16.0904
16.0442
15.0017
15.6762
20.272
20.362
17.4674
13.3605
9.1659
5.76605
-23.3635
-20.6085
-15.0316
-10.2354
-6.86656
-5.338
-5.10258
-5.95679
-7.20098
-8.19614
-8.86775
-8.83202
-8.16644
-6.43932
-3.92221
-0.609633
1.82697
3.38793
3.80196
3.48173
2.341
0.709567
-1.4006
-3.52286
-5.19092
-6.39336
-6.80247
-6.50533
-5.09256
-2.83493
0.263142
2.53032
3.95913
4.26326
3.8488
2.61806
0.900075
-1.29774
-3.50025
-5.23087
-6.47812
-6.90473
-6.59978
-5.14115
-2.80829
0.393691
2.73921
4.2204
4.54205
4.12349
2.86386
1.10306
-1.15105
-3.40708
-5.17188
-6.43314
-6.84134
-6.48851
-4.93744
-2.47836
0.883255
3.35944
4.94314
5.33123
4.95999
3.72587
1.98355
-0.256391
-2.47605
-4.15221
-5.26108
-5.41819
-4.7006
-2.61676
0.547469
4.81005
8.24016
10.8694
12.3908
13.3513
13.6699
13.8428
13.8875
14.4147
15.5
15.3199
13.7904
11.4665
8.95559
6.77921
-17.7603
-16.0495
-13.2421
-10.4225
-8.1945
-6.83668
-6.27221
-6.3259
-6.67796
-7.01273
-7.14148
-6.88702
-6.17796
-4.93472
-3.26654
-1.38536
0.196512
1.26347
1.69955
1.56997
0.925147
-0.096417
-1.36153
-2.63933
-3.69925
-4.40891
-4.63126
-4.31764
-3.4054
-2.01318
-0.361118
1.03256
1.94508
2.25203
2.01183
1.26881
0.158579
-1.18697
-2.53442
-3.64941
-4.39724
-4.63775
-4.3213
-3.38377
-1.94804
-0.241755
1.19982
2.14657
2.47008
2.23073
1.47437
0.34118
-1.03235
-2.40471
-3.53329
-4.27848
-4.49496
-4.13113
-3.12051
-1.59036
0.223694
1.76768
2.8044
3.20268
3.02712
2.32754
1.2524
-0.0524078
-1.3295
-2.31809
-2.86241
-2.79743
-2.05434
-0.546461
1.60547
4.16235
6.53774
8.49412
9.9081
10.8743
11.4591
11.8266
12.079
12.3506
12.551
12.2223
11.2586
9.84301
8.2646
6.80032
-14.1444
-13.0698
-11.4701
-9.75758
-8.26939
-7.19292
-6.55166
-6.26535
-6.17982
-6.126
-5.967
-5.59661
-4.95872
-4.042
-2.9176
-1.7301
-0.692479
0.0474234
0.411697
0.400135
0.0517724
-0.551718
-1.30419
-2.06955
-2.712
-3.1262
-3.23188
-2.99199
-2.40942
-1.56562
-0.613345
0.227632
0.803025
1.02864
0.898856
0.448308
-0.244104
-1.0735
-1.90338
-2.5967
-3.04695
-3.17285
-2.93722
-2.34385
-1.47741
-0.496078
0.372941
0.970163
1.20859
1.0824
0.62745
-0.0746589
-0.915379
-1.75342
-2.44683
-2.88523
-2.98426
-2.7052
-2.05173
-1.11123
-0.0470133
0.906368
1.58497
1.90041
1.84881
1.46997
0.851915
0.111637
-0.598438
-1.12375
-1.34116
-1.15321
-0.509396
0.596369
2.08032
3.776
5.43872
6.89986
8.07005
8.94665
9.56139
9.9764
10.2431
10.39
10.3649
10.0403
9.37839
8.45513
7.41015
6.38944
-11.5401
-10.8463
-9.86063
-8.76956
-7.75138
-6.92245
-6.31999
-5.91565
-5.636
-5.3907
-5.09692
-4.69137
-4.14101
-3.44834
-2.65951
-1.859
-1.15277
-0.627722
-0.334971
-0.284718
-0.454231
-0.792498
-1.2283
-1.6768
-2.05342
-2.28775
-2.33014
-2.15981
-1.78964
-1.27429
-0.705327
-0.19488
0.164615
0.317013
0.247753
-0.0239426
-0.449561
-0.959357
-1.46904
-1.89402
-2.16375
-2.22858
-2.06832
-1.69717
-1.17228
-0.588702
-0.0625873
0.310382
0.472096
0.407475
0.136396
-0.290934
-0.802308
-1.31042
-1.72762
-1.9807
-2.01804
-1.81846
-1.39631
-0.81027
-0.15815
0.440707
0.888476
1.12665
1.14171
0.956869
0.627404
0.232165
-0.133456
-0.372835
-0.403625
-0.16547
0.370318
1.19459
2.25027
3.43712
4.62998
5.72455
6.65475
7.39599
7.95124
8.33977
8.58006
8.67723
8.61041
8.34455
7.87503
7.24297
6.52117
5.78947
-9.50321
-9.04331
-8.40282
-7.67655
-6.96082
-6.32585
-5.80299
-5.38638
-5.04268
-4.72522
-4.38777
-3.99466
-3.52821
-2.99314
-2.41827
-1.85213
-1.35216
-0.968368
-0.732445
-0.653119
-0.717236
-0.892837
-1.13413
-1.38755
-1.59976
-1.72572
-1.73472
-1.61541
-1.37894
-1.06016
-0.713067
-0.400043
-0.175596
-0.0754552
-0.111863
-0.274569
-0.533828
-0.8454
-1.15669
-1.41495
-1.57561
-1.60849
-1.5031
-1.27193
-0.95166
-0.598615
-0.277615
-0.0452204
0.061498
0.0298159
-0.129684
-0.386216
-0.693956
-0.998384
-1.24479
-1.38683
-1.39304
-1.25224
-0.976902
-0.604498
-0.19261
0.192593
0.493781
0.674139
0.722437
0.652006
0.497586
0.310027
0.149717
0.077696
0.146608
0.393665
0.834597
1.45959
2.23133
3.08958
3.96278
4.78591
5.51153
6.11311
6.58109
6.91653
7.12305
7.20058
7.14255
6.9421
6.60583
6.16011
5.64653
5.11128
-7.81178
-7.50029
-7.0685
-6.56836
-6.05395
-5.5678
-5.13298
-4.75213
-4.41157
-4.08851
-3.75878
-3.40354
-3.01421
-2.59524
-2.16444
-1.74998
-1.38425
-1.09609
-0.904428
-0.814966
-0.819713
-0.898586
-1.02252
-1.15764
-1.27032
-1.33213
-1.32407
-1.23971
-1.08679
-0.886825
-0.671763
-0.477675
-0.336824
-0.271313
-0.289634
-0.386178
-0.542787
-0.731879
-0.920704
-1.07647
-1.17148
-1.18752
-1.11906
-0.974998
-0.778271
-0.562409
-0.365075
-0.219876
-0.14983
-0.163813
-0.256063
-0.407787
-0.590399
-0.76992
-0.91227
-0.988599
-0.979776
-0.879752
-0.697302
-0.455607
-0.188666
0.0654408
0.273063
0.411781
0.474117
0.46807
0.415472
0.348631
0.305737
0.325268
0.4403
0.673605
1.03382
1.51325
2.08783
2.7205
3.36769
3.9877
4.54694
5.02258
5.40177
5.67885
5.85172
5.91908
5.87972
5.73517
5.49419
5.17496
4.8031
4.40691
-6.34445
-6.13049
-5.83259
-5.48071
-5.10639
-4.7358
-4.38524
-4.05983
-3.75527
-3.46138
-3.16651
-2.86151
-2.54288
-2.21438
-1.8871
-1.57763
-1.30466
-1.08485
-0.929252
-0.841158
-0.815458
-0.839458
-0.894783
-0.960073
-1.01415
-1.03916
-1.02331
-0.962757
-0.862389
-0.735245
-0.60027
-0.478662
-0.389581
-0.346472
-0.354783
-0.411315
-0.50499
-0.618761
-0.732351
-0.825479
-0.881112
-0.888248
-0.843899
-0.753931
-0.632457
-0.499548
-0.377483
-0.286335
-0.240181
-0.244764
-0.296823
-0.384902
-0.491319
-0.595006
-0.674841
-0.713006
-0.697861
-0.625986
-0.503036
-0.343089
-0.166261
0.00520752
0.151547
0.259397
0.324251
0.351151
0.35385
0.352738
0.37185
0.435302
0.563668
0.770783
1.06137
1.42986
1.8607
2.3305
2.81173
3.27702
3.70274
4.07093
4.36949
4.59122
4.73231
4.7912
4.76831
4.66705
4.49521
4.26554
3.99468
3.70075
-5.02898
-4.88154
-4.67438
-4.42537
-4.15344
-3.87497
-3.60125
-3.33752
-3.08358
-2.83567
-2.5888
-2.33913
-2.08576
-1.83175
-1.58411
-1.35274
-1.14853
-0.981128
-0.856879
-0.777507
-0.73964
-0.735231
-0.752708
-0.778661
-0.799821
-0.805034
-0.786945
-0.743144
-0.676556
-0.594954
-0.509543
-0.432823
-0.376153
-0.3476
-0.350509
-0.382983
-0.438273
-0.505923
-0.573479
-0.628502
-0.660595
-0.663133
-0.634451
-0.578254
-0.503128
-0.42109
-0.345392
-0.288023
-0.257493
-0.257367
-0.285737
-0.33563
-0.396192
-0.454459
-0.497438
-0.514198
-0.497655
-0.445788
-0.362062
-0.254897
-0.136156
-0.0188555
0.0854383
0.16891
0.229026
0.269067
0.297702
0.32771
0.374099
0.45185
0.573624
0.747748
0.976747
1.25668
1.57745
1.92405
2.27873
2.62333
2.94141
3.21955
3.44785
3.6197
3.73128
3.78107
3.76977
3.70055
3.57947
3.41543
3.21948
3.00352
-3.81867
-3.71858
-3.57643
-3.40303
-3.20988
-3.00728
-2.80289
-2.60109
-2.4032
-2.20844
-2.01513
-1.82207
-1.62955
-1.43995
-1.2577
-1.08873
-0.939408
-0.815268
-0.719889
-0.654093
-0.615648
-0.599494
-0.598433
-0.604158
-0.608467
-0.60447
-0.587612
-0.556351
-0.512353
-0.460158
-0.406313
-0.358123
-0.322247
-0.303438
-0.303675
-0.321811
-0.353772
-0.393236
-0.43267
-0.46456
-0.482651
-0.482993
-0.464637
-0.429851
-0.38377
-0.333519
-0.286925
-0.251078
-0.23104
-0.228952
-0.243676
-0.27101
-0.304385
-0.335943
-0.357809
-0.363363
-0.34833
-0.311481
-0.254857
-0.18339
-0.103991
-0.0242019
0.0493003
0.112045
0.162694
0.203398
0.239563
0.279084
0.331178
0.404994
0.50819
0.645683
0.818764
1.02471
1.25698
1.50597
1.76024
2.00784
2.23759
2.43995
2.6075
2.73499
2.81923
2.85892
2.85462
2.80874
2.72561
2.61128
2.47307
2.3188
-2.68077
-2.61615
-2.52348
-2.40912
-2.27993
-2.14218
-2.0008
-1.859
-1.71833
-1.57911
-1.4411
-1.30423
-1.16915
-1.03755
-0.912155
-0.796441
-0.694021
-0.607992
-0.540301
-0.491297
-0.459559
-0.442026
-0.434389
-0.4317
-0.42908
-0.422431
-0.409027
-0.387906
-0.359963
-0.327746
-0.294949
-0.265701
-0.243773
-0.23186
-0.231076
-0.240741
-0.258477
-0.280603
-0.302734
-0.320502
-0.330279
-0.329788
-0.318497
-0.297725
-0.27043
-0.240695
-0.212994
-0.19138
-0.178753
-0.176339
-0.183472
-0.197705
-0.215208
-0.231398
-0.241679
-0.242189
-0.230429
-0.205666
-0.169035
-0.123318
-0.0723994
-0.0205051
0.0286428
0.0725877
0.110673
0.144257
0.176585
0.212342
0.256967
0.315825
0.393361
0.492366
0.613452
0.754829
0.912421
1.0803
1.25134
1.41804
1.5732
1.7105
1.82486
1.91257
1.97132
2.00013
1.99934
1.97058
1.91668
1.84153
1.74977
1.64634
-1.59039
-1.55413
-1.50173
-1.43658
-1.3623
-1.28228
-1.19931
-1.1153
-1.03137
-0.94802
-0.865431
-0.783825
-0.703741
-0.626195
-0.552679
-0.485007
-0.425031
-0.374312
-0.333805
-0.303638
-0.28302
-0.270311
-0.263225
-0.259146
-0.2555
-0.250121
-0.241561
-0.229288
-0.213733
-0.196174
-0.178481
-0.162746
-0.150884
-0.144262
-0.14344
-0.148054
-0.156869
-0.167972
-0.17909
-0.187958
-0.192701
-0.192145
-0.186017
-0.175
-0.160614
-0.144953
-0.130307
-0.118751
-0.111769
-0.109987
-0.113054
-0.119699
-0.127932
-0.135371
-0.139627
-0.138693
-0.131264
-0.116946
-0.0963058
-0.0707441
-0.0422205
-0.0128613
0.0154701
0.0415614
0.0651263
0.0869175
0.108661
0.132825
0.162257
0.199754
0.247613
0.307248
0.378916
0.461596
0.553053
0.650053
0.748708
0.844872
0.934523
1.01407
1.08058
1.13187
1.16653
1.18397
1.18436
1.16862
1.13835
1.0957
1.04326
0.983753
-31912.8
-31886
-31858.4
-31830.2
-31801.3
-31771.7
-31741.6
-31710.9
-31679.7
-31648.1
-31616
-31583.4
-31550.6
-31517.4
-31483.9
-31450.1
-31416.2
-31382
-31347.7
-31313.2
-31278.6
-31243.9
-31209
-31174
-31138.9
-31103.7
-31068.3
-31032.9
-30997.3
-30961.6
-30925.9
-30890.1
-30854.2
-30818.2
-30782.2
-30746.1
-30709.9
-30673.7
-30637.4
-30601
-30564.5
-30527.9
-30491.3
-30454.6
-30417.7
-30380.8
-30343.9
-30306.9
-30269.8
-30232.7
-30195.5
-30158.3
-30121.1
-30083.7
-30046.3
-30008.9
-29971.4
-29933.8
-29896.2
-29858.5
-29820.8
-29783.1
-29745.4
-29707.7
-29670
-29632.3
-29594.7
-29557.1
-29519.6
-29482.2
-29444.9
-29407.6
-29370.6
-29333.6
-29297
-29260.5
-29224.4
-29188.6
-29153.2
-29118.3
-29083.8
-29049.8
-29016.3
-28983.4
-28951.1
-28919.3
-28888
-28857.3
-28827
-28797.3
-4.30372
0.463352
2.87719
4.12183
4.67601
4.79672
4.64083
4.30783
3.86139
3.34232
2.77691
2.18214
1.56914
0.945268
0.315683
0.999365
1.96925
3.01707
3.72781
4.09083
4.17479
4.05222
3.78249
3.41004
2.96688
2.47556
1.95192
1.40707
0.849012
0.283765
3.86966
3.39772
3.49459
3.68183
3.78487
3.75941
3.61078
3.35984
3.02942
2.63959
2.20656
1.74289
1.2582
0.759952
0.254129
5.14375
4.25808
3.88221
3.72032
3.60747
3.4672
3.27166
3.01667
2.70819
2.35551
1.96821
1.55488
1.1229
0.678467
0.226926
5.52013
4.60917
4.05614
3.70989
3.45755
3.23028
2.99197
2.72699
2.43116
2.10607
1.75587
1.38553
1.00004
0.604094
0.202034
5.41133
4.60261
4.02343
3.60562
3.28257
3.00438
2.73895
2.46817
2.18338
1.88173
1.56366
1.23133
0.887648
0.535833
0.17915
5.0444
4.36662
3.8294
3.40659
3.06274
2.76571
2.49127
2.22336
1.95246
1.67381
1.38573
1.08847
0.783389
0.47244
0.157885
4.54248
3.99009
3.52097
3.12861
2.79609
2.50443
2.23708
1.98152
1.7293
1.47532
1.21698
0.95344
0.684996
0.412654
0.137834
3.97245
3.53028
3.13577
2.79077
2.48857
2.21885
1.97109
1.73635
1.50791
1.28118
1.05343
0.823314
0.590502
0.355346
0.11863
3.37061
3.02281
2.70104
2.41014
2.14857
1.9113
1.69207
1.48489
1.28479
1.08807
0.892247
0.695884
0.498351
0.2996
0.0999718
2.75641
2.48929
2.23546
2.00018
1.78428
1.58571
1.401
1.22635
1.0583
0.894059
0.731604
0.569626
0.407418
0.244729
0.081629
2.13975
1.94248
1.75131
1.57084
1.40266
1.24627
1.09988
0.961214
0.827998
0.698262
0.570483
0.4436
0.316966
0.190271
0.0634438
1.52504
1.38958
1.25648
1.12919
1.00926
0.896814
0.791031
0.69063
0.594217
0.50051
0.408468
0.317323
0.226575
0.135945
0.0453188
0.913474
0.834314
0.75585
0.680183
0.608385
0.540698
0.476801
0.416059
0.357728
0.301094
0.245555
0.19065
0.136066
0.081616
0.0272049
-28765.1
-28730.5
-28696.6
-28663.1
-28630.1
-28597.5
-28565.2
-28533.3
-28501.6
-28470.2
-28439
-28407.9
-28377
-28346.2
-28315.4
)
;

boundaryField
{
    hot
    {
        type            calculated;
        value           nonuniform List<scalar> 
120
(
32284.5
0.0531579
0.0891345
0.125905
0.163701
0.202667
0.242827
0.284044
0.325987
0.368094
0.409558
0.449327
0.486147
0.518642
0.545449
0.564284
0.575562
0.581262
0.581398
0.576251
0.566329
0.552309
0.534956
0.515048
0.493312
0.470374
0.446748
0.422827
0.398906
0.375205
0.351896
0.329126
0.307033
0.285749
0.265402
0.246104
0.227947
0.21099
0.195255
0.180728
0.167357
0.155061
0.143742
0.133293
0.123607
0.114589
0.106159
0.0982568
0.0908376
0.0838717
0.0773382
0.0712196
0.0654973
0.0601477
0.0551402
0.0504367
0.0459932
0.0417616
0.0376924
0.0337379
0.0298541
0.0260028
0.0221515
0.018274
0.0143484
0.0103563
0.00628109
0.00210623
-0.00218583
-0.0066147
-0.0112028
-0.015976
-0.0209643
-0.0262018
-0.0317277
-0.0375856
-0.0438233
-0.0504909
-0.0576393
-0.0653169
-0.0735664
-0.0824219
-0.0919059
-0.102029
-0.112788
-0.124173
-0.136168
-0.14876
-0.161948
-0.175745
-0.19019
-0.20534
-0.221271
-0.238063
-0.255784
-0.274464
-0.294072
-0.314487
-0.335472
-0.356659
-0.37754
-0.397474
-0.415714
-0.43145
-0.443876
-0.452611
-0.455922
-0.451869
-0.440305
-0.421538
-0.396246
-0.36535
-0.329876
-0.290843
-0.249176
-0.205653
-0.160893
-0.115355
-0.0693641
-32289.2
)
;
    }
    cold
    {
        type            calculated;
        value           nonuniform List<scalar> 
120
(
28318.4
-0.0213393
-0.0370127
-0.0548829
-0.075866
-0.100888
-0.13085
-0.166557
-0.208615
-0.257291
-0.31235
-0.372896
-0.437258
-0.502984
-0.566983
-0.62147
-0.664858
-0.700967
-0.728635
-0.747246
-0.756748
-0.757591
-0.750602
-0.736838
-0.717443
-0.693532
-0.666115
-0.636063
-0.604106
-0.57085
-0.536817
-0.502464
-0.468209
-0.434438
-0.401505
-0.36972
-0.33934
-0.310558
-0.283495
-0.258199
-0.234655
-0.212791
-0.192497
-0.173637
-0.156067
-0.139647
-0.124249
-0.109761
-0.0960913
-0.0831656
-0.0709215
-0.0593057
-0.0482694
-0.037765
-0.027743
-0.0181509
-0.0089317
-2.37255e-05
0.00864002
0.0171319
0.0255295
0.033915
0.0423738
0.0509921
0.0598547
0.0690411
0.0786229
0.0886612
0.0992053
0.110294
0.121957
0.134223
0.147121
0.160693
0.174995
0.190103
0.206112
0.223125
0.241248
0.260566
0.281125
0.302912
0.325834
0.349699
0.374217
0.39899
0.423532
0.447281
0.469629
0.489951
0.507632
0.522098
0.532834
0.539406
0.541479
0.538836
0.531402
0.519268
0.502711
0.482199
0.458377
0.432031
0.404027
0.375236
0.346462
0.315683
0.283765
0.254129
0.226926
0.202034
0.17915
0.157885
0.137834
0.11863
0.0999718
0.081629
0.0634438
0.0453188
0.0272049
-28315.4
)
;
    }
    interface_left
    {
        type            calculated;
        value           nonuniform List<scalar> 
90
(
23.8394
59.1933
61.7231
35.6618
25.9783
17.0467
12.818
7.28794
8.93601
9.40474
9.91341
10.246
11.0221
12.0499
15.1479
14.5885
9.63961
7.67761
5.72331
4.76986
3.57096
2.88368
1.76528
2.32293
2.52147
2.76983
2.92552
3.24341
3.60497
4.6291
4.49366
3.02355
2.4387
1.84717
1.55489
1.17731
0.956665
0.586202
0.784554
0.85583
0.943282
0.994875
1.09573
1.20745
1.5244
1.4666
0.959176
0.752576
0.536225
0.427291
0.2863
0.206697
0.0894733
0.0736746
0.0376249
-0.0460714
-0.124393
-0.290687
-0.455654
-0.856956
-0.953528
-0.871705
-0.863147
-0.883466
-0.896669
-0.896469
-0.870723
-0.71691
-1.23063
-1.56859
-2.1789
-2.6723
-3.69054
-4.70598
-7.25649
-7.57792
-6.10009
-5.60882
-5.23708
-5.05949
-4.77666
-4.48877
-3.59703
-6.65316
-6.67954
-3.49419
-3.29143
-5.01921
-10.5615
-28.1546
)
;
    }
    interface_right
    {
        type            calculated;
        value           nonuniform List<scalar> 
90
(
-11.6705
-113.804
-126.511
-69.5257
-49.0961
-31.2001
-23.0299
-12.8119
-15.4836
-16.1812
-16.8646
-17.3091
-18.3981
-19.9474
-24.744
-23.6941
-15.4061
-12.1194
-8.85716
-7.27716
-5.32437
-4.23018
-2.52599
-3.18886
-3.37408
-3.55278
-3.64233
-3.83885
-4.11457
-4.99325
-4.72748
-2.97039
-2.26484
-1.55817
-1.21619
-0.805547
-0.586717
-0.292275
-0.252833
-0.181
-0.027204
0.101999
0.358204
0.590876
1.13106
1.25794
1.13629
1.11054
1.10337
1.09748
1.05756
1.00242
0.784646
1.32575
1.66158
2.2465
2.70546
3.63712
4.55722
6.8617
7.10368
5.59649
5.07534
4.63279
4.4193
4.06993
3.77837
2.91189
4.80747
6.00215
8.12025
9.84175
13.4152
17.0587
26.3041
27.5611
22.5319
21.0815
20.5627
20.663
21.42
21.8361
21.9403
50.9501
49.7482
17.0104
6.7663
2.81952
0.184905
-4.41219
)
;
    }
    interface_top
    {
        type            calculated;
        value           nonuniform List<scalar> 
90
(
-121.547
-200.289
108.228
-3.33348
57.5069
-1.57856
33.3666
-1.06134
-33.2858
-0.698573
-45.2043
-0.64251
-58.5496
-0.0597049
-85.4865
82.074
-2.85299
54.4143
-1.97459
40.1488
-1.78493
27.3245
-1.4117
-30.1292
-1.10503
-42.9456
-1.06614
-57.2317
-0.512738
-85.0342
81.6082
-3.29277
54.7201
-2.25649
40.6712
-1.9982
27.8086
-1.57281
-31.0145
-1.22624
-44.2489
-1.14666
-59.0185
-0.507269
-87.705
84.3282
-3.28516
56.5813
-2.22209
42.1184
-1.93636
28.8729
-1.47559
-31.9044
-1.07054
-45.5818
-0.90932
-60.8366
-0.119461
-90.4458
87.874
-2.85675
59.0704
-1.84334
44.21
-1.5372
30.6276
-1.01431
-32.8891
-0.491485
-47.5428
-0.165415
-64.3042
0.920244
-97.3783
98.5349
-1.83824
69.3542
-0.61547
56.5671
0.00731565
47.7856
1.93592
-57.9314
109.406
56.5722
32.5199
17.3737
3.60261
-15.3973
)
;
    }
    interface_bottom
    {
        type            calculated;
        value           nonuniform List<scalar> 
90
(
36.4109
110.891
-82.853
2.49678
-50.5838
0.892312
-32.1549
0.0328774
31.0794
-0.66567
43.3015
-1.0711
56.8122
-2.06317
83.6387
-84.7131
0.386583
-56.7712
-0.480157
-42.4213
-0.72031
-29.6008
-1.15697
27.1783
-1.61108
39.4862
-1.88355
52.9492
-2.81814
78.9359
-81.7507
-0.332244
-55.0682
-1.02778
-41.3202
-1.1677
-28.9903
-1.53728
25.844
-1.96697
37.7754
-2.24238
50.7864
-3.23419
75.7206
-79.2584
-0.721776
-53.3846
-1.29428
-40.0732
-1.37385
-28.1604
-1.69976
24.6887
-2.09962
36.1841
-2.35009
48.7042
-3.28889
72.6781
-76.3602
-0.81869
-51.4373
-1.34054
-38.6179
-1.40557
-27.14
-1.70381
23.6517
-2.04753
34.7157
-2.21399
46.8159
-2.92042
70.2244
-73.5576
-0.599771
-49.8664
-1.22859
-37.9855
-1.48865
-28.031
-2.39477
25.1263
-29.3053
-4.74553
10.8429
26.3693
49.1531
95.7096
)
;
    }
    defaultFaces
    {
        type            empty;
    }
}


// ************************************************************************* //
