/*--------------------------------*- C++ -*----------------------------------*\
| =========                 |                                                 |
| \\      /  F ield         | OpenFOAM: The Open Source CFD Toolbox           |
|  \\    /   O peration     | Version:  5.x                                   |
|   \\  /    A nd           | Web:      www.OpenFOAM.org                      |
|    \\/     M anipulation  |                                                 |
\*---------------------------------------------------------------------------*/
FoamFile
{
    version     2.0;
    format      ascii;
    class       volScalarField;
    location    "1.7";
    object      gradTy;
}
// * * * * * * * * * * * * * * * * * * * * * * * * * * * * * * * * * * * * * //

dimensions      [0 -1 0 1 0 0 0];

internalField   nonuniform List<scalar> 
6300
(
32285.3
32256
32226.5
32196.9
32167
32136.9
32106.4
32075.4
32044
32012.1
31979.7
31946.7
31913.1
31879
31844.3
0.0511729
0.153047
0.253476
0.351395
0.445591
0.534659
0.616993
0.6908
0.754158
0.805138
0.84198
0.863326
0.868487
0.857706
0.832336
0.0858044
0.256665
0.425225
0.589768
0.748312
0.898536
1.03774
1.16288
1.2706
1.35751
1.4204
1.45673
1.46504
1.44556
1.40052
0.121186
0.362588
0.600999
0.834148
1.05936
1.27344
1.47259
1.65238
1.80788
1.93391
2.02542
2.07816
2.08942
2.05901
1.98992
0.157536
0.471502
0.782037
1.08647
1.38155
1.66329
1.92679
2.16616
2.37465
2.54484
2.66923
2.74106
2.7555
2.71112
2.61134
0.194992
0.58385
0.969181
1.34813
1.71708
2.07139
2.40511
2.71084
2.97971
3.20157
3.36559
3.46135
3.48041
3.41864
3.27883
0.233573
0.699725
1.16271
1.61979
2.06727
2.50008
2.91143
3.29239
3.63178
3.91613
4.13024
4.25833
4.28615
4.20421
4.0122
0.273147
0.818768
1.36215
1.90106
2.43212
2.95025
3.44812
3.91553
4.3389
4.70095
4.98093
5.15561
5.20168
5.09985
4.84154
0.313396
0.940051
1.56606
2.19019
2.80989
3.42068
4.01528
4.58273
5.10735
5.56786
5.93691
6.18152
6.26512
6.15198
5.81532
0.353781
1.06198
1.77186
2.48374
3.1966
3.90731
4.60961
5.29277
5.93992
6.52625
7.01735
7.36844
7.52533
7.42762
7.01463
0.393529
1.18223
1.97567
2.77632
3.58545
4.40235
5.22309
6.03882
6.83333
7.5799
8.23782
8.74957
9.04013
9.01852
8.57482
0.431634
1.29775
2.17228
3.06042
3.96656
4.89355
5.84158
6.80611
7.7747
8.72221
9.60448
10.3519
10.8671
11.0315
10.7034
0.466894
1.40484
2.35528
3.32654
4.3268
5.36374
6.4436
7.56937
8.73717
9.92979
11.106
12.1864
13.0448
13.537
13.6109
0.497995
1.49945
2.51747
3.56366
4.65039
5.79102
6.99973
8.29061
9.67484
11.1538
12.7034
14.2429
15.5887
16.461
16.9628
0.523632
1.5775
2.65151
3.76024
4.92009
6.15024
7.47373
8.91851
10.5178
12.3072
14.3108
16.493
18.6064
19.756
17.4502
31811.9
31782.1
31752
31721.5
31690.8
31659.7
31628.3
31596.7
31564.9
31532.9
31500.6
31468.2
31435.6
31402.9
31370
31337.1
31304.1
31271
31237.9
31204.8
31171.7
31138.5
31105.3
31072.1
31038.9
31005.7
30972.4
30939.2
30905.9
30872.7
30839.4
30806.2
30772.9
30739.7
30706.5
30673.4
30640.3
30607.1
30574.1
30541
30507.9
30474.8
30441.7
30408.7
30375.6
30342.5
30309.5
30276.5
30243.5
30210.5
30177.6
30144.7
30111.8
30079
30046.1
30013.3
29980.5
29947.6
29914.8
29882
29849.2
29816.4
29783.7
29751
29718.3
29685.7
29653.1
29620.6
29588
29555.6
29523.1
29490.6
29458.2
29425.8
29393.4
29361
29328.7
29296.4
29264.1
29231.9
29199.7
29167.5
29135.3
29103
29070.7
29038.4
29006
28973.4
28940.8
28908
0.797971
0.76045
0.718799
0.675112
0.63114
0.588061
0.546358
0.505838
0.465791
0.425267
0.383393
0.339677
0.29423
0.247859
0.202003
0.158534
0.119443
0.0864871
0.0608679
0.0429985
0.03241
0.0278059
0.027255
0.0284872
0.0292451
0.027633
0.0224097
0.0131744
0.000414305
-0.0146001
-0.030057
-0.0439419
-0.0544126
-0.0601372
-0.060536
-0.0558862
-0.0472759
-0.0364206
-0.0253762
-0.0161962
-0.0105885
-0.00962902
-0.013578
-0.0218333
-0.033033
-0.0452946
-0.0565488
-0.0649091
-0.0690058
-0.0682237
-0.0628045
-0.0537998
-0.0428878
-0.0320869
-0.0234148
-0.0185467
-0.01853
-0.0236011
-0.033139
-0.0457665
-0.0595877
-0.0725194
-0.0826579
-0.0886097
-0.0897262
-0.0862027
-0.0790283
-0.0697987
-0.0604264
-0.0527942
-0.048409
-0.0481093
-0.0518761
-0.05878
-0.0670799
-0.0744609
-0.0783771
-0.076441
-0.066796
-0.0484155
-0.0212907
0.0135098
0.0539038
0.096973
0.139231
0.176967
0.206629
0.22523
0.230705
0.222182
1.33982
1.27385
1.20109
1.12548
1.05031
0.977726
0.90851
0.842079
0.776823
0.710647
0.641616
0.56856
0.491518
0.411929
0.332519
0.256897
0.188942
0.132098
0.088732
0.0596834
0.0440834
0.0394658
0.0421414
0.0477693
0.0520313
0.0513043
0.0432235
0.0270463
0.00375061
-0.0241617
-0.0531324
-0.0792108
-0.0987885
-0.109262
-0.109498
-0.100033
-0.0829694
-0.0616237
-0.0399667
-0.0219647
-0.0109206
-0.00891851
-0.0164659
-0.0323957
-0.0540594
-0.0777881
-0.0995476
-0.115663
-0.123474
-0.121793
-0.111097
-0.0934283
-0.0720399
-0.0508375
-0.0337258
-0.0239508
-0.0235483
-0.0329865
-0.0510683
-0.0751225
-0.101462
-0.126034
-0.14514
-0.156085
-0.157631
-0.150182
-0.135685
-0.117258
-0.0986406
-0.0835202
-0.0748725
-0.0743957
-0.0821411
-0.0964037
-0.113902
-0.130236
-0.140542
-0.140249
-0.125787
-0.0951465
-0.0482165
0.0131191
0.0851095
0.162461
0.23882
0.307382
0.361594
0.395899
0.406432
0.391556
1.89725
1.79706
1.68754
1.57527
1.46579
1.36259
1.2667
1.17668
1.08923
1.0002
0.905696
0.803245
0.692539
0.575811
0.45765
0.344293
0.242519
0.15838
0.0960597
0.0570857
0.0400284
0.0407123
0.0528679
0.069112
0.0820983
0.085664
0.0757973
0.0512728
0.0138408
-0.0320908
-0.0802622
-0.123728
-0.15616
-0.17301
-0.172313
-0.154999
-0.124707
-0.0871506
-0.0491672
-0.0175857
0.00189795
0.00567463
-0.00715003
-0.0345672
-0.0719768
-0.112981
-0.150536
-0.178238
-0.191473
-0.188205
-0.169288
-0.138273
-0.100783
-0.0635565
-0.0333305
-0.015717
-0.0142549
-0.029784
-0.0602566
-0.101047
-0.145742
-0.18728
-0.219237
-0.236959
-0.238351
-0.224179
-0.197865
-0.164863
-0.131689
-0.104797
-0.0894436
-0.0887174
-0.102899
-0.129247
-0.162285
-0.194574
-0.217855
-0.224348
-0.207965
-0.165228
-0.0957825
-0.00251396
0.108692
0.229473
0.349728
0.458548
0.545309
0.600878
0.618823
0.59638
2.47764
2.33371
2.17793
2.02107
1.87221
1.73694
1.61644
1.50758
1.40394
1.29762
1.18123
1.04982
0.902236
0.741761
0.57587
0.415017
0.270705
0.153246
0.0697744
0.0229324
0.0104309
0.0254439
0.0577114
0.0951503
0.125735
0.13937
0.129481
0.0940888
0.0361728
-0.0367932
-0.114167
-0.184134
-0.23597
-0.262028
-0.259057
-0.228657
-0.176907
-0.113297
-0.0491533
0.00420906
0.0373287
0.0441671
0.0231716
-0.022358
-0.0847271
-0.153151
-0.215724
-0.261659
-0.283248
-0.277164
-0.244913
-0.192459
-0.129162
-0.0662109
-0.0147897
0.0157576
0.0194883
-0.00508025
-0.0546047
-0.12137
-0.194584
-0.262344
-0.313849
-0.341365
-0.341505
-0.315676
-0.269698
-0.212731
-0.155708
-0.109479
-0.0829682
-0.0815887
-0.106153
-0.15247
-0.211759
-0.271898
-0.319354
-0.341398
-0.328105
-0.27378
-0.177663
-0.043986
0.11848
0.297234
0.477093
0.641473
0.773932
0.860031
0.889366
0.857353
3.09029
2.88744
2.66987
2.45538
2.25907
2.09001
1.94943
1.83095
1.72251
1.60953
1.4784
1.3197
1.13049
0.915514
0.686838
0.461922
0.260224
0.0991745
-0.00925706
-0.0606703
-0.058787
-0.014671
0.055108
0.131058
0.193778
0.226949
0.219889
0.169335
0.0801729
-0.0351534
-0.158744
-0.270658
-0.352908
-0.392858
-0.38531
-0.333069
-0.246197
-0.140226
-0.0336286
0.055138
0.110588
0.122723
0.0888037
0.0140801
-0.0887804
-0.201767
-0.304897
-0.380163
-0.414897
-0.403832
-0.34966
-0.262289
-0.157073
-0.0522932
0.0337779
0.0858159
0.0939499
0.0555268
-0.0241601
-0.132438
-0.251317
-0.360847
-0.443041
-0.485226
-0.482089
-0.436223
-0.357386
-0.260717
-0.164216
-0.0857978
-0.0403361
-0.037132
-0.078112
-0.157044
-0.260036
-0.36751
-0.457472
-0.509357
-0.507353
-0.442531
-0.313647
-0.126932
0.104799
0.363387
0.626734
0.870353
1.0693
1.20091
1.24824
1.20348
3.74825
3.46237
3.15739
2.86351
2.6067
2.40207
2.25062
2.13988
2.04763
1.94756
1.81528
1.63351
1.39587
1.10899
0.792391
0.475398
0.191209
-0.0306659
-0.170394
-0.22102
-0.18882
-0.0917411
0.0436167
0.186018
0.304367
0.372457
0.372925
0.300175
0.161843
-0.0216209
-0.220142
-0.399908
-0.530768
-0.592097
-0.575936
-0.487367
-0.343007
-0.168073
0.00755335
0.154023
0.2462
0.267575
0.21317
0.0910097
-0.0782802
-0.264605
-0.434224
-0.557065
-0.612532
-0.592612
-0.502249
-0.357856
-0.184394
-0.0114749
0.131312
0.219054
0.235412
0.175511
0.0474127
-0.128284
-0.321556
-0.498756
-0.629889
-0.694397
-0.684244
-0.604293
-0.470798
-0.308503
-0.146727
-0.0147016
0.0631061
0.0709099
0.00454216
-0.127009
-0.301892
-0.488373
-0.650451
-0.754942
-0.777087
-0.703554
-0.532931
-0.274723
0.0524265
0.42267
0.804769
1.16354
1.46162
1.66314
1.73972
1.67732
4.47235
4.06483
3.62895
3.2183
2.87921
2.63757
2.49319
2.42219
2.38403
2.33197
2.22343
2.02775
1.73216
1.34528
0.898511
0.441637
0.0324606
-0.278796
-0.45984
-0.50064
-0.412281
-0.223934
0.0219806
0.275612
0.487328
0.615338
0.631391
0.525444
0.308497
0.013584
-0.308557
-0.599597
-0.808769
-0.90294
-0.870848
-0.722022
-0.483864
-0.196942
0.0906977
0.331066
0.48374
0.521521
0.435074
0.235774
-0.0432839
-0.351536
-0.630951
-0.831028
-0.918767
-0.882872
-0.73269
-0.495327
-0.210985
0.0726843
0.308061
0.455035
0.486634
0.393648
0.187474
-0.0988737
-0.414994
-0.703056
-0.912734
-1.01113
-0.986967
-0.849518
-0.625735
-0.355593
-0.0864524
0.134416
0.267303
0.285709
0.181012
-0.0346192
-0.32709
-0.644417
-0.926391
-1.11914
-1.18462
-1.10442
-0.87836
-0.521812
-0.0620234
0.464864
1.01637
1.54412
1.99299
2.30525
2.43132
2.34405
5.29998
4.70814
4.06418
3.47004
3.01141
2.73304
2.63015
2.65724
2.74047
2.79771
2.75707
2.56589
2.19988
1.66781
1.01919
0.339194
-0.267292
-0.714435
-0.951241
-0.966249
-0.779727
-0.439028
-0.0107693
0.425559
0.790824
1.01943
1.06553
0.910547
0.567415
0.0879856
-0.441773
-0.917191
-1.25239
-1.39562
-1.33388
-1.08534
-0.694965
-0.226873
0.241886
0.634358
0.886694
0.954324
0.819453
0.495351
0.0337118
-0.480035
-0.94197
-1.26681
-1.40309
-1.33776
-1.08873
-0.700504
-0.236664
0.226325
0.612051
0.857096
0.917197
0.774714
0.442922
-0.0266532
-0.548899
-1.02029
-1.35589
-1.50442
-1.45288
-1.21913
-0.847494
-0.401307
0.0432718
0.410165
0.63629
0.677719
0.517172
0.168366
-0.316548
-0.851413
-1.33086
-1.66663
-1.80199
-1.71534
-1.41172
-0.91759
-0.273118
0.471582
1.26217
2.03828
2.72105
3.21544
3.43012
3.30817
6.30521
5.42647
4.42761
3.52661
2.88398
2.57582
2.57992
2.81147
3.13435
3.40444
3.50747
3.3558
2.90675
2.15818
1.18503
0.130904
-0.796501
-1.45296
-1.76203
-1.72207
-1.36919
-0.780214
-0.0551424
0.677833
1.2911
1.68633
1.78924
1.56657
1.02259
0.234848
-0.653258
-1.43672
-1.97247
-2.18351
-2.06592
-1.65293
-1.01801
-0.257794
0.502894
1.13941
1.55559
1.67869
1.47629
0.952939
0.185696
-0.683196
-1.45046
-1.97416
-2.17779
-2.05724
-1.64527
-1.01464
-0.261184
0.491157
1.11855
1.52541
1.63941
1.42831
0.896706
0.12134
-0.756102
-1.53316
-2.06848
-2.28586
-2.18127
-1.78737
-1.17668
-0.444778
0.284789
0.888547
1.27117
1.3605
1.12436
0.567283
-0.234133
-1.13827
-1.94225
-2.50277
-2.73911
-2.6387
-2.21946
-1.52988
-0.628568
0.412199
1.52878
2.6668
3.72033
4.52839
4.91362
4.74696
7.64707
6.3177
4.65005
3.21104
2.27484
1.9689
2.2021
2.83419
3.60426
4.25176
4.62464
4.57393
4.04493
2.97196
1.46747
-0.25986
-1.71587
-2.69173
-3.07544
-2.92849
-2.29864
-1.31738
-0.1109
1.10248
2.10536
2.77416
2.98177
2.68528
1.82878
0.526221
-1.01545
-2.31298
-3.16014
-3.44464
-3.22337
-2.54016
-1.5215
-0.289433
0.942675
1.96173
2.64648
2.87175
2.59523
1.76169
0.484007
-1.03275
-2.30975
-3.1425
-3.41936
-3.19642
-2.51677
-1.5057
-0.284177
0.93584
1.94255
2.61536
2.82968
2.54338
1.70143
0.416245
-1.10793
-2.39422
-3.23898
-3.53104
-3.32633
-2.66785
-1.6805
-0.484966
0.707392
1.68529
2.3283
2.5119
2.19362
1.31798
-0.00386518
-1.56939
-2.9043
-3.80575
-4.16117
-4.02122
-3.41652
-2.4471
-1.18486
0.243615
1.76446
3.41696
5.07304
6.45013
7.19176
6.98515
9.68872
7.69609
4.54326
2.17142
0.758154
0.585566
1.24984
2.65819
4.25065
5.49455
6.35177
6.48082
5.96644
4.40713
2.07078
-1.04133
-3.32669
-4.78319
-5.15304
-4.83029
-3.73413
-2.1789
-0.176616
1.83025
3.40067
4.52611
4.90017
4.61041
3.27725
1.16189
-1.72924
-3.8378
-5.15812
-5.43414
-5.04606
-3.91048
-2.33236
-0.32119
1.6892
3.26537
4.39897
4.78732
4.51623
3.20995
1.1265
-1.72762
-3.80886
-5.11141
-5.38075
-4.99335
-3.86564
-2.2999
-0.305117
1.68758
3.24724
4.36543
4.74075
4.45846
3.14428
1.05519
-1.80243
-3.89119
-5.20548
-5.49168
-5.12495
-4.02202
-2.48423
-0.520692
1.4387
2.96415
4.04686
4.3859
4.06537
2.71111
0.577204
-2.33268
-4.49059
-5.8951
-6.29659
-6.07304
-5.1388
-3.78602
-1.98057
-0.0580477
1.8105
4.16189
6.82742
9.28692
10.8354
10.6859
13.2718
10.7456
3.31204
-0.248566
-2.54511
-2.00285
-0.773854
2.21705
5.39899
7.29417
9.1275
9.31428
9.39265
6.96127
3.79118
-3.01328
-6.13106
-8.43944
-8.22798
-7.84582
-5.83069
-3.68416
-0.248923
3.18654
5.33675
7.36007
7.77449
8.03807
5.85211
2.91466
-3.56993
-6.49768
-8.65993
-8.37994
-7.94519
-5.91808
-3.76683
-0.351832
3.06097
5.20633
7.22462
7.65248
7.92786
5.77734
2.87874
-3.53548
-6.42933
-8.56819
-8.28789
-7.85639
-5.84533
-3.71197
-0.323114
3.06286
5.18759
7.18519
7.59872
7.85941
5.70296
2.80076
-3.60413
-6.50348
-8.65246
-8.39258
-7.98376
-6.00244
-3.90108
-0.550518
2.79483
4.88051
6.83622
7.20961
7.42562
5.22687
2.27563
-4.17883
-7.16179
-9.42881
-9.33207
-9.14826
-7.46376
-5.77681
-2.94488
-0.281993
1.16122
4.45445
8.87829
13.4354
16.9239
17.4315
20.0501
20.8632
-3.49501
-4.48865
-9.93629
-5.58018
-5.3347
1.50081
8.40027
9.18286
14.2743
12.3038
16.4329
10.5792
10.7451
-10.2941
-10.101
-15.7243
-11.5488
-13.2128
-8.11652
-7.04515
-0.321574
6.39356
7.45559
12.5108
10.866
14.9931
9.50912
9.77528
-10.5325
-10.2599
-15.6786
-11.5487
-13.1374
-8.10449
-7.02118
-0.379359
6.25781
7.33023
12.3404
10.7372
14.8328
9.4219
9.69341
-10.4128
-10.1371
-15.5087
-11.4129
-12.9941
-8.00124
-6.93204
-0.337073
6.25423
7.31092
12.2859
10.6767
14.7409
9.33543
9.59009
-10.4539
-10.1964
-15.5683
-11.5081
-13.1071
-8.15581
-7.1169
-0.572945
5.96477
6.98388
11.904
10.2598
14.263
8.82612
9.01861
-11.024
-10.864
-16.3664
-12.4929
-14.3845
-9.79226
-9.4164
-3.66581
1.25034
-2.15213
3.11909
10.7373
19.123
27.3047
31.8836
29.6868
67.2138
-43.9469
-2.31494
-31.4456
-3.23891
-19.3859
0.691832
20.2092
4.86611
29.5894
6.50938
37.8476
5.52794
48.2334
-48.1504
-5.69639
-37.1207
-6.46176
-28.316
-4.60769
-18.5467
-0.383368
17.7398
3.82283
27.3083
5.64476
35.7864
4.88441
46.2608
-47.1327
-5.82872
-36.4494
-6.4845
-27.8668
-4.60559
-18.282
-0.402329
17.4658
3.7815
26.9775
5.61314
35.4247
4.88136
45.8495
-46.6426
-5.71542
-36.0851
-6.36563
-27.6015
-4.50988
-18.1121
-0.348624
17.4126
3.78904
26.8648
5.5821
35.2558
4.81432
45.6065
-46.5408
-5.78591
-36.0695
-6.47705
-27.6658
-4.67828
-18.2628
-0.589255
17.0786
3.46695
26.4216
5.17512
34.6912
4.31643
44.8976
-46.9634
-6.41447
-36.8071
-7.35429
-28.9592
-6.05112
-20.7974
-3.18699
14.7597
-17.947
-1.5874
11.5
25.1131
42.8822
71.465
28871.9
28832.3
28792.6
28752.9
28713.1
28673.4
28633.7
28594
28554.5
28515.1
28475.8
28436.6
28397.5
28358.5
28319.5
0.197906
0.154617
0.0995252
0.0387702
-0.0213904
-0.0754389
-0.119151
-0.149819
-0.166214
-0.168377
-0.15734
-0.134844
-0.103099
-0.0645998
-0.0219935
0.348165
0.270518
0.171933
0.0637722
-0.0425851
-0.13733
-0.21317
-0.265636
-0.292904
-0.295351
-0.275007
-0.235045
-0.179351
-0.112226
-0.0381805
0.528797
0.407414
0.253969
0.0870193
-0.0753477
-0.218086
-0.330529
-0.406618
-0.444388
-0.445092
-0.412278
-0.350964
-0.267025
-0.166769
-0.056683
0.75708
0.576368
0.349506
0.10568
-0.127742
-0.32914
-0.484244
-0.585922
-0.632937
-0.628354
-0.578047
-0.489508
-0.371019
-0.231141
-0.0784658
1.05668
0.791465
0.461997
0.113931
-0.212167
-0.486494
-0.69139
-0.819894
-0.873088
-0.857343
-0.78205
-0.658004
-0.496401
-0.308311
-0.104505
1.46133
1.07081
0.593079
0.100207
-0.34837
-0.713285
-0.974931
-1.12918
-1.18218
-1.14588
-1.03481
-0.86406
-0.64827
-0.401197
-0.13575
2.02088
1.43735
0.739298
0.0421825
-0.56824
-1.04335
-1.36588
-1.53972
-1.58058
-1.5092
-1.34724
-1.11516
-0.831422
-0.512456
-0.17305
2.81139
1.91842
0.884571
-0.102539
-0.923423
-1.52601
-1.90551
-2.08324
-2.09122
-1.9631
-1.72979
-1.41792
-1.0498
-0.644156
-0.217045
3.95291
2.54035
0.983097
-0.413487
-1.4969
-2.23174
-2.6469
-2.79652
-2.73796
-2.52219
-2.19091
-1.77692
-1.30572
-0.797318
-0.268017
5.64065
3.3069
0.920903
-1.03764
-2.41898
-3.25712
-3.65385
-3.71797
-3.54191
-3.19679
-2.73473
-2.19314
-1.59883
-0.971378
-0.325724
8.19541
4.12569
0.431233
-2.23904
-3.88427
-4.72394
-4.9934
-4.8796
-4.51493
-3.98832
-3.35807
-2.66207
-1.9251
-1.16364
-0.389226
12.1029
4.56915
-1.08264
-4.46543
-6.15517
-6.76099
-6.7162
-6.29208
-5.64988
-4.8835
-4.04714
-3.17199
-2.27585
-1.36884
-0.456769
17.7311
3.13054
-4.86561
-8.38488
-9.50997
-9.44864
-8.81834
-7.92263
-6.90902
-5.84864
-4.77502
-3.70288
-2.63746
-1.57911
-0.525778
22.5212
-4.9124
-13.1256
-14.6985
-14.0512
-12.7053
-11.1859
-9.67107
-8.21491
-6.82703
-5.50141
-4.22706
-2.99198
-1.78438
-0.593007
0.541624
1.63224
2.74543
3.89785
5.10883
6.40202
7.8078
9.36674
11.1349
13.1912
15.6441
18.6218
22.1531
25.4484
22.8675
0.552368
1.66482
2.80096
3.9784
5.2179
6.54543
7.99536
9.61595
11.479
13.6984
16.4702
20.1699
25.6354
35.156
56.5923
0.557754
1.68096
2.8278
4.01586
5.26587
6.60384
8.06443
9.69683
11.5755
13.822
16.652
20.4919
26.3014
36.5889
59.0221
0.557794
1.6807
2.82603
4.01031
5.25277
6.57711
8.01421
9.60669
11.4168
13.5404
16.1324
19.4462
23.8575
29.5863
34.225
0.552751
1.66488
2.79721
3.96436
5.18283
6.47209
7.85609
9.36545
11.0403
12.9336
15.1116
17.6384
20.4986
23.3398
24.9959
0.54311
1.63503
2.74422
3.88279
5.06374
6.30128
7.61095
9.00931
10.5122
12.1292
13.8488
15.599
17.1529
17.9162
16.4454
0.529513
1.59319
2.67083
3.77179
4.90537
6.0804
7.30424
8.58061
9.90478
11.2536
12.5647
13.696
14.3562
14.0443
12.3843
0.512692
1.54165
2.58125
3.63816
4.71824
5.82563
6.96106
8.11872
9.28032
10.4042
11.4056
12.1202
12.2346
11.1086
7.04104
0.493387
1.48274
2.47965
3.48844
4.51215
5.55139
6.60247
7.65411
8.68204
9.63996
10.4456
10.9614
10.9746
10.2155
8.65233
0.472291
1.41859
2.3698
3.32838
4.2953
5.26897
6.24349
7.20599
8.1324
8.98145
9.68704
10.1516
10.2509
9.88093
9.10823
0.450005
1.35103
2.25485
3.16254
4.07378
4.98596
5.8929
6.78296
7.63649
8.42257
9.09583
9.59549
9.85322
9.82602
9.5909
0.427018
1.28152
2.13722
2.99425
3.85161
4.7066
5.55404
6.38532
7.18744
7.94207
8.62522
9.20739
9.65339
9.91551
9.89961
0.40371
1.21119
2.01869
2.82573
3.6311
4.43251
5.22642
6.00797
6.77139
7.51125
8.22474
8.9139
9.5813
10.1981
10.6154
0.380364
1.14084
1.90047
2.6584
3.41335
4.16365
4.90742
5.64323
6.37172
7.09877
7.84121
8.63556
9.54438
10.6194
11.5745
0.357193
1.07109
1.78345
2.49313
3.19884
3.89935
4.59396
5.28359
5.97308
6.67563
7.42165
8.27776
9.39212
11.1239
14.4825
0.334365
1.00239
1.6683
2.33063
2.98797
3.63917
4.28397
4.92407
5.56542
6.22232
6.92569
7.74067
8.81117
10.4986
13.9177
0.312026
0.935182
1.55564
2.17161
2.78136
3.38346
3.97725
4.56372
5.14697
5.73677
6.35226
7.02617
7.80181
8.67105
9.13752
0.29031
0.869846
1.44611
2.01692
2.58007
3.13353
3.67565
4.20561
4.724
5.23343
5.73828
6.24108
6.72749
7.12321
7.24125
0.269349
0.806782
1.34039
1.86755
2.38552
2.89148
3.38251
3.85556
4.30729
4.73329
5.12575
5.4674
5.7162
5.76824
5.35315
0.249269
0.746377
1.23915
1.72456
2.19933
2.65983
3.10187
3.52034
3.90848
4.25645
4.54854
4.75824
4.84158
4.73771
4.4346
0.230182
0.688985
1.14304
1.58897
2.02306
2.44101
2.83762
3.2062
3.53758
3.81846
4.02858
4.13685
4.09699
3.84558
3.2876
0.212182
0.634894
1.05257
1.46162
1.85801
2.23702
2.59284
2.9179
3.20179
3.42962
3.57939
3.61834
3.49936
3.16638
2.63679
0.195331
0.5843
0.968112
1.34307
1.70503
2.04915
2.36946
2.65821
2.90495
3.09502
3.20716
3.20955
3.05035
2.62374
1.59796
0.179658
0.537292
0.889806
1.23355
1.56446
1.87784
2.16799
2.4277
2.64749
2.81455
2.91119
2.91298
2.78708
2.49721
2.0662
0.165155
0.493842
0.817598
1.13294
1.43607
1.72268
1.98769
2.22494
2.42668
2.583
2.68111
2.70512
2.6377
2.46872
2.2198
0.151781
0.453818
0.751239
1.04083
1.31917
1.58252
1.82668
2.04685
2.23744
2.39188
2.50251
2.56078
2.55887
2.49575
2.39859
0.139468
0.417004
0.690321
0.956541
1.21269
1.4557
1.68234
1.88931
2.07332
2.23123
2.36029
2.45826
2.52257
2.54646
2.50552
0.128128
0.383124
0.634337
0.879249
1.11536
1.34025
1.55167
1.74775
1.92735
2.09062
2.23968
2.37915
2.51437
2.64221
2.72817
0.117665
0.351875
0.582736
0.808075
1.02583
1.23417
1.43167
1.61765
1.79275
1.95989
2.12577
2.30301
2.51133
2.76708
2.99575
0.107982
0.322953
0.534975
0.742175
0.942855
1.13563
1.31968
1.49511
1.66369
1.83006
2.004
2.20532
2.47538
2.91078
3.77899
0.0989881
0.296084
0.490567
0.680809
0.865376
1.04317
1.21369
1.37735
1.5362
1.69498
1.86325
2.05992
2.32466
2.75397
3.64038
0.0906073
0.271031
0.449111
0.623393
0.792605
0.955785
1.11246
1.26295
1.40878
1.55333
1.70281
1.86727
2.05969
2.27976
2.40008
0.0827769
0.247608
0.410298
0.569504
0.724033
0.872922
1.01555
1.15181
1.28226
1.40827
1.53199
1.65523
1.77554
1.87486
1.90584
0.0754492
0.225677
0.373908
0.518871
0.659388
0.794414
0.923083
1.04472
1.15883
1.26484
1.36151
1.44525
1.50601
1.51745
1.40918
0.0685886
0.205134
0.339792
0.471333
0.598564
0.720333
0.835504
0.942884
1.04104
1.12791
1.20005
1.25125
1.27075
1.24319
1.16592
0.0621679
0.185905
0.307846
0.426794
0.541542
0.650844
0.753349
0.847464
0.931103
1.00124
1.05314
1.0793
1.06818
1.00349
0.859725
0.056164
0.167926
0.277982
0.385177
0.488309
0.586085
0.677031
0.759331
0.830561
0.887237
0.924125
0.933243
0.902843
0.818718
0.685534
0.0505545
0.151133
0.250111
0.346388
0.438804
0.526079
0.606727
0.678899
0.740139
0.786996
0.814412
0.81465
0.774829
0.668032
0.408762
0.0453143
0.135454
0.224118
0.310287
0.392875
0.470685
0.542321
0.606071
0.659718
0.700271
0.723588
0.723891
0.693343
0.623244
0.519673
0.0404142
0.120803
0.199863
0.276677
0.350273
0.419586
0.483401
0.54027
0.588403
0.62553
0.648761
0.654573
0.639339
0.601713
0.549612
0.0358205
0.107076
0.17717
0.245306
0.310652
0.372314
0.429314
0.480546
0.524744
0.560452
0.586044
0.599886
0.600899
0.590249
0.575906
0.0314949
0.0941588
0.155841
0.215879
0.273594
0.328288
0.379241
0.425717
0.466993
0.502413
0.531502
0.554121
0.570575
0.581365
0.58572
0.0273965
0.0819246
0.135658
0.18807
0.238641
0.286867
0.332285
0.374511
0.413319
0.448782
0.481468
0.512653
0.544201
0.576966
0.605667
0.0234829
0.0702442
0.116396
0.161544
0.205321
0.247404
0.287555
0.325687
0.36198
0.397092
0.432488
0.47095
0.516997
0.575408
0.636806
0.0197118
0.0589891
0.0978328
0.135975
0.173183
0.209289
0.244235
0.278148
0.311473
0.345215
0.381394
0.423995
0.481224
0.571796
0.745089
0.016043
0.0480367
0.0797602
0.111058
0.141814
0.171986
0.201641
0.231026
0.260687
0.291659
0.325855
0.366896
0.422313
0.510759
0.6913
0.0124389
0.0372736
0.0619862
0.0865195
0.110857
0.135049
0.159239
0.183722
0.208998
0.235874
0.265574
0.299829
0.340484
0.385789
0.405759
0.00886516
0.0265969
0.044339
0.0621207
0.080007
0.0981164
0.116642
0.135874
0.156209
0.178139
0.202142
0.228331
0.25544
0.278433
0.286863
0.00529099
0.0159142
0.0266665
0.0376524
0.0490055
0.0609
0.0735613
0.0872662
0.10232
0.118972
0.137202
0.156207
0.173269
0.181205
0.161459
0.00168863
0.00514318
0.0088337
0.012932
0.0176316
0.0231557
0.0297609
0.0377283
0.0473276
0.0587185
0.0717332
0.085444
0.0974447
0.103214
0.0990966
-0.001967
-0.00579065
-0.00928042
-0.0122035
-0.0143116
-0.0153352
-0.0149809
-0.0129372
-0.00890249
-0.00265553
0.00578878
0.0158771
0.0259575
0.0320965
0.0240116
-0.0056989
-0.0169554
-0.0277865
-0.0379027
-0.0470051
-0.0547797
-0.0608916
-0.0649807
-0.0666634
-0.0655494
-0.0612907
-0.0536772
-0.0427854
-0.0291356
-0.0138416
-0.00952862
-0.0284148
-0.0467876
-0.0643041
-0.0806184
-0.0953758
-0.108204
-0.118691
-0.126362
-0.130622
-0.130694
-0.125502
-0.113438
-0.091504
-0.0508024
-0.0134769
-0.0402299
-0.0663822
-0.091539
-0.115311
-0.13731
-0.157138
-0.174355
-0.188424
-0.1986
-0.203749
-0.202096
-0.19094
-0.166901
-0.130055
-0.0175644
-0.0524615
-0.0866674
-0.119734
-0.151232
-0.180749
-0.207882
-0.232203
-0.253189
-0.270064
-0.281526
-0.285284
-0.277384
-0.251191
-0.193536
-0.0218128
-0.0651727
-0.107743
-0.149018
-0.188528
-0.225843
-0.260577
-0.292366
-0.320805
-0.345284
-0.36465
-0.376567
-0.37653
-0.357326
-0.314963
-0.0262454
-0.0784323
-0.129716
-0.179528
-0.227348
-0.272729
-0.315316
-0.354855
-0.39117
-0.424054
-0.452946
-0.47615
-0.488985
-0.479542
-0.417129
-0.0308892
-0.0923185
-0.152712
-0.211421
-0.267862
-0.321555
-0.37217
-0.419581
-0.463919
-0.505595
-0.545193
-0.582932
-0.61691
-0.638543
-0.628007
-0.0357754
-0.106924
-0.176878
-0.244888
-0.310283
-0.372518
-0.43125
-0.486441
-0.538515
-0.58858
-0.638731
-0.692328
-0.753409
-0.819884
-0.837571
-0.0409411
-0.122359
-0.202394
-0.280173
-0.354899
-0.425915
-0.49279
-0.555468
-0.614508
-0.671506
-0.729877
-0.796528
-0.886163
-1.03511
-1.35648
-0.0464297
-0.138753
-0.229478
-0.317578
-0.402092
-0.482188
-0.557245
-0.627021
-0.691921
-0.753481
-0.815275
-0.884771
-0.977733
-1.13059
-1.44118
-0.0522907
-0.156257
-0.258386
-0.357473
-0.452356
-0.54196
-0.625369
-0.701963
-0.771656
-0.835297
-0.895327
-0.956721
-1.02771
-1.11655
-1.2018
-0.0585786
-0.175039
-0.289407
-0.400287
-0.506288
-0.606037
-0.698229
-0.781701
-0.855597
-0.919623
-0.974437
-1.02201
-1.0653
-1.10501
-1.12973
-0.0653507
-0.195273
-0.322851
-0.446493
-0.564562
-0.675365
-0.777145
-0.868092
-0.946394
-1.01035
-1.05858
-1.09028
-1.10538
-1.1039
-1.08285
-0.0726637
-0.217137
-0.359031
-0.496569
-0.627883
-0.750962
-0.863588
-0.963269
-1.04716
-1.11201
-1.1542
-1.17008
-1.15698
-1.11637
-1.0623
-0.0805703
-0.240792
-0.398236
-0.55097
-0.696926
-0.833819
-0.959025
-1.06942
-1.16115
-1.2294
-1.26811
-1.27002
-1.2277
-1.1382
-1.01662
-0.089115
-0.266378
-0.440714
-0.610079
-0.772266
-0.924797
-1.06475
-1.18853
-1.29145
-1.36731
-1.40759
-1.40068
-1.33118
-1.18233
-0.965057
-0.0983315
-0.293997
-0.486646
-0.674174
-0.854315
-1.02451
-1.18172
-1.32212
-1.44057
-1.52992
-1.57984
-1.57482
-1.48978
-1.27397
-0.769573
-0.108241
-0.323713
-0.536136
-0.743403
-0.943272
-1.13325
-1.31038
-1.47095
-1.60989
-1.71994
-1.79024
-1.80453
-1.73919
-1.56603
-1.29267
-0.118851
-0.355546
-0.589207
-0.817772
-1.0391
-1.2509
-1.45055
-1.6348
-1.79929
-1.93755
-2.03957
-2.08954
-2.06349
-1.92769
-1.62979
-0.130163
-0.389488
-0.645818
-0.897168
-1.14156
-1.377
-1.6014
-1.81239
-2.00691
-2.18036
-2.32504
-2.42736
-2.46402
-2.40192
-2.23214
-0.142169
-0.425511
-0.70589
-0.981397
-1.25024
-1.51077
-1.76158
-2.00143
-2.22916
-2.44314
-2.63995
-2.81078
-2.93316
-2.95095
-2.7189
-0.154866
-0.463594
-0.769346
-1.07026
-1.36468
-1.65131
-1.92938
-2.1989
-2.46096
-2.71788
-2.9729
-3.22787
-3.47494
-3.6735
-3.72291
-0.168261
-0.503746
-0.836165
-1.16363
-1.48454
-1.79779
-2.10311
-2.40155
-2.69633
-2.99394
-3.3059
-3.65046
-4.05041
-4.49965
-4.73174
-0.182375
-0.546027
-0.906425
-1.26156
-1.60973
-1.9498
-2.28162
-2.60677
-2.92974
-3.26006
-3.61626
-4.03461
-4.59169
-5.47662
-7.27338
-0.197253
-0.590568
-0.98034
-1.36433
-1.74055
-2.10753
-2.46476
-2.8135
-3.15807
-3.50822
-3.88349
-4.32243
-4.90531
-5.8204
-7.59103
-0.212958
-0.63757
-1.05827
-1.4725
-1.87779
-2.27203
-2.65381
-3.02313
-3.38253
-3.73894
-4.10651
-4.51032
-4.98825
-5.57008
-6.10775
-0.22957
-0.687289
-1.14071
-1.58686
-2.02271
-2.44519
-2.85152
-3.23965
-3.60907
-3.96193
-4.30437
-4.64675
-4.99907
-5.35047
-5.61858
-0.24717
-0.739993
-1.22819
-1.7084
-2.1769
-2.62957
-3.06188
-3.46918
-3.84711
-4.19218
-4.50229
-4.77629
-5.01055
-5.18873
-5.25693
-0.265822
-0.795914
-1.32121
-1.83806
-2.3421
-2.82808
-3.2896
-3.71912
-4.10798
-4.4467
-4.72529
-4.93344
-5.061
-5.10338
-5.09111
-0.285551
-0.855163
-1.42011
-1.97661
-2.51986
-3.04357
-3.53956
-3.9973
-4.40368
-4.74299
-4.99722
-5.14657
-5.17062
-5.05599
-4.8349
-0.306315
-0.917654
-1.52487
-2.12436
-2.71117
-3.27832
-3.81608
-4.31114
-4.74595
-5.09837
-5.342
-5.44672
-5.37656
-5.08253
-4.56463
-0.327975
-0.983007
-1.635
-2.28092
-2.91613
-3.53349
-4.12225
-4.66683
-5.14544
-5.5293
-5.78326
-5.8683
-5.73796
-5.26454
-3.69878
-0.350271
-1.05047
-1.74934
-2.44492
-3.13349
-3.8085
-4.45911
-5.06833
-5.61072
-6.05043
-6.34182
-6.43946
-6.33763
-6.2051
-6.88283
-0.372805
-1.11886
-1.86596
-2.61378
-3.36027
-4.10045
-4.82472
-5.51625
-6.14731
-6.67456
-7.03491
-7.14915
-6.95861
-6.58298
-6.92287
-0.39503
-1.18652
-1.98207
-2.78357
-3.59142
-4.40345
-5.21305
-6.00614
-6.75598
-7.41458
-7.89891
-8.07047
-7.7081
-6.46403
-3.63991
-0.416261
-1.25136
-2.09406
-2.94894
-3.81967
-4.70812
-5.61284
-6.52607
-7.42801
-8.27561
-8.98011
-9.36256
-9.06985
-7.44239
-3.45117
-0.435702
-1.31092
-2.19758
-3.10331
-4.03561
-5.0015
-6.00672
-7.05381
-8.13776
-9.236
-10.2849
-11.1235
-11.3585
-10.0622
-5.28403
-0.452494
-1.36253
-2.28786
-3.23923
-4.2282
-5.26755
-6.37152
-7.55596
-8.83757
-10.2306
-11.7358
-13.3037
-14.7104
-15.1001
-11.1376
-0.46578
-1.40351
-2.36005
-3.34902
-4.38582
-5.48871
-6.68042
-7.99062
-9.45998
-11.1474
-13.1431
-15.5957
-18.7685
-23.1602
-29.7083
-12.151
-27.7437
-26.2165
-22.389
-18.8361
-15.8589
-13.366
-11.2327
-9.35966
-7.67477
-6.12623
-4.67589
-3.29468
-1.95936
-0.650272
-119.627
-62.3519
-40.2307
-29.31
-22.8031
-18.3809
-15.0856
-12.4602
-10.2604
-8.3436
-6.62067
-5.03202
-3.53537
-2.09869
-0.695905
-132.977
-72.5479
-46.4666
-33.166
-25.3222
-20.1203
-16.34
-13.3922
-10.9645
-8.8778
-7.02183
-5.32425
-3.73442
-2.21447
-0.733914
-72.9344
-58.891
-43.8271
-33.2323
-26.0066
-20.8724
-17.0163
-13.9629
-11.4318
-9.25175
-7.31301
-5.54164
-3.88493
-2.3029
-0.763082
-51.4233
-45.9428
-38.0838
-30.959
-25.2387
-20.7368
-17.1352
-14.1709
-11.6554
-9.4581
-7.48794
-5.6794
-3.98356
-2.36202
-0.782764
-32.6208
-34.6463
-31.8306
-27.7104
-23.6244
-19.9759
-16.8116
-14.0672
-11.6579
-9.50673
-7.55061
-5.73888
-4.0306
-2.39177
-0.792909
-24.0526
-26.7117
-26.4833
-24.438
-21.7064
-18.8787
-16.1964
-13.7308
-11.4811
-9.41992
-7.51301
-5.72651
-4.02941
-2.39377
-0.793992
-13.3784
-20.7823
-22.3977
-21.642
-19.8551
-17.6806
-15.4306
-13.2444
-11.1733
-9.226
-7.39179
-5.65204
-3.98555
-2.37085
-0.786887
-16.1439
-18.8725
-19.9587
-19.5622
-18.2728
-16.535
-14.6206
-12.678
-10.7795
-8.95353
-7.20496
-5.52668
-3.90572
-2.32657
-0.772706
-16.8663
-18.1033
-18.5493
-18.1026
-17.0018
-15.5119
-13.83
-12.0811
-10.3354
-8.62727
-6.96931
-5.3615
-3.79685
-2.26473
-0.752656
-17.5853
-17.8835
-17.7599
-17.097
-16.0012
-14.6221
-13.086
-11.482
-9.86515
-8.26617
-6.69883
-5.16634
-3.66539
-2.18896
-0.727911
-18.0593
-17.9565
-17.345
-16.3919
-15.1973
-13.8412
-12.3893
-10.8916
-9.3825
-7.88307
-6.40416
-4.94925
-3.51691
-2.10251
-0.699532
-19.2254
-18.3826
-17.1674
-15.8546
-14.5055
-13.1268
-11.7244
-10.3092
-8.89311
-7.48572
-6.0928
-4.7165
-3.35596
-2.00812
-0.668437
-20.8689
-19.0674
-17.0577
-15.3424
-13.8342
-12.4289
-11.0683
-9.72733
-8.3977
-7.0783
-5.76989
-4.47279
-3.1862
-1.90806
-0.63539
-25.9382
-19.8968
-16.7433
-14.6865
-13.0914
-11.6999
-10.3987
-9.13758
-7.89517
-6.66326
-5.43911
-4.22179
-3.01055
-1.8042
-0.60103
-24.8628
-18.7207
-15.6675
-13.7098
-12.2072
-10.9081
-9.70125
-8.53482
-7.38533
-6.24281
-5.10358
-3.96657
-2.83151
-1.69812
-0.565901
-16.2186
-15.3995
-13.8308
-12.4172
-11.1815
-10.0524
-8.97569
-7.9203
-6.87064
-5.82006
-4.7665
-3.70999
-2.65129
-1.59124
-0.530481
-12.7946
-12.5989
-11.8865
-11.0009
-10.0819
-9.16028
-8.23532
-7.30177
-6.35659
-5.39938
-4.43146
-3.45493
-2.47202
-1.48483
-0.495206
-9.40192
-10.1571
-10.0625
-9.60775
-8.98404
-8.27048
-7.50091
-6.69132
-5.85088
-4.98613
-4.10241
-3.20429
-2.29572
-1.38011
-0.460476
-7.75632
-8.30549
-8.48843
-8.33197
-7.94859
-7.41956
-6.79428
-6.10227
-5.36204
-4.58605
-3.78335
-2.96089
-2.12429
-1.2782
-0.426659
-5.71527
-6.70819
-7.15009
-7.21376
-7.01428
-6.63548
-6.13398
-5.54671
-4.89803
-4.20451
-3.47799
-2.72733
-1.95945
-1.18007
-0.394075
-4.56416
-5.49354
-6.07439
-6.2783
-6.20447
-5.93662
-5.53322
-5.0338
-4.46515
-3.84589
-3.1894
-2.5057
-1.80261
-1.08653
-0.362988
-2.74832
-4.52093
-5.26044
-5.53571
-5.5294
-5.33186
-4.99915
-4.56895
-4.06741
-3.51312
-2.91971
-2.29754
-1.65477
-0.998171
-0.333592
-3.5186
-4.26576
-4.76886
-4.98865
-4.98713
-4.82096
-4.53277
-4.15364
-3.70629
-3.2075
-2.66999
-2.10367
-1.51655
-0.915349
-0.306005
-3.75626
-4.18007
-4.47401
-4.59528
-4.55917
-4.3948
-4.12953
-3.78571
-3.38088
-2.92877
-2.44028
-1.92425
-1.38809
-0.838182
-0.28027
-4.01594
-4.18458
-4.29906
-4.31118
-4.22029
-4.03869
-3.78084
-3.46014
-3.08829
-2.67529
-2.22968
-1.75881
-1.26918
-0.766571
-0.256359
-4.16226
-4.22667
-4.19518
-4.09861
-3.94438
-3.73554
-3.47577
-3.17008
-2.82428
-2.44446
-2.0366
-1.60641
-1.15926
-0.700241
-0.234189
-4.47079
-4.33537
-4.13649
-3.92607
-3.7064
-3.46774
-3.20259
-2.90786
-2.58389
-2.2331
-1.85904
-1.46578
-1.0576
-0.638791
-0.213634
-4.85815
-4.48811
-4.08579
-3.75994
-3.48159
-3.21834
-2.94994
-2.66595
-2.36211
-2.03788
-1.69479
-1.33551
-0.963306
-0.581749
-0.194545
-6.02524
-4.66325
-3.98199
-3.5608
-3.24627
-2.9725
-2.70812
-2.4378
-2.15449
-1.85577
-1.54179
-1.21421
-0.875506
-0.528627
-0.176766
-5.76039
-4.36564
-3.69756
-3.28759
-2.98264
-2.72013
-2.47043
-2.21865
-1.95757
-1.68424
-1.39824
-1.10063
-0.793381
-0.478963
-0.160148
-3.71849
-3.56339
-3.23388
-2.94144
-2.68953
-2.45886
-2.23416
-2.00596
-1.76914
-1.5215
-1.26273
-0.993745
-0.71623
-0.432351
-0.144557
-2.90201
-2.88225
-2.74445
-2.56712
-2.38165
-2.19344
-2.00031
-1.79924
-1.58822
-1.36649
-1.13432
-0.892778
-0.643495
-0.388457
-0.129883
-2.08293
-2.28307
-2.28244
-2.19843
-2.07567
-1.93143
-1.77196
-1.59942
-1.41474
-1.21871
-1.0124
-0.797185
-0.574754
-0.347017
-0.116036
-1.6833
-1.8233
-1.87833
-1.85664
-1.7846
-1.67997
-1.55267
-1.40803
-1.24913
-1.07808
-0.896658
-0.7066
-0.509696
-0.307827
-0.102945
-1.1898
-1.42252
-1.52747
-1.54982
-1.51614
-1.44426
-1.34542
-1.22653
-1.09195
-0.944637
-0.78691
-0.620764
-0.448083
-0.270726
-0.0905553
-0.916601
-1.11046
-1.23395
-1.28189
-1.2742
-1.22725
-1.15208
-1.05593
-0.943588
-0.818423
-0.683002
-0.539461
-0.389715
-0.235578
-0.078817
-0.511217
-0.847268
-0.992891
-1.05258
-1.05952
-1.02981
-0.973308
-0.896561
-0.804126
-0.699325
-0.584728
-0.462461
-0.334392
-0.202249
-0.0676844
-0.582481
-0.716302
-0.811489
-0.859904
-0.870264
-0.85097
-0.808581
-0.748076
-0.673242
-0.587021
-0.491775
-0.389486
-0.281896
-0.1706
-0.0571091
-0.564769
-0.612151
-0.662555
-0.693635
-0.70159
-0.688155
-0.656424
-0.60953
-0.550257
-0.480977
-0.403705
-0.320186
-0.231969
-0.140473
-0.0470382
-0.493507
-0.505887
-0.527025
-0.543409
-0.547755
-0.538031
-0.514783
-0.479571
-0.434212
-0.380474
-0.319968
-0.254144
-0.184315
-0.111689
-0.0374121
-0.421584
-0.393524
-0.394777
-0.401524
-0.403675
-0.397283
-0.381438
-0.356645
-0.323975
-0.284661
-0.239917
-0.190879
-0.138598
-0.0840509
-0.0281648
-0.277191
-0.260785
-0.258694
-0.26281
-0.265511
-0.263083
-0.254293
-0.239176
-0.218342
-0.19261
-0.16284
-0.12986
-0.0944502
-0.05734
-0.0192244
-0.154005
-0.11808
-0.118277
-0.125058
-0.130888
-0.133285
-0.131527
-0.125666
-0.116099
-0.103354
-0.0879835
-0.0705235
-0.0514788
-0.0313247
-0.0105141
0.105514
0.0497396
0.0267391
0.0120563
0.00137073
-0.00635469
-0.0115934
-0.0147142
-0.0160514
-0.0159111
-0.0145704
-0.012281
-0.00927336
-0.00576266
-0.00195393
0.234112
0.194834
0.166008
0.14642
0.131595
0.118867
0.106885
0.0950127
0.0829821
0.0707084
0.0581921
0.0454691
0.0325873
0.0195952
0.00653864
0.398945
0.332702
0.298889
0.277501
0.260386
0.243591
0.225304
0.204864
0.182197
0.157507
0.131107
0.103336
0.0745294
0.0450006
0.0150468
0.484813
0.44808
0.423167
0.40564
0.388975
0.36937
0.345236
0.316276
0.282829
0.245504
0.204981
0.16193
0.116978
0.0707041
0.0236534
0.590479
0.555275
0.542343
0.533204
0.519627
0.498312
0.468538
0.430818
0.386168
0.335732
0.28062
0.221852
0.160348
0.0969503
0.0324391
0.642356
0.647028
0.65891
0.663872
0.655674
0.633149
0.597374
0.550189
0.493539
0.429219
0.358808
0.283679
0.20504
0.123973
0.0414808
0.684805
0.733794
0.780304
0.803702
0.80169
0.777205
0.734151
0.676149
0.60625
0.526947
0.440281
0.347953
0.251422
0.151988
0.0508501
0.68371
0.822304
0.91777
0.9612
0.963334
0.934177
0.881326
0.810386
0.725504
0.6298
0.525697
0.415151
0.299825
0.181191
0.060611
0.575325
0.94078
1.09139
1.1474
1.14673
1.10762
1.04108
0.954321
0.852288
0.738499
0.615595
0.485678
0.350531
0.211748
0.0708192
1.01223
1.20847
1.33074
1.37297
1.35684
1.30015
1.21489
1.10888
0.987249
0.853541
0.710374
0.559845
0.403767
0.243799
0.0815216
1.29892
1.52755
1.62571
1.63909
1.59514
1.51252
1.40314
1.2743
1.13061
0.975165
0.810276
0.637874
0.45971
0.277457
0.0927572
1.81112
1.93726
1.97956
1.94505
1.86031
1.74352
1.60491
1.45006
1.28216
1.10336
0.915406
0.719913
0.518499
0.312818
0.10456
2.22152
2.40521
2.3868
2.28593
2.14776
1.98968
1.81799
1.63489
1.44128
1.23793
1.02578
0.806072
0.580258
0.349972
0.116962
3.06016
3.01354
2.85132
2.65274
2.44906
2.24531
2.03903
1.82703
1.60719
1.37861
1.14142
0.89648
0.645129
0.389023
0.130001
3.89186
3.70218
3.34114
3.02313
2.75045
2.50273
2.26406
2.02465
1.77918
1.52529
1.26246
0.991348
0.713307
0.430101
0.143723
5.97114
4.50988
3.80111
3.36206
3.03453
2.75388
2.48962
2.22649
1.95705
1.67819
1.38926
1.09104
0.785078
0.473387
0.158189
6.22416
4.79506
4.07383
3.6236
3.28608
2.99369
2.71443
2.43273
2.14148
1.83809
1.52253
1.1961
0.860837
0.519114
0.173475
4.98005
4.58871
4.1584
3.80689
3.50633
3.2244
2.94095
2.64564
2.33434
2.00647
1.66336
1.30732
0.941088
0.567563
0.189672
4.56236
4.40947
4.18828
3.95485
3.71368
3.45621
3.17572
2.86967
2.53874
2.18544
1.81318
1.42562
1.02641
0.61905
0.20688
4.2254
4.27769
4.22671
4.10821
3.93236
3.70403
3.42826
3.111
2.75868
2.37761
1.97364
1.55202
1.1174
0.673882
0.225193
4.06523
4.21766
4.31205
4.30144
4.18753
3.98483
3.70963
3.3767
2.9986
2.58568
2.14636
1.68747
1.21457
0.73231
0.244685
3.78985
4.19798
4.47033
4.56644
4.50438
4.31602
4.03111
3.67379
3.26273
2.81211
2.3327
1.83264
1.31825
0.794468
0.265393
3.5437
4.27261
4.75103
4.94131
4.90896
4.71427
4.4029
4.00823
3.55434
3.05856
2.53337
1.98779
1.42845
0.860309
0.287291
2.76213
4.52123
5.23184
5.4708
5.42632
5.19358
4.83258
4.38381
3.87506
3.32545
2.74821
2.15251
1.54476
0.929544
0.310275
4.59525
5.498
6.04022
6.19716
6.07444
5.76198
5.32322
4.80107
4.22416
3.61155
2.9759
2.32561
1.66627
1.0016
0.334151
5.76259
6.72517
7.11619
7.11776
6.85436
6.41811
5.8718
5.25637
4.59808
3.91366
3.21375
2.505
1.79149
1.07558
0.358623
7.84393
8.34927
8.46264
8.22239
7.75436
7.1507
6.4684
5.74147
4.99016
4.22656
3.45776
2.68772
1.91837
1.1503
0.383297
9.53782
10.2456
10.0547
9.48523
8.74858
7.93792
7.09603
6.24352
5.39079
4.54307
3.70264
2.86998
2.04437
1.22428
0.407693
13.0563
12.7661
11.9097
10.8642
9.79422
8.74688
7.73106
6.74575
5.78798
4.85454
3.94215
3.04736
2.16653
1.29583
0.431257
16.6357
15.6797
13.8962
12.2602
10.8242
9.53397
8.34492
7.22887
6.16829
5.15141
4.16944
3.21505
2.28168
1.36312
0.453397
25.7095
19.1681
15.7802
13.5175
11.7529
10.2508
8.90812
7.67351
6.51827
5.42406
4.37758
3.36816
2.38654
1.42429
0.473501
26.9508
20.4665
16.8829
14.4288
12.4994
10.8571
9.39628
8.06305
6.82589
5.66357
4.56002
3.50198
2.47795
1.47752
0.490975
22.0439
19.7507
17.2011
14.976
13.0464
11.3374
9.79586
8.38589
7.08156
5.8623
4.71085
3.61219
2.55298
1.52109
0.505265
20.6186
19.213
17.294
15.3181
13.4402
11.7016
10.1041
8.6354
7.27817
6.01397
4.82504
3.69503
2.60905
1.55352
0.515878
20.0789
19.0317
17.4266
15.592
13.7373
11.9677
10.3229
8.80753
7.41021
6.11338
4.89834
3.74729
2.64396
1.57355
0.522401
20.145
19.238
17.7185
15.88
13.9754
12.1472
10.4518
8.89773
7.47249
6.156
4.92721
3.76644
2.65603
1.58019
0.524521
20.8112
19.8696
18.2321
16.2139
14.1604
12.2345
10.4824
8.89852
7.45926
6.13775
4.90885
3.75062
2.6441
1.57284
0.522041
21.1607
20.9847
19.01
16.5725
14.2569
12.2012
10.3964
8.79886
7.36428
6.05519
4.84145
3.69888
2.60771
1.55127
0.514899
21.1475
23.3488
20.1094
16.8464
14.173
11.9938
10.1664
8.58606
7.18217
5.90642
4.72463
3.61146
2.54721
1.51576
0.503197
48.9771
29.491
21.2252
16.711
13.746
11.5421
9.76475
8.25076
6.91108
5.69243
4.56018
3.49008
2.46394
1.46714
0.487211
47.8096
27.8411
19.7357
15.4999
12.7904
10.7942
9.1803
7.79443
6.55596
5.41845
4.35257
3.33819
2.36029
1.40681
0.467403
16.3581
17.953
15.5589
13.2288
11.3395
9.78079
8.43754
7.23575
6.13075
5.09472
4.10922
3.16098
2.23969
1.33671
0.444403
6.5187
10.8351
11.3377
10.6517
9.65906
8.61781
7.59656
6.60989
5.65765
4.73593
3.84
2.96506
2.10636
1.25921
0.41897
2.73548
6.36556
7.94193
8.28768
8.01237
7.44094
6.73158
5.96013
5.16336
4.35922
3.55622
2.75788
1.96502
1.17691
0.39194
0.230647
3.32228
5.40074
6.35495
6.57132
6.35988
5.90973
5.32797
4.67422
3.98175
3.26919
2.5469
1.8204
1.09244
0.364153
-4.10074
0.982758
3.64027
4.93462
5.42735
5.44458
5.1793
4.74581
4.21196
3.61822
2.98894
2.33883
1.67678
1.00819
0.336383
-0.475176
-1.43266
-2.41199
-3.42926
-4.50311
-5.6565
-6.91929
-8.33274
-9.95748
-11.8891
-14.2909
-17.4702
-22.0781
-29.7049
-44.9374
-0.478847
-1.44433
-2.43368
-3.46458
-4.55766
-5.7385
-7.04061
-8.51042
-10.2159
-12.2621
-14.8214
-18.1919
-22.9132
-29.9742
-41.0301
-0.474729
-1.43213
-2.41382
-3.4377
-4.52443
-5.6992
-6.99421
-8.45243
-10.1334
-12.122
-14.5406
-17.5628
-21.4086
-26.2485
-31.7417
-0.462669
-1.39561
-2.35177
-3.34796
-4.40315
-5.53966
-6.78458
-8.17168
-9.7433
-11.5517
-13.6563
-16.1099
-18.91
-21.8692
-24.317
-0.443
-1.33589
-2.24969
-3.19921
-4.20055
-5.27167
-6.43275
-7.70636
-9.11645
-10.685
-12.4232
-14.3104
-16.2521
-18.0014
-19.0542
-0.416443
-1.25524
-2.11188
-2.99862
-3.92818
-4.91369
-5.96839
-7.10455
-8.33109
-9.64876
-11.0408
-12.4566
-13.7864
-14.83
-15.2813
-0.383973
-1.15674
-1.94397
-2.75522
-3.59982
-4.48651
-5.42255
-6.41232
-7.45459
-8.53811
-9.63456
-10.6887
-11.6071
-12.2508
-12.4486
-0.34668
-1.04379
-1.75202
-2.47844
-3.22939
-4.00995
-4.82297
-5.66756
-6.53682
-7.4145
-8.27061
-9.05663
-9.7022
-10.1176
-10.2095
-0.305642
-0.919694
-1.54189
-2.17713
-2.82934
-3.50092
-4.19179
-4.89812
-5.61063
-6.31243
-6.9767
-7.56498
-8.02747
-8.30789
-8.35558
-0.261837
-0.787453
-1.31873
-1.85882
-2.40992
-2.9726
-3.54514
-4.12249
-4.69513
-5.24786
-5.75878
-6.19911
-6.53478
-6.73089
-6.7597
-0.216087
-0.649553
-1.08673
-1.52952
-1.97889
-2.43442
-2.89368
-3.35154
-3.79952
-4.22509
-4.61142
-4.93787
-5.18165
-5.32117
-5.34107
-0.169043
-0.50794
-0.84912
-1.19362
-1.54171
-1.89251
-2.24359
-2.59048
-2.92632
-3.24154
-3.52394
-3.7593
-3.93275
-4.03107
-4.04566
-0.121191
-0.36404
-0.608188
-0.854134
-1.10181
-1.35033
-1.59767
-1.84046
-2.07372
-2.2908
-2.4835
-2.64263
-2.75897
-2.82468
-2.83503
-0.0728691
-0.218842
-0.365453
-0.512912
-0.661077
-0.809306
-0.956302
-1.09997
-1.23731
-1.36443
-1.47662
-1.56876
-1.63581
-1.67365
-1.6799
-32288.6
-32265.7
-32242.7
-32219.4
-32195.8
-32171.8
-32147.2
-32122
-32096
-32069.3
-32041.6
-32012.9
-31983.2
-31952.4
-31920.4
-99.3484
-141.817
57.1767
-0.57627
38.2959
2.68744
22.2076
-1.60425
-24.1791
-6.32401
-34.2342
-8.12835
-43.0617
-7.07796
-54.3956
52.316
5.38053
40.1646
6.33565
30.4578
4.34502
19.7046
-0.275865
-20.2033
-4.90991
-30.7318
-6.94918
-40.1095
-6.19537
-51.7886
51.2246
5.63312
39.6017
6.47009
30.1916
4.4498
19.6203
-0.177978
-19.9699
-4.82677
-30.5379
-6.90376
-39.9794
-6.18993
-51.7245
51.1619
5.58972
39.557
6.40098
30.1574
4.3631
19.58
-0.287684
-20.1682
-4.95801
-30.8262
-7.04166
-40.3757
-6.30184
-52.2735
51.7264
5.64913
40.1237
6.52359
30.7475
4.52244
20.143
-0.154669
-20.5568
-4.86168
-31.6732
-6.90343
-41.9015
-5.89418
-54.9733
57.6381
7.62704
47.0882
9.45053
39.9
8.78673
33.5413
6.80481
-24.372
71.4814
44.3638
28.2149
16.3392
5.47095
-7.19667
-56.0972
-54.3604
-8.26767
-1.95129
7.79061
3.71607
4.2007
-3.38083
-11.0875
-11.7227
-17.3039
-14.9344
-19.4393
-12.855
-12.9806
10.364
10.2075
16.4789
11.9135
13.7841
8.19643
7.03856
-0.344227
-7.72143
-8.88751
-14.4474
-12.65
-17.1994
-11.1853
-11.4776
10.9279
10.6404
16.669
12.1257
13.9117
8.35677
7.17132
-0.178787
-7.53052
-8.72589
-14.2886
-12.532
-17.0933
-11.1193
-11.4288
10.9356
10.6325
16.6495
12.0942
13.8771
8.3066
7.11559
-0.262465
-7.64506
-8.846
-14.4386
-12.6658
-17.2531
-11.2143
-11.505
11.1211
10.8405
16.9753
12.3968
14.2638
8.64539
7.49356
0.000164536
-7.51036
-8.66998
-14.3709
-12.4089
-17.0608
-10.4506
-10.4185
14.4319
14.6328
22.2704
18.0873
21.873
17.0497
18.9803
13.201
10.952
30.316
28.5706
22.063
14.8904
8.06369
2.43362
-35.0684
-30.7734
-16.4353
-8.26021
-2.82055
-1.82201
-2.19257
-4.97886
-8.18032
-10.0011
-11.8245
-11.8431
-11.787
-8.97213
-5.3646
2.25101
5.77582
8.39553
8.22058
7.84745
5.66619
3.33352
-0.423457
-4.18635
-6.54096
-8.76013
-9.2143
-9.50344
-7.09709
-3.85441
3.3062
6.54966
8.95699
8.6642
8.19976
5.96879
3.59659
-0.180124
-3.95917
-6.33895
-8.58171
-9.06547
-9.38055
-7.00341
-3.78607
3.34793
6.57171
8.96373
8.6582
8.18367
5.94128
3.55842
-0.232912
-4.02572
-6.41215
-8.65926
-9.13377
-9.43398
-7.01417
-3.73885
3.49976
6.79215
9.25261
8.98676
8.55756
6.33503
3.97462
0.178238
-3.61069
-5.94023
-8.10444
-8.3919
-8.43892
-5.53582
-1.60312
6.72004
10.9289
14.4736
15.2484
16.2423
15.5862
15.5211
14.5128
15.1528
19.5471
19.634
16.8678
12.9426
8.93218
5.67691
-24.5792
-21.6482
-15.7283
-10.63
-7.03647
-5.38851
-5.10716
-5.97897
-7.26129
-8.27545
-8.94376
-8.8595
-8.10722
-6.23056
-3.52023
0.0287924
2.64747
4.33651
4.81311
4.51458
3.35399
1.67955
-0.494123
-2.67913
-4.38939
-5.61443
-6.01619
-5.68897
-4.21309
-1.87296
1.32525
3.66295
5.13322
5.44994
5.03169
3.78428
2.04442
-0.178031
-2.40269
-4.14924
-5.40774
-5.84178
-5.54457
-4.09731
-1.78327
1.39111
3.70879
5.16257
5.46563
5.03599
3.77837
2.02951
-0.201144
-2.43148
-4.17886
-5.43243
-5.85262
-5.53166
-4.04593
-1.67973
1.56108
3.94185
5.4559
5.8121
5.43384
4.2233
2.52356
0.345645
-1.81246
-3.44851
-4.54049
-4.72103
-4.06517
-2.1036
0.890001
4.93281
8.18133
10.6658
12.0938
12.9877
13.2717
13.4203
13.4511
13.9478
14.9812
14.8065
13.3421
11.118
8.71373
6.62672
-18.6535
-16.8272
-13.838
-10.8329
-8.45075
-6.98712
-6.36119
-6.38795
-6.7284
-7.04787
-7.14675
-6.83784
-6.04654
-4.68951
-2.88362
-0.853786
0.857745
2.02333
2.52174
2.42297
1.78167
0.744389
-0.548535
-1.85563
-2.93658
-3.65433
-3.86787
-3.52863
-2.57369
-1.12721
0.583392
2.02528
2.97052
3.29398
3.05757
2.30882
1.18712
-0.172809
-1.53473
-2.6624
-3.42103
-3.67113
-3.36473
-2.43942
-1.01938
0.667908
2.08987
3.01843
3.32815
3.08057
2.32286
1.19438
-0.169857
-1.53271
-2.65666
-3.40569
-3.63875
-3.30664
-2.34559
-0.880067
0.860846
2.33964
3.3265
3.69509
3.50862
2.81603
1.76107
0.484545
-0.766016
-1.74024
-2.289
-2.2546
-1.57164
-0.157516
1.87227
4.2894
6.53399
8.37942
9.70824
10.6113
11.1524
11.4889
11.7186
11.9698
12.1552
11.8361
10.9104
9.55276
8.03856
6.63212
-14.8332
-13.6807
-11.9706
-10.1389
-8.54233
-7.37948
-6.67538
-6.34524
-6.22578
-6.13797
-5.93703
-5.51085
-4.8006
-3.79487
-2.56958
-1.27811
-0.145935
0.670787
1.09017
1.1125
0.779449
0.177225
-0.582663
-1.35789
-2.0069
-2.42041
-2.51566
-2.25502
-1.64222
-0.761902
0.228363
1.10267
1.70305
1.94412
1.8211
1.37032
0.672742
-0.164826
-1.00418
-1.7071
-2.16671
-2.30192
-2.0762
-1.49402
-0.640436
0.326709
1.18136
1.76537
1.99313
1.85967
1.40118
0.698706
-0.140633
-0.978019
-1.6744
-2.122
-2.23878
-1.98737
-1.37171
-0.477004
0.538032
1.44579
2.08737
2.37734
2.31218
1.93058
1.3176
0.586036
-0.117525
-0.644654
-0.877282
-0.722151
-0.130988
0.901988
2.29677
3.89444
5.46144
6.83695
7.93587
8.75598
9.32792
9.71125
9.95519
10.0867
10.0555
9.73919
9.10093
8.21291
7.20817
6.22599
-12.0856
-11.3373
-10.2783
-9.10617
-8.0094
-7.11123
-6.45112
-5.99915
-5.67763
-5.39099
-5.05168
-4.59297
-3.98021
-3.21645
-2.35088
-1.47313
-0.695439
-0.109675
0.230255
0.313707
0.164734
-0.162993
-0.594798
-1.04199
-1.41641
-1.64488
-1.67604
-1.48859
-1.09606
-0.555007
0.0402283
0.574431
0.952906
1.11845
1.05654
0.78714
0.35987
-0.154351
-0.670176
-1.10224
-1.3796
-1.45255
-1.30104
-0.9395
-0.425075
0.147443
0.662537
1.02526
1.17822
1.10677
0.83081
0.400073
-0.114262
-0.626408
-1.05044
-1.31475
-1.36902
-1.19264
-0.799685
-0.247241
0.369676
0.935232
1.35456
1.57098
1.57142
1.37829
1.0449
0.647188
0.276891
0.0268344
-0.0239537
0.182406
0.67344
1.44049
2.4291
3.54363
4.66467
5.69277
6.565
7.25807
7.775
8.13431
8.35367
8.43779
8.36646
8.10581
7.65103
7.04108
6.34529
5.63978
-9.94055
-9.441
-8.74903
-7.9649
-7.1905
-6.50017
-5.92714
-5.46525
-5.07927
-4.71989
-4.3383
-3.89694
-3.37732
-2.78469
-2.14979
-1.52414
-0.968632
-0.536213
-0.260408
-0.150482
-0.192656
-0.353423
-0.584854
-0.830975
-1.03618
-1.15358
-1.15128
-1.01754
-0.76388
-0.426208
-0.060099
0.270364
0.509311
0.620225
0.590683
0.431216
0.172135
-0.141639
-0.456851
-0.720244
-0.886885
-0.926451
-0.828402
-0.605189
-0.293421
0.0508198
0.36307
0.587181
0.686439
0.648304
0.483287
0.221784
-0.0910771
-0.401724
-0.65649
-0.809985
-0.831418
-0.709833
-0.457345
-0.11034
0.275259
0.635225
0.913923
1.07562
1.10938
1.02796
0.864813
0.668853
0.498151
0.411367
0.459073
0.677024
1.0804
1.65994
2.3801
3.18345
4.00176
4.77305
5.45214
6.01381
6.44906
6.75893
6.94688
7.01274
6.95002
6.75195
6.42457
5.99287
5.49639
4.97916
-8.16278
-7.8218
-7.35243
-6.80961
-6.25053
-5.72022
-5.24312
-4.82206
-4.44263
-4.08078
-3.71104
-3.31362
-2.8796
-2.41385
-1.93541
-1.4742
-1.06464
-0.737288
-0.51227
-0.395714
-0.379341
-0.44217
-0.553827
-0.678954
-0.782451
-0.834694
-0.815883
-0.719261
-0.552738
-0.338429
-0.109165
0.0980139
0.250015
0.324196
0.311853
0.218673
0.0630943
-0.126917
-0.318207
-0.477627
-0.57722
-0.598573
-0.53605
-0.398447
-0.208572
0.000218314
0.190486
0.328849
0.392465
0.372519
0.27467
0.11742
-0.0711109
-0.257536
-0.408404
-0.495415
-0.499792
-0.415543
-0.251129
-0.0290336
0.217741
0.452228
0.64175
0.764508
0.813161
0.795326
0.731966
0.65414
0.598562
0.602226
0.696939
0.904627
1.23368
1.67687
2.21133
2.80172
3.40656
3.98611
4.50838
4.95163
5.30368
5.55913
5.71596
5.77284
5.72852
5.58429
5.34836
5.03794
4.67739
4.29366
-6.62361
-6.38746
-6.0616
-5.67772
-5.26916
-4.86364
-4.4784
-4.11893
-3.78071
-3.45304
-3.12368
-2.78306
-2.42757
-2.06135
-1.69625
-1.34995
-1.04231
-0.791056
-0.608004
-0.496742
-0.452032
-0.460663
-0.503463
-0.55814
-0.602591
-0.618189
-0.59259
-0.521698
-0.410464
-0.272245
-0.126485
0.00506049
0.102725
0.152705
0.149375
0.0959304
0.00358302
-0.110405
-0.225508
-0.321208
-0.380268
-0.391522
-0.351855
-0.267017
-0.151001
-0.0237465
0.0926084
0.178119
0.21879
0.208884
0.151563
0.0580765
-0.0542026
-0.164575
-0.252295
-0.299858
-0.295806
-0.236709
-0.127989
0.0167196
0.177904
0.333971
0.465706
0.560095
0.612683
0.628239
0.619944
0.607384
0.613661
0.661971
0.772117
0.957455
1.22262
1.56238
1.96199
2.3992
2.84779
3.28168
3.67839
4.0208
4.29742
4.50136
4.62898
4.67872
4.65091
4.54871
4.37945
4.15521
3.8918
3.60646
-5.24634
-5.08227
-4.85432
-4.58136
-4.28342
-3.97784
-3.67659
-3.38522
-3.10359
-2.82777
-2.55254
-2.27392
-1.99104
-1.70726
-1.43007
-1.17005
-0.938814
-0.746659
-0.600403
-0.50198
-0.447961
-0.43
-0.436043
-0.452102
-0.464327
-0.461055
-0.43457
-0.382275
-0.307096
-0.216971
-0.123381
-0.0391513
0.0240538
0.0579342
0.0590151
0.0291644
-0.024809
-0.092329
-0.160789
-0.217592
-0.252192
-0.257836
-0.232742
-0.180517
-0.109645
-0.0320453
0.0391191
0.0919328
0.117921
0.113505
0.0805122
0.0257729
-0.0400598
-0.104251
-0.154031
-0.178645
-0.1711
-0.129346
-0.0566877
0.0387372
0.145427
0.250742
0.343433
0.41587
0.465526
0.495492
0.514059
0.533498
0.568229
0.632669
0.739018
0.895333
1.10412
1.36171
1.65852
1.9803
2.31016
2.63081
2.92659
3.18474
3.39581
3.55351
3.65415
3.69627
3.68046
3.60971
3.48972
3.32891
3.13779
2.92769
-3.98131
-3.86908
-3.71184
-3.52098
-3.30867
-3.08582
-2.86055
-2.6375
-2.41814
-2.20164
-1.98631
-1.77092
-1.55585
-1.34368
-1.13919
-0.948722
-0.779079
-0.636201
-0.523957
-0.443311
-0.392005
-0.364809
-0.354236
-0.351626
-0.348414
-0.337389
-0.313756
-0.275841
-0.22529
-0.166722
-0.106837
-0.0531248
-0.0124262
0.010359
0.0131621
-0.00289973
-0.0337276
-0.0729325
-0.112888
-0.145979
-0.165845
-0.168439
-0.152727
-0.120894
-0.0779997
-0.0311013
0.0120331
0.0443544
0.0608156
0.0592579
0.0407592
0.00942732
-0.0282961
-0.064693
-0.092019
-0.103755
-0.0956658
-0.0664967
-0.0181792
0.0445249
0.114922
0.185686
0.250319
0.304446
0.346718
0.379154
0.406919
0.437586
0.480016
0.543014
0.633968
0.757649
0.91536
1.10457
1.31908
1.54978
1.78579
2.01575
2.229
2.41647
2.57108
2.68781
2.76361
2.79723
2.78915
2.74163
2.65876
2.54628
2.41113
2.26076
-2.79363
-2.72072
-2.61775
-2.49147
-2.3491
-2.1973
-2.04129
-1.88449
-1.72855
-1.57385
-1.42017
-1.26747
-1.11649
-0.969065
-0.82814
-0.697433
-0.580826
-0.481654
-0.402039
-0.342416
-0.30136
-0.275709
-0.26099
-0.252047
-0.243783
-0.231905
-0.213539
-0.187632
-0.155057
-0.118399
-0.081432
-0.048387
-0.0231386
-0.00846972
-0.00555209
-0.0137272
-0.0306092
-0.0524795
-0.0748983
-0.0934336
-0.104391
-0.105427
-0.0959477
-0.0772167
-0.0521403
-0.024755
0.000501512
0.0195986
0.0296426
0.0293919
0.0194729
0.00227327
-0.0184545
-0.0382081
-0.0524668
-0.0574227
-0.0505955
-0.031229
-0.000394699
0.039229
0.0838806
0.129456
0.172329
0.210091
0.24207
0.26954
0.295597
0.324736
0.362183
0.413103
0.481791
0.570961
0.681246
0.810982
0.956318
1.11163
1.27015
1.42473
1.56853
1.69553
1.80089
1.88106
1.93383
1.95825
1.95462
1.92446
1.87046
1.7963
1.70638
1.60541
-1.65675
-1.61564
-1.55724
-1.48512
-1.40312
-1.31483
-1.22319
-1.13025
-1.0372
-0.944586
-0.852625
-0.761574
-0.672031
-0.5851
-0.502391
-0.425853
-0.357483
-0.298964
-0.251348
-0.214807
-0.18855
-0.170888
-0.159449
-0.151509
-0.144378
-0.135785
-0.124202
-0.109044
-0.0907261
-0.0705422
-0.0503995
-0.032442
-0.0186364
-0.0103961
-0.00831196
-0.0120352
-0.020326
-0.0312546
-0.0425177
-0.0518173
-0.0572392
-0.0575712
-0.0525057
-0.0426914
-0.0296191
-0.0153558
-0.00217243
0.00786803
0.0132833
0.0134385
0.00866121
0.000190934
-0.0100238
-0.0196437
-0.0263179
-0.0280646
-0.0235879
-0.0124804
0.00472791
0.0266886
0.0515053
0.0771131
0.101696
0.124062
0.143914
0.161957
0.179837
0.199921
0.224946
0.257605
0.30012
0.353868
0.419122
0.494936
0.579199
0.668844
0.760178
0.849259
0.932259
1.00576
1.06696
1.11378
1.14487
1.15966
1.15829
1.14163
1.11119
1.06901
1.01755
0.959391
-31890.1
-31861.8
-31832.8
-31803
-31772.5
-31741.4
-31709.7
-31677.4
-31644.6
-31611.3
-31577.6
-31543.5
-31509
-31474.2
-31439.2
-31403.9
-31368.4
-31332.8
-31297
-31261.1
-31225.2
-31189.1
-31153
-31116.8
-31080.5
-31044.2
-31007.8
-30971.3
-30934.8
-30898.3
-30861.7
-30825.1
-30788.5
-30751.9
-30715.3
-30678.7
-30642.1
-30605.5
-30568.8
-30532.2
-30495.5
-30458.8
-30422.1
-30385.4
-30348.6
-30311.9
-30275.1
-30238.3
-30201.6
-30164.8
-30128.1
-30091.3
-30054.6
-30017.9
-29981.1
-29944.4
-29907.6
-29870.8
-29834
-29797.3
-29760.5
-29723.8
-29687.1
-29650.4
-29613.8
-29577.3
-29540.9
-29504.5
-29468.3
-29432.1
-29396.1
-29360.2
-29324.4
-29288.9
-29253.6
-29218.5
-29183.8
-29149.4
-29115.4
-29081.9
-29048.8
-29016.2
-28984.1
-28952.6
-28921.6
-28891.2
-28861.2
-28831.8
-28802.9
-28774.5
-3.94549
0.575517
2.86769
4.0477
4.56888
4.67571
4.51789
4.19048
3.75438
3.24867
2.69852
2.12024
1.52447
0.91831
0.306671
1.11866
2.01908
3.00326
3.67005
4.00664
4.07739
3.95109
3.68423
3.31917
2.88648
2.4077
1.89799
1.36799
0.825359
0.275847
3.84828
3.37898
3.45625
3.62259
3.71023
3.67612
3.52489
3.27617
2.95162
2.57037
2.14784
1.69603
1.22414
0.739292
0.247206
5.05245
4.19233
3.82015
3.65381
3.53556
3.39198
3.19618
2.94394
2.6408
2.29554
1.91726
1.51416
1.09325
0.660465
0.22089
5.39938
4.5177
3.9782
3.63695
3.38621
3.16008
2.92392
2.66263
2.37209
2.05375
1.71151
1.3501
0.974248
0.588427
0.196781
5.28313
4.50089
3.93797
3.52959
3.21225
2.93823
2.67681
2.41058
2.13119
1.83586
1.52494
1.20047
0.865216
0.522217
0.174586
4.92056
4.26473
3.74321
3.33121
2.99497
2.70378
2.4345
2.1717
1.90625
1.63354
1.35194
1.06164
0.763925
0.460641
0.153932
4.42921
3.89428
3.43894
3.05709
2.73263
2.44745
2.18573
1.93547
1.68858
1.44013
1.18763
0.930231
0.668205
0.402491
0.134431
3.87288
3.44424
3.0612
2.72559
2.43103
2.16767
1.92548
1.69589
1.47245
1.25078
1.02821
0.803453
0.576173
0.346689
0.115734
3.28615
2.94861
2.63603
2.35305
2.09822
1.86674
1.65263
1.45017
1.25458
1.06231
0.870984
0.679201
0.486345
0.292358
0.0975511
2.68755
2.42802
2.18128
1.95237
1.74207
1.54844
1.36815
1.19757
1.03338
0.872912
0.714215
0.556024
0.397651
0.238846
0.0796638
2.08651
1.89465
1.70871
1.53307
1.36926
1.21679
1.07396
0.938576
0.808468
0.681744
0.55694
0.43303
0.30939
0.185713
0.0619221
1.48722
1.35537
1.22585
1.10194
0.98512
0.875505
0.772312
0.674314
0.580173
0.488659
0.39877
0.309768
0.221167
0.132694
0.0442337
0.890861
0.81377
0.737388
0.663716
0.593777
0.5278
0.465476
0.406198
0.349251
0.29395
0.239716
0.186105
0.132815
0.0796621
0.0265526
-28743.7
-28710.7
-28678.2
-28646.3
-28614.7
-28583.6
-28552.8
-28522.4
-28492.2
-28462.2
-28432.5
-28402.9
-28373.4
-28344
-28314.7
)
;

boundaryField
{
    hot
    {
        type            calculated;
        value           nonuniform List<scalar> 
120
(
32285.3
0.0511729
0.0858044
0.121186
0.157536
0.194992
0.233573
0.273147
0.313396
0.353781
0.393529
0.431634
0.466894
0.497995
0.523632
0.541624
0.552368
0.557754
0.557794
0.552751
0.54311
0.529513
0.512692
0.493387
0.472291
0.450005
0.427018
0.40371
0.380364
0.357193
0.334365
0.312026
0.29031
0.269349
0.249269
0.230182
0.212182
0.195331
0.179658
0.165155
0.151781
0.139468
0.128128
0.117665
0.107982
0.0989881
0.0906073
0.0827769
0.0754492
0.0685886
0.0621679
0.056164
0.0505545
0.0453143
0.0404142
0.0358205
0.0314949
0.0273965
0.0234829
0.0197118
0.016043
0.0124389
0.00886516
0.00529099
0.00168863
-0.001967
-0.0056989
-0.00952862
-0.0134769
-0.0175644
-0.0218128
-0.0262454
-0.0308892
-0.0357754
-0.0409411
-0.0464297
-0.0522907
-0.0585786
-0.0653507
-0.0726637
-0.0805703
-0.089115
-0.0983315
-0.108241
-0.118851
-0.130163
-0.142169
-0.154866
-0.168261
-0.182375
-0.197253
-0.212958
-0.22957
-0.24717
-0.265822
-0.285551
-0.306315
-0.327975
-0.350271
-0.372805
-0.39503
-0.416261
-0.435702
-0.452494
-0.46578
-0.475176
-0.478847
-0.474729
-0.462669
-0.443
-0.416443
-0.383973
-0.34668
-0.305642
-0.261837
-0.216087
-0.169043
-0.121191
-0.0728691
-32288.6
)
;
    }
    cold
    {
        type            calculated;
        value           nonuniform List<scalar> 
120
(
28319.5
-0.0219935
-0.0381805
-0.056683
-0.0784658
-0.104505
-0.13575
-0.17305
-0.217045
-0.268017
-0.325724
-0.389226
-0.456769
-0.525778
-0.593007
-0.650272
-0.695905
-0.733914
-0.763082
-0.782764
-0.792909
-0.793992
-0.786887
-0.772706
-0.752656
-0.727911
-0.699532
-0.668437
-0.63539
-0.60103
-0.565901
-0.530481
-0.495206
-0.460476
-0.426659
-0.394075
-0.362988
-0.333592
-0.306005
-0.28027
-0.256359
-0.234189
-0.213634
-0.194545
-0.176766
-0.160148
-0.144557
-0.129883
-0.116036
-0.102945
-0.0905553
-0.078817
-0.0676844
-0.0571091
-0.0470382
-0.0374121
-0.0281648
-0.0192244
-0.0105141
-0.00195393
0.00653864
0.0150468
0.0236534
0.0324391
0.0414808
0.0508501
0.060611
0.0708192
0.0815216
0.0927572
0.10456
0.116962
0.130001
0.143723
0.158189
0.173475
0.189672
0.20688
0.225193
0.244685
0.265393
0.287291
0.310275
0.334151
0.358623
0.383297
0.407693
0.431257
0.453397
0.473501
0.490975
0.505265
0.515878
0.522401
0.524521
0.522041
0.514899
0.503197
0.487211
0.467403
0.444403
0.41897
0.39194
0.364153
0.336383
0.306671
0.275847
0.247206
0.22089
0.196781
0.174586
0.153932
0.134431
0.115734
0.0975511
0.0796638
0.0619221
0.0442337
0.0265526
-28314.7
)
;
    }
    interface_left
    {
        type            calculated;
        value           nonuniform List<scalar> 
90
(
22.8675
56.5923
59.0221
34.225
24.9959
16.4454
12.3843
7.04104
8.65233
9.10823
9.5909
9.89961
10.6154
11.5745
14.4825
13.9177
9.13752
7.24125
5.35315
4.4346
3.2876
2.63679
1.59796
2.0662
2.2198
2.39859
2.50552
2.72817
2.99575
3.77899
3.64038
2.40008
1.90584
1.40918
1.16592
0.859725
0.685534
0.408762
0.519673
0.549612
0.575906
0.58572
0.605667
0.636806
0.745089
0.6913
0.405759
0.286863
0.161459
0.0990966
0.0240116
-0.0138416
-0.0508024
-0.130055
-0.193536
-0.314963
-0.417129
-0.628007
-0.837571
-1.35648
-1.44118
-1.2018
-1.12973
-1.08285
-1.0623
-1.01662
-0.965057
-0.769573
-1.29267
-1.62979
-2.23214
-2.7189
-3.72291
-4.73174
-7.27338
-7.59103
-6.10775
-5.61858
-5.25693
-5.09111
-4.8349
-4.56463
-3.69878
-6.88283
-6.92287
-3.63991
-3.45117
-5.28403
-11.1376
-29.7083
)
;
    }
    interface_right
    {
        type            calculated;
        value           nonuniform List<scalar> 
90
(
-12.151
-119.627
-132.977
-72.9344
-51.4233
-32.6208
-24.0526
-13.3784
-16.1439
-16.8663
-17.5853
-18.0593
-19.2254
-20.8689
-25.9382
-24.8628
-16.2186
-12.7946
-9.40192
-7.75632
-5.71527
-4.56416
-2.74832
-3.5186
-3.75626
-4.01594
-4.16226
-4.47079
-4.85815
-6.02524
-5.76039
-3.71849
-2.90201
-2.08293
-1.6833
-1.1898
-0.916601
-0.511217
-0.582481
-0.564769
-0.493507
-0.421584
-0.277191
-0.154005
0.105514
0.234112
0.398945
0.484813
0.590479
0.642356
0.684805
0.68371
0.575325
1.01223
1.29892
1.81112
2.22152
3.06016
3.89186
5.97114
6.22416
4.98005
4.56236
4.2254
4.06523
3.78985
3.5437
2.76213
4.59525
5.76259
7.84393
9.53782
13.0563
16.6357
25.7095
26.9508
22.0439
20.6186
20.0789
20.145
20.8112
21.1607
21.1475
48.9771
47.8096
16.3581
6.5187
2.73548
0.230647
-4.10074
)
;
    }
    interface_top
    {
        type            calculated;
        value           nonuniform List<scalar> 
90
(
-128.392
-211.825
114.66
-3.56493
61.2506
-1.4989
35.811
-0.763137
-34.992
-0.211654
-47.4788
0.0118776
-61.414
0.826978
-89.5972
87.7786
-1.89539
58.3666
-0.929585
43.246
-0.679309
29.7368
-0.248006
-30.1403
0.146415
-43.2727
0.303198
-57.775
1.04825
-85.9483
85.3716
-1.62834
57.2798
-0.752876
42.716
-0.55876
29.5089
-0.178711
-29.8527
0.17199
-43.0379
0.293593
-57.615
1.00898
-85.8606
85.259
-1.69036
57.224
-0.845761
42.6901
-0.670333
29.49
-0.29909
-30.1075
0.0527596
-43.4218
0.184698
-58.181
0.927376
-86.794
86.1628
-1.77168
57.9968
-0.884726
43.4625
-0.660533
30.2388
-0.220694
-30.8554
0.218762
-44.8952
0.458727
-60.9173
1.39863
-92.5271
94.4954
-1.35304
66.5301
-0.247534
54.2069
0.240762
45.749
1.96273
-55.2699
104.793
54.2728
31.2826
16.8182
3.68851
-14.388
)
;
    }
    interface_bottom
    {
        type            calculated;
        value           nonuniform List<scalar> 
90
(
34.8691
105.625
-78.6519
2.43841
-47.8115
1.02747
-30.2406
0.30491
29.7795
-0.283173
41.4799
-0.604786
54.4345
-1.50893
80.0679
-80.1707
0.901262
-53.5727
0.13857
-39.9061
-0.0414835
-27.6594
-0.409741
26.7739
-0.784699
38.7101
-0.971446
51.8327
-1.7549
77.1971
-78.1285
0.677184
-52.4464
0.0161591
-39.1892
-0.0983984
-27.2196
-0.412604
26.3775
-0.745979
38.2464
-0.905357
51.3075
-1.6675
76.4987
-77.332
0.750296
-51.9383
0.0965065
-38.8352
-0.0251303
-26.9904
-0.354331
26.2811
-0.71186
38.0866
-0.904632
51.0779
-1.7085
76.1367
-77.1096
0.659759
-51.8649
-0.0360393
-38.8614
-0.209016
-27.1122
-0.596369
25.9147
-1.02053
37.6
-1.29027
50.451
-2.18128
75.3161
-77.4034
0.0602047
-52.5509
-0.811779
-40.1487
-1.29623
-29.7379
-2.4915
26.6968
-31.0237
-5.01045
11.475
27.8716
51.911
101.011
)
;
    }
    defaultFaces
    {
        type            empty;
    }
}


// ************************************************************************* //
