/*--------------------------------*- C++ -*----------------------------------*\
| =========                 |                                                 |
| \\      /  F ield         | OpenFOAM: The Open Source CFD Toolbox           |
|  \\    /   O peration     | Version:  5.x                                   |
|   \\  /    A nd           | Web:      www.OpenFOAM.org                      |
|    \\/     M anipulation  |                                                 |
\*---------------------------------------------------------------------------*/
FoamFile
{
    version     2.0;
    format      ascii;
    class       volScalarField;
    location    "11.7";
    object      gradTx;
}
// * * * * * * * * * * * * * * * * * * * * * * * * * * * * * * * * * * * * * //

dimensions      [0 -1 0 1 0 0 0];

internalField   nonuniform List<scalar> 
6300
(
-31.9063
-31.9771
-32.1181
-32.3277
-32.6037
-32.9431
-33.3414
-33.7934
-34.2923
-34.8299
-35.3969
-35.983
-36.577
-37.1677
-37.7444
-31.8355
-31.907
-32.0494
-32.2612
-32.5404
-32.884
-33.2878
-33.7465
-34.2535
-34.8004
-35.3779
-35.9751
-36.5803
-37.1817
-37.7677
-31.6932
-31.766
-31.9111
-32.1273
-32.4128
-32.7647
-33.1793
-33.6515
-34.1746
-34.7405
-35.3392
-35.9591
-36.5875
-37.2109
-37.8164
-31.478
-31.5527
-31.7018
-31.9242
-32.2186
-32.5827
-33.0132
-33.5054
-34.053
-34.6478
-35.2792
-35.9347
-36.5996
-37.2582
-37.8945
-31.1881
-31.2651
-31.4189
-31.6491
-31.9548
-32.3343
-32.7853
-33.3039
-33.8843
-34.5183
-35.1952
-35.9008
-36.6181
-37.3276
-38.009
-30.8211
-30.9006
-31.0597
-31.2985
-31.6169
-32.0145
-32.4899
-33.0406
-33.6618
-34.3461
-35.0825
-35.8553
-36.6445
-37.4253
-38.1705
-30.3747
-30.4566
-30.6208
-30.8683
-31.2
-31.6168
-32.1193
-32.7067
-33.3763
-34.122
-34.9332
-35.7935
-36.6791
-37.5586
-38.3942
-29.8463
-29.9301
-30.0987
-30.3538
-30.6978
-31.1335
-31.6638
-32.2908
-33.0146
-33.8322
-34.735
-35.7065
-36.7199
-37.7358
-38.7017
-29.234
-29.3189
-29.4901
-29.7504
-30.1038
-30.5556
-31.1116
-31.7779
-32.5592
-33.4573
-34.468
-35.5776
-36.7583
-37.963
-39.1207
-28.5368
-28.6214
-28.7924
-29.0539
-29.4116
-29.8735
-30.4493
-31.1501
-31.9871
-32.9698
-34.1022
-35.3777
-36.7726
-38.2372
-39.6833
-27.755
-27.8373
-28.0043
-28.261
-28.6151
-29.0774
-29.662
-30.386
-31.2695
-32.3328
-33.5933
-35.0585
-36.7174
-38.5301
-40.4101
-26.891
-26.9686
-27.1266
-27.3708
-27.7105
-28.1592
-28.7352
-29.4627
-30.372
-31.4988
-32.88
-34.5459
-36.5088
-38.7561
-41.2579
-25.9493
-26.0194
-26.1626
-26.385
-26.697
-27.1136
-27.6569
-28.3575
-29.2573
-30.4105
-31.8823
-33.7374
-36.0178
-38.7301
-41.961
-24.9374
-24.9971
-25.1193
-25.3098
-25.5788
-25.9415
-26.4214
-27.0533
-27.8891
-29.0042
-30.5024
-32.5063
-35.101
-38.1971
-41.6186
-23.8659
-23.9124
-24.0076
-24.1563
-24.3668
-24.6523
-25.0339
-25.5454
-26.2419
-27.2154
-28.619
-30.6912
-33.7007
-37.3807
-38.0642
-38.2538
-38.6939
-39.1099
-39.4998
-39.8627
-40.1986
-40.5077
-40.7907
-41.0478
-41.2788
-41.4831
-41.6597
-41.8077
-41.9263
-42.0154
-42.0759
-42.1096
-42.1196
-42.1096
-42.0839
-42.0467
-42.0019
-41.9523
-41.8998
-41.8448
-41.7868
-41.7243
-41.6553
-41.5779
-41.4907
-41.393
-41.2852
-41.1686
-41.0457
-40.9191
-40.7917
-40.6663
-40.5445
-40.4273
-40.3144
-40.2046
-40.096
-39.9862
-39.8731
-39.7548
-39.6304
-39.5
-39.3647
-39.2264
-39.0876
-38.9509
-38.8184
-38.6919
-38.5719
-38.4582
-38.3494
-38.2436
-38.1386
-38.0321
-37.9223
-37.8084
-37.6903
-37.569
-37.4464
-37.3247
-37.2064
-37.0937
-36.9881
-36.8902
-36.8
-36.7164
-36.6377
-36.5622
-36.4881
-36.4145
-36.3413
-36.2695
-36.2013
-36.1399
-36.089
-36.0526
-36.0346
-36.0379
-36.0641
-36.1134
-36.1842
-36.273
-36.375
-36.4839
-36.5929
-38.2841
-38.7287
-39.1475
-39.5387
-39.9017
-40.237
-40.5455
-40.8281
-41.0853
-41.3172
-41.5229
-41.701
-41.8501
-41.9688
-42.0567
-42.1144
-42.1438
-42.1483
-42.1322
-42.1004
-42.0577
-42.0087
-41.9566
-41.9033
-41.8492
-41.7933
-41.7336
-41.6674
-41.5921
-41.5058
-41.4076
-41.2977
-41.1779
-41.0509
-40.9201
-40.7891
-40.661
-40.5379
-40.421
-40.3099
-40.2029
-40.0976
-39.9911
-39.8805
-39.7635
-39.639
-39.5071
-39.369
-39.2272
-39.0847
-38.9447
-38.8099
-38.6824
-38.5629
-38.451
-38.3451
-38.2426
-38.1408
-38.0367
-37.9283
-37.8143
-37.6948
-37.5709
-37.445
-37.3198
-37.1984
-37.0834
-36.9768
-36.8793
-36.7906
-36.7093
-36.6332
-36.56
-36.4875
-36.414
-36.3393
-36.2644
-36.1916
-36.1247
-36.068
-36.0263
-36.004
-36.0048
-36.0308
-36.0825
-36.1581
-36.2541
-36.365
-36.4838
-36.6028
-38.347
-38.8007
-39.2249
-39.6181
-39.9807
-40.3141
-40.6205
-40.9019
-41.1595
-41.3934
-41.6024
-41.7842
-41.9362
-42.0557
-42.1415
-42.1936
-42.214
-42.2068
-42.1775
-42.1324
-42.078
-42.02
-41.9626
-41.908
-41.8562
-41.8054
-41.7522
-41.6925
-41.6222
-41.5382
-41.4389
-41.3246
-41.1975
-41.0616
-40.9215
-40.7823
-40.6483
-40.5226
-40.4065
-40.2993
-40.1988
-40.1011
-40.0019
-39.897
-39.7831
-39.6584
-39.523
-39.3787
-39.2289
-39.0781
-38.9309
-38.791
-38.6614
-38.543
-38.4353
-38.3357
-38.2407
-38.146
-38.0477
-37.9424
-37.8283
-37.7056
-37.5759
-37.4425
-37.3095
-37.1811
-37.0612
-36.9524
-36.8557
-36.7704
-36.6945
-36.6246
-36.557
-36.488
-36.4152
-36.3376
-36.2561
-36.1735
-36.0947
-36.0254
-35.9719
-35.9402
-35.9354
-35.9607
-36.017
-36.1028
-36.2138
-36.3436
-36.4834
-36.6237
-38.4476
-38.9152
-39.3469
-39.7418
-40.1016
-40.43
-40.7314
-41.0099
-41.2678
-41.5055
-41.7211
-41.9105
-42.0688
-42.1914
-42.2749
-42.3184
-42.3241
-42.2972
-42.2454
-42.1778
-42.1035
-42.0305
-41.9647
-41.9086
-41.8618
-41.821
-41.7802
-41.7328
-41.672
-41.5926
-41.4918
-41.3698
-41.23
-41.0781
-40.9216
-40.7679
-40.6237
-40.4935
-40.3791
-40.2793
-40.1905
-40.1066
-40.0208
-39.9265
-39.8183
-39.6933
-39.5516
-39.3961
-39.2322
-39.0666
-38.9063
-38.7574
-38.6241
-38.5079
-38.4077
-38.3197
-38.2382
-38.1567
-38.0686
-37.9689
-37.8549
-37.7264
-37.5862
-37.4394
-37.2924
-37.1517
-37.0231
-36.9105
-36.8155
-36.7369
-36.6711
-36.6128
-36.5558
-36.4942
-36.4235
-36.3415
-36.2491
-36.1502
-36.051
-35.96
-35.886
-35.8378
-35.8227
-35.8458
-35.909
-36.011
-36.1467
-36.3076
-36.4823
-36.658
-38.5947
-39.0815
-39.5219
-39.9159
-40.2678
-40.5848
-40.8755
-41.1474
-41.4052
-41.6497
-41.8774
-42.0814
-42.253
-42.3834
-42.4658
-42.4976
-42.4811
-42.4235
-42.3362
-42.2328
-42.127
-42.0308
-41.9526
-41.8958
-41.859
-41.8363
-41.8178
-41.7924
-41.7487
-41.6779
-41.5752
-41.4407
-41.2797
-41.1015
-40.9176
-40.74
-40.5789
-40.4415
-40.3304
-40.2437
-40.1751
-40.1149
-40.0522
-39.9759
-39.8775
-39.7522
-39.6
-39.4257
-39.2379
-39.0474
-38.8653
-38.7014
-38.5621
-38.4498
-38.3626
-38.2944
-38.2359
-38.1767
-38.1062
-38.0162
-37.9022
-37.764
-37.6061
-37.4367
-37.2661
-37.1048
-36.9618
-36.8434
-36.7517
-36.6849
-36.6369
-36.5991
-36.5613
-36.5134
-36.4478
-36.3604
-36.2517
-36.127
-35.9958
-35.87
-35.763
-35.6877
-35.6551
-35.673
-35.7453
-35.8707
-36.0433
-36.2516
-36.48
-36.7101
-38.8022
-39.3145
-39.7637
-40.1508
-40.4842
-40.7776
-41.0467
-41.3053
-41.5619
-41.8179
-42.0677
-42.2991
-42.4966
-42.6443
-42.7297
-42.7465
-42.6972
-42.5926
-42.4502
-42.2911
-42.1368
-42.0054
-41.9095
-41.8541
-41.8361
-41.8453
-41.8656
-41.8782
-41.8643
-41.8091
-41.7042
-41.5498
-41.3543
-41.133
-40.9045
-40.6881
-40.5001
-40.3517
-40.2468
-40.1821
-40.1473
-40.127
-40.103
-40.0572
-39.9756
-39.8499
-39.6804
-39.4748
-39.2474
-39.0159
-38.7983
-38.6099
-38.4611
-38.3556
-38.2902
-38.2548
-38.2348
-38.2129
-38.1719
-38.0982
-37.9842
-37.8298
-37.6426
-37.4359
-37.2265
-37.0314
-36.8652
-36.7377
-36.6522
-36.6056
-36.5881
-36.5856
-36.5811
-36.5582
-36.5036
-36.4099
-36.2773
-36.1134
-35.9325
-35.7529
-35.5944
-35.4762
-35.4148
-35.4221
-35.5048
-35.6627
-35.8884
-36.1666
-36.4751
-36.7868
-39.0915
-39.6384
-40.0948
-40.4629
-40.758
-41.0053
-41.2331
-41.466
-41.7192
-41.9954
-42.2844
-42.5656
-42.8119
-42.9952
-43.0922
-43.0907
-42.9931
-42.8162
-42.5881
-42.3427
-42.1135
-41.929
-41.8082
-41.7584
-41.7742
-41.8383
-41.9246
-42.0021
-42.0395
-42.0118
-41.9046
-41.718
-41.4663
-41.1747
-40.8741
-40.5953
-40.3645
-40.199
-40.1052
-40.0773
-40.0988
-40.1445
-40.1849
-40.1903
-40.1368
-40.0109
-39.8125
-39.5553
-39.2629
-38.9644
-38.6891
-38.4614
-38.2978
-38.2039
-38.1743
-38.1932
-38.2366
-38.2764
-38.2846
-38.2382
-38.1244
-37.9431
-37.7071
-37.4389
-37.1661
-36.9164
-36.713
-36.5714
-36.4969
-36.4842
-36.5178
-36.5747
-36.6275
-36.6486
-36.6157
-36.5156
-36.3478
-36.1244
-35.8675
-35.6053
-35.3676
-35.183
-35.0753
-35.0627
-35.156
-35.3571
-35.6578
-36.038
-36.4655
-36.8992
-39.4957
-40.0924
-40.5532
-40.8801
-41.1008
-41.2611
-41.4121
-41.5974
-41.8434
-42.1542
-42.5123
-42.8825
-43.2182
-43.4701
-43.5964
-43.5734
-43.4031
-43.1135
-42.7511
-42.3709
-42.026
-41.7608
-41.6046
-41.5684
-41.6426
-41.7993
-41.9965
-42.1834
-42.3087
-42.329
-42.2194
-41.9799
-41.6356
-41.2294
-40.8122
-40.4335
-40.1348
-39.9432
-39.8686
-39.9015
-40.0153
-40.1698
-40.3171
-40.4082
-40.4025
-40.2762
-40.0295
-39.6863
-39.287
-38.8797
-38.5114
-38.2208
-38.0339
-37.9595
-37.9887
-38.0961
-38.2436
-38.3856
-38.4758
-38.4753
-38.3617
-38.1351
-37.8179
-37.4485
-37.0726
-36.7348
-36.4719
-36.3083
-36.2526
-36.296
-36.4141
-36.5699
-36.7193
-36.8169
-36.8244
-36.7187
-36.4984
-36.1836
-35.8102
-35.4222
-35.0647
-34.7788
-34.599
-34.551
-34.6518
-34.908
-35.313
-35.8414
-36.4468
-37.065
-40.0656
-40.7424
-41.2044
-41.4501
-41.5304
-41.5302
-41.5417
-41.6415
-41.8742
-42.245
-42.723
-43.2489
-43.745
-44.126
-44.3159
-44.2682
-43.9848
-43.5154
-42.94
-42.3481
-41.8238
-41.4354
-41.2285
-41.2194
-41.3922
-41.7022
-42.083
-42.4537
-42.7288
-42.8333
-42.7212
-42.3928
-41.8942
-41.3001
-40.6946
-40.1567
-39.7507
-39.5191
-39.4771
-39.6093
-39.8732
-40.2056
-40.53
-40.7657
-40.8417
-40.7148
-40.3857
-39.898
-39.3226
-38.7389
-38.2215
-37.8311
-37.6079
-37.5659
-37.6905
-37.9413
-38.2585
-38.5694
-38.7975
-38.8753
-38.7619
-38.4576
-38.0037
-37.4675
-36.9244
-36.4452
-36.0876
-35.8899
-35.8656
-36.0004
-36.2559
-36.5744
-36.8856
-37.115
-37.196
-37.087
-36.7852
-36.3271
-35.7738
-35.1953
-34.6586
-34.222
-33.9326
-33.8251
-33.9238
-34.2447
-34.7902
-35.5339
-36.4097
-37.3138
-40.8778
-41.7015
-42.1673
-42.2583
-42.076
-41.7823
-41.5442
-41.4942
-41.7061
-42.1814
-42.8644
-43.6583
-44.4374
-45.0572
-45.3773
-45.3025
-44.8343
-44.0702
-43.1527
-42.2282
-41.4257
-40.8487
-40.5675
-40.6085
-40.944
-41.5033
-42.1841
-42.8614
-43.3948
-43.6494
-43.5345
-43.0508
-42.2902
-41.3871
-40.4798
-39.69
-39.1153
-38.822
-38.8348
-39.1274
-39.6324
-40.253
-40.8707
-41.353
-41.5729
-41.4448
-40.9701
-40.2361
-39.37
-38.5026
-37.7488
-37.2007
-36.9208
-36.9324
-37.2104
-37.691
-38.2825
-38.8726
-39.3355
-39.5508
-39.437
-38.9953
-38.3082
-37.4964
-36.6841
-35.9804
-35.4732
-35.222
-35.2492
-35.5311
-36.0071
-36.5894
-37.1698
-37.6266
-37.8414
-37.7328
-37.2969
-36.6075
-35.774
-34.9082
-34.1081
-33.4534
-33.0043
-32.8024
-32.8756
-33.2582
-33.9821
-35.0362
-36.3317
-37.695
-42.0418
-43.1758
-43.6698
-43.4606
-42.7819
-41.954
-41.2754
-40.9698
-41.1586
-41.8188
-42.8462
-44.0891
-45.3593
-46.42
-47.0072
-46.9035
-46.1099
-44.8459
-43.3753
-41.9327
-40.703
-39.8361
-39.4427
-39.5735
-40.1736
-41.1292
-42.2904
-43.4764
-44.462
-44.9978
-44.879
-44.1075
-42.8913
-41.4801
-40.0959
-38.9134
-38.0746
-37.6841
-37.7898
-38.3394
-39.2251
-40.3045
-41.4065
-42.3184
-42.805
-42.6739
-41.9279
-40.7642
-39.4193
-38.1029
-36.9798
-36.184
-35.8141
-35.9155
-36.4384
-37.281
-38.3084
-39.3587
-40.2303
-40.6999
-40.5844
-39.8863
-38.7921
-37.5261
-36.2874
-35.2328
-34.4899
-34.1532
-34.2661
-34.7824
-35.6053
-36.6069
-37.6321
-38.4865
-38.9527
-38.8499
-38.1738
-37.0956
-35.8204
-34.5266
-33.3483
-32.3886
-31.7203
-31.3833
-31.382
-31.78
-32.6985
-34.191
-36.1562
-38.2965
-43.6826
-45.5692
-46.1844
-45.3409
-43.704
-41.9101
-40.4693
-39.7333
-39.9324
-40.9273
-42.5175
-44.4804
-46.5828
-48.4647
-49.6321
-49.4977
-48.0631
-45.9192
-43.5575
-41.3308
-39.4577
-38.1418
-37.563
-37.8629
-38.891
-40.4593
-42.3611
-44.3798
-46.1771
-47.2888
-47.1633
-45.8047
-43.7732
-41.5342
-39.4214
-37.6419
-36.3884
-35.8316
-36.1057
-37.0676
-38.5389
-40.3234
-42.2159
-43.8962
-44.9268
-44.7885
-43.4871
-41.5534
-39.4277
-37.4247
-35.7395
-34.5539
-34.0289
-34.2914
-35.2062
-36.6047
-38.3014
-40.1022
-41.704
-42.6914
-42.571
-41.3474
-39.5235
-37.5165
-35.6256
-34.0363
-32.9219
-32.4367
-32.7024
-33.5919
-34.9462
-36.5905
-38.3404
-39.9053
-40.8832
-40.7927
-39.6298
-37.8672
-35.8936
-33.9786
-32.2739
-30.9043
-29.959
-29.4808
-29.3134
-29.5522
-30.5882
-32.6652
-35.7285
-39.2825
-45.7855
-49.7835
-50.7901
-48.3658
-44.859
-41.3589
-38.6475
-37.1497
-37.56
-39.1784
-41.6522
-44.671
-48.1237
-51.5384
-54.1314
-53.9644
-51.0375
-47.3061
-43.5453
-40.2196
-37.4103
-35.3859
-34.418
-35.1037
-36.8306
-39.309
-42.2635
-45.6021
-48.8794
-51.3612
-51.2233
-48.471
-44.954
-41.4065
-38.267
-35.6131
-33.6989
-32.7828
-33.431
-35.0622
-37.4015
-40.187
-43.3307
-46.4097
-48.7315
-48.5779
-45.9568
-42.6193
-39.2592
-36.2887
-33.7801
-31.9723
-31.1097
-31.7281
-33.2777
-35.4988
-38.1445
-41.1323
-44.0625
-46.2781
-46.1462
-43.6731
-40.5184
-37.3399
-34.5293
-32.1558
-30.4479
-29.639
-30.2404
-31.7319
-33.8695
-36.422
-39.3149
-42.1694
-44.3523
-44.2796
-41.9494
-38.9425
-35.8825
-33.1276
-30.717
-28.809
-27.525
-27.1306
-26.6601
-26.1765
-26.979
-29.7193
-34.594
-40.9847
-47.3078
-58.2837
-60.2805
-52.9268
-46.0214
-39.6814
-35.0801
-31.8188
-33.448
-36.1974
-40.0023
-44.2365
-49.7194
-55.7954
-62.605
-62.4056
-55.1704
-48.7355
-42.9067
-38.365
-34.2325
-31.1085
-28.892
-30.8451
-33.688
-37.4732
-41.6129
-46.9128
-52.7272
-59.2061
-59.0479
-52.2384
-46.1789
-40.6913
-36.4133
-32.5191
-29.5722
-27.4814
-29.3407
-32.0371
-35.6216
-39.5349
-44.5385
-50.0137
-56.1009
-55.9207
-49.458
-43.7177
-38.5295
-34.4877
-30.8114
-28.0297
-26.0578
-27.8238
-30.3819
-33.7817
-37.495
-42.2451
-47.4502
-53.2451
-53.0928
-46.9804
-41.5474
-36.6336
-32.8036
-29.3169
-26.6792
-24.8106
-26.4967
-28.9415
-32.1955
-35.7635
-40.3446
-45.4008
-51.0695
-51.0174
-45.2432
-40.0945
-35.4323
-31.7807
-28.4362
-25.8152
-23.8102
-24.8899
-24.0256
-20.9489
-20.5792
-23.6997
-31.2766
-44.1182
-41.2706
-79.772
-83.0362
-56.6395
-46.3406
-35.5031
-29.5838
-19.4457
-27.723
-31.6963
-37.7342
-42.004
-50.4608
-58.996
-81.1717
-80.9782
-58.1508
-49.292
-40.4148
-35.921
-29.6024
-25.5246
-17.3617
-25.3053
-29.1884
-35.127
-39.2914
-47.4827
-55.618
-76.6083
-76.4505
-54.9257
-46.58
-38.2345
-34.007
-28.0609
-24.2127
-16.4919
-24.0449
-27.7332
-33.3681
-37.3127
-45.0672
-52.7364
-72.4954
-72.31
-51.9191
-44.0212
-36.1489
-32.1606
-26.5542
-22.921
-15.6235
-22.779
-26.274
-31.6133
-35.3525
-42.7025
-49.9888
-68.7761
-68.6217
-49.3095
-41.8286
-34.3668
-30.5833
-25.2556
-21.8029
-14.8636
-21.6604
-24.9857
-30.0694
-33.6462
-40.69
-47.7502
-66.0245
-65.995
-47.6364
-40.5458
-33.5266
-29.9918
-25.1133
-21.9346
-15.6534
-25.4485
-24.577
-11.8233
-9.15361
-11.2628
-20.3781
-50.2279
-36.7041
-36.8067
-36.8807
-36.9206
-36.9247
-36.8949
-36.8358
-36.7543
-36.6586
-36.5572
-36.4585
-36.3698
-36.2976
-36.2467
-36.2204
-36.724
-36.8353
-36.9147
-36.9564
-36.9587
-36.9241
-36.8581
-36.7685
-36.6643
-36.5546
-36.4484
-36.3534
-36.2763
-36.222
-36.1941
-36.7661
-36.8959
-36.9865
-37.0315
-37.0297
-36.9847
-36.9041
-36.7974
-36.6753
-36.5486
-36.427
-36.3192
-36.2321
-36.1711
-36.1398
-36.8357
-36.9955
-37.1039
-37.1534
-37.1437
-37.0811
-36.9761
-36.8416
-36.6911
-36.5374
-36.3919
-36.2642
-36.1619
-36.0906
-36.0541
-36.9416
-37.1465
-37.2804
-37.3344
-37.3107
-37.2198
-37.0777
-36.9019
-36.7101
-36.518
-36.3389
-36.1838
-36.0606
-35.9754
-35.9319
-37.0982
-37.3685
-37.5367
-37.5931
-37.5447
-37.4099
-37.2128
-36.9783
-36.7293
-36.4854
-36.2622
-36.0713
-35.9214
-35.8185
-35.7661
-37.3289
-37.6927
-37.9048
-37.9566
-37.8652
-37.6624
-37.3853
-37.069
-36.7435
-36.4323
-36.153
-35.9178
-35.7353
-35.611
-35.5481
-37.6717
-38.1685
-38.4331
-38.4634
-38.297
-37.9892
-37.5969
-37.169
-36.7434
-36.3474
-35.9995
-35.7116
-35.491
-35.3421
-35.2671
-38.1903
-38.8767
-39.1956
-39.167
-38.8701
-38.4005
-37.8441
-37.2666
-36.7137
-36.2145
-35.7861
-35.4381
-35.1751
-34.9992
-34.9111
-38.9971
-39.9525
-40.3056
-40.139
-39.616
-38.8987
-38.1122
-37.3397
-36.6304
-36.0107
-35.4924
-35.0795
-34.772
-34.5684
-34.4671
-40.301
-41.6305
-41.9353
-41.4672
-40.5561
-39.4662
-38.3665
-37.3494
-36.4575
-35.7054
-35.0933
-34.6156
-34.2651
-34.0354
-33.9218
-42.5231
-44.3331
-44.3381
-43.2385
-41.6749
-40.0433
-38.5382
-37.234
-36.145
-35.26
-34.5597
-34.0243
-33.6374
-33.3863
-33.2628
-46.6032
-48.8408
-47.8455
-45.4736
-42.8619
-40.494
-38.509
-36.9033
-35.6284
-34.6301
-33.8611
-33.2848
-32.8738
-32.6096
-32.4804
-54.922
-56.5814
-52.7294
-47.9485
-43.8049
-40.562
-38.1004
-36.2417
-34.8354
-33.7707
-32.97
-32.3797
-31.9636
-31.698
-31.5686
-74.5111
-69.8332
-58.5423
-49.7861
-43.8473
-39.8486
-37.0888
-35.1277
-33.7007
-32.6475
-31.8684
-31.3004
-30.9028
-30.6503
-30.5275
-22.8411
-22.8734
-22.9395
-23.0423
-23.187
-23.3825
-23.6431
-23.9936
-24.4782
-25.1823
-26.2828
-28.1808
-31.8441
-39.4964
-53.6645
-21.8869
-21.9054
-21.9429
-22.0003
-22.0794
-22.1829
-22.3164
-22.4896
-22.7226
-23.0594
-23.6091
-24.692
-27.4643
-37.0659
-79.6142
-20.9199
-20.9243
-20.9326
-20.9434
-20.9546
-20.9627
-20.9621
-20.9442
-20.8949
-20.7885
-20.5673
-20.0514
-18.4715
-11.7709
25.4936
-19.9497
-19.9405
-19.9205
-19.8863
-19.8321
-19.7485
-19.6199
-19.4207
-19.1068
-18.5966
-17.7287
-16.1577
-13.152
-7.7148
-3.81994
-18.986
-18.9641
-18.9182
-18.8431
-18.7302
-18.5655
-18.3267
-17.977
-17.4549
-16.6527
-15.3747
-13.2498
-9.541
-2.60087
13.4625
-18.0374
-18.0045
-17.9361
-17.8261
-17.6641
-17.4341
-17.1105
-16.6531
-15.9976
-15.0395
-13.6083
-11.436
-8.17254
-3.82742
-1.97488
-17.1115
-17.0697
-16.9829
-16.8451
-16.6454
-16.3677
-15.9872
-15.4668
-14.7506
-13.7552
-12.3571
-10.3782
-7.5544
-3.32412
4.93743
-16.2148
-16.1659
-16.0653
-15.9069
-15.681
-15.3728
-14.9611
-14.4164
-13.6976
-12.7507
-11.5093
-9.90698
-7.9127
-5.62052
-3.4766
-15.3519
-15.2981
-15.1878
-15.0158
-14.7737
-14.4496
-14.0275
-13.4868
-12.8031
-11.9506
-10.9124
-9.7079
-8.47776
-7.81397
-10.4017
-14.5265
-14.4694
-14.3531
-14.1732
-13.9233
-13.5945
-13.1762
-12.6567
-12.0257
-11.2795
-10.4311
-9.5266
-8.64951
-7.74942
-5.03652
-13.7407
-13.6819
-13.5625
-13.3793
-13.1276
-12.8016
-12.3953
-11.904
-11.3283
-10.6793
-9.98883
-9.32628
-8.83724
-8.94375
-11.8746
-12.9958
-12.9363
-12.8162
-12.633
-12.3836
-12.0645
-11.6732
-11.2101
-10.6819
-10.1079
-9.52717
-9.00547
-8.61142
-8.17675
-5.53912
-12.2921
-12.2329
-12.1137
-11.9327
-11.688
-11.3776
-11.001
-10.5612
-10.0674
-9.5412
-9.02453
-8.59602
-8.4138
-8.93958
-12.5808
-11.6294
-11.5712
-11.454
-11.2767
-11.038
-10.7366
-10.3728
-9.94972
-9.4755
-8.96783
-8.46068
-8.01553
-7.72454
-7.53894
-5.40343
-11.0072
-10.9504
-10.8361
-10.6634
-10.4314
-10.1389
-9.78588
-9.37374
-8.90679
-8.39412
-7.85379
-7.32798
-6.96211
-7.49242
-13.4907
-10.4246
-10.3694
-10.2586
-10.0914
-9.8667
-9.58326
-9.23996
-8.83584
-8.36985
-7.83961
-7.2368
-6.52939
-5.57732
-3.64872
3.70407
-9.88018
-9.82704
-9.72036
-9.55935
-9.34282
-9.06918
-8.73628
-8.34089
-7.87752
-7.3355
-6.69246
-5.90071
-4.87068
-3.57181
-3.4426
-9.37269
-9.32186
-9.21983
-9.06582
-8.85858
-8.59626
-8.27599
-7.89316
-7.4398
-6.90153
-6.25141
-5.43751
-4.35074
-2.68265
1.07264
-8.90049
-8.85224
-8.7554
-8.60925
-8.41261
-8.16357
-7.85915
-7.49439
-7.06107
-6.54525
-5.9241
-5.16381
-4.23449
-3.24295
-3.37643
-8.4618
-8.41636
-8.3252
-8.18775
-8.00301
-7.76936
-7.4842
-7.14326
-6.73962
-6.26212
-5.69342
-5.0075
-4.16147
-3.02199
-0.713662
-8.05467
-8.01222
-7.92715
-7.79909
-7.62738
-7.41093
-7.14798
-6.83567
-6.46946
-6.04234
-5.54416
-4.96239
-4.29225
-3.61274
-3.65232
-7.67701
-7.63768
-7.55896
-7.44074
-7.28281
-7.08479
-6.84604
-6.56552
-6.24161
-5.87191
-5.45295
-4.97865
-4.42956
-3.7041
-2.17751
-7.32668
-7.29049
-7.21821
-7.10998
-6.96609
-6.78694
-6.57311
-6.32551
-6.04556
-5.73568
-5.4002
-5.04685
-4.68937
-4.35179
-4.08338
-7.00147
-6.96838
-6.90241
-6.804
-6.67387
-6.51317
-6.32364
-6.10796
-5.87029
-5.61726
-5.35985
-5.11792
-4.93538
-4.95145
-5.80276
-6.69925
-6.66912
-6.60916
-6.52004
-6.40288
-6.25943
-6.09235
-5.9057
-5.7057
-5.50188
-5.30878
-5.14776
-5.04348
-4.97106
-4.42002
-6.41796
-6.39057
-6.33616
-6.25556
-6.15016
-6.0221
-5.87464
-5.71272
-5.54378
-5.37906
-5.23543
-5.1382
-5.12945
-5.32302
-6.34777
-6.15571
-6.13078
-6.08135
-6.00832
-5.91318
-5.79825
-5.66699
-5.52462
-5.37894
-5.24162
-5.12986
-5.06721
-5.07495
-5.09777
-4.46649
-5.91077
-5.88802
-5.84295
-5.77644
-5.68996
-5.58573
-5.46707
-5.33884
-5.2083
-5.08642
-4.99021
-4.94735
-5.00997
-5.32674
-6.66727
-5.68163
-5.66077
-5.61944
-5.55844
-5.47907
-5.38326
-5.27379
-5.15467
-5.03166
-4.91341
-4.81352
-4.75425
-4.76852
-4.84473
-4.30164
-5.46699
-5.44775
-5.4096
-5.3532
-5.2796
-5.19027
-5.08724
-4.9732
-4.85171
-4.72768
-4.60863
-4.51009
-4.48407
-4.79277
-7.05601
-5.26571
-5.24787
-5.21244
-5.15992
-5.09106
-5.00681
-4.90835
-4.79691
-4.67354
-4.53849
-4.3895
-4.21557
-3.9672
-3.38346
-0.866218
-5.07683
-5.06022
-5.02716
-4.97801
-4.9132
-4.83324
-4.73849
-4.62892
-4.50348
-4.35899
-4.18772
-3.97274
-3.68323
-3.31685
-3.44397
-4.8995
-4.88399
-4.85307
-4.80697
-4.74588
-4.66994
-4.57894
-4.47195
-4.34667
-4.1981
-4.01629
-3.78169
-3.45267
-2.9075
-1.53483
-4.73295
-4.71846
-4.68955
-4.64634
-4.58889
-4.51711
-4.43049
-4.32771
-4.20604
-4.0603
-3.88154
-3.65623
-3.3722
-3.07279
-3.2474
-4.57647
-4.56295
-4.53597
-4.4956
-4.44186
-4.37459
-4.29326
-4.1966
-4.08214
-3.94543
-3.77912
-3.57156
-3.30243
-2.90888
-1.99916
-4.42939
-4.41681
-4.3917
-4.35416
-4.30423
-4.24186
-4.16669
-4.07787
-3.97369
-3.85113
-3.70537
-3.52966
-3.31907
-3.1034
-3.201
-4.29105
-4.27937
-4.25608
-4.22132
-4.17526
-4.11802
-4.04961
-3.96982
-3.87801
-3.77296
-3.65242
-3.51199
-3.33926
-3.08034
-2.433
-4.16084
-4.15
-4.12844
-4.09635
-4.05406
-4.00194
-3.94045
-3.87011
-3.79155
-3.70555
-3.6133
-3.51676
-3.4193
-3.327
-3.25286
-4.03816
-4.02809
-4.0081
-3.97848
-3.93969
-3.89238
-3.83744
-3.77614
-3.71025
-3.64249
-3.57718
-3.52216
-3.49579
-3.56101
-4.02113
-3.92248
-3.91308
-3.89447
-3.86699
-3.83125
-3.78812
-3.73887
-3.68534
-3.63027
-3.57775
-3.53392
-3.50769
-3.50868
-3.52076
-3.28485
-3.81334
-3.80449
-3.78699
-3.76125
-3.72796
-3.68813
-3.64328
-3.59564
-3.54854
-3.50698
-3.47845
-3.47431
-3.51389
-3.65269
-4.20861
-3.71035
-3.70191
-3.68524
-3.66077
-3.62921
-3.59163
-3.54963
-3.50556
-3.46297
-3.42716
-3.40606
-3.41057
-3.45022
-3.49494
-3.19755
-3.61322
-3.60506
-3.58892
-3.56523
-3.53465
-3.49822
-3.45742
-3.41447
-3.37269
-3.33715
-3.3159
-3.32245
-3.38304
-3.57474
-4.30062
-3.52178
-3.51375
-3.49785
-3.47447
-3.44417
-3.40784
-3.36672
-3.32259
-3.27808
-3.23721
-3.20646
-3.1968
-3.22481
-3.28355
-3.01234
-3.43593
-3.42791
-3.412
-3.38851
-3.3579
-3.3208
-3.27811
-3.23097
-3.18096
-3.13026
-3.08237
-3.04502
-3.04525
-3.22148
-4.43096
-3.35566
-3.34755
-3.33143
-3.30752
-3.27613
-3.23767
-3.19259
-3.14137
-3.08433
-3.02135
-2.95098
-2.86714
-2.7435
-2.44184
-1.11484
-3.28103
-3.27275
-3.25627
-3.23172
-3.19928
-3.15913
-3.11135
-3.05581
-2.99183
-2.9176
-2.82895
-2.71691
-2.56537
-2.37422
-2.45165
-3.21216
-3.20367
-3.18673
-3.16142
-3.1278
-3.08589
-3.03552
-2.97613
-2.90646
-2.82387
-2.72316
-2.59411
-2.41476
-2.12006
-1.38083
-3.1492
-3.14046
-3.12301
-3.09688
-3.06209
-3.01854
-2.96595
-2.90359
-2.83007
-2.74273
-2.63707
-2.50626
-2.34427
-2.17457
-2.25787
-3.09231
-3.08331
-3.06532
-3.03838
-3.00246
-2.95749
-2.90316
-2.83883
-2.76327
-2.67433
-2.56846
-2.44005
-2.27914
-2.05338
-1.55653
-3.04168
-3.0324
-3.01386
-2.9861
-2.94914
-2.90294
-2.84732
-2.78187
-2.70578
-2.6177
-2.51551
-2.39643
-2.25906
-2.12042
-2.14621
-2.99751
-2.98793
-2.96882
-2.94023
-2.90225
-2.85494
-2.79832
-2.7323
-2.65663
-2.57087
-2.4743
-2.36552
-2.23987
-2.07325
-1.71924
-2.96
-2.9501
-2.93035
-2.90088
-2.86184
-2.81342
-2.75586
-2.68944
-2.61449
-2.53155
-2.44157
-2.34633
-2.24915
-2.15618
-2.08082
-2.92937
-2.91911
-2.89866
-2.86819
-2.82794
-2.77826
-2.71957
-2.6525
-2.5779
-2.49713
-2.41251
-2.32849
-2.25551
-2.22686
-2.38998
-2.90588
-2.89519
-2.87393
-2.84229
-2.80061
-2.74934
-2.68912
-2.62079
-2.54561
-2.4654
-2.38303
-2.30298
-2.23111
-2.16435
-1.99831
-2.88981
-2.87863
-2.85641
-2.82338
-2.77995
-2.72666
-2.66429
-2.59386
-2.51682
-2.43519
-2.35196
-2.27179
-2.20318
-2.17075
-2.30527
-2.88151
-2.86976
-2.84639
-2.8117
-2.76613
-2.7103
-2.64506
-2.57153
-2.49121
-2.40608
-2.31877
-2.23259
-2.15013
-2.06121
-1.85177
-2.88138
-2.86895
-2.84426
-2.80759
-2.75944
-2.70048
-2.63159
-2.55393
-2.46896
-2.3785
-2.2848
-2.19081
-2.10158
-2.03534
-2.10654
-2.88988
-2.87668
-2.85043
-2.81146
-2.76027
-2.69756
-2.62422
-2.54141
-2.45052
-2.35316
-2.25105
-2.14572
-2.03708
-1.914
-1.68387
-2.90755
-2.89347
-2.86545
-2.82383
-2.76912
-2.70201
-2.62343
-2.53451
-2.43659
-2.33114
-2.21955
-2.10294
-1.9826
-1.867
-1.82813
-2.93502
-2.91993
-2.88992
-2.8453
-2.78657
-2.71444
-2.62983
-2.53387
-2.4279
-2.31338
-2.19153
-2.06276
-1.92484
-1.7667
-1.53709
-2.97297
-2.95678
-2.92454
-2.87657
-2.81335
-2.73556
-2.64411
-2.54018
-2.42517
-2.3007
-2.16833
-2.02893
-1.88112
-1.71603
-1.49476
-3.02217
-3.00476
-2.97009
-2.91843
-2.85024
-2.76615
-2.66707
-2.55418
-2.42902
-2.29353
-2.15
-2.00096
-1.84941
-1.70436
-1.62911
-3.08346
-3.06475
-3.02744
-2.97179
-2.89817
-2.80718
-2.69963
-2.5767
-2.44004
-2.29193
-2.13551
-1.97475
-1.81318
-1.64421
-1.38074
-3.15776
-3.13766
-3.09755
-3.03762
-2.95818
-2.8597
-2.74288
-2.60877
-2.45901
-2.29612
-2.12405
-1.94909
-1.78209
-1.64966
-1.67634
-3.24601
-3.22446
-3.18142
-3.117
-3.03141
-2.92496
-2.79813
-2.65172
-2.48712
-2.30669
-2.11459
-1.91791
-1.727
-1.54462
-1.26342
-3.34924
-3.3262
-3.28014
-3.2111
-3.11914
-3.00438
-2.86698
-2.70732
-2.52621
-2.32535
-2.10833
-1.88273
-1.66598
-1.50819
-1.60766
-3.46847
-3.44393
-3.39482
-3.32111
-3.22272
-3.09951
-2.95128
-2.77782
-2.57902
-2.35525
-2.10804
-1.84141
-1.56403
-1.29311
-1.06843
-3.60475
-3.57871
-3.52659
-3.44827
-3.34354
-3.21203
-3.05312
-2.86592
-2.64918
-2.40143
-2.12124
-1.80755
-1.45759
-1.04589
-0.373132
-3.75912
-3.73162
-3.67656
-3.59378
-3.48297
-3.34357
-3.17462
-2.97453
-2.74088
-2.47013
-2.15771
-1.79888
-1.39403
-0.979966
-0.850345
-3.93259
-3.90367
-3.84578
-3.75875
-3.64225
-3.49565
-3.31774
-3.10646
-2.85833
-2.56779
-2.22641
-1.82219
-1.33687
-0.716496
0.402261
-4.12614
-4.09585
-4.03524
-3.94419
-3.82245
-3.66946
-3.48404
-3.26399
-3.00525
-2.70075
-2.33875
-1.90181
-1.37351
-0.799115
-0.713998
-4.34074
-4.3091
-4.24583
-4.15094
-4.02437
-3.86579
-3.6744
-3.44838
-3.18394
-2.87364
-2.50315
-2.04487
-1.44216
-0.541948
1.37472
-4.57731
-4.54431
-4.47838
-4.37971
-4.2485
-4.08491
-3.88882
-3.65945
-3.39449
-3.08835
-2.72851
-2.28822
-1.71743
-0.990642
-0.801017
-4.83681
-4.80238
-4.73368
-4.63108
-4.49514
-4.32659
-4.12634
-3.89524
-3.63365
-3.34035
-3.00973
-2.62222
-2.10103
-1.0663
2.75048
-5.12022
-5.08424
-5.01253
-4.90562
-4.76441
-4.5903
-4.3853
-4.15221
-3.89482
-3.61827
-3.33047
-3.04904
-2.84127
-3.07391
-6.07834
-5.42862
-5.39093
-5.31582
-5.20397
-5.05654
-4.87546
-4.66376
-4.42606
-4.1693
-3.90401
-3.64678
-3.42471
-3.27568
-3.15667
-1.96264
-5.76321
-5.72359
-5.64464
-5.52703
-5.37204
-5.18189
-4.96029
-4.71315
-4.4497
-4.18416
-3.93868
-3.74965
-3.68923
-3.98598
-5.90824
-6.12531
-6.08357
-6.00031
-5.87605
-5.71195
-5.51017
-5.27455
-5.01157
-4.73156
-4.45039
-4.19137
-3.98528
-3.85476
-3.68645
-2.29818
-6.51639
-6.47239
-6.38444
-6.25275
-6.07803
-5.86194
-5.60783
-5.32182
-5.01421
-4.70124
-4.40731
-4.16845
-4.04653
-4.23411
-5.88701
-6.93804
-6.89174
-6.79895
-6.65934
-6.47285
-6.24011
-5.96325
-5.64708
-5.30059
-4.93888
-4.58501
-4.27039
-4.02336
-3.76419
-2.46068
-7.39183
-7.3434
-7.24596
-7.0985
-6.89979
-6.64891
-6.34598
-5.9934
-5.59755
-5.17107
-4.73546
-4.32541
-4.00863
-4.0195
-5.61886
-7.87926
-7.82908
-7.72771
-7.57323
-7.36297
-7.09386
-6.7632
-6.36976
-5.91578
-5.40959
-4.86816
-4.31566
-3.76636
-3.17167
-2.39794
-8.40154
-8.35031
-8.24636
-8.08672
-7.867
-7.58157
-7.22401
-6.78818
-6.27028
-5.67258
-5.00855
-4.3037
-3.5556
-2.44819
1.36033
-8.95939
-8.90815
-8.80368
-8.64193
-8.41667
-8.11936
-7.73917
-7.26358
-6.68019
-5.98163
-5.17728
-4.32179
-3.59435
-3.60047
-6.95591
-9.55284
-9.50296
-9.40077
-9.24125
-9.01639
-8.7147
-8.32059
-7.81385
-7.1701
-6.36414
-5.38154
-4.25096
-3.12368
-2.42683
-2.88297
-10.1809
-10.1341
-10.0377
-9.88594
-9.66945
-9.37423
-8.98022
-8.45926
-7.77264
-6.86934
-5.68855
-4.17783
-2.35411
-0.452508
0.873234
-10.8415
-10.7997
-10.713
-10.5756
-10.3772
-10.1024
-9.72802
-9.21971
-8.52566
-7.56723
-6.2247
-4.32206
-1.63862
1.92172
5.55011
-11.5312
-11.4963
-11.4237
-11.3076
-11.138
-10.8996
-10.5689
-10.1091
-9.46229
-8.53185
-7.1498
-5.00853
-1.53209
4.24871
12.7467
-12.2451
-12.2191
-12.1646
-12.0767
-11.9466
-11.761
-11.4992
-11.1285
-10.5959
-9.8101
-8.60214
-6.62219
-3.02583
4.68876
25.8447
-146.524
-88.0425
-61.5475
-48.8879
-42.1078
-38.0592
-35.4294
-33.6169
-32.318
-31.3665
-30.6652
-30.1547
-29.7976
-29.5708
-29.4605
-182.269
-82.3837
-54.6716
-43.9882
-38.6296
-35.447
-33.3533
-31.8867
-30.8198
-30.0283
-29.439
-29.0066
-28.7025
-28.5085
-28.414
46.9853
-26.6046
-35.9702
-35.3909
-33.6402
-32.0788
-30.8416
-29.8789
-29.1304
-28.5496
-28.1037
-27.7694
-27.5308
-27.3772
-27.3019
-7.02137
-15.4255
-24.1749
-27.6069
-28.5195
-28.4853
-28.1393
-27.7224
-27.3244
-26.9774
-26.6909
-26.4658
-26.3001
-26.1914
-26.1375
25.9585
-4.00676
-16.0722
-21.5727
-24.0562
-25.1085
-25.4863
-25.5527
-25.4831
-25.3632
-25.2354
-25.1209
-25.0299
-24.9674
-24.9358
-1.40276
-5.01838
-12.5286
-17.6334
-20.5868
-22.2
-23.0495
-23.4775
-23.6766
-23.7544
-23.7708
-23.7597
-23.7399
-23.7221
-23.712
11.4993
-3.32541
-10.6554
-15.1883
-18.048
-19.8218
-20.9056
-21.5611
-21.9544
-22.1882
-22.3254
-22.4044
-22.4485
-22.4715
-22.4812
-3.05615
-6.83706
-10.7247
-13.9051
-16.2634
-17.9229
-19.0591
-19.8268
-20.3429
-20.6891
-20.9204
-21.0734
-21.1717
-21.23
-21.2572
-14.9859
-10.2746
-11.285
-13.193
-14.9639
-16.3874
-17.4684
-18.2674
-18.8495
-19.2697
-19.5699
-19.7805
-19.9226
-20.0103
-20.0521
-4.92235
-9.73865
-11.2221
-12.5759
-13.9059
-15.0896
-16.0736
-16.8585
-17.4685
-17.9336
-18.2816
-18.5351
-18.7113
-18.8223
-18.876
-16.7792
-11.5172
-11.2493
-11.9753
-12.9494
-13.9307
-14.817
-15.571
-16.1881
-16.679
-17.0589
-17.3433
-17.5452
-17.6743
-17.7373
-5.06303
-9.82743
-10.5864
-11.2023
-11.9878
-12.8376
-13.6524
-14.3785
-14.9955
-15.5013
-15.9026
-16.2089
-16.4295
-16.5722
-16.6422
-17.2654
-10.9192
-10.0229
-10.3116
-10.9817
-11.7689
-12.5493
-13.2618
-13.88
-14.3962
-14.8122
-15.1339
-15.3681
-15.5206
-15.5957
-4.28275
-8.22629
-8.63651
-9.1561
-9.89417
-10.705
-11.4934
-12.2107
-12.8354
-13.3607
-13.7874
-14.1198
-14.3633
-14.5227
-14.6015
-18.1536
-7.98706
-7.17413
-7.84884
-8.75615
-9.65655
-10.4867
-11.2239
-11.8599
-12.3936
-12.828
-13.1675
-13.417
-13.5808
-13.6619
11.534
-1.25224
-4.67868
-6.38005
-7.62295
-8.65691
-9.5447
-10.3074
-10.9553
-11.4955
-11.9344
-12.2776
-12.5303
-12.6963
-12.7786
-0.517639
-1.01724
-3.38119
-5.22967
-6.63483
-7.7588
-8.68951
-9.47068
-10.1255
-10.6679
-11.1073
-11.4507
-11.7036
-11.87
-11.9525
6.94689
0.512442
-2.44166
-4.38715
-5.84198
-6.99489
-7.93819
-8.72169
-9.37378
-9.91172
-10.3468
-10.6867
-10.9371
-11.1019
-11.1837
-0.28933
-0.374772
-2.20255
-3.88536
-5.25882
-6.37654
-7.29785
-8.06395
-8.70134
-9.22704
-9.6523
-9.98483
-10.23
-10.3915
-10.4717
3.76174
-0.0520176
-2.06412
-3.59842
-4.85324
-5.89461
-6.76529
-7.4956
-8.10647
-8.61211
-9.02225
-9.34364
-9.581
-9.73757
-9.81535
-0.766615
-0.980399
-2.25749
-3.50556
-4.59591
-5.53121
-6.3302
-7.01021
-7.58468
-8.0635
-8.45383
-8.76081
-8.98813
-9.13834
-9.21305
1.21582
-1.17035
-2.47104
-3.52222
-4.44625
-5.26248
-5.97775
-6.59812
-7.12932
-7.57636
-7.94329
-8.2333
-8.44881
-8.59155
-8.66264
-1.50691
-2.11411
-2.85784
-3.62719
-4.37147
-5.06386
-5.69121
-6.24794
-6.73242
-7.14484
-7.48617
-7.75754
-7.96003
-8.09452
-8.1616
-3.80792
-2.96303
-3.22686
-3.74959
-4.33271
-4.91043
-5.45372
-5.94795
-6.38555
-6.76271
-7.07764
-7.32962
-7.51849
-7.6443
-7.70716
-2.1183
-3.042
-3.4161
-3.83005
-4.2977
-4.78091
-5.2503
-5.68729
-6.08067
-6.4238
-6.71282
-6.94553
-7.12074
-7.23779
-7.29638
-4.36447
-3.50261
-3.57766
-3.87321
-4.25189
-4.661
-5.06938
-5.45692
-5.81069
-6.12247
-6.3871
-6.60139
-6.76338
-6.87189
-6.92629
-2.35614
-3.31257
-3.5861
-3.85866
-4.18497
-4.54161
-4.90294
-5.25001
-5.56987
-5.85389
-6.09636
-6.29358
-6.44315
-6.54358
-6.59399
-4.53651
-3.59676
-3.59521
-3.80679
-4.09698
-4.41896
-4.74641
-5.06201
-5.35396
-5.61415
-5.83705
-6.01886
-6.15706
-6.25
-6.2967
-2.40767
-3.22941
-3.4563
-3.70036
-3.98691
-4.29251
-4.59811
-4.89044
-5.1601
-5.40033
-5.60627
-5.77444
-5.90241
-5.98855
-6.03185
-4.66987
-3.27514
-3.30548
-3.56441
-3.86362
-4.16608
-4.45904
-4.73462
-4.98668
-5.21033
-5.40173
-5.55794
-5.67681
-5.75684
-5.79708
-0.262258
-2.33121
-2.99592
-3.40049
-3.73809
-4.04624
-4.33205
-4.59514
-4.83301
-5.04274
-5.22163
-5.36737
-5.47819
-5.55277
-5.59027
-2.05611
-2.36243
-2.86701
-3.28309
-3.63303
-3.94192
-4.22084
-4.47317
-4.69887
-4.89658
-5.06454
-5.20107
-5.30474
-5.37446
-5.4095
-1.29906
-2.25594
-2.79957
-3.21163
-3.55648
-3.85843
-4.12811
-4.3697
-4.58419
-4.77109
-4.9293
-5.0576
-5.15488
-5.22024
-5.25308
-2.21554
-2.43641
-2.82349
-3.18685
-3.50972
-3.79735
-4.05489
-4.28506
-4.48868
-4.66552
-4.81483
-4.93567
-5.02718
-5.08861
-5.11946
-2.01905
-2.50142
-2.8639
-3.19019
-3.48745
-3.75717
-4.0007
-4.21885
-4.41177
-4.57908
-4.72013
-4.83414
-4.92038
-4.97824
-5.00728
-2.44701
-2.64968
-2.92946
-3.2137
-3.4843
-3.73519
-3.96415
-4.17018
-4.35265
-4.51089
-4.64421
-4.75189
-4.83329
-4.88788
-4.91527
-2.51633
-2.74437
-2.99191
-3.2467
-3.49484
-3.72846
-3.94351
-4.13789
-4.31036
-4.46002
-4.5861
-4.6879
-4.76484
-4.81641
-4.84229
-2.64503
-2.82548
-3.04933
-3.28431
-3.51549
-3.73463
-3.93723
-4.12082
-4.28393
-4.42553
-4.54485
-4.6412
-4.714
-4.7628
-4.78729
-2.64834
-2.87644
-3.09902
-3.32458
-3.54451
-3.75229
-3.94417
-4.11799
-4.27242
-4.40654
-4.51956
-4.61085
-4.67984
-4.72609
-4.7493
-2.79617
-2.93121
-3.14664
-3.36877
-3.58196
-3.78102
-3.96366
-4.12862
-4.27504
-4.40219
-4.50938
-4.59599
-4.66147
-4.70539
-4.72743
-2.54712
-2.93015
-3.1896
-3.41918
-3.62923
-3.82115
-3.99543
-4.15214
-4.29106
-4.41171
-4.51349
-4.59581
-4.6581
-4.69989
-4.72087
-2.92765
-3.01487
-3.25331
-3.48317
-3.68909
-3.87355
-4.0394
-4.18803
-4.31977
-4.43433
-4.53114
-4.60955
-4.66896
-4.70886
-4.7289
-2.35188
-2.99455
-3.32298
-3.5638
-3.76386
-3.93888
-4.09533
-4.23567
-4.36043
-4.46929
-4.56157
-4.6365
-4.69338
-4.73162
-4.75085
-3.11388
-3.19243
-3.4535
-3.67275
-3.85602
-4.01712
-4.16247
-4.29412
-4.41214
-4.51578
-4.60406
-4.676
-4.73074
-4.76761
-4.78616
-2.03708
-3.26353
-3.61306
-3.80668
-3.96359
-4.10631
-4.23914
-4.36205
-4.47383
-4.57294
-4.65791
-4.72744
-4.78051
-4.81632
-4.83436
-4.89694
-3.94357
-3.8809
-3.96612
-4.08103
-4.20238
-4.32269
-4.43773
-4.54433
-4.63993
-4.72248
-4.79034
-4.84228
-4.8774
-4.8951
-3.63031
-4.00506
-4.04603
-4.10496
-4.19401
-4.29917
-4.40991
-4.51929
-4.62248
-4.716
-4.79725
-4.8643
-4.91574
-4.95057
-4.96813
-4.92397
-4.2983
-4.19869
-4.22289
-4.29582
-4.39209
-4.49809
-4.60515
-4.70736
-4.80059
-4.88189
-4.94912
-5.00076
-5.03573
-5.05338
-3.83141
-4.22619
-4.26539
-4.307
-4.38143
-4.47826
-4.58556
-4.69438
-4.79848
-4.89348
-4.97631
-5.04478
-5.09734
-5.13294
-5.15089
-4.92924
-4.401
-4.3304
-4.36832
-4.4515
-4.55718
-4.67197
-4.7869
-4.89592
-4.99483
-5.08071
-5.1515
-5.20573
-5.2424
-5.26088
-3.92915
-4.25798
-4.32006
-4.39822
-4.50595
-4.6298
-4.75827
-4.88355
-5.0004
-5.10525
-5.19561
-5.26972
-5.32631
-5.3645
-5.38373
-4.77101
-4.30018
-4.29856
-4.40759
-4.54922
-4.69921
-4.84682
-4.98606
-5.11321
-5.22573
-5.32181
-5.40012
-5.45968
-5.49977
-5.51993
-3.86934
-4.01651
-4.20021
-4.39435
-4.58668
-4.77028
-4.94117
-5.09699
-5.2362
-5.35763
-5.46035
-5.54356
-5.60658
-5.64889
-5.67014
-2.86536
-3.70746
-4.09462
-4.38237
-4.63023
-4.85019
-5.046
-5.21947
-5.37153
-5.50254
-5.61245
-5.70102
-5.76787
-5.81266
-5.83512
-3.76797
-3.7143
-4.05808
-4.39812
-4.69315
-4.94688
-5.16636
-5.35683
-5.5215
-5.6621
-5.7794
-5.87356
-5.94448
-5.99193
-6.01572
-2.21627
-3.4451
-4.02414
-4.44512
-4.78476
-5.06736
-5.30689
-5.51211
-5.68818
-5.83786
-5.96242
-6.06226
-6.1374
-6.18765
-6.21283
-3.7699
-3.62712
-4.09998
-4.54862
-4.916
-5.21777
-5.47125
-5.68764
-5.87321
-6.03108
-6.1626
-6.26813
-6.34761
-6.40079
-6.42745
-1.46381
-3.38158
-4.19265
-4.70855
-5.09281
-5.40172
-5.66137
-5.88459
-6.07747
-6.24261
-6.38083
-6.49211
-6.57609
-6.63236
-6.66058
-3.96764
-3.90455
-4.49031
-4.95992
-5.32194
-5.6199
-5.87681
-6.10261
-6.30101
-6.47285
-6.61779
-6.73506
-6.82383
-6.88341
-6.91333
-0.373383
-3.9769
-4.86864
-5.28601
-5.59558
-5.8666
-6.11385
-6.33968
-6.54299
-6.72178
-6.87397
-6.99779
-7.09184
-7.15508
-7.18686
-9.0352
-5.93242
-5.57638
-5.68699
-5.89598
-6.12981
-6.36579
-6.5924
-6.80202
-6.98918
-7.14987
-7.28122
-7.38125
-7.4486
-7.48247
-5.09302
-5.98045
-5.96006
-6.01966
-6.17915
-6.39156
-6.62423
-6.85691
-7.07667
-7.27497
-7.44614
-7.58642
-7.69335
-7.76539
-7.80161
-8.52374
-6.65887
-6.28821
-6.28296
-6.42557
-6.63923
-6.88267
-7.13042
-7.36622
-7.5796
-7.76387
-7.91479
-8.02971
-8.10704
-8.14591
-5.26016
-6.29963
-6.36261
-6.4436
-6.62266
-6.86624
-7.13814
-7.41224
-7.67134
-7.90446
-8.10478
-8.26816
-8.39217
-8.47543
-8.51721
-8.08027
-6.61849
-6.42451
-6.53614
-6.77494
-7.0736
-7.39207
-7.7045
-7.99452
-8.2521
-8.47134
-8.64888
-8.78294
-8.87262
-8.91753
-5.1098
-6.0569
-6.27418
-6.54038
-6.88567
-7.26722
-7.65021
-8.01232
-8.34022
-8.62639
-8.86687
-9.05981
-9.20453
-9.30091
-9.34906
-7.24744
-6.00211
-6.08987
-6.48971
-6.97122
-7.45985
-7.92286
-8.3439
-8.71491
-9.03241
-9.29542
-9.50423
-9.65969
-9.76271
-9.81402
-4.48391
-5.02155
-5.68885
-6.38233
-7.05182
-7.67027
-8.22466
-8.71023
-9.12678
-9.47629
-9.76161
-9.98572
-10.1513
-10.2604
-10.3146
-1.34694
-3.95093
-5.26965
-6.29162
-7.16789
-7.9252
-8.57425
-9.1245
-9.5852
-9.96474
-10.2703
-10.5079
-10.6821
-10.7963
-10.8529
-3.68247
-3.77285
-5.05654
-6.3021
-7.36657
-8.25533
-8.99244
-9.60098
-10.1
-10.5046
-10.8263
-11.074
-11.2545
-11.3722
-11.4304
1.32574
-2.76606
-4.86992
-6.43833
-7.68727
-8.69078
-9.49993
-10.1535
-10.6804
-11.1019
-11.4336
-11.687
-11.8704
-11.9896
-12.0483
-3.12372
-3.13976
-5.05513
-6.79644
-8.17843
-9.26121
-10.1155
-10.794
-11.3341
-11.7616
-12.0953
-12.3485
-12.5309
-12.649
-12.707
4.73728
-2.19446
-5.36123
-7.40408
-8.87737
-9.99035
-10.853
-11.5308
-12.0658
-12.4865
-12.8129
-13.0593
-13.236
-13.3501
-13.4061
-3.22748
-3.8637
-6.44783
-8.40726
-9.82653
-10.8934
-11.7188
-12.3667
-12.877
-13.2769
-13.586
-13.8184
-13.9846
-14.0916
-14.144
9.88917
-4.18022
-7.96824
-9.78556
-11.0204
-11.964
-12.708
-13.2982
-13.7648
-14.1304
-14.4123
-14.6236
-14.7742
-14.871
-14.9183
-22.532
-11.6365
-10.8572
-11.5683
-12.4167
-13.1732
-13.804
-14.3154
-14.7227
-15.0421
-15.2876
-15.4711
-15.6013
-15.6847
-15.7254
-7.21111
-12.0678
-12.7111
-13.2558
-13.8767
-14.4697
-14.983
-15.405
-15.7418
-16.0049
-16.2061
-16.3554
-16.4609
-16.5281
-16.5609
-22.16
-15.425
-14.6335
-14.8904
-15.3559
-15.8217
-16.2253
-16.5537
-16.8121
-17.0108
-17.1605
-17.2703
-17.347
-17.3955
-17.419
-8.14342
-14.6548
-15.8279
-16.3802
-16.8351
-17.2167
-17.5198
-17.7512
-17.9238
-18.0507
-18.1427
-18.2081
-18.2526
-18.2803
-18.2935
-23.3035
-17.5916
-17.4536
-17.9375
-18.3651
-18.6664
-18.864
-18.9894
-19.0673
-19.1149
-19.1435
-19.1603
-19.1699
-19.1751
-19.1773
-8.73169
-16.6576
-18.6473
-19.5339
-19.9829
-20.1879
-20.2585
-20.2606
-20.2318
-20.1922
-20.1524
-20.1176
-20.0904
-20.0719
-20.0625
-25.5188
-19.8459
-20.607
-21.4342
-21.7702
-21.8029
-21.7004
-21.5533
-21.4037
-21.2697
-21.1579
-21.0697
-21.0048
-20.9623
-20.9413
-9.38238
-18.5663
-22.5207
-23.6758
-23.768
-23.5119
-23.1735
-22.8476
-22.5648
-22.3319
-22.1469
-22.0056
-21.9038
-21.8378
-21.8055
13.1318
-20.9183
-26.3783
-26.6554
-26.0076
-25.2779
-24.6378
-24.112
-23.6914
-23.3607
-23.1055
-22.9141
-22.7777
-22.69
-22.6472
-80.6242
-43.1247
-33.8351
-30.2773
-28.3042
-26.9818
-26.0227
-25.3033
-24.7555
-24.3371
-24.0199
-23.7845
-23.6178
-23.5112
-23.4591
-60.5053
-45.7407
-37.3116
-32.7988
-30.149
-28.4333
-27.2412
-26.3753
-25.7299
-25.2433
-24.8774
-24.6071
-24.4163
-24.2943
-24.2349
-50.6397
-43.9569
-38.0685
-34.0264
-31.345
-29.5211
-28.2333
-27.2942
-26.5939
-26.0658
-25.6684
-25.3746
-25.167
-25.0341
-24.9693
-45.4149
-41.6215
-37.5433
-34.3091
-31.9457
-30.2365
-28.9833
-28.0473
-27.3382
-26.7976
-26.3874
-26.0823
-25.8657
-25.7267
-25.6588
-42.8243
-39.484
-36.4319
-33.9872
-32.092
-30.6353
-29.5129
-28.6429
-27.9656
-27.4389
-27.0333
-26.7286
-26.5106
-26.37
-26.301
-42.5533
-37.1463
-34.8988
-33.2835
-31.9338
-30.802
-29.8673
-29.1047
-28.4884
-27.9959
-27.6093
-27.3146
-27.1017
-26.9634
-26.8954
-13.0503
-13.0359
-13.0052
-12.9548
-12.8785
-12.7669
-12.6058
-12.3736
-12.0361
-11.5387
-10.7894
-9.63197
-7.8148
-5.0949
-2.51432
-13.9432
-13.9431
-13.9421
-13.9387
-13.9303
-13.9136
-13.8842
-13.8369
-13.7674
-13.6762
-13.5838
-13.5751
-13.9419
-15.6286
-21.5718
-14.8362
-14.8512
-14.8814
-14.9274
-14.9905
-15.0731
-15.1804
-15.3226
-15.5202
-15.8151
-16.2944
-17.1426
-18.749
-21.9059
-28.0246
-15.7142
-15.7441
-15.8049
-15.8991
-16.031
-16.2079
-16.4418
-16.7529
-17.1758
-17.7694
-18.6362
-19.952
-22.0057
-25.2215
-30.0426
-16.5624
-16.606
-16.6951
-16.8331
-17.0266
-17.2856
-17.6258
-18.0716
-18.6605
-19.4505
-20.5292
-22.0234
-24.1001
-26.9319
-30.5727
-17.3669
-17.4226
-17.5361
-17.7118
-17.9568
-18.2822
-18.7044
-19.2471
-19.9442
-20.843
-22.0065
-23.5123
-25.4396
-27.8332
-30.629
-18.1156
-18.1814
-18.3151
-18.521
-18.8064
-19.1819
-19.6624
-20.2682
-21.0262
-21.9707
-23.1416
-24.5796
-26.3129
-28.3322
-30.5548
-18.7986
-18.8723
-19.0217
-19.2508
-19.5661
-19.9767
-20.4951
-21.137
-21.9219
-22.8719
-24.0095
-25.3516
-26.9003
-28.628
-30.4626
-19.4079
-19.4876
-19.6486
-19.8944
-20.2304
-20.6638
-21.2042
-21.8628
-22.6524
-23.5857
-24.6728
-25.9172
-27.3087
-28.8168
-30.385
-19.9376
-20.0215
-20.1906
-20.4478
-20.7971
-21.244
-21.7951
-22.4577
-23.2392
-24.1455
-25.179
-26.3355
-27.6004
-28.9456
-30.3277
-20.3834
-20.4701
-20.6447
-20.9091
-21.2663
-21.72
-22.2745
-22.9338
-23.7013
-24.5782
-25.5622
-26.6453
-27.8119
-29.0374
-30.2884
-20.7424
-20.831
-21.0089
-21.2776
-21.6389
-22.0953
-22.649
-23.3017
-24.0538
-24.9037
-25.8462
-26.8716
-27.9646
-29.1038
-30.2626
-21.0129
-21.1025
-21.2824
-21.5533
-21.9166
-22.3733
-22.9245
-23.5701
-24.3087
-25.1367
-26.0474
-27.0304
-28.071
-29.1505
-30.2466
-21.1936
-21.2839
-21.4647
-21.7368
-22.1007
-22.557
-23.1056
-23.7455
-24.4742
-25.2869
-26.1762
-27.1315
-28.1386
-29.1804
-30.2375
-21.2841
-21.3746
-21.5559
-21.8284
-22.1924
-22.6482
-23.1953
-23.8322
-24.5556
-25.3606
-26.2392
-27.1807
-28.1715
-29.1951
-30.2335
-23.9988
-100.594
-110.252
-68.0158
-52.5423
-38.0106
-30.7334
-19.6127
-27.2417
-30.8398
-36.3122
-40.2353
-48.0971
-56.1504
-77.2035
-77.0373
-55.4234
-47.0536
-38.6961
-34.4687
-28.5137
-24.6529
-16.8534
-24.6362
-28.4888
-34.4191
-38.6304
-46.944
-55.2965
-76.8866
-77.037
-55.962
-47.782
-39.5204
-35.3201
-29.3304
-25.4162
-17.4207
-25.5384
-29.5763
-35.806
-40.237
-48.9857
-57.7605
-80.4175
-80.6087
-58.6043
-50.0646
-41.4359
-37.0475
-30.7832
-26.6853
-18.3007
-26.8685
-31.1391
-37.7413
-42.4341
-51.6994
-60.9554
-84.8209
-84.9814
-61.657
-52.6312
-43.5784
-38.9808
-32.4325
-28.1484
-19.3633
-28.56
-33.2122
-40.4994
-45.7468
-56.1871
-66.6465
-93.6002
-94.226
-69.4129
-60.1026
-51.4364
-47.3261
-42.1672
-38.876
-32.2441
-63.8174
-61.6694
-23.4387
-11.9657
-8.84684
-10.054
-18.1632
-37.1429
-61.6083
-68.9197
-59.351
-50.1123
-41.8173
-35.9663
-31.8385
-32.8521
-35.143
-38.5234
-42.3898
-47.4845
-53.2004
-59.6557
-59.4856
-52.66
-46.604
-41.1348
-36.8874
-33.0323
-30.1372
-28.1216
-30.1483
-33.0547
-36.9165
-41.168
-46.6334
-52.685
-59.4979
-59.6399
-53.1219
-47.2681
-41.925
-37.7484
-33.9262
-31.0495
-29.059
-31.2373
-34.3197
-38.3983
-42.8835
-48.6431
-55.0147
-62.1865
-62.371
-55.5837
-49.4821
-43.9089
-39.5511
-35.5613
-32.5602
-30.4905
-32.8061
-36.0728
-40.3918
-45.1364
-51.2224
-57.9396
-65.485
-65.65
-58.4512
-52.0031
-46.1407
-41.5724
-37.4077
-34.2974
-32.1958
-34.7675
-38.3853
-43.1928
-48.5197
-55.4023
-63.0562
-71.7484
-72.3456
-64.9481
-58.4132
-52.6874
-48.4265
-44.8466
-42.4731
-41.7167
-46.9775
-43.9343
-31.7851
-23.867
-20.3111
-20.2232
-23.1806
-37.3146
-47.3244
-51.895
-50.2109
-46.3234
-42.1045
-38.7179
-36.6608
-36.6232
-37.8773
-40.0348
-42.7758
-45.9772
-49.1855
-51.6485
-51.518
-48.7882
-45.3092
-41.8143
-38.7412
-36.1685
-34.3549
-33.5688
-34.3936
-36.245
-38.8529
-41.9576
-45.4787
-48.9772
-51.715
-51.8336
-49.3252
-46.0187
-42.6498
-39.6666
-37.1604
-35.4068
-34.6941
-35.6341
-37.6288
-40.4048
-43.6952
-47.4189
-51.1168
-54.0171
-54.1728
-51.5758
-48.1386
-44.6316
-41.5248
-38.9155
-37.0941
-36.3654
-37.374
-39.4911
-42.4296
-45.907
-49.8367
-53.7313
-56.7768
-56.9224
-54.1646
-50.5315
-46.8396
-43.5827
-40.8646
-38.9938
-38.2988
-39.4686
-41.8455
-45.138
-49.0523
-53.5069
-57.9709
-61.5534
-61.9774
-59.2413
-55.5589
-51.8287
-48.5465
-45.7889
-43.7415
-42.5247
-42.0951
-39.3121
-34.0387
-29.4867
-26.7813
-26.0071
-26.8193
-35.7362
-40.8727
-43.8773
-44.2438
-43.0116
-41.1931
-39.5552
-38.5748
-38.5343
-39.3108
-40.7058
-42.4986
-44.4602
-46.2439
-47.3757
-47.2936
-45.995
-44.0376
-41.8861
-39.8745
-38.2114
-37.0932
-36.6962
-37.1608
-38.3458
-40.0738
-42.1475
-44.3565
-46.3648
-47.7038
-47.81
-46.6777
-44.8592
-42.8194
-40.8977
-39.3108
-38.2654
-37.9492
-38.5122
-39.8128
-41.6705
-43.8828
-46.232
-48.3675
-49.7997
-49.9385
-48.7778
-46.8954
-44.7783
-42.7821
-41.135
-40.0546
-39.7387
-40.3457
-41.7265
-43.6914
-46.0263
-48.5013
-50.7459
-52.2443
-52.376
-51.1381
-49.1447
-46.9122
-44.8171
-43.1015
-41.9971
-41.7166
-42.4312
-43.9873
-46.1879
-48.8069
-51.5979
-54.1549
-55.9069
-56.1597
-54.8973
-52.7732
-50.3251
-47.9108
-45.7085
-43.8139
-42.1989
-40.6019
-38.2758
-35.2534
-32.4475
-30.4704
-29.5067
-29.4248
-34.332
-37.4908
-39.6585
-40.5786
-40.5444
-40.0214
-39.4457
-39.1355
-39.2687
-39.8538
-40.8038
-41.9784
-43.1994
-44.241
-44.851
-44.821
-44.1504
-43.0457
-41.7566
-40.5058
-39.4698
-38.7929
-38.5829
-38.8906
-39.6647
-40.7971
-42.1424
-43.5235
-44.716
-45.468
-45.5698
-45.0183
-44.0182
-42.8191
-41.6465
-40.6814
-40.0741
-39.9381
-40.3284
-41.1944
-42.4258
-43.8731
-45.3527
-46.631
-47.445
-47.5754
-47.0191
-45.9903
-44.7507
-43.5368
-42.5386
-41.9142
-41.7829
-42.203
-43.1209
-44.4204
-45.944
-47.4976
-48.8351
-49.6798
-49.8017
-49.1997
-48.1021
-46.787
-45.505
-44.458
-43.8142
-43.7014
-44.1822
-45.2012
-46.635
-48.3139
-50.0259
-51.498
-52.4191
-52.524
-51.7939
-50.4542
-48.773
-46.9699
-45.1848
-43.4837
-41.8472
-40.1587
-38.2423
-36.1562
-34.215
-32.7002
-31.7366
-31.2869
-33.3167
-35.5363
-37.2363
-38.2878
-38.7808
-38.9255
-38.9542
-39.0575
-39.3526
-39.8713
-40.5783
-41.3916
-42.1969
-42.8597
-43.2478
-43.2711
-42.9308
-42.3192
-41.5718
-40.828
-40.2109
-39.8202
-39.7241
-39.9487
-40.4679
-41.2135
-42.086
-42.962
-43.7014
-44.1686
-44.2703
-44.0051
-43.4636
-42.7806
-42.0965
-41.5369
-41.2041
-41.169
-41.4596
-42.0498
-42.87
-43.8171
-44.7634
-45.5631
-46.0747
-46.201
-45.9407
-45.3886
-44.6863
-43.9809
-43.4041
-43.0634
-43.0334
-43.3434
-43.9657
-44.8269
-45.8183
-46.8052
-47.634
-48.1561
-48.2698
-47.9748
-47.3728
-46.6139
-45.8545
-45.2341
-44.8666
-44.8312
-45.1583
-45.8178
-46.7292
-47.7733
-48.7995
-49.6346
-50.1065
-50.0906
-49.5685
-48.6268
-47.3963
-46.003
-44.5404
-43.0604
-41.5706
-40.0435
-38.453
-36.8506
-35.3682
-34.1365
-33.2263
-32.6316
-32.6165
-34.3301
-35.7477
-36.8013
-37.5189
-37.9966
-38.3552
-38.7032
-39.1145
-39.6176
-40.1999
-40.8161
-41.3996
-41.874
-42.1698
-42.2448
-42.1016
-41.7885
-41.3819
-40.9675
-40.6261
-40.4234
-40.4036
-40.5825
-40.9448
-41.4473
-42.0247
-42.5969
-43.079
-43.3954
-43.4992
-43.3897
-43.1128
-42.7435
-42.3675
-42.0658
-41.9053
-41.931
-42.1592
-42.5742
-43.1312
-43.7625
-44.385
-44.9102
-45.2593
-45.3835
-45.2822
-45.0035
-44.6261
-44.2398
-43.9294
-43.7653
-43.7944
-44.0338
-44.4667
-45.0457
-45.6994
-46.3401
-46.8748
-47.2205
-47.3262
-47.1922
-46.8694
-46.4417
-46.0039
-45.6458
-45.4411
-45.4389
-45.6557
-46.0715
-46.6326
-47.2582
-47.8483
-48.2943
-48.4963
-48.3862
-47.9475
-47.2151
-46.2542
-45.1359
-43.9211
-42.6511
-41.3477
-40.0196
-38.6809
-37.3723
-36.1601
-35.1101
-34.2616
-33.6176
-32.1376
-33.55
-34.7833
-35.7984
-36.6025
-37.2395
-37.7712
-38.258
-38.744
-39.25
-39.7724
-40.2879
-40.7594
-41.1454
-41.4098
-41.5325
-41.5173
-41.3924
-41.203
-41.0022
-40.8413
-40.7633
-40.7968
-40.9521
-41.22
-41.5734
-41.9706
-42.3617
-42.6953
-42.9282
-43.0351
-43.0156
-42.8949
-42.7162
-42.5313
-42.3912
-42.3384
-42.4013
-42.5899
-42.8942
-43.2855
-43.7204
-44.1467
-44.5108
-44.7676
-44.8905
-44.8794
-44.7604
-44.579
-44.3891
-44.2443
-44.1889
-44.2526
-44.4457
-44.7573
-45.157
-45.5989
-46.028
-46.3876
-46.6303
-46.7282
-46.6812
-46.5172
-46.284
-46.0385
-45.8365
-45.7241
-45.7311
-45.8665
-46.1159
-46.4431
-46.7944
-47.1045
-47.3052
-47.3358
-47.155
-46.7492
-46.1326
-45.3385
-44.4081
-43.3811
-42.2902
-41.1601
-40.011
-38.8654
-37.755
-36.7188
-35.7934
-35.0024
-34.3508
-31.8089
-33.028
-34.1331
-35.0996
-35.9267
-36.6338
-37.252
-37.8139
-38.3449
-38.8586
-39.3551
-39.8228
-40.2424
-40.5921
-40.8537
-41.0186
-41.0912
-41.0892
-41.0408
-40.9791
-40.9373
-40.9428
-41.0145
-41.1594
-41.3723
-41.6362
-41.9254
-42.2092
-42.4567
-42.6427
-42.7529
-42.7873
-42.7604
-42.6978
-42.6308
-42.5909
-42.6049
-42.6906
-42.8541
-43.0889
-43.3769
-43.6907
-43.9979
-44.2661
-44.4687
-44.5907
-44.6319
-44.6074
-44.5438
-44.4738
-44.4303
-44.441
-44.5245
-44.6868
-44.9209
-45.2074
-45.5171
-45.8158
-46.069
-46.2486
-46.3386
-46.3388
-46.2646
-46.1439
-46.0105
-45.8982
-45.835
-45.8386
-45.9132
-46.0481
-46.2189
-46.3898
-46.5184
-46.561
-46.4796
-46.2477
-45.8546
-45.3058
-44.619
-43.8192
-42.933
-41.9858
-41.0001
-39.9972
-38.9993
-38.0308
-37.1178
-36.2832
-35.5425
-34.9011
-31.582
-32.6702
-33.6823
-34.6015
-35.4236
-36.1562
-36.814
-37.4141
-37.9707
-38.4919
-38.9792
-39.427
-39.8261
-40.1655
-40.4371
-40.6378
-40.7723
-40.8528
-40.8974
-40.9277
-40.9649
-41.0271
-41.1268
-41.269
-41.451
-41.6626
-41.8881
-42.1089
-42.3065
-42.4662
-42.5797
-42.6472
-42.6775
-42.6857
-42.6911
-42.7131
-42.7683
-42.8678
-43.0154
-43.207
-43.431
-43.6705
-43.9053
-44.1157
-44.2859
-44.407
-44.479
-44.5107
-44.5178
-44.5202
-44.5381
-44.5885
-44.6828
-44.8246
-45.0092
-45.2242
-45.4513
-45.669
-45.8562
-45.996
-46.0785
-46.1033
-46.0792
-46.0221
-45.9521
-45.8892
-45.8498
-45.844
-45.873
-45.9288
-45.9945
-46.0463
-46.056
-45.9956
-45.8402
-45.5724
-45.1842
-44.6775
-44.0625
-43.3547
-42.573
-41.7366
-40.8648
-39.9764
-39.0907
-38.2269
-37.4039
-36.6377
-35.9398
-35.3152
-31.4252
-32.4219
-33.3655
-34.2431
-35.0495
-35.7861
-36.4593
-37.0771
-37.6472
-38.1744
-38.6599
-39.1017
-39.4955
-39.8368
-40.1223
-40.3523
-40.5312
-40.6679
-40.7749
-40.8663
-40.9564
-41.0574
-41.1778
-41.3214
-41.487
-41.6689
-41.8575
-42.0419
-42.2111
-42.3563
-42.4728
-42.561
-42.6261
-42.6777
-42.7274
-42.7874
-42.8679
-42.9758
-43.1135
-43.2783
-43.4631
-43.657
-43.8478
-44.0233
-44.1739
-44.2942
-44.3842
-44.4492
-44.4986
-44.5445
-44.599
-44.6728
-44.7727
-44.9007
-45.0537
-45.2237
-45.399
-45.5661
-45.7119
-45.8257
-45.9014
-45.9383
-45.9411
-45.919
-45.8835
-45.8462
-45.8163
-45.7991
-45.7942
-45.7952
-45.7903
-45.7631
-45.6948
-45.5668
-45.3626
-45.0704
-44.6845
-44.2054
-43.6393
-42.9969
-42.2916
-41.5385
-40.7533
-39.9519
-39.1504
-38.3643
-37.608
-36.894
-36.2313
-35.6248
-31.3178
-32.2503
-33.1435
-33.9873
-34.7758
-35.5075
-36.1841
-36.8089
-37.3856
-37.9168
-38.4035
-38.8453
-39.2407
-39.5882
-39.8876
-40.1404
-40.3509
-40.526
-40.6746
-40.8068
-40.9324
-41.0598
-41.1954
-41.3421
-41.4997
-41.6652
-41.8332
-41.997
-42.1501
-42.2876
-42.4066
-42.5078
-42.5944
-42.6723
-42.7491
-42.8321
-42.928
-43.041
-43.1725
-43.321
-43.4818
-43.6481
-43.8122
-43.9666
-44.1053
-44.225
-44.3256
-44.4101
-44.4845
-44.5561
-44.6323
-44.7196
-44.8221
-44.9409
-45.0738
-45.2155
-45.3585
-45.494
-45.6136
-45.7104
-45.7802
-45.8223
-45.8389
-45.8352
-45.8176
-45.7924
-45.7646
-45.7366
-45.7068
-45.6703
-45.6181
-45.5389
-45.4198
-45.2478
-45.0117
-44.7035
-44.319
-43.8584
-43.326
-42.7295
-42.0791
-41.3866
-40.6651
-39.9277
-39.1879
-38.4586
-37.7514
-37.0766
-36.4417
-35.8517
-31.2466
-32.1351
-32.9929
-33.8111
-34.5839
-35.3083
-35.9833
-36.61
-37.1895
-37.7232
-38.2119
-38.6558
-39.0548
-39.4091
-39.7198
-39.9893
-40.2215
-40.4222
-40.5981
-40.7568
-40.9055
-41.0506
-41.1969
-41.3469
-41.5011
-41.6581
-41.8148
-41.9673
-42.1118
-42.2453
-42.3664
-42.4755
-42.575
-42.6688
-42.7616
-42.8584
-42.9634
-43.0794
-43.2073
-43.346
-43.4925
-43.6424
-43.7907
-43.9326
-44.0642
-44.1833
-44.2899
-44.3858
-44.4746
-44.561
-44.6496
-44.7445
-44.848
-44.9608
-45.0812
-45.2055
-45.3287
-45.4447
-45.548
-45.6338
-45.6991
-45.7429
-45.7661
-45.7715
-45.7624
-45.7423
-45.7134
-45.6764
-45.6293
-45.5677
-45.4849
-45.3724
-45.2208
-45.0209
-44.7647
-44.4464
-44.0631
-43.6149
-43.1051
-42.5398
-41.927
-41.2767
-40.5996
-39.907
-39.2105
-38.5209
-37.8484
-37.2016
-36.5873
-36.0106
-31.2031
-32.064
-32.8992
-33.7004
-34.4619
-35.1799
-35.8524
-36.4788
-37.0594
-37.5945
-38.0848
-38.5308
-38.9332
-39.2928
-39.6114
-39.8918
-40.1377
-40.354
-40.5465
-40.7211
-40.8839
-41.0398
-41.1929
-41.3456
-41.4986
-41.6515
-41.8025
-41.9491
-42.0892
-42.2209
-42.3434
-42.4571
-42.5639
-42.6666
-42.7684
-42.8729
-42.9829
-43.1006
-43.2264
-43.3596
-43.4982
-43.639
-43.7785
-43.9134
-44.041
-44.1597
-44.2695
-44.3715
-44.4682
-44.5626
-44.6579
-44.7568
-44.8607
-44.9698
-45.0829
-45.1973
-45.309
-45.4139
-45.5077
-45.5869
-45.649
-45.693
-45.7191
-45.7286
-45.7232
-45.7048
-45.6741
-45.6307
-45.5726
-45.4957
-45.3945
-45.2622
-45.0914
-44.8751
-44.6071
-44.283
-43.9005
-43.46
-42.9643
-42.4183
-41.8292
-41.2053
-40.5563
-39.8921
-39.223
-38.5587
-37.9083
-37.2796
-36.6791
-36.1115
-31.1826
-32.0301
-32.8542
-33.6469
-34.4026
-35.117
-35.7878
-36.4138
-36.9946
-37.5303
-38.0216
-38.4688
-38.873
-39.2355
-39.5582
-39.8439
-40.0964
-40.3202
-40.5204
-40.7026
-40.872
-41.0331
-41.1895
-41.3436
-41.4964
-41.6477
-41.7962
-41.9405
-42.0787
-42.2097
-42.3329
-42.4488
-42.5589
-42.6655
-42.7713
-42.8793
-42.9916
-43.11
-43.2349
-43.3657
-43.5007
-43.6374
-43.773
-43.9048
-44.0306
-44.1491
-44.2602
-44.3649
-44.4651
-44.563
-44.6612
-44.7617
-44.8657
-44.9732
-45.0829
-45.1927
-45.2992
-45.399
-45.4884
-45.5645
-45.625
-45.6688
-45.6959
-45.7069
-45.7029
-45.6849
-45.6529
-45.6064
-45.5428
-45.4587
-45.3488
-45.2073
-45.0277
-44.8038
-44.5303
-44.2035
-43.8216
-43.3848
-42.8957
-42.3591
-41.7813
-41.1702
-40.5347
-39.8843
-39.2285
-38.5765
-37.9369
-37.3171
-36.7234
-36.1605
-28.0768
-32.1613
-32.7294
-32.3066
-31.5934
-30.8348
-30.1257
-29.5008
-28.9688
-28.5279
-28.1727
-27.8968
-27.6948
-27.5626
-27.4972
-27.3773
-30.2394
-31.3537
-31.5312
-31.2675
-30.8211
-30.3235
-29.84
-29.4018
-29.0227
-28.7078
-28.4579
-28.2723
-28.1494
-28.0883
-28.5137
-30.0654
-30.9148
-31.1972
-31.1241
-30.8587
-30.5072
-30.1338
-29.7756
-29.4533
-29.1779
-28.9549
-28.7868
-28.6745
-28.6184
-29.9339
-30.5935
-31.0431
-31.2186
-31.1729
-30.9824
-30.7128
-30.4124
-30.1136
-29.8371
-29.5957
-29.397
-29.2455
-29.1435
-29.0923
-31.216
-31.3316
-31.4453
-31.4613
-31.3667
-31.1851
-30.9493
-30.6895
-30.4292
-30.1857
-29.9707
-29.792
-29.6547
-29.5618
-29.5149
-32.2739
-32.0716
-31.9453
-31.8145
-31.6474
-31.442
-31.2099
-30.9669
-30.7281
-30.5057
-30.3093
-30.1457
-30.0195
-29.9339
-29.8907
-33.1194
-32.7355
-32.4497
-32.204
-31.9666
-31.7256
-31.4814
-31.2403
-31.0104
-30.7998
-30.6152
-30.4619
-30.3438
-30.2637
-30.2233
-33.7866
-33.3015
-32.914
-32.5853
-32.2893
-32.0123
-31.7498
-31.5024
-31.2736
-31.0679
-30.8898
-30.7428
-30.6301
-30.5539
-30.5154
-34.3095
-33.7698
-33.3197
-32.9338
-32.5929
-32.2847
-32.003
-31.7458
-31.5136
-31.3086
-31.1331
-30.9896
-30.8801
-30.8062
-30.769
-34.7159
-34.1486
-33.661
-33.2373
-32.8638
-32.5307
-32.2318
-31.9641
-31.7266
-31.5197
-31.3445
-31.2023
-31.0944
-31.0219
-30.9854
-35.0273
-34.4475
-33.9385
-33.4905
-33.0943
-32.7424
-32.4295
-32.1522
-31.9089
-31.6991
-31.5228
-31.3807
-31.2734
-31.2014
-31.1654
-35.2598
-34.6757
-34.155
-33.692
-33.2806
-32.9152
-32.5915
-32.3063
-32.0578
-31.8448
-31.667
-31.5243
-31.417
-31.3452
-31.3092
-35.425
-34.8404
-34.3138
-33.842
-33.4208
-33.0463
-32.7149
-32.4239
-32.1712
-31.9555
-31.7761
-31.6326
-31.5249
-31.4531
-31.4172
-35.5309
-34.9473
-34.4179
-33.9412
-33.5143
-33.1342
-32.798
-32.5031
-32.2475
-32.0299
-31.8493
-31.7051
-31.5971
-31.5251
-31.4892
-35.5827
-34.9998
-34.4694
-33.9906
-33.5611
-33.1783
-32.8397
-32.5429
-32.2859
-32.0672
-31.886
-31.7414
-31.6332
-31.5612
-31.5252
)
;

boundaryField
{
    hot
    {
        type            calculated;
        value           nonuniform List<scalar> 
120
(
-31.8886
-31.8176
-31.675
-31.4593
-31.1688
-30.8013
-30.3542
-29.8254
-29.2129
-28.5158
-27.7346
-26.8717
-25.9319
-24.9227
-23.8544
-22.8331
-21.8823
-20.9187
-19.9519
-18.9913
-18.0454
-17.1218
-16.2268
-15.3653
-14.5407
-13.7553
-13.0105
-12.3068
-11.644
-11.0214
-10.4383
-9.89344
-9.38537
-8.91253
-8.47314
-8.06527
-7.68684
-7.33573
-7.00976
-6.7068
-6.42483
-6.16196
-5.91648
-5.68687
-5.47181
-5.27018
-5.08099
-4.90338
-4.73657
-4.57985
-4.43254
-4.29398
-4.16355
-4.04068
-3.92484
-3.81556
-3.71247
-3.61528
-3.5238
-3.43794
-3.35769
-3.28311
-3.21429
-3.15138
-3.09456
-3.04401
-2.99991
-2.96248
-2.93194
-2.90855
-2.89261
-2.88445
-2.88449
-2.89319
-2.91109
-2.9388
-2.97703
-3.02653
-3.08815
-3.16279
-3.2514
-3.355
-3.47461
-3.61126
-3.76599
-3.93982
-4.13372
-4.34865
-4.58557
-4.84543
-5.12923
-5.43806
-5.77313
-6.13575
-6.52739
-6.94959
-7.4039
-7.89174
-8.41425
-8.97208
-9.56516
-10.1925
-10.8518
-11.5398
-12.2515
-13.0539
-13.9432
-14.8325
-15.7068
-16.5516
-17.3531
-18.0993
-18.7803
-19.3881
-19.9167
-20.3618
-20.7203
-20.9905
-21.1711
-21.2615
)
;
    }
    cold
    {
        type            calculated;
        value           nonuniform List<scalar> 
120
(
-36.2137
-36.187
-36.1318
-36.0448
-35.9209
-35.753
-35.5323
-35.2483
-34.8891
-34.4418
-33.8935
-33.2322
-32.4484
-31.5367
-30.4972
-29.4334
-28.3907
-27.2833
-26.1241
-24.9278
-23.7093
-22.4835
-21.2638
-20.0623
-18.8892
-17.7528
-16.6595
-15.6144
-14.621
-13.682
-12.7991
-11.973
-11.2041
-10.4917
-9.83474
-9.23168
-8.68038
-8.17836
-7.72287
-7.31103
-6.93991
-6.60662
-6.3084
-6.04271
-5.80717
-5.59967
-5.41828
-5.2613
-5.12719
-5.01455
-4.92213
-4.84877
-4.79342
-4.75511
-4.73295
-4.72613
-4.73392
-4.75567
-4.79081
-4.83888
-4.89954
-4.97254
-5.05781
-5.1554
-5.26552
-5.38855
-5.52498
-5.67547
-5.84075
-6.02167
-6.21914
-6.43412
-6.66765
-6.92082
-7.19482
-7.49096
-7.81069
-8.15565
-8.52767
-8.92877
-9.36108
-9.82682
-10.3281
-10.8669
-11.4448
-12.0629
-12.7214
-13.4199
-14.1569
-14.93
-15.7355
-16.5689
-17.4248
-18.2968
-19.1778
-20.0602
-20.9361
-21.7975
-22.6366
-23.4462
-24.2202
-24.9533
-25.642
-26.2839
-26.8785
-27.4809
-28.0731
-28.6043
-29.0794
-29.5032
-29.8798
-30.2131
-30.5057
-30.7596
-30.9763
-31.1563
-31.3002
-31.4082
-31.4802
-31.5162
)
;
    }
    interface_left
    {
        type            calculated;
        value           nonuniform List<scalar> 
90
(
-62.6252
-114.598
57.2709
-3.37703
24.9593
-2.51612
10.6318
-2.52974
-13.061
-2.80452
-14.5225
-3.1782
-15.6934
-3.35978
-18.8445
9.69409
-4.0234
3.79014
-3.99198
0.925072
-4.01472
-1.0793
-3.97496
-6.56933
-3.90647
-7.2034
-3.83584
-7.75744
-3.71262
-9.02597
1.22022
-3.76926
-0.512033
-3.56366
-1.32972
-3.39999
-1.94778
-3.22263
-4.41332
-3.04529
-4.65958
-2.88488
-4.88304
-2.70821
-5.47912
-0.0123573
-2.63209
-0.830259
-2.42157
-1.19523
-2.23741
-1.4639
-2.0499
-2.54989
-1.86594
-2.44222
-1.69115
-2.20142
-1.52147
-1.84396
-1.39384
-1.36218
-1.62292
-1.2056
-1.75567
-1.07207
-1.76182
-0.974763
0.0725667
-0.921495
1.16639
-0.914736
2.73825
-1.01217
5.84194
-8.7783
-0.836596
-7.54801
-1.03324
-7.3307
-1.31239
-7.08387
-1.94528
4.45074
-10.0074
-3.5032
1.27815
7.18429
17.6299
41.6398
)
;
    }
    interface_right
    {
        type            calculated;
        value           nonuniform List<scalar> 
90
(
-186.869
-261.709
111.515
-4.74242
47.6312
-2.09383
21.7664
-1.35835
-19.767
-0.926095
-21.5147
-0.802901
-22.7118
-0.565171
-27.2762
21.9095
-1.32113
11.5547
-1.10808
6.41069
-1.16808
2.86257
-1.25693
-4.68196
-1.38023
-5.18282
-1.55262
-5.39625
-1.70447
-5.98275
1.36877
-2.02557
-0.658765
-2.18946
-1.72856
-2.37969
-2.40808
-2.57131
-2.52964
-2.76415
-2.3036
-2.95779
-1.90425
-3.17551
-1.0495
-5.757
-3.27651
-5.45436
-3.46414
-5.3829
-3.63238
-5.19814
-3.80944
-2.25422
-3.9842
-1.33172
-4.13956
-0.0565376
-4.34788
2.5883
-11.7657
-4.18707
-10.0703
-4.27093
-9.3348
-4.27211
-8.41418
-4.2653
0.490948
-4.20929
4.18904
-4.05745
9.70097
-4.03152
21.2817
-32.3758
-2.76044
-28.0671
-2.49724
-28.6404
-2.21126
-31.3959
-3.17971
42.2662
-111.191
-69.7254
-53.8705
-46.9902
-44.4858
-46.5965
)
;
    }
    interface_top
    {
        type            calculated;
        value           nonuniform List<scalar> 
90
(
-23.9988
-100.594
-110.252
-68.0158
-52.5423
-38.0106
-30.7334
-19.6127
-27.2417
-30.8398
-36.3122
-40.2353
-48.0971
-56.1504
-77.2035
-77.0373
-55.4234
-47.0536
-38.6961
-34.4687
-28.5137
-24.6529
-16.8534
-24.6362
-28.4888
-34.4191
-38.6304
-46.944
-55.2965
-76.8866
-77.037
-55.962
-47.782
-39.5204
-35.3201
-29.3304
-25.4162
-17.4207
-25.5384
-29.5763
-35.806
-40.237
-48.9857
-57.7605
-80.4175
-80.6087
-58.6043
-50.0646
-41.4359
-37.0475
-30.7832
-26.6853
-18.3007
-26.8685
-31.1391
-37.7413
-42.4341
-51.6994
-60.9554
-84.8209
-84.9814
-61.657
-52.6312
-43.5784
-38.9808
-32.4325
-28.1484
-19.3633
-28.56
-33.2122
-40.4994
-45.7468
-56.1871
-66.6465
-93.6002
-94.226
-69.4129
-60.1026
-51.4364
-47.3261
-42.1672
-38.876
-32.2441
-63.8174
-61.6694
-23.4387
-11.9657
-8.84684
-10.054
-18.1632
)
;
    }
    interface_bottom
    {
        type            calculated;
        value           nonuniform List<scalar> 
90
(
-41.2706
-79.772
-83.0362
-56.6395
-46.3406
-35.5031
-29.5838
-19.4457
-27.723
-31.6963
-37.7342
-42.004
-50.4608
-58.996
-81.1717
-80.9782
-58.1508
-49.292
-40.4148
-35.921
-29.6024
-25.5246
-17.3617
-25.3053
-29.1884
-35.127
-39.2914
-47.4827
-55.618
-76.6083
-76.4505
-54.9257
-46.58
-38.2345
-34.007
-28.0609
-24.2127
-16.4919
-24.0449
-27.7332
-33.3681
-37.3127
-45.0672
-52.7364
-72.4954
-72.31
-51.9191
-44.0212
-36.1489
-32.1606
-26.5542
-22.921
-15.6235
-22.779
-26.274
-31.6133
-35.3525
-42.7025
-49.9888
-68.7761
-68.6217
-49.3095
-41.8286
-34.3668
-30.5833
-25.2556
-21.8029
-14.8636
-21.6604
-24.9857
-30.0694
-33.6462
-40.69
-47.7502
-66.0245
-65.995
-47.6364
-40.5458
-33.5266
-29.9918
-25.1133
-21.9346
-15.6534
-25.4485
-24.577
-11.8233
-9.15361
-11.2628
-20.3781
-50.2279
)
;
    }
    defaultFaces
    {
        type            empty;
    }
}


// ************************************************************************* //
