/*--------------------------------*- C++ -*----------------------------------*\
| =========                 |                                                 |
| \\      /  F ield         | OpenFOAM: The Open Source CFD Toolbox           |
|  \\    /   O peration     | Version:  5.x                                   |
|   \\  /    A nd           | Web:      www.OpenFOAM.org                      |
|    \\/     M anipulation  |                                                 |
\*---------------------------------------------------------------------------*/
FoamFile
{
    version     2.0;
    format      ascii;
    class       volScalarField;
    location    "3.0999";
    object      T;
}
// * * * * * * * * * * * * * * * * * * * * * * * * * * * * * * * * * * * * * //

dimensions      [0 0 0 1 0 0 0];

internalField   nonuniform List<scalar> 
6300
(
322.85
322.55
322.248
321.945
321.639
321.331
321.019
320.702
320.381
320.055
319.723
319.386
319.043
318.694
318.339
322.85
322.551
322.25
321.947
321.642
321.334
321.023
320.707
320.386
320.06
319.729
319.392
319.049
318.7
318.345
322.851
322.553
322.253
321.952
321.648
321.342
321.031
320.716
320.396
320.071
319.74
319.404
319.061
318.711
318.356
322.852
322.556
322.258
321.959
321.658
321.353
321.044
320.73
320.412
320.088
319.758
319.421
319.079
318.729
318.373
322.853
322.56
322.265
321.969
321.67
321.368
321.061
320.75
320.433
320.111
319.782
319.446
319.103
318.753
318.396
322.855
322.565
322.274
321.981
321.686
321.387
321.083
320.775
320.46
320.14
319.812
319.477
319.135
318.784
318.426
322.857
322.572
322.285
321.997
321.705
321.41
321.11
320.805
320.494
320.176
319.85
319.516
319.174
318.823
318.463
322.86
322.58
322.298
322.014
321.728
321.438
321.142
320.842
320.534
320.22
319.896
319.564
319.222
318.87
318.508
322.863
322.589
322.313
322.035
321.755
321.47
321.18
320.885
320.582
320.272
319.952
319.621
319.28
318.927
318.562
322.866
322.599
322.33
322.059
321.785
321.507
321.224
320.935
320.639
320.333
320.017
319.69
319.35
318.995
318.626
322.87
322.61
322.349
322.086
321.82
321.55
321.275
320.993
320.704
320.405
320.095
319.772
319.433
319.078
318.704
322.874
322.623
322.37
322.116
321.858
321.597
321.331
321.058
320.778
320.488
320.185
319.868
319.534
319.179
318.801
322.879
322.637
322.394
322.148
321.901
321.65
321.394
321.132
320.862
320.583
320.291
319.983
319.655
319.303
318.922
322.884
322.652
322.418
322.184
321.947
321.707
321.462
321.213
320.956
320.69
320.412
320.117
319.8
319.455
319.078
322.889
322.667
322.445
322.221
321.996
321.768
321.537
321.301
321.06
320.81
320.55
320.273
319.973
319.639
319.269
318.009
317.705
317.397
317.086
316.772
316.455
316.135
315.812
315.487
315.16
314.831
314.501
314.168
313.835
313.5
313.164
312.828
312.491
312.154
311.816
311.479
311.141
310.803
310.465
310.128
309.79
309.452
309.114
308.776
308.438
308.101
307.764
307.427
307.09
306.754
306.419
306.084
305.749
305.414
305.08
304.746
304.413
304.079
303.746
303.414
303.081
302.75
302.418
302.087
301.757
301.427
301.098
300.769
300.441
300.113
299.786
299.459
299.132
298.806
298.48
298.155
297.83
297.506
297.182
296.859
296.537
296.215
295.894
295.574
295.254
294.934
294.615
294.297
293.979
293.661
293.344
293.027
292.711
292.395
292.08
291.765
291.45
291.135
290.82
290.505
290.189
289.873
289.555
289.237
288.918
318.014
317.71
317.402
317.091
316.776
316.459
316.138
315.816
315.49
315.163
314.834
314.503
314.17
313.836
313.501
313.165
312.829
312.492
312.154
311.816
311.479
311.141
310.803
310.465
310.128
309.79
309.452
309.114
308.776
308.438
308.101
307.763
307.426
307.09
306.754
306.418
306.083
305.748
305.414
305.08
304.746
304.412
304.079
303.746
303.413
303.081
302.749
302.417
302.086
301.756
301.426
301.097
300.769
300.441
300.113
299.785
299.458
299.132
298.805
298.479
298.154
297.829
297.505
297.181
296.858
296.536
296.214
295.893
295.573
295.253
294.934
294.615
294.296
293.978
293.66
293.343
293.026
292.71
292.395
292.079
291.765
291.45
291.136
290.821
290.506
290.19
289.874
289.557
289.239
288.919
318.025
317.72
317.412
317.1
316.785
316.466
316.146
315.822
315.497
315.169
314.839
314.507
314.174
313.839
313.504
313.167
312.83
312.492
312.155
311.817
311.479
311.141
310.803
310.465
310.128
309.79
309.452
309.114
308.775
308.437
308.1
307.762
307.425
307.088
306.752
306.417
306.082
305.747
305.413
305.079
304.745
304.412
304.078
303.745
303.412
303.079
302.747
302.416
302.085
301.754
301.425
301.096
300.767
300.439
300.112
299.784
299.457
299.131
298.804
298.478
298.152
297.827
297.503
297.179
296.856
296.534
296.213
295.892
295.571
295.252
294.932
294.613
294.295
293.977
293.659
293.341
293.025
292.709
292.393
292.078
291.764
291.45
291.136
290.822
290.507
290.192
289.877
289.56
289.241
288.922
318.041
317.736
317.426
317.113
316.797
316.478
316.157
315.832
315.506
315.177
314.847
314.514
314.18
313.844
313.508
313.17
312.832
312.494
312.155
311.817
311.479
311.141
310.803
310.466
310.128
309.79
309.452
309.113
308.775
308.436
308.098
307.76
307.423
307.086
306.75
306.415
306.08
305.745
305.411
305.078
304.744
304.41
304.077
303.743
303.41
303.077
302.745
302.413
302.082
301.752
301.422
301.093
300.765
300.437
300.11
299.783
299.456
299.129
298.802
298.476
298.15
297.824
297.5
297.176
296.853
296.531
296.21
295.889
295.569
295.25
294.93
294.612
294.293
293.975
293.657
293.339
293.022
292.706
292.391
292.076
291.763
291.449
291.136
290.823
290.51
290.196
289.881
289.564
289.246
288.926
318.063
317.756
317.446
317.131
316.814
316.494
316.171
315.846
315.518
315.189
314.857
314.523
314.188
313.851
313.512
313.173
312.834
312.495
312.156
311.817
311.479
311.141
310.803
310.466
310.128
309.79
309.452
309.113
308.774
308.435
308.096
307.758
307.42
307.083
306.747
306.412
306.077
305.743
305.41
305.076
304.743
304.409
304.076
303.742
303.408
303.074
302.742
302.409
302.078
301.748
301.418
301.09
300.762
300.435
300.108
299.781
299.454
299.127
298.8
298.473
298.146
297.821
297.496
297.172
296.849
296.527
296.206
295.886
295.566
295.247
294.928
294.609
294.291
293.972
293.654
293.336
293.019
292.703
292.388
292.074
291.761
291.449
291.137
290.825
290.513
290.201
289.886
289.571
289.253
288.933
318.092
317.783
317.47
317.154
316.835
316.513
316.189
315.863
315.534
315.203
314.87
314.535
314.197
313.859
313.518
313.177
312.836
312.496
312.155
311.816
311.478
311.14
310.803
310.466
310.129
309.791
309.453
309.113
308.774
308.434
308.094
307.754
307.416
307.079
306.742
306.407
306.074
305.74
305.408
305.075
304.742
304.408
304.074
303.74
303.405
303.071
302.737
302.404
302.073
301.742
301.414
301.086
300.759
300.432
300.106
299.779
299.452
299.125
298.797
298.47
298.142
297.815
297.49
297.165
296.843
296.521
296.201
295.881
295.563
295.244
294.926
294.607
294.288
293.969
293.65
293.331
293.014
292.697
292.383
292.069
291.758
291.447
291.137
290.828
290.518
290.207
289.895
289.58
289.262
288.942
318.126
317.815
317.5
317.181
316.86
316.536
316.21
315.883
315.553
315.221
314.886
314.549
314.21
313.868
313.525
313.182
312.838
312.495
312.154
311.814
311.476
311.139
310.803
310.466
310.13
309.793
309.454
309.114
308.774
308.432
308.091
307.75
307.41
307.072
306.736
306.402
306.069
305.737
305.406
305.074
304.741
304.408
304.074
303.738
303.402
303.066
302.731
302.397
302.065
301.735
301.407
301.08
300.754
300.429
300.104
299.778
299.451
299.123
298.795
298.466
298.137
297.809
297.482
297.157
296.834
296.514
296.194
295.876
295.559
295.241
294.923
294.605
294.285
293.965
293.645
293.326
293.007
292.69
292.375
292.063
291.753
291.444
291.137
290.831
290.524
290.216
289.906
289.593
289.276
288.956
318.168
317.853
317.534
317.212
316.888
316.562
316.234
315.906
315.575
315.242
314.906
314.567
314.225
313.88
313.533
313.186
312.839
312.493
312.15
311.81
311.472
311.136
310.802
310.468
310.133
309.796
309.458
309.117
308.774
308.43
308.086
307.743
307.402
307.063
306.727
306.394
306.063
305.733
305.404
305.074
304.742
304.409
304.074
303.737
303.399
303.061
302.723
302.388
302.055
301.725
301.398
301.073
300.749
300.426
300.103
299.778
299.451
299.123
298.792
298.461
298.13
297.8
297.472
297.146
296.824
296.504
296.186
295.87
295.555
295.239
294.922
294.604
294.284
293.962
293.64
293.318
292.998
292.68
292.365
292.053
291.745
291.44
291.136
290.834
290.532
290.228
289.922
289.611
289.295
288.974
318.217
317.898
317.573
317.246
316.918
316.589
316.26
315.931
315.601
315.267
314.931
314.589
314.244
313.894
313.542
313.189
312.837
312.488
312.143
311.802
311.465
311.132
310.801
310.47
310.137
309.802
309.464
309.122
308.777
308.429
308.081
307.734
307.39
307.05
306.714
306.383
306.055
305.728
305.403
305.076
304.746
304.413
304.077
303.737
303.396
303.054
302.713
302.375
302.041
301.711
301.386
301.064
300.744
300.424
300.103
299.78
299.454
299.124
298.792
298.457
298.122
297.788
297.458
297.131
296.809
296.49
296.176
295.863
295.551
295.238
294.923
294.605
294.284
293.96
293.635
293.309
292.985
292.665
292.349
292.038
291.733
291.432
291.134
290.838
290.542
290.245
289.943
289.636
289.322
289
318.275
317.949
317.617
317.282
316.948
316.617
316.287
315.959
315.63
315.298
314.961
314.618
314.268
313.912
313.552
313.191
312.831
312.477
312.129
311.788
311.454
311.125
310.799
310.473
310.146
309.814
309.476
309.132
308.782
308.429
308.073
307.72
307.372
307.03
306.695
306.367
306.044
305.723
305.403
305.081
304.755
304.423
304.085
303.741
303.393
303.045
302.698
302.356
302.02
301.691
301.369
301.052
300.737
300.423
300.107
299.787
299.462
299.131
298.794
298.453
298.112
297.772
297.438
297.109
296.788
296.472
296.162
295.855
295.549
295.24
294.928
294.611
294.288
293.96
293.629
293.297
292.968
292.643
292.326
292.016
291.714
291.419
291.129
290.841
290.555
290.266
289.973
289.672
289.361
289.037
318.345
318.008
317.663
317.317
316.976
316.641
316.312
315.987
315.663
315.336
315.001
314.656
314.301
313.937
313.564
313.19
312.819
312.456
312.104
311.764
311.435
311.113
310.796
310.48
310.16
309.833
309.497
309.15
308.794
308.43
308.063
307.7
307.345
307
306.667
306.344
306.028
305.717
305.407
305.092
304.771
304.441
304.1
303.75
303.393
303.033
302.676
302.328
301.989
301.662
301.345
301.035
300.73
300.425
300.117
299.802
299.478
299.144
298.801
298.451
298.099
297.75
297.408
297.077
296.757
296.447
296.144
295.846
295.549
295.248
294.941
294.625
294.299
293.965
293.624
293.282
292.943
292.612
292.292
291.983
291.686
291.399
291.119
290.844
290.57
290.295
290.014
289.723
289.416
289.091
318.431
318.077
317.711
317.347
316.994
316.656
316.331
316.015
315.702
315.383
315.054
314.71
314.349
313.971
313.58
313.183
312.794
312.419
312.063
311.725
311.404
311.095
310.793
310.492
310.185
309.866
309.533
309.183
308.815
308.435
308.048
307.668
307.303
306.955
306.624
306.309
306.006
305.711
305.416
305.114
304.801
304.474
304.13
303.769
303.395
303.016
302.643
302.284
301.943
301.618
301.309
301.012
300.722
300.432
300.137
299.83
299.509
299.172
298.818
298.452
298.081
297.716
297.364
297.03
296.713
296.41
296.12
295.837
295.554
295.265
294.966
294.652
294.324
293.979
293.623
293.261
292.906
292.564
292.241
291.934
291.645
291.368
291.103
290.844
290.587
290.331
290.07
289.796
289.499
289.172
318.543
318.164
317.755
317.361
316.99
316.651
316.336
316.04
315.749
315.446
315.129
314.787
314.421
314.024
313.604
313.166
312.748
312.356
311.996
311.662
311.355
311.065
310.789
310.514
310.226
309.921
309.592
309.24
308.856
308.448
308.023
307.617
307.234
306.884
306.558
306.258
305.974
305.704
305.434
305.151
304.853
304.53
304.183
303.806
303.407
302.989
302.591
302.215
301.872
301.552
301.257
300.979
300.713
300.449
300.171
299.879
299.562
299.223
298.853
298.462
298.053
297.662
297.295
296.959
296.646
296.357
296.085
295.826
295.567
295.297
295.011
294.702
294.371
294.01
293.629
293.23
292.849
292.492
292.164
291.861
291.583
291.322
291.078
290.84
290.603
290.374
290.146
289.903
289.626
289.298
318.702
318.296
317.778
317.341
316.941
316.613
316.314
316.059
315.811
315.531
315.239
314.898
314.539
314.111
313.655
313.119
312.666
312.244
311.892
311.562
311.281
311.016
310.784
310.553
310.29
310.012
309.687
309.341
308.929
308.489
307.97
307.53
307.12
306.778
306.456
306.182
305.922
305.696
305.47
305.211
304.939
304.62
304.281
303.876
303.444
302.935
302.504
302.102
301.766
301.45
301.181
300.926
300.704
300.482
300.229
299.962
299.649
299.317
298.92
298.497
297.998
297.576
297.182
296.853
296.544
296.281
296.032
295.815
295.598
295.35
295.089
294.784
294.46
294.073
293.659
293.172
292.76
292.375
292.054
291.752
291.496
291.253
291.043
290.836
290.608
290.416
290.242
290.057
289.828
289.51
318.952
318.59
317.683
317.268
316.786
316.536
316.226
316.069
315.919
315.632
315.419
315.036
314.755
314.238
313.821
312.953
312.539
312.031
311.757
311.389
311.186
310.918
310.779
310.64
310.373
310.172
309.809
309.54
309.043
308.641
307.802
307.401
306.909
306.642
306.284
306.086
305.824
305.688
305.552
305.291
305.093
304.737
304.473
303.986
303.592
302.769
302.376
301.892
301.631
301.279
301.085
300.828
300.694
300.561
300.305
300.111
299.762
299.503
299.026
298.639
297.833
297.448
296.975
296.719
296.375
296.184
295.933
295.803
295.672
295.422
295.233
294.892
294.639
294.173
293.795
293.007
292.63
292.167
291.916
291.577
291.388
291.136
291.004
290.862
290.56
290.434
290.354
290.274
290.157
289.918
288.566
288.18
287.794
287.407
287.02
286.633
286.247
285.861
285.477
285.093
284.711
284.329
283.949
283.569
283.19
288.567
288.181
287.795
287.407
287.02
286.633
286.246
285.86
285.476
285.092
284.71
284.329
283.948
283.569
283.19
288.569
288.183
287.796
287.408
287.02
286.632
286.245
285.858
285.473
285.09
284.708
284.327
283.947
283.568
283.189
288.573
288.186
287.798
287.408
287.019
286.63
286.242
285.855
285.47
285.086
284.704
284.324
283.945
283.566
283.189
288.579
288.191
287.8
287.409
287.018
286.627
286.238
285.85
285.465
285.081
284.7
284.32
283.942
283.564
283.188
288.587
288.197
287.804
287.41
287.016
286.623
286.232
285.843
285.457
285.074
284.693
284.314
283.937
283.562
283.187
288.599
288.205
287.809
287.411
287.013
286.617
286.224
285.834
285.447
285.064
284.684
284.307
283.932
283.558
283.186
288.615
288.217
287.815
287.411
287.008
286.608
286.212
285.821
285.434
285.051
284.672
284.297
283.925
283.554
283.185
288.637
288.232
287.822
287.41
287.001
286.596
286.196
285.803
285.416
285.034
284.657
284.285
283.915
283.548
283.183
288.668
288.253
287.831
287.408
286.989
286.578
286.174
285.779
285.392
285.012
284.638
284.269
283.904
283.541
283.18
288.713
288.28
287.84
287.401
286.971
286.551
286.144
285.748
285.362
284.984
284.614
284.25
283.89
283.533
283.177
288.777
288.316
287.847
287.386
286.941
286.513
286.102
285.706
285.322
284.949
284.584
284.226
283.872
283.522
283.174
288.871
288.359
287.847
287.356
286.893
286.458
286.045
285.651
285.273
284.906
284.548
284.197
283.852
283.51
283.17
289.011
288.403
287.824
287.297
286.819
286.38
285.97
285.582
285.211
284.853
284.505
284.163
283.828
283.495
283.165
289.215
288.418
287.75
287.19
286.706
286.272
285.872
285.496
285.137
284.791
284.454
284.125
283.8
283.479
283.159
322.894
322.683
322.47
322.257
322.043
321.827
321.609
321.387
321.162
320.931
320.691
320.439
320.162
319.84
319.421
322.899
322.697
322.494
322.291
322.087
321.882
321.676
321.468
321.258
321.046
320.829
320.605
320.367
320.09
319.671
322.904
322.711
322.518
322.325
322.132
321.938
321.745
321.551
321.357
321.164
320.972
320.782
320.598
320.438
320.383
322.908
322.725
322.542
322.359
322.177
321.995
321.813
321.633
321.456
321.281
321.112
320.954
320.814
320.712
320.675
322.913
322.74
322.566
322.393
322.221
322.05
321.881
321.714
321.551
321.394
321.246
321.113
321.004
320.941
320.965
322.918
322.754
322.59
322.427
322.265
322.105
321.947
321.793
321.644
321.501
321.37
321.254
321.163
321.109
321.1
322.922
322.767
322.613
322.459
322.308
322.158
322.011
321.868
321.731
321.601
321.482
321.378
321.296
321.246
321.245
322.927
322.781
322.635
322.491
322.349
322.209
322.072
321.939
321.812
321.693
321.584
321.487
321.408
321.348
321.311
322.931
322.794
322.657
322.522
322.388
322.257
322.13
322.006
321.889
321.778
321.676
321.585
321.505
321.435
321.365
322.935
322.806
322.678
322.551
322.426
322.303
322.184
322.07
321.96
321.857
321.762
321.674
321.595
321.522
321.458
322.939
322.818
322.697
322.578
322.461
322.347
322.236
322.129
322.028
321.932
321.842
321.758
321.68
321.604
321.52
322.943
322.829
322.716
322.605
322.495
322.389
322.285
322.186
322.091
322.001
321.917
321.838
321.763
321.69
321.622
322.947
322.84
322.734
322.63
322.527
322.428
322.331
322.239
322.151
322.068
321.989
321.916
321.845
321.773
321.689
322.95
322.85
322.751
322.653
322.557
322.464
322.375
322.289
322.207
322.13
322.058
321.991
321.927
321.865
321.804
322.953
322.859
322.767
322.675
322.586
322.499
322.415
322.336
322.26
322.189
322.124
322.064
322.009
321.956
321.888
322.956
322.868
322.781
322.696
322.612
322.531
322.454
322.379
322.31
322.245
322.186
322.133
322.089
322.057
322.054
322.959
322.877
322.795
322.715
322.637
322.562
322.489
322.42
322.356
322.296
322.243
322.197
322.161
322.137
322.128
322.961
322.884
322.808
322.733
322.66
322.59
322.522
322.458
322.398
322.344
322.295
322.255
322.224
322.206
322.212
322.964
322.892
322.82
322.75
322.682
322.616
322.552
322.493
322.437
322.387
322.342
322.305
322.277
322.26
322.254
322.966
322.898
322.831
322.766
322.701
322.64
322.58
322.525
322.473
322.426
322.384
322.349
322.323
322.307
322.305
322.968
322.905
322.842
322.78
322.72
322.662
322.606
322.554
322.505
322.461
322.421
322.388
322.361
322.343
322.331
322.97
322.91
322.851
322.793
322.737
322.682
322.63
322.58
322.534
322.492
322.454
322.421
322.394
322.374
322.363
322.972
322.916
322.86
322.805
322.752
322.701
322.651
322.605
322.561
322.52
322.484
322.451
322.422
322.398
322.378
322.973
322.92
322.868
322.817
322.766
322.718
322.671
322.627
322.585
322.546
322.51
322.478
322.448
322.42
322.391
322.975
322.925
322.876
322.827
322.779
322.733
322.689
322.647
322.607
322.57
322.535
322.502
322.472
322.442
322.415
322.976
322.929
322.882
322.836
322.792
322.748
322.706
322.666
322.628
322.592
322.558
322.526
322.495
322.464
322.431
322.978
322.933
322.889
322.845
322.803
322.761
322.722
322.683
322.647
322.612
322.579
322.548
322.518
322.487
322.458
322.979
322.937
322.895
322.853
322.813
322.774
322.736
322.7
322.665
322.632
322.6
322.57
322.54
322.51
322.476
322.98
322.94
322.9
322.861
322.823
322.785
322.749
322.715
322.681
322.65
322.62
322.591
322.563
322.536
322.508
322.981
322.943
322.905
322.868
322.831
322.796
322.762
322.729
322.697
322.667
322.639
322.612
322.586
322.561
322.531
322.982
322.946
322.91
322.874
322.839
322.806
322.773
322.742
322.712
322.683
322.656
322.631
322.609
322.589
322.578
322.983
322.948
322.914
322.88
322.847
322.815
322.784
322.754
322.725
322.698
322.673
322.65
322.629
322.612
322.599
322.983
322.95
322.918
322.886
322.854
322.823
322.793
322.765
322.737
322.712
322.688
322.666
322.647
322.632
322.623
322.984
322.953
322.921
322.89
322.86
322.831
322.802
322.775
322.749
322.724
322.701
322.68
322.662
322.647
322.635
322.985
322.955
322.925
322.895
322.866
322.838
322.81
322.784
322.759
322.735
322.713
322.693
322.675
322.661
322.65
322.985
322.956
322.928
322.899
322.871
322.844
322.818
322.792
322.768
322.745
322.724
322.704
322.686
322.671
322.658
322.986
322.958
322.93
322.903
322.876
322.85
322.824
322.8
322.776
322.754
322.733
322.714
322.696
322.68
322.667
322.987
322.96
322.933
322.906
322.881
322.855
322.831
322.807
322.784
322.762
322.741
322.722
322.704
322.687
322.671
322.987
322.961
322.935
322.91
322.884
322.86
322.836
322.813
322.791
322.769
322.749
322.729
322.711
322.693
322.675
322.987
322.962
322.937
322.912
322.888
322.864
322.841
322.818
322.797
322.776
322.756
322.736
322.718
322.7
322.682
322.988
322.963
322.939
322.915
322.891
322.868
322.846
322.824
322.802
322.782
322.762
322.743
322.724
322.706
322.687
322.988
322.964
322.941
322.917
322.894
322.872
322.85
322.828
322.807
322.787
322.768
322.749
322.73
322.712
322.694
322.988
322.965
322.942
322.919
322.897
322.875
322.853
322.832
322.812
322.792
322.773
322.754
322.736
322.718
322.699
322.989
322.966
322.943
322.921
322.899
322.878
322.856
322.836
322.816
322.797
322.778
322.76
322.742
322.725
322.708
322.989
322.967
322.945
322.923
322.901
322.88
322.859
322.839
322.82
322.801
322.783
322.765
322.748
322.731
322.714
322.989
322.967
322.946
322.924
322.903
322.882
322.862
322.842
322.823
322.804
322.787
322.77
322.753
322.738
322.726
322.989
322.968
322.946
322.925
322.904
322.884
322.864
322.845
322.826
322.808
322.79
322.774
322.758
322.744
322.731
322.989
322.968
322.947
322.926
322.906
322.885
322.866
322.847
322.828
322.81
322.793
322.777
322.762
322.748
322.736
322.989
322.968
322.948
322.927
322.907
322.887
322.867
322.848
322.83
322.812
322.796
322.78
322.765
322.751
322.739
322.99
322.969
322.948
322.927
322.907
322.887
322.868
322.849
322.831
322.814
322.797
322.782
322.767
322.754
322.741
322.99
322.969
322.948
322.928
322.908
322.888
322.869
322.85
322.832
322.815
322.799
322.783
322.769
322.755
322.742
322.99
322.969
322.948
322.928
322.908
322.888
322.869
322.85
322.833
322.815
322.799
322.784
322.769
322.756
322.743
322.99
322.969
322.948
322.928
322.907
322.888
322.869
322.85
322.832
322.815
322.799
322.784
322.769
322.756
322.744
322.989
322.969
322.948
322.927
322.907
322.887
322.868
322.849
322.832
322.815
322.798
322.783
322.769
322.756
322.743
322.989
322.968
322.947
322.927
322.906
322.886
322.867
322.848
322.83
322.813
322.797
322.782
322.768
322.755
322.743
322.989
322.968
322.947
322.926
322.905
322.885
322.865
322.846
322.828
322.811
322.795
322.78
322.766
322.753
322.742
322.989
322.967
322.946
322.924
322.904
322.883
322.863
322.844
322.826
322.808
322.792
322.777
322.763
322.75
322.739
322.989
322.967
322.945
322.923
322.902
322.881
322.861
322.841
322.823
322.805
322.788
322.773
322.759
322.746
322.736
322.989
322.966
322.943
322.921
322.9
322.878
322.858
322.838
322.819
322.801
322.784
322.768
322.754
322.741
322.73
322.988
322.965
322.942
322.919
322.897
322.875
322.854
322.834
322.815
322.796
322.779
322.763
322.748
322.734
322.724
322.988
322.964
322.94
322.917
322.894
322.872
322.85
322.829
322.81
322.791
322.773
322.756
322.74
322.725
322.71
322.988
322.963
322.938
322.914
322.891
322.868
322.845
322.824
322.804
322.785
322.766
322.749
322.733
322.717
322.702
322.987
322.962
322.936
322.911
322.887
322.863
322.84
322.818
322.797
322.778
322.759
322.741
322.724
322.708
322.691
322.987
322.96
322.934
322.908
322.883
322.858
322.834
322.812
322.79
322.77
322.751
322.733
322.716
322.7
322.684
322.986
322.958
322.931
322.904
322.878
322.852
322.828
322.804
322.782
322.761
322.742
322.724
322.707
322.69
322.674
322.985
322.957
322.928
322.9
322.872
322.846
322.82
322.796
322.773
322.752
322.732
322.714
322.697
322.682
322.667
322.985
322.954
322.924
322.895
322.866
322.839
322.812
322.787
322.763
322.741
322.721
322.703
322.687
322.672
322.657
322.984
322.952
322.921
322.89
322.86
322.831
322.803
322.776
322.752
322.729
322.709
322.691
322.675
322.662
322.651
322.983
322.95
322.916
322.884
322.852
322.822
322.792
322.765
322.739
322.716
322.695
322.677
322.662
322.651
322.644
322.982
322.947
322.912
322.877
322.844
322.812
322.781
322.752
322.725
322.701
322.679
322.661
322.646
322.636
322.63
322.981
322.944
322.907
322.87
322.835
322.801
322.768
322.738
322.709
322.684
322.661
322.642
322.627
322.618
322.617
322.98
322.94
322.901
322.863
322.825
322.789
322.754
322.722
322.692
322.664
322.64
322.62
322.605
322.595
322.592
322.979
322.937
322.895
322.854
322.814
322.776
322.739
322.704
322.672
322.643
322.617
322.595
322.578
322.569
322.571
322.978
322.933
322.888
322.845
322.802
322.762
322.722
322.685
322.651
322.619
322.59
322.566
322.546
322.534
322.529
322.976
322.928
322.881
322.835
322.79
322.746
322.704
322.665
322.627
322.593
322.561
322.534
322.51
322.493
322.491
322.974
322.924
322.873
322.824
322.776
322.729
322.684
322.642
322.602
322.565
322.53
322.498
322.469
322.441
322.406
322.973
322.919
322.865
322.812
322.761
322.711
322.663
322.618
322.575
322.534
322.497
322.461
322.427
322.395
322.363
322.971
322.913
322.856
322.8
322.745
322.692
322.641
322.592
322.546
322.502
322.461
322.423
322.385
322.347
322.303
322.969
322.907
322.846
322.786
322.727
322.671
322.616
322.564
322.515
322.468
322.425
322.383
322.344
322.305
322.268
322.967
322.901
322.836
322.771
322.709
322.648
322.59
322.534
322.482
322.433
322.387
322.343
322.302
322.26
322.214
322.965
322.894
322.824
322.756
322.689
322.624
322.562
322.503
322.447
322.395
322.346
322.301
322.259
322.219
322.182
322.962
322.887
322.812
322.739
322.667
322.598
322.532
322.469
322.409
322.354
322.304
322.258
322.216
322.176
322.133
322.96
322.879
322.799
322.721
322.644
322.57
322.499
322.432
322.369
322.311
322.258
322.211
322.17
322.135
322.106
322.957
322.871
322.785
322.702
322.62
322.54
322.464
322.392
322.325
322.263
322.209
322.161
322.121
322.089
322.072
322.954
322.862
322.771
322.681
322.593
322.508
322.426
322.349
322.277
322.212
322.154
322.106
322.066
322.033
321.992
322.951
322.852
322.755
322.659
322.565
322.473
322.385
322.302
322.224
322.154
322.094
322.044
322.007
321.981
321.958
322.947
322.842
322.738
322.635
322.534
322.436
322.341
322.251
322.166
322.09
322.025
321.974
321.94
321.927
321.933
322.944
322.832
322.721
322.611
322.502
322.396
322.293
322.195
322.103
322.019
321.947
321.891
321.859
321.859
321.902
322.94
322.821
322.702
322.585
322.468
322.354
322.243
322.135
322.034
321.94
321.858
321.793
321.755
321.763
321.847
322.937
322.81
322.683
322.558
322.433
322.31
322.19
322.072
321.959
321.853
321.756
321.675
321.62
321.614
321.721
289.428
288.314
287.581
287.024
286.557
286.142
285.76
285.401
285.057
284.725
284.401
284.084
283.771
283.462
283.154
289.034
287.955
287.306
286.809
286.385
286.001
285.643
285.303
284.976
284.659
284.349
284.044
283.743
283.445
283.148
287.479
287.297
286.924
286.545
286.184
285.842
285.514
285.197
284.889
284.589
284.293
284.002
283.714
283.427
283.142
286.868
286.772
286.548
286.268
285.971
285.672
285.376
285.084
284.797
284.514
284.234
283.957
283.682
283.409
283.136
286.29
286.337
286.209
286.003
285.76
285.501
285.236
284.969
284.702
284.437
284.174
283.911
283.65
283.39
283.13
286.028
286.022
285.926
285.762
285.559
285.333
285.096
284.853
284.607
284.36
284.112
283.864
283.617
283.37
283.123
285.756
285.771
285.69
285.55
285.374
285.174
284.961
284.739
284.512
284.282
284.05
283.817
283.584
283.351
283.117
285.635
285.586
285.493
285.363
285.204
285.025
284.831
284.629
284.419
284.206
283.989
283.771
283.551
283.331
283.11
285.537
285.431
285.323
285.196
285.049
284.885
284.709
284.523
284.329
284.131
283.929
283.725
283.519
283.312
283.104
285.37
285.277
285.167
285.043
284.906
284.755
284.593
284.421
284.243
284.059
283.871
283.681
283.488
283.293
283.098
285.261
285.135
285.02
284.9
284.771
284.632
284.483
284.325
284.161
283.99
283.816
283.638
283.457
283.275
283.092
285.082
284.984
284.876
284.764
284.644
284.516
284.379
284.234
284.082
283.924
283.762
283.596
283.428
283.257
283.086
284.965
284.841
284.736
284.632
284.523
284.406
284.28
284.147
284.007
283.861
283.711
283.557
283.4
283.241
283.08
284.767
284.683
284.596
284.505
284.407
284.301
284.187
284.065
283.937
283.802
283.663
283.519
283.373
283.225
283.075
284.623
284.529
284.457
284.381
284.297
284.203
284.099
283.988
283.87
283.746
283.617
283.484
283.348
283.209
283.07
284.343
284.358
284.322
284.264
284.193
284.11
284.017
283.916
283.808
283.693
283.574
283.45
283.324
283.195
283.065
284.217
284.223
284.201
284.157
284.097
284.024
283.941
283.849
283.75
283.644
283.533
283.419
283.301
283.182
283.061
284.078
284.106
284.096
284.062
284.01
283.946
283.871
283.787
283.696
283.598
283.496
283.39
283.28
283.169
283.057
284.008
284.017
284.007
283.978
283.933
283.875
283.807
283.73
283.646
283.556
283.461
283.363
283.261
283.157
283.053
283.925
283.941
283.932
283.905
283.864
283.811
283.749
283.678
283.6
283.517
283.429
283.338
283.243
283.147
283.049
283.882
283.882
283.869
283.842
283.803
283.754
283.696
283.631
283.559
283.481
283.4
283.314
283.227
283.137
283.046
283.832
283.832
283.816
283.788
283.75
283.703
283.649
283.588
283.521
283.449
283.373
283.293
283.211
283.127
283.043
283.808
283.793
283.77
283.74
283.703
283.658
283.606
283.549
283.486
283.419
283.348
283.274
283.197
283.119
283.04
283.787
283.759
283.731
283.698
283.661
283.617
283.568
283.514
283.455
283.392
283.325
283.256
283.184
283.111
283.037
283.751
283.724
283.694
283.66
283.622
283.58
283.533
283.482
283.426
283.367
283.305
283.24
283.173
283.104
283.035
283.727
283.692
283.659
283.624
283.587
283.546
283.501
283.453
283.4
283.345
283.286
283.225
283.162
283.098
283.033
283.687
283.657
283.625
283.591
283.555
283.515
283.472
283.426
283.377
283.324
283.269
283.211
283.152
283.092
283.031
283.661
283.625
283.592
283.559
283.524
283.487
283.446
283.402
283.355
283.305
283.253
283.199
283.143
283.087
283.029
283.617
283.589
283.56
283.529
283.496
283.46
283.421
283.38
283.335
283.288
283.239
283.188
283.135
283.082
283.027
283.585
283.554
283.528
283.5
283.469
283.436
283.399
283.36
283.318
283.273
283.226
283.178
283.128
283.077
283.026
283.523
283.516
283.497
283.473
283.445
283.413
283.379
283.341
283.301
283.259
283.215
283.169
283.122
283.073
283.024
283.496
283.486
283.47
283.449
283.423
283.393
283.36
283.325
283.287
283.246
283.204
283.161
283.116
283.07
283.023
283.466
283.461
283.447
283.427
283.403
283.375
283.344
283.31
283.274
283.235
283.195
283.153
283.11
283.067
283.022
283.452
283.442
283.428
283.409
283.386
283.359
283.329
283.297
283.262
283.225
283.187
283.147
283.106
283.064
283.021
283.435
283.427
283.412
283.394
283.371
283.345
283.317
283.285
283.252
283.216
283.179
283.141
283.101
283.061
283.02
283.427
283.415
283.4
283.381
283.359
283.334
283.306
283.275
283.243
283.209
283.173
283.136
283.098
283.059
283.02
283.418
283.406
283.39
283.371
283.349
283.324
283.296
283.267
283.235
283.202
283.167
283.131
283.095
283.057
283.019
283.414
283.399
283.382
283.362
283.34
283.316
283.289
283.26
283.229
283.197
283.163
283.128
283.092
283.055
283.019
283.411
283.394
283.376
283.356
283.333
283.309
283.282
283.254
283.224
283.192
283.159
283.125
283.09
283.054
283.018
283.407
283.39
283.371
283.351
283.328
283.304
283.277
283.249
283.22
283.188
283.156
283.122
283.088
283.053
283.018
283.404
283.387
283.368
283.347
283.325
283.3
283.274
283.246
283.216
283.185
283.153
283.12
283.087
283.052
283.017
283.402
283.385
283.366
283.345
283.322
283.297
283.271
283.243
283.214
283.183
283.152
283.119
283.086
283.052
283.017
283.401
283.384
283.365
283.344
283.321
283.296
283.27
283.242
283.213
283.182
283.151
283.118
283.085
283.051
283.017
283.402
283.385
283.365
283.344
283.321
283.296
283.269
283.242
283.212
283.182
283.15
283.118
283.085
283.051
283.017
283.404
283.387
283.367
283.345
283.322
283.297
283.27
283.242
283.213
283.182
283.151
283.118
283.085
283.051
283.017
283.411
283.391
283.37
283.348
283.324
283.299
283.272
283.244
283.214
283.183
283.151
283.119
283.085
283.051
283.017
283.416
283.396
283.374
283.352
283.327
283.302
283.275
283.246
283.216
283.185
283.153
283.12
283.086
283.052
283.017
283.423
283.402
283.38
283.356
283.332
283.306
283.278
283.249
283.219
283.187
283.155
283.121
283.087
283.053
283.018
283.428
283.408
283.385
283.362
283.337
283.311
283.283
283.253
283.223
283.191
283.158
283.124
283.089
283.053
283.018
283.437
283.415
283.392
283.369
283.344
283.317
283.288
283.259
283.227
283.195
283.161
283.126
283.091
283.055
283.018
283.443
283.422
283.4
283.376
283.351
283.324
283.295
283.265
283.233
283.199
283.165
283.129
283.093
283.056
283.019
283.452
283.43
283.408
283.385
283.36
283.332
283.303
283.272
283.239
283.205
283.17
283.133
283.096
283.058
283.019
283.457
283.438
283.418
283.395
283.37
283.342
283.312
283.28
283.247
283.212
283.175
283.137
283.099
283.059
283.02
283.463
283.448
283.429
283.407
283.382
283.354
283.323
283.29
283.255
283.219
283.181
283.142
283.102
283.062
283.021
283.476
283.462
283.443
283.421
283.395
283.367
283.335
283.301
283.265
283.227
283.188
283.148
283.106
283.064
283.021
283.488
283.477
283.46
283.438
283.411
283.382
283.349
283.314
283.276
283.237
283.196
283.154
283.111
283.067
283.022
283.51
283.497
283.48
283.457
283.43
283.398
283.364
283.328
283.289
283.247
283.205
283.161
283.116
283.07
283.023
283.529
283.521
283.503
283.479
283.45
283.418
283.382
283.343
283.302
283.259
283.214
283.168
283.121
283.073
283.024
283.566
283.552
283.532
283.505
283.474
283.439
283.401
283.36
283.317
283.272
283.225
283.177
283.127
283.077
283.026
283.6
283.588
283.564
283.534
283.5
283.462
283.422
283.379
283.334
283.286
283.237
283.186
283.134
283.081
283.027
283.674
283.634
283.6
283.565
283.528
283.488
283.445
283.4
283.352
283.302
283.25
283.196
283.141
283.085
283.028
283.711
283.674
283.636
283.598
283.558
283.515
283.47
283.422
283.372
283.319
283.264
283.207
283.149
283.09
283.03
283.763
283.715
283.674
283.633
283.59
283.545
283.497
283.446
283.393
283.337
283.279
283.219
283.157
283.095
283.032
283.792
283.752
283.711
283.668
283.623
283.576
283.526
283.472
283.416
283.357
283.295
283.232
283.167
283.1
283.034
283.837
283.791
283.748
283.705
283.659
283.61
283.557
283.501
283.441
283.378
283.313
283.246
283.177
283.107
283.036
283.864
283.826
283.786
283.743
283.696
283.645
283.59
283.531
283.468
283.402
283.333
283.261
283.188
283.113
283.038
283.903
283.864
283.826
283.784
283.737
283.684
283.627
283.564
283.497
283.427
283.354
283.278
283.2
283.12
283.04
283.925
283.9
283.868
283.828
283.781
283.727
283.666
283.6
283.529
283.455
283.376
283.295
283.212
283.128
283.043
283.951
283.942
283.916
283.878
283.83
283.774
283.71
283.64
283.564
283.484
283.401
283.315
283.226
283.136
283.046
284.005
283.995
283.972
283.935
283.886
283.826
283.758
283.683
283.602
283.517
283.427
283.335
283.241
283.145
283.049
284.05
284.057
284.038
284
283.948
283.884
283.811
283.73
283.643
283.551
283.456
283.358
283.257
283.155
283.052
284.139
284.138
284.117
284.076
284.018
283.948
283.868
283.781
283.687
283.589
283.487
283.381
283.274
283.165
283.055
284.213
284.232
284.21
284.162
284.097
284.019
283.932
283.836
283.735
283.629
283.519
283.407
283.292
283.176
283.059
284.362
284.356
284.32
284.261
284.185
284.097
284
283.896
283.786
283.672
283.554
283.433
283.311
283.187
283.062
284.497
284.499
284.446
284.371
284.282
284.182
284.074
283.96
283.84
283.717
283.59
283.461
283.331
283.199
283.066
284.799
284.682
284.589
284.491
284.385
284.272
284.152
284.027
283.897
283.764
283.628
283.491
283.352
283.211
283.07
284.955
284.847
284.734
284.616
284.494
284.367
284.234
284.097
283.957
283.813
283.668
283.521
283.373
283.224
283.075
285.173
285.017
284.881
284.746
284.607
284.465
284.319
284.17
284.018
283.864
283.709
283.552
283.395
283.237
283.079
285.305
285.174
285.027
284.877
284.723
284.566
284.406
284.244
284.08
283.916
283.75
283.584
283.417
283.251
283.084
285.514
285.34
285.177
285.01
284.841
284.668
284.494
284.319
284.144
283.968
283.792
283.616
283.44
283.264
283.088
285.646
285.5
285.328
285.146
284.96
284.772
284.583
284.395
284.207
284.02
283.834
283.648
283.463
283.277
283.092
285.867
285.677
285.486
285.286
285.081
284.876
284.672
284.47
284.27
284.072
283.875
283.68
283.485
283.291
283.097
286.005
285.856
285.651
285.428
285.202
284.979
284.76
284.545
284.332
284.123
283.916
283.711
283.507
283.304
283.101
286.226
286.074
285.828
285.572
285.322
285.08
284.845
284.616
284.393
284.173
283.956
283.741
283.528
283.316
283.105
286.837
286.357
286.011
285.712
285.436
285.175
284.926
284.685
284.45
284.22
283.994
283.77
283.549
283.329
283.109
287.038
286.547
286.163
285.835
285.539
285.263
285.001
284.749
284.504
284.265
284.03
283.798
283.568
283.34
283.113
287.115
286.662
286.275
285.936
285.628
285.341
285.069
284.808
284.554
284.306
284.063
283.824
283.587
283.351
283.117
287.149
286.731
286.355
286.016
285.703
285.409
285.13
284.861
284.6
284.345
284.095
283.848
283.604
283.362
283.12
287.162
286.77
286.41
286.077
285.764
285.468
285.183
284.909
284.642
284.38
284.124
283.871
283.62
283.371
283.124
287.153
286.787
286.447
286.123
285.814
285.517
285.23
284.951
284.679
284.413
284.15
283.891
283.635
283.38
283.127
322.932
322.797
322.662
322.527
322.393
322.26
322.128
321.999
321.872
321.749
321.632
321.525
321.433
321.364
321.329
322.928
322.783
322.638
322.493
322.349
322.204
322.06
321.916
321.772
321.63
321.488
321.348
321.206
321.058
320.881
322.923
322.769
322.614
322.46
322.304
322.148
321.991
321.832
321.672
321.51
321.343
321.171
320.986
320.78
320.53
322.918
322.755
322.591
322.426
322.26
322.093
321.923
321.751
321.575
321.393
321.205
321.005
320.789
320.546
320.262
322.914
322.742
322.568
322.394
322.218
322.04
321.858
321.673
321.482
321.284
321.077
320.856
320.617
320.353
320.055
322.91
322.729
322.547
322.364
322.178
321.99
321.798
321.6
321.397
321.185
320.962
320.726
320.471
320.195
319.89
322.906
322.717
322.527
322.336
322.141
321.944
321.742
321.534
321.319
321.096
320.861
320.613
320.348
320.063
319.756
322.902
322.706
322.509
322.31
322.108
321.902
321.692
321.475
321.251
321.018
320.774
320.517
320.245
319.955
319.646
322.899
322.697
322.493
322.287
322.078
321.865
321.648
321.423
321.192
320.951
320.699
320.436
320.158
319.865
319.556
322.896
322.688
322.479
322.267
322.053
321.834
321.61
321.379
321.141
320.894
320.637
320.369
320.087
319.792
319.483
322.894
322.681
322.467
322.251
322.031
321.807
321.578
321.343
321.1
320.848
320.587
320.315
320.03
319.734
319.424
322.892
322.676
322.458
322.238
322.014
321.786
321.553
321.314
321.067
320.812
320.547
320.272
319.986
319.688
319.378
322.891
322.671
322.451
322.227
322.001
321.77
321.534
321.292
321.043
320.785
320.518
320.241
319.953
319.655
319.344
322.89
322.668
322.446
322.221
321.992
321.76
321.522
321.278
321.026
320.767
320.499
320.22
319.932
319.633
319.322
322.889
322.667
322.443
322.217
321.988
321.755
321.516
321.271
321.018
320.758
320.489
320.21
319.921
319.622
319.311
321.315
320.911
319.562
318.988
318.375
318.071
317.711
317.534
317.368
317.056
316.827
316.419
316.121
315.575
315.135
314.219
313.782
313.246
312.956
312.567
312.352
312.068
311.921
311.774
311.491
311.278
310.892
310.605
310.076
309.646
308.745
308.313
307.781
307.492
307.103
306.887
306.602
306.454
306.305
306.019
305.803
305.412
305.122
304.585
304.148
303.234
302.796
302.255
301.962
301.567
301.348
301.058
300.907
300.756
300.466
300.245
299.848
299.552
299.004
298.559
297.626
297.179
296.627
296.328
295.923
295.698
295.4
295.245
295.089
294.787
294.557
294.14
293.827
293.244
292.765
291.753
291.263
290.646
290.305
289.826
289.551
289.154
288.93
288.638
287.908
287.65
287.533
287.459
287.392
287.299
320.631
320.212
319.557
319.01
318.522
318.136
317.792
317.507
317.235
316.932
316.62
316.257
315.877
315.425
314.943
314.378
313.9
313.454
313.083
312.734
312.437
312.157
311.911
311.667
311.387
311.091
310.745
310.377
309.936
309.464
308.907
308.434
307.991
307.621
307.272
306.975
306.692
306.445
306.198
305.914
305.616
305.265
304.891
304.444
303.965
303.4
302.92
302.471
302.095
301.74
301.438
301.151
300.9
300.648
300.36
300.056
299.699
299.319
298.863
298.375
297.798
297.309
296.85
296.466
296.104
295.795
295.5
295.242
294.982
294.684
294.367
293.992
293.591
293.108
292.585
291.963
291.431
290.927
290.5
290.087
289.727
289.371
289.049
288.704
288.297
288.001
287.789
287.62
287.465
287.298
320.223
319.852
319.398
318.947
318.522
318.139
317.787
317.463
317.147
316.822
316.484
316.121
315.735
315.316
314.873
314.411
313.97
313.556
313.177
312.825
312.5
312.194
311.901
311.609
311.303
310.98
310.629
310.252
309.841
309.405
308.948
308.511
308.098
307.72
307.367
307.041
306.732
306.437
306.142
305.832
305.504
305.149
304.767
304.35
303.907
303.443
302.999
302.581
302.196
301.838
301.506
301.193
300.893
300.593
300.278
299.945
299.583
299.194
298.769
298.318
297.846
297.393
296.966
296.574
296.208
295.869
295.548
295.24
294.931
294.606
294.26
293.883
293.475
293.027
292.549
292.044
291.559
291.099
290.672
290.271
289.897
289.54
289.199
288.86
288.526
288.232
287.982
287.761
287.555
287.348
319.947
319.611
319.235
318.846
318.463
318.096
317.744
317.405
317.07
316.732
316.383
316.02
315.64
315.242
314.83
314.413
314.003
313.608
313.233
312.876
312.537
312.21
311.891
311.572
311.246
310.907
310.551
310.177
309.784
309.376
308.96
308.552
308.157
307.781
307.423
307.081
306.752
306.429
306.107
305.776
305.432
305.072
304.692
304.293
303.879
303.457
303.042
302.642
302.26
301.896
301.549
301.214
300.887
300.559
300.223
299.873
299.506
299.12
298.714
298.293
297.863
297.441
297.033
296.644
296.273
295.918
295.576
295.241
294.904
294.558
294.198
293.817
293.416
292.991
292.549
292.098
291.652
291.221
290.809
290.417
290.044
289.687
289.344
289.012
288.695
288.401
288.132
287.883
287.646
287.413
319.743
319.429
319.09
318.737
318.382
318.03
317.684
317.341
317
316.656
316.304
315.942
315.57
315.187
314.797
314.403
314.013
313.632
313.262
312.903
312.556
312.216
311.881
311.546
311.206
310.858
310.499
310.129
309.747
309.357
308.963
308.572
308.189
307.817
307.456
307.105
306.762
306.422
306.083
305.738
305.385
305.021
304.645
304.258
303.862
303.462
303.065
302.676
302.298
301.931
301.575
301.226
300.881
300.536
300.186
299.827
299.458
299.075
298.681
298.278
297.872
297.468
297.072
296.687
296.314
295.95
295.595
295.243
294.89
294.532
294.164
293.783
293.389
292.981
292.564
292.143
291.724
291.314
290.917
290.535
290.167
289.813
289.472
289.144
288.83
288.533
288.253
287.988
287.732
287.482
319.583
319.282
318.963
318.633
318.296
317.956
317.617
317.277
316.935
316.59
316.239
315.881
315.516
315.144
314.767
314.389
314.012
313.639
313.274
312.915
312.563
312.215
311.871
311.526
311.178
310.825
310.464
310.097
309.723
309.343
308.962
308.582
308.206
307.837
307.474
307.117
306.765
306.416
306.066
305.713
305.354
304.989
304.616
304.235
303.85
303.463
303.077
302.695
302.319
301.951
301.589
301.231
300.876
300.521
300.162
299.798
299.427
299.047
298.661
298.27
297.876
297.484
297.096
296.714
296.34
295.972
295.608
295.247
294.885
294.519
294.148
293.768
293.381
292.986
292.585
292.183
291.783
291.39
291.005
290.632
290.27
289.92
289.582
289.256
288.942
288.641
288.354
288.077
287.81
287.548
319.453
319.16
318.854
318.537
318.213
317.883
317.55
317.214
316.875
316.532
316.183
315.83
315.471
315.107
314.74
314.372
314.003
313.638
313.275
312.917
312.563
312.211
311.861
311.51
311.157
310.801
310.441
310.075
309.706
309.333
308.959
308.585
308.214
307.847
307.483
307.123
306.766
306.41
306.054
305.695
305.333
304.967
304.596
304.22
303.841
303.461
303.082
302.705
302.331
301.962
301.596
301.233
300.872
300.51
300.146
299.779
299.407
299.03
298.648
298.264
297.878
297.493
297.11
296.731
296.357
295.986
295.618
295.251
294.885
294.515
294.143
293.765
293.383
292.997
292.609
292.22
291.834
291.452
291.078
290.712
290.356
290.01
289.674
289.349
289.035
288.731
288.438
288.154
287.878
287.608
319.346
319.059
318.761
318.453
318.137
317.815
317.488
317.156
316.821
316.481
316.136
315.787
315.433
315.076
314.716
314.354
313.992
313.631
313.271
312.914
312.558
312.205
311.851
311.497
311.142
310.784
310.423
310.06
309.693
309.324
308.955
308.585
308.217
307.851
307.487
307.125
306.765
306.405
306.045
305.683
305.319
304.952
304.582
304.209
303.835
303.459
303.083
302.709
302.337
301.967
301.6
301.234
300.868
300.503
300.136
299.766
299.394
299.018
298.64
298.26
297.879
297.499
297.119
296.743
296.368
295.996
295.626
295.257
294.887
294.517
294.144
293.769
293.392
293.013
292.633
292.253
291.877
291.504
291.138
290.779
290.427
290.085
289.751
289.427
289.112
288.806
288.509
288.22
287.938
287.662
319.258
318.975
318.682
318.38
318.071
317.754
317.432
317.105
316.773
316.436
316.095
315.75
315.401
315.048
314.693
314.337
313.979
313.621
313.264
312.908
312.552
312.197
311.842
311.487
311.13
310.771
310.411
310.048
309.684
309.318
308.951
308.584
308.217
307.852
307.488
307.125
306.762
306.4
306.038
305.674
305.309
304.942
304.573
304.202
303.829
303.456
303.083
302.711
302.34
301.969
301.601
301.233
300.865
300.497
300.128
299.758
299.385
299.011
298.635
298.258
297.88
297.502
297.125
296.75
296.376
296.004
295.633
295.262
294.892
294.521
294.15
293.777
293.403
293.029
292.655
292.283
291.914
291.548
291.188
290.834
290.486
290.147
289.815
289.491
289.176
288.868
288.569
288.276
287.99
287.71
319.186
318.906
318.616
318.319
318.014
317.701
317.383
317.06
316.731
316.398
316.06
315.719
315.373
315.025
314.674
314.321
313.966
313.611
313.256
312.901
312.546
312.19
311.835
311.478
311.121
310.762
310.401
310.04
309.676
309.312
308.947
308.581
308.216
307.851
307.487
307.123
306.76
306.396
306.032
305.668
305.302
304.935
304.566
304.196
303.825
303.454
303.082
302.711
302.34
301.97
301.601
301.232
300.863
300.493
300.123
299.752
299.38
299.006
298.632
298.256
297.88
297.505
297.13
296.755
296.382
296.01
295.638
295.268
294.897
294.527
294.157
293.786
293.415
293.045
292.676
292.309
291.945
291.584
291.229
290.879
290.535
290.197
289.867
289.544
289.228
288.919
288.618
288.323
288.033
287.75
319.128
318.849
318.563
318.268
317.966
317.658
317.343
317.022
316.697
316.366
316.031
315.693
315.35
315.005
314.657
314.307
313.955
313.602
313.248
312.894
312.539
312.184
311.828
311.471
311.113
310.754
310.394
310.033
309.67
309.307
308.943
308.579
308.214
307.85
307.486
307.121
306.757
306.393
306.028
305.663
305.297
304.929
304.561
304.192
303.822
303.452
303.081
302.71
302.34
301.97
301.6
301.23
300.86
300.49
300.12
299.748
299.376
299.003
298.63
298.255
297.881
297.506
297.132
296.759
296.386
296.014
295.643
295.273
294.903
294.533
294.164
293.795
293.427
293.06
292.694
292.331
291.971
291.614
291.262
290.915
290.573
290.238
289.909
289.586
289.27
288.961
288.657
288.36
288.069
287.783
319.083
318.806
318.521
318.228
317.929
317.622
317.31
316.992
316.669
316.341
316.008
315.672
315.332
314.989
314.643
314.295
313.945
313.594
313.241
312.887
312.533
312.178
311.822
311.465
311.107
310.749
310.389
310.028
309.666
309.303
308.94
308.576
308.212
307.848
307.484
307.12
306.755
306.39
306.025
305.659
305.293
304.926
304.558
304.189
303.819
303.45
303.08
302.709
302.339
301.969
301.599
301.229
300.859
300.488
300.117
299.746
299.374
299.001
298.628
298.255
297.881
297.508
297.135
296.762
296.39
296.018
295.647
295.277
294.907
294.538
294.17
293.803
293.437
293.072
292.709
292.349
291.991
291.637
291.288
290.943
290.603
290.269
289.941
289.619
289.303
288.993
288.689
288.39
288.097
287.809
319.049
318.773
318.49
318.199
317.901
317.596
317.286
316.969
316.648
316.322
315.991
315.656
315.318
314.977
314.632
314.286
313.937
313.587
313.235
312.882
312.528
312.174
311.818
311.461
311.103
310.745
310.385
310.024
309.663
309.301
308.938
308.574
308.211
307.847
307.483
307.118
306.753
306.388
306.023
305.657
305.29
304.923
304.555
304.187
303.818
303.448
303.078
302.709
302.339
301.968
301.598
301.228
300.858
300.487
300.116
299.744
299.372
299
298.627
298.254
297.881
297.509
297.136
296.764
296.392
296.021
295.65
295.28
294.911
294.543
294.176
293.809
293.444
293.081
292.72
292.362
292.006
291.655
291.307
290.964
290.625
290.292
289.965
289.643
289.327
289.016
288.711
288.412
288.118
287.829
319.028
318.752
318.469
318.179
317.882
317.579
317.269
316.954
316.634
316.309
315.979
315.646
315.309
314.968
314.625
314.28
313.932
313.582
313.231
312.879
312.525
312.17
311.815
311.458
311.1
310.742
310.382
310.022
309.661
309.299
308.936
308.573
308.21
307.846
307.482
307.117
306.752
306.387
306.021
305.655
305.289
304.921
304.554
304.185
303.816
303.447
303.078
302.708
302.338
301.968
301.598
301.227
300.857
300.486
300.115
299.743
299.371
298.999
298.627
298.254
297.882
297.509
297.137
296.765
296.393
296.022
295.652
295.283
294.914
294.546
294.179
293.814
293.45
293.088
292.728
292.371
292.016
291.666
291.319
290.977
290.64
290.307
289.98
289.658
289.342
289.032
288.726
288.427
288.132
287.842
319.017
318.742
318.459
318.169
317.873
317.57
317.261
316.947
316.627
316.302
315.974
315.641
315.304
314.964
314.622
314.276
313.929
313.58
313.229
312.877
312.524
312.169
311.813
311.457
311.099
310.74
310.381
310.021
309.66
309.298
308.935
308.572
308.209
307.845
307.481
307.117
306.752
306.386
306.021
305.654
305.288
304.921
304.553
304.185
303.816
303.447
303.077
302.708
302.338
301.968
301.597
301.227
300.856
300.485
300.114
299.743
299.371
298.999
298.627
298.254
297.882
297.509
297.137
296.766
296.394
296.023
295.653
295.284
294.915
294.548
294.181
293.816
293.453
293.091
292.732
292.375
292.022
291.672
291.325
290.984
290.647
290.315
289.988
289.666
289.35
289.039
288.734
288.434
288.139
287.848
287.085
286.786
286.474
286.164
285.86
285.564
285.275
284.993
284.716
284.445
284.177
283.912
283.65
283.389
283.13
287.077
286.798
286.502
286.202
285.903
285.608
285.318
285.033
284.752
284.476
284.203
283.933
283.665
283.398
283.133
287.107
286.826
286.535
286.238
285.942
285.647
285.355
285.068
284.784
284.503
284.226
283.951
283.678
283.406
283.135
287.155
286.866
286.572
286.275
285.978
285.683
285.389
285.099
284.812
284.528
284.246
283.967
283.69
283.413
283.138
287.209
286.911
286.612
286.312
286.013
285.716
285.42
285.128
284.838
284.55
284.265
283.982
283.7
283.42
283.14
287.264
286.958
286.653
286.349
286.047
285.747
285.449
285.153
284.86
284.57
284.281
283.995
283.709
283.425
283.142
287.317
287.003
286.692
286.384
286.078
285.775
285.475
285.177
284.881
284.587
284.296
284.006
283.718
283.43
283.143
287.364
287.044
286.729
286.417
286.108
285.802
285.498
285.197
284.899
284.603
284.309
284.016
283.725
283.435
283.145
287.406
287.082
286.762
286.446
286.134
285.825
285.519
285.216
284.915
284.617
284.32
284.025
283.731
283.438
283.146
287.443
287.114
286.791
286.472
286.157
285.846
285.537
285.232
284.929
284.628
284.33
284.032
283.737
283.442
283.147
287.473
287.142
286.815
286.494
286.176
285.863
285.553
285.245
284.941
284.638
284.338
284.039
283.741
283.444
283.148
287.497
287.163
286.835
286.512
286.192
285.877
285.565
285.256
284.95
284.646
284.344
284.044
283.745
283.446
283.149
287.516
287.18
286.85
286.525
286.204
285.888
285.574
285.264
284.957
284.652
284.349
284.047
283.747
283.448
283.149
287.528
287.191
286.86
286.534
286.212
285.895
285.581
285.27
284.962
284.656
284.352
284.05
283.749
283.449
283.15
287.534
287.197
286.865
286.538
286.216
285.898
285.584
285.273
284.964
284.658
284.354
284.051
283.75
283.45
283.15
)
;

boundaryField
{
    hot
    {
        type            fixedValue;
        value           uniform 323;
    }
    cold
    {
        type            fixedValue;
        value           uniform 283;
    }
    interface_left
    {
        type            fixedValue;
        value           nonuniform List<scalar> 
90
(
319.129
319.129
320.659
320.659
321.089
321.089
321.301
321.301
321.301
321.449
321.449
321.613
321.613
321.796
321.796
322.118
322.118
322.244
322.244
322.322
322.322
322.369
322.369
322.369
322.406
322.406
322.45
322.45
322.5
322.5
322.591
322.591
322.627
322.627
322.65
322.65
322.664
322.664
322.664
322.675
322.675
322.687
322.687
322.701
322.701
322.724
322.724
322.732
322.732
322.736
322.736
322.738
322.738
322.738
322.737
322.737
322.733
322.733
322.725
322.725
322.697
322.697
322.68
322.68
322.663
322.663
322.647
322.647
322.647
322.625
322.625
322.587
322.587
322.524
322.524
322.358
322.358
322.263
322.263
322.176
322.176
322.096
322.096
322.096
321.94
321.94
321.94
321.94
321.94
321.94
)
;
    }
    interface_right
    {
        type            fixedValue;
        value           nonuniform List<scalar> 
90
(
290.409
290.409
286.891
286.891
286.038
286.038
285.641
285.641
285.641
285.375
285.375
285.086
285.086
284.77
284.77
284.223
284.223
284.013
284.013
283.887
283.887
283.813
283.813
283.813
283.757
283.757
283.693
283.693
283.622
283.622
283.502
283.502
283.458
283.458
283.433
283.433
283.421
283.421
283.421
283.413
283.413
283.409
283.409
283.409
283.409
283.423
283.423
283.436
283.436
283.451
283.451
283.465
283.465
283.465
283.485
283.485
283.519
283.519
283.576
283.576
283.72
283.72
283.802
283.802
283.873
283.873
283.936
283.936
283.936
284.015
284.015
284.15
284.15
284.375
284.375
284.964
284.964
285.314
285.314
285.656
285.656
286.021
286.021
286.021
287.373
287.373
287.373
287.373
287.373
287.373
)
;
    }
    interface_top
    {
        type            fixedValue;
        value           nonuniform List<scalar> 
90
(
321.94
321.94
319.006
319.006
318.079
318.079
317.539
317.539
317.539
317.059
317.059
316.422
316.422
315.574
315.574
313.795
313.795
312.964
312.964
312.359
312.359
311.926
311.926
311.926
311.494
311.494
310.894
310.894
310.075
310.075
308.326
308.326
307.5
307.5
306.894
306.894
306.458
306.458
306.458
306.022
306.022
305.414
305.414
304.583
304.583
302.808
302.808
301.969
301.969
301.354
301.354
300.911
300.911
300.911
300.468
300.468
299.849
299.849
299.002
299.002
297.19
297.19
296.334
296.334
295.703
295.703
295.248
295.248
295.248
294.787
294.787
294.139
294.139
293.238
293.238
291.271
291.271
290.307
290.307
289.55
289.55
288.92
288.92
288.92
287.373
287.373
287.373
287.373
287.373
287.373
)
;
    }
    interface_bottom
    {
        type            fixedValue;
        value           nonuniform List<scalar> 
90
(
319.129
319.129
317.28
317.28
316.541
316.541
316.071
316.071
316.071
315.63
315.63
315.032
315.032
314.23
314.23
312.542
312.542
311.757
311.757
311.184
311.184
310.775
310.775
310.775
310.368
310.368
309.802
309.802
309.033
309.033
307.403
307.403
306.64
306.64
306.083
306.083
305.683
305.683
305.683
305.284
305.284
304.73
304.73
303.975
303.975
302.376
302.376
301.628
301.628
301.081
301.081
300.689
300.689
300.689
300.298
300.298
299.754
299.754
299.013
299.013
297.447
297.447
296.715
296.715
296.18
296.18
295.796
295.796
295.796
295.414
295.414
294.882
294.882
294.159
294.159
292.628
292.628
291.91
291.91
291.381
291.381
290.991
290.991
290.991
290.409
290.409
290.409
290.409
290.409
290.409
)
;
    }
    defaultFaces
    {
        type            empty;
    }
}


// ************************************************************************* //
