/*--------------------------------*- C++ -*----------------------------------*\
| =========                 |                                                 |
| \\      /  F ield         | OpenFOAM: The Open Source CFD Toolbox           |
|  \\    /   O peration     | Version:  5.x                                   |
|   \\  /    A nd           | Web:      www.OpenFOAM.org                      |
|    \\/     M anipulation  |                                                 |
\*---------------------------------------------------------------------------*/
FoamFile
{
    version     2.0;
    format      ascii;
    class       volScalarField;
    location    "8.9001";
    object      T;
}
// * * * * * * * * * * * * * * * * * * * * * * * * * * * * * * * * * * * * * //

dimensions      [0 0 0 1 0 0 0];

internalField   nonuniform List<scalar> 
6300
(
322.841
322.522
322.202
321.88
321.556
321.229
320.898
320.563
320.223
319.877
319.527
319.17
318.807
318.439
318.065
322.841
322.523
322.204
321.883
321.559
321.232
320.902
320.567
320.228
319.883
319.532
319.176
318.813
318.445
318.07
322.842
322.525
322.207
321.887
321.565
321.24
320.911
320.577
320.238
319.894
319.544
319.188
318.825
318.457
318.082
322.843
322.528
322.213
321.895
321.575
321.251
320.924
320.592
320.254
319.911
319.562
319.206
318.844
318.475
318.099
322.844
322.533
322.22
321.905
321.587
321.267
320.941
320.611
320.276
319.934
319.586
319.231
318.869
318.499
318.123
322.846
322.538
322.229
321.918
321.604
321.286
320.964
320.637
320.304
319.964
319.617
319.263
318.901
318.531
318.153
322.848
322.545
322.24
321.933
321.623
321.31
320.992
320.668
320.338
320.001
319.656
319.303
318.941
318.57
318.19
322.851
322.553
322.253
321.952
321.647
321.338
321.025
320.706
320.38
320.046
319.704
319.352
318.99
318.618
318.236
322.854
322.562
322.269
321.973
321.674
321.372
321.064
320.75
320.429
320.099
319.76
319.411
319.049
318.676
318.291
322.858
322.572
322.286
321.997
321.706
321.41
321.109
320.802
320.487
320.162
319.828
319.481
319.121
318.746
318.356
322.862
322.584
322.306
322.025
321.741
321.453
321.16
320.861
320.553
320.236
319.907
319.565
319.207
318.831
318.436
322.866
322.597
322.327
322.055
321.781
321.502
321.218
320.928
320.63
320.321
320
319.664
319.31
318.935
318.535
322.871
322.611
322.351
322.089
321.824
321.556
321.283
321.003
320.716
320.419
320.109
319.782
319.434
319.062
318.66
322.876
322.627
322.377
322.125
321.871
321.614
321.353
321.087
320.813
320.53
320.233
319.92
319.584
319.219
318.821
322.881
322.643
322.404
322.164
321.922
321.677
321.429
321.177
320.919
320.653
320.375
320.081
319.762
319.409
319.019
317.716
317.396
317.072
316.744
316.414
316.08
315.744
315.406
315.065
314.722
314.377
314.031
313.683
313.335
312.985
312.635
312.284
311.933
311.582
311.232
310.881
310.531
310.182
309.832
309.484
309.135
308.787
308.44
308.093
307.747
307.402
307.057
306.714
306.371
306.03
305.689
305.35
305.011
304.674
304.337
304.001
303.667
303.333
303
302.668
302.337
302.007
301.678
301.35
301.024
300.698
300.374
300.051
299.728
299.407
299.087
298.767
298.449
298.131
297.814
297.498
297.183
296.869
296.557
296.245
295.934
295.624
295.315
295.007
294.7
294.393
294.087
293.782
293.478
293.174
292.87
292.568
292.266
291.964
291.663
291.362
291.062
290.762
290.461
290.16
289.859
289.557
289.255
288.951
288.646
317.722
317.401
317.077
316.749
316.418
316.084
315.748
315.409
315.068
314.725
314.38
314.033
313.685
313.336
312.986
312.635
312.284
311.933
311.582
311.231
310.881
310.531
310.181
309.832
309.483
309.135
308.787
308.439
308.092
307.746
307.401
307.056
306.712
306.37
306.028
305.688
305.348
305.01
304.672
304.336
304
303.665
303.332
302.999
302.666
302.335
302.005
301.676
301.349
301.022
300.697
300.372
300.049
299.727
299.406
299.085
298.766
298.447
298.13
297.813
297.497
297.182
296.868
296.555
296.243
295.933
295.623
295.314
295.006
294.699
294.392
294.086
293.781
293.477
293.173
292.869
292.567
292.265
291.963
291.662
291.362
291.062
290.762
290.462
290.161
289.86
289.558
289.256
288.952
288.648
317.733
317.411
317.086
316.758
316.426
316.092
315.755
315.415
315.074
314.73
314.384
314.037
313.688
313.338
312.988
312.636
312.285
311.933
311.582
311.231
310.88
310.53
310.18
309.83
309.482
309.133
308.785
308.437
308.09
307.744
307.398
307.053
306.709
306.367
306.025
305.685
305.345
305.007
304.67
304.333
303.998
303.663
303.329
302.996
302.664
302.332
302.002
301.673
301.345
301.019
300.693
300.369
300.046
299.724
299.403
299.083
298.764
298.445
298.127
297.81
297.494
297.179
296.865
296.552
296.24
295.93
295.62
295.311
295.004
294.697
294.39
294.085
293.779
293.475
293.171
292.868
292.565
292.263
291.962
291.661
291.361
291.062
290.762
290.462
290.163
289.862
289.561
289.258
288.955
288.65
317.749
317.427
317.101
316.772
316.439
316.104
315.766
315.425
315.082
314.738
314.391
314.043
313.693
313.342
312.99
312.638
312.285
311.933
311.581
311.229
310.878
310.528
310.178
309.829
309.48
309.131
308.783
308.435
308.088
307.741
307.394
307.049
306.705
306.362
306.02
305.68
305.341
305.003
304.666
304.329
303.994
303.659
303.325
302.992
302.659
302.328
301.997
301.668
301.34
301.014
300.688
300.364
300.042
299.72
299.399
299.079
298.76
298.441
298.123
297.806
297.49
297.175
296.86
296.547
296.236
295.925
295.616
295.308
295
294.694
294.387
294.082
293.777
293.472
293.168
292.865
292.562
292.26
291.959
291.659
291.36
291.061
290.762
290.464
290.165
289.865
289.565
289.263
288.959
288.655
317.771
317.448
317.121
316.79
316.456
316.119
315.78
315.438
315.094
314.748
314.401
314.051
313.7
313.347
312.994
312.64
312.286
311.932
311.579
311.227
310.876
310.525
310.175
309.826
309.477
309.129
308.78
308.432
308.084
307.736
307.389
307.043
306.699
306.355
306.014
305.673
305.335
304.997
304.66
304.325
303.989
303.655
303.32
302.987
302.654
302.322
301.991
301.661
301.333
301.006
300.682
300.358
300.036
299.715
299.394
299.075
298.755
298.437
298.118
297.801
297.484
297.168
296.854
296.541
296.229
295.919
295.61
295.303
294.996
294.69
294.384
294.079
293.773
293.469
293.165
292.861
292.558
292.256
291.956
291.656
291.358
291.06
290.763
290.466
290.168
289.87
289.57
289.269
288.966
288.661
317.8
317.475
317.145
316.812
316.476
316.138
315.797
315.454
315.109
314.762
314.413
314.061
313.708
313.353
312.998
312.642
312.286
311.93
311.576
311.223
310.872
310.521
310.172
309.823
309.475
309.126
308.777
308.429
308.08
307.731
307.383
307.036
306.691
306.347
306.005
305.665
305.327
304.99
304.654
304.319
303.984
303.649
303.315
302.981
302.647
302.314
301.982
301.652
301.324
300.997
300.673
300.35
300.028
299.708
299.388
299.069
298.75
298.431
298.113
297.794
297.477
297.161
296.846
296.533
296.221
295.911
295.603
295.296
294.99
294.685
294.38
294.075
293.77
293.465
293.16
292.856
292.553
292.251
291.951
291.652
291.355
291.058
290.763
290.468
290.173
289.876
289.578
289.278
288.975
288.67
317.835
317.507
317.175
316.839
316.501
316.16
315.818
315.473
315.127
314.778
314.427
314.074
313.718
313.361
313.002
312.643
312.285
311.927
311.571
311.218
310.866
310.516
310.168
309.82
309.472
309.124
308.775
308.425
308.075
307.725
307.375
307.026
306.68
306.335
305.993
305.654
305.317
304.981
304.647
304.312
303.978
303.644
303.309
302.974
302.639
302.304
301.971
301.64
301.311
300.985
300.661
300.34
300.019
299.701
299.382
299.064
298.745
298.426
298.106
297.787
297.468
297.151
296.835
296.521
296.21
295.901
295.594
295.289
294.984
294.68
294.376
294.071
293.766
293.46
293.154
292.849
292.546
292.243
291.943
291.645
291.35
291.056
290.763
290.471
290.179
289.885
289.589
289.291
288.989
288.683
317.877
317.545
317.209
316.87
316.528
316.185
315.841
315.495
315.148
314.798
314.446
314.09
313.732
313.37
313.008
312.644
312.282
311.921
311.564
311.209
310.858
310.509
310.162
309.816
309.47
309.122
308.773
308.423
308.071
307.718
307.365
307.014
306.666
306.32
305.978
305.64
305.304
304.971
304.639
304.306
303.973
303.639
303.303
302.967
302.629
302.293
301.957
301.625
301.295
300.969
300.647
300.327
300.009
299.692
299.376
299.058
298.74
298.42
298.099
297.778
297.457
297.138
296.821
296.507
296.196
295.888
295.583
295.28
294.978
294.675
294.372
294.068
293.762
293.455
293.148
292.841
292.536
292.233
291.932
291.636
291.342
291.051
290.762
290.474
290.186
289.897
289.604
289.308
289.007
288.701
317.927
317.59
317.248
316.904
316.558
316.212
315.866
315.52
315.172
314.822
314.469
314.111
313.748
313.382
313.013
312.644
312.276
311.912
311.551
311.196
310.846
310.5
310.156
309.813
309.469
309.123
308.774
308.422
308.067
307.71
307.353
306.998
306.647
306.3
305.959
305.622
305.289
304.959
304.63
304.301
303.97
303.636
303.299
302.96
302.619
302.279
301.94
301.605
301.275
300.949
300.628
300.311
299.997
299.684
299.37
299.055
298.737
298.416
298.093
297.769
297.445
297.122
296.803
296.488
296.178
295.872
295.57
295.27
294.971
294.671
294.37
294.067
293.76
293.451
293.141
292.831
292.523
292.218
291.917
291.621
291.33
291.044
290.76
290.478
290.196
289.912
289.625
289.333
289.033
288.726
317.986
317.642
317.292
316.939
316.588
316.238
315.892
315.546
315.201
314.852
314.498
314.138
313.771
313.398
313.02
312.642
312.266
311.895
311.532
311.176
310.828
310.486
310.148
309.811
309.472
309.129
308.78
308.426
308.066
307.703
307.339
306.977
306.621
306.273
305.932
305.598
305.27
304.946
304.623
304.298
303.97
303.637
303.299
302.956
302.609
302.262
301.918
301.579
301.247
300.922
300.604
300.292
299.983
299.676
299.367
299.055
298.738
298.416
298.089
297.76
297.429
297.101
296.778
296.462
296.153
295.85
295.552
295.258
294.965
294.67
294.372
294.069
293.762
293.45
293.134
292.818
292.505
292.197
291.895
291.6
291.313
291.031
290.755
290.481
290.208
289.933
289.654
289.367
289.07
288.761
318.057
317.702
317.338
316.974
316.614
316.261
315.915
315.574
315.233
314.888
314.536
314.175
313.802
313.419
313.029
312.636
312.248
311.868
311.501
311.146
310.802
310.468
310.139
309.811
309.48
309.142
308.795
308.437
308.07
307.696
307.321
306.949
306.586
306.234
305.894
305.566
305.246
304.931
304.617
304.301
303.978
303.647
303.306
302.956
302.6
302.242
301.888
301.542
301.208
300.885
300.572
300.268
299.968
299.67
299.369
299.062
298.747
298.422
298.09
297.751
297.41
297.074
296.745
296.426
296.118
295.821
295.531
295.245
294.961
294.673
294.38
294.08
293.77
293.452
293.128
292.802
292.48
292.166
291.862
291.569
291.286
291.013
290.746
290.484
290.223
289.961
289.693
289.416
289.124
288.813
318.145
317.772
317.386
317.002
316.631
316.274
315.932
315.6
315.27
314.935
314.589
314.227
313.848
313.451
313.041
312.625
312.216
311.824
311.452
311.099
310.763
310.441
310.128
309.816
309.497
309.168
308.824
308.462
308.084
307.693
307.296
306.907
306.533
306.178
305.841
305.521
305.214
304.914
304.616
304.312
303.998
303.67
303.326
302.965
302.593
302.216
301.846
301.49
301.153
300.832
300.528
300.236
299.951
299.668
299.379
299.08
298.768
298.441
298.099
297.745
297.386
297.034
296.696
296.375
296.07
295.78
295.502
295.231
294.961
294.685
294.4
294.102
293.79
293.463
293.124
292.781
292.444
292.12
291.813
291.522
291.246
290.984
290.731
290.485
290.24
289.996
289.747
289.486
289.203
288.891
318.26
317.861
317.43
317.014
316.624
316.267
315.935
315.623
315.316
314.998
314.664
314.304
313.92
313.503
313.061
312.601
312.163
311.751
311.375
311.026
310.705
310.403
310.116
309.83
309.531
309.216
308.876
308.512
308.117
307.698
307.261
306.845
306.453
306.096
305.763
305.458
305.17
304.896
304.623
304.339
304.039
303.715
303.368
302.992
302.594
302.179
301.783
301.412
301.072
300.757
300.467
300.193
299.933
299.674
299.403
299.118
298.811
298.482
298.124
297.746
297.352
296.976
296.623
296.3
295.999
295.723
295.463
295.215
294.968
294.711
294.439
294.146
293.831
293.49
293.128
292.75
292.39
292.051
291.741
291.453
291.188
290.941
290.708
290.482
290.256
290.038
289.82
289.588
289.324
289.011
318.424
317.997
317.45
316.991
316.569
316.224
315.908
315.64
315.378
315.083
314.775
314.417
314.039
313.589
313.109
312.546
312.07
311.627
311.259
310.913
310.62
310.343
310.102
309.862
309.588
309.301
308.964
308.608
308.183
307.729
307.196
306.746
306.326
305.976
305.648
305.369
305.106
304.876
304.648
304.387
304.113
303.793
303.454
303.05
302.62
302.114
301.686
301.288
300.957
300.645
300.381
300.131
299.913
299.696
299.449
299.189
298.885
298.563
298.18
297.771
297.291
296.885
296.506
296.191
295.895
295.643
295.406
295.198
294.992
294.756
294.509
294.219
293.912
293.546
293.155
292.694
292.304
291.94
291.636
291.349
291.106
290.876
290.676
290.479
290.261
290.078
289.912
289.735
289.517
289.214
318.687
318.306
317.349
316.912
316.404
316.14
315.812
315.647
315.488
315.186
314.96
314.557
314.261
313.717
313.279
312.365
311.93
311.397
311.109
310.724
310.511
310.231
310.086
309.942
309.665
309.456
309.08
308.802
308.289
307.875
307.013
306.602
306.098
305.825
305.461
305.259
304.993
304.855
304.718
304.454
304.255
303.898
303.633
303.146
302.754
301.936
301.547
301.07
300.812
300.466
300.275
300.023
299.892
299.762
299.512
299.323
298.984
298.733
298.271
297.899
297.123
296.753
296.3
296.055
295.726
295.544
295.304
295.18
295.056
294.819
294.639
294.317
294.078
293.638
293.282
292.537
292.181
291.743
291.505
291.184
291.006
290.766
290.64
290.505
290.216
290.096
290.019
289.943
289.831
289.603
288.311
287.943
287.574
287.205
286.836
286.467
286.098
285.731
285.364
284.998
284.633
284.269
283.906
283.543
283.181
288.312
287.944
287.575
287.206
286.836
286.467
286.098
285.73
285.363
284.997
284.632
284.268
283.905
283.543
283.181
288.314
287.946
287.576
287.206
286.836
286.466
286.096
285.728
285.36
284.994
284.63
284.266
283.904
283.542
283.181
288.318
287.949
287.578
287.207
286.835
286.464
286.094
285.725
285.357
284.991
284.627
284.264
283.902
283.541
283.18
288.324
287.953
287.581
287.207
286.834
286.461
286.09
285.72
285.352
284.986
284.622
284.26
283.899
283.539
283.18
288.332
287.959
287.584
287.208
286.832
286.458
286.085
285.714
285.345
284.979
284.616
284.254
283.895
283.536
283.179
288.343
287.967
287.589
287.209
286.83
286.452
286.077
285.705
285.336
284.97
284.607
284.247
283.889
283.533
283.178
288.358
287.978
287.595
287.21
286.826
286.444
286.066
285.692
285.323
284.958
284.596
284.238
283.883
283.529
283.176
288.38
287.993
287.602
287.21
286.819
286.432
286.051
285.676
285.306
284.942
284.582
284.227
283.874
283.523
283.174
288.41
288.014
287.611
287.208
286.808
286.415
286.03
285.653
285.284
284.921
284.564
284.212
283.863
283.517
283.172
288.452
288.04
287.62
287.202
286.791
286.391
286.002
285.624
285.255
284.895
284.541
284.193
283.85
283.509
283.169
288.514
288.074
287.627
287.188
286.763
286.355
285.962
285.584
285.218
284.862
284.513
284.171
283.833
283.499
283.166
288.604
288.116
287.627
287.159
286.718
286.302
285.909
285.533
285.171
284.821
284.479
284.144
283.814
283.487
283.162
288.738
288.159
287.607
287.104
286.648
286.228
285.837
285.467
285.113
284.771
284.438
284.112
283.791
283.473
283.158
288.933
288.174
287.536
287.003
286.541
286.126
285.744
285.385
285.042
284.712
284.39
284.075
283.765
283.458
283.152
322.886
322.658
322.43
322.2
321.97
321.738
321.503
321.266
321.024
320.777
320.521
320.252
319.958
319.617
319.178
322.891
322.673
322.454
322.235
322.015
321.794
321.572
321.349
321.123
320.895
320.663
320.423
320.169
319.875
319.438
322.896
322.687
322.478
322.27
322.061
321.852
321.642
321.433
321.224
321.016
320.809
320.605
320.408
320.235
320.175
322.901
322.702
322.503
322.305
322.106
321.909
321.713
321.518
321.325
321.136
320.954
320.782
320.631
320.519
320.477
322.905
322.716
322.527
322.339
322.152
321.966
321.782
321.6
321.423
321.252
321.091
320.945
320.826
320.754
320.774
322.91
322.731
322.551
322.373
322.196
322.021
321.849
321.68
321.517
321.361
321.217
321.09
320.989
320.926
320.912
322.915
322.745
322.575
322.406
322.239
322.075
321.913
321.756
321.605
321.462
321.331
321.216
321.124
321.065
321.057
322.919
322.758
322.598
322.438
322.281
322.126
321.975
321.828
321.688
321.556
321.434
321.326
321.236
321.168
321.123
322.924
322.771
322.619
322.469
322.321
322.175
322.033
321.896
321.765
321.641
321.527
321.424
321.333
321.254
321.176
322.928
322.784
322.64
322.498
322.359
322.222
322.088
321.96
321.837
321.721
321.612
321.513
321.422
321.34
321.267
322.932
322.795
322.66
322.526
322.394
322.266
322.14
322.019
321.904
321.794
321.692
321.596
321.506
321.419
321.327
322.935
322.807
322.679
322.553
322.428
322.307
322.189
322.075
321.967
321.864
321.766
321.674
321.587
321.503
321.424
322.939
322.817
322.697
322.577
322.46
322.346
322.235
322.128
322.026
321.929
321.837
321.75
321.666
321.583
321.488
322.942
322.827
322.713
322.601
322.49
322.382
322.278
322.177
322.081
321.99
321.904
321.823
321.746
321.67
321.596
322.946
322.837
322.729
322.623
322.518
322.417
322.318
322.224
322.133
322.048
321.968
321.893
321.824
321.756
321.675
322.948
322.846
322.744
322.643
322.545
322.449
322.356
322.267
322.182
322.102
322.028
321.96
321.9
321.852
321.831
322.951
322.854
322.758
322.663
322.569
322.479
322.391
322.307
322.227
322.152
322.084
322.022
321.969
321.928
321.902
322.954
322.862
322.77
322.68
322.592
322.506
322.423
322.344
322.269
322.199
322.134
322.077
322.029
321.995
321.981
322.956
322.869
322.782
322.697
322.613
322.532
322.454
322.378
322.307
322.241
322.18
322.126
322.081
322.046
322.021
322.958
322.876
322.794
322.713
322.633
322.556
322.481
322.41
322.342
322.279
322.221
322.169
322.125
322.091
322.07
322.961
322.882
322.804
322.727
322.651
322.578
322.507
322.439
322.374
322.313
322.257
322.207
322.162
322.126
322.095
322.962
322.888
322.813
322.74
322.668
322.598
322.53
322.465
322.403
322.344
322.29
322.24
322.195
322.156
322.126
322.964
322.893
322.822
322.752
322.684
322.617
322.552
322.489
322.43
322.373
322.319
322.269
322.223
322.18
322.141
322.966
322.898
322.83
322.764
322.698
322.634
322.572
322.512
322.454
322.399
322.346
322.296
322.249
322.202
322.154
322.967
322.903
322.838
322.774
322.712
322.65
322.591
322.533
322.477
322.423
322.371
322.322
322.273
322.226
322.179
322.969
322.907
322.845
322.784
322.724
322.665
322.608
322.552
322.498
322.446
322.395
322.346
322.297
322.248
322.196
322.97
322.911
322.852
322.793
322.736
322.679
322.624
322.57
322.518
322.467
322.418
322.37
322.322
322.273
322.225
322.971
322.915
322.858
322.802
322.747
322.692
322.639
322.588
322.537
322.488
322.44
322.393
322.346
322.298
322.245
322.973
322.918
322.864
322.81
322.757
322.705
322.654
322.604
322.555
322.508
322.462
322.417
322.372
322.327
322.28
322.974
322.921
322.869
322.817
322.767
322.716
322.667
322.619
322.573
322.527
322.483
322.44
322.398
322.356
322.307
322.975
322.924
322.874
322.825
322.776
322.727
322.68
322.634
322.589
322.545
322.503
322.463
322.424
322.389
322.362
322.976
322.927
322.879
322.831
322.784
322.737
322.692
322.647
322.604
322.562
322.522
322.484
322.448
322.416
322.387
322.977
322.93
322.883
322.837
322.792
322.747
322.703
322.66
322.619
322.578
322.54
322.503
322.469
322.44
322.417
322.977
322.932
322.888
322.843
322.799
322.756
322.714
322.672
322.632
322.593
322.556
322.521
322.488
322.459
322.432
322.978
322.935
322.892
322.849
322.806
322.764
322.723
322.683
322.644
322.607
322.571
322.536
322.505
322.476
322.452
322.979
322.937
322.895
322.854
322.813
322.772
322.733
322.694
322.656
322.619
322.584
322.55
322.519
322.49
322.462
322.98
322.939
322.899
322.859
322.819
322.78
322.741
322.704
322.667
322.631
322.596
322.563
322.531
322.502
322.475
322.98
322.941
322.902
322.863
322.825
322.787
322.749
322.713
322.677
322.642
322.608
322.575
322.543
322.512
322.482
322.981
322.943
322.905
322.867
322.83
322.793
322.757
322.721
322.686
322.652
322.618
322.585
322.553
322.521
322.488
322.982
322.945
322.908
322.871
322.835
322.799
322.764
322.729
322.695
322.661
322.628
322.596
322.564
322.531
322.499
322.982
322.946
322.91
322.875
322.84
322.805
322.771
322.737
322.703
322.671
322.638
322.606
322.574
322.541
322.507
322.983
322.948
322.913
322.878
322.844
322.81
322.777
322.744
322.712
322.68
322.648
322.616
322.585
322.553
322.521
322.983
322.949
322.915
322.882
322.848
322.816
322.783
322.751
322.719
322.688
322.657
322.627
322.596
322.564
322.53
322.983
322.95
322.918
322.885
322.852
322.82
322.789
322.758
322.727
322.697
322.667
322.637
322.608
322.578
322.547
322.984
322.952
322.92
322.888
322.856
322.825
322.794
322.764
322.734
322.705
322.676
322.648
322.62
322.592
322.561
322.984
322.953
322.922
322.89
322.86
322.829
322.799
322.77
322.741
322.712
322.685
322.658
322.632
322.608
322.588
322.985
322.954
322.923
322.893
322.863
322.833
322.804
322.775
322.747
322.72
322.693
322.668
322.643
322.621
322.6
322.985
322.955
322.925
322.895
322.866
322.837
322.808
322.78
322.753
322.726
322.701
322.676
322.653
322.632
322.615
322.985
322.956
322.926
322.897
322.869
322.84
322.812
322.785
322.758
322.733
322.708
322.684
322.662
322.641
322.622
322.986
322.957
322.928
322.899
322.871
322.843
322.816
322.789
322.763
322.738
322.714
322.691
322.669
322.649
322.632
322.986
322.957
322.929
322.901
322.873
322.846
322.819
322.793
322.767
322.743
322.719
322.696
322.675
322.655
322.636
322.986
322.958
322.93
322.902
322.875
322.848
322.822
322.796
322.771
322.747
322.723
322.701
322.68
322.66
322.642
322.986
322.958
322.931
322.903
322.876
322.85
322.824
322.799
322.774
322.75
322.727
322.705
322.684
322.664
322.645
322.986
322.959
322.931
322.904
322.878
322.851
322.826
322.801
322.776
322.753
322.73
322.708
322.688
322.667
322.647
322.986
322.959
322.932
322.905
322.879
322.853
322.827
322.802
322.778
322.755
322.733
322.711
322.69
322.671
322.651
322.986
322.959
322.932
322.905
322.879
322.853
322.828
322.803
322.78
322.757
322.735
322.713
322.693
322.673
322.654
322.986
322.959
322.932
322.906
322.879
322.854
322.828
322.804
322.78
322.758
322.736
322.715
322.695
322.676
322.658
322.986
322.959
322.932
322.906
322.879
322.854
322.828
322.804
322.781
322.758
322.736
322.716
322.696
322.677
322.659
322.986
322.959
322.932
322.905
322.879
322.853
322.828
322.804
322.78
322.758
322.736
322.716
322.697
322.679
322.662
322.986
322.959
322.931
322.904
322.878
322.852
322.827
322.802
322.779
322.757
322.735
322.715
322.697
322.679
322.663
322.986
322.958
322.931
322.903
322.876
322.85
322.825
322.801
322.777
322.755
322.734
322.714
322.695
322.678
322.662
322.986
322.958
322.929
322.902
322.875
322.848
322.823
322.798
322.775
322.752
322.731
322.712
322.693
322.676
322.661
322.986
322.957
322.928
322.9
322.872
322.846
322.82
322.795
322.771
322.749
322.728
322.708
322.69
322.674
322.658
322.985
322.956
322.926
322.898
322.87
322.842
322.816
322.791
322.767
322.745
322.724
322.704
322.686
322.67
322.655
322.985
322.955
322.925
322.895
322.866
322.838
322.811
322.786
322.762
322.739
322.718
322.699
322.681
322.665
322.65
322.984
322.953
322.922
322.892
322.862
322.834
322.806
322.78
322.755
322.732
322.711
322.692
322.675
322.66
322.646
322.984
322.951
322.92
322.888
322.858
322.828
322.8
322.773
322.748
322.725
322.703
322.684
322.668
322.653
322.639
322.983
322.95
322.916
322.884
322.852
322.822
322.792
322.765
322.739
322.715
322.694
322.675
322.659
322.646
322.635
322.982
322.948
322.913
322.879
322.846
322.814
322.784
322.755
322.729
322.704
322.683
322.664
322.648
322.637
322.629
322.982
322.945
322.909
322.874
322.839
322.806
322.774
322.744
322.717
322.691
322.669
322.65
322.635
322.624
322.617
322.981
322.942
322.905
322.867
322.831
322.796
322.763
322.732
322.703
322.677
322.653
322.634
322.619
322.609
322.607
322.98
322.94
322.9
322.861
322.823
322.786
322.751
322.718
322.687
322.66
322.635
322.615
322.599
322.589
322.585
322.979
322.936
322.894
322.853
322.813
322.774
322.737
322.702
322.67
322.64
322.614
322.592
322.575
322.565
322.566
322.977
322.933
322.888
322.845
322.802
322.761
322.722
322.685
322.651
322.619
322.59
322.566
322.546
322.533
322.528
322.976
322.929
322.882
322.836
322.791
322.747
322.706
322.666
322.629
322.595
322.564
322.536
322.513
322.495
322.493
322.975
322.924
322.875
322.826
322.778
322.732
322.687
322.645
322.606
322.569
322.535
322.503
322.475
322.448
322.414
322.973
322.92
322.867
322.815
322.764
322.715
322.668
322.623
322.581
322.541
322.504
322.469
322.436
322.404
322.374
322.971
322.915
322.858
322.803
322.749
322.697
322.647
322.599
322.554
322.511
322.471
322.433
322.397
322.36
322.317
322.97
322.909
322.849
322.79
322.733
322.677
322.624
322.573
322.525
322.479
322.437
322.396
322.358
322.32
322.284
322.968
322.903
322.839
322.777
322.716
322.656
322.599
322.545
322.494
322.446
322.401
322.359
322.318
322.278
322.234
322.966
322.897
322.829
322.762
322.697
322.634
322.573
322.515
322.461
322.41
322.363
322.319
322.278
322.239
322.203
322.963
322.89
322.817
322.746
322.677
322.609
322.545
322.483
322.426
322.372
322.323
322.278
322.237
322.198
322.157
322.961
322.883
322.805
322.729
322.655
322.583
322.514
322.448
322.387
322.331
322.28
322.234
322.194
322.159
322.131
322.958
322.875
322.792
322.711
322.631
322.554
322.481
322.411
322.346
322.286
322.233
322.187
322.147
322.116
322.099
322.955
322.866
322.778
322.691
322.606
322.524
322.445
322.37
322.3
322.237
322.181
322.134
322.095
322.063
322.024
322.952
322.857
322.763
322.67
322.579
322.491
322.406
322.325
322.25
322.183
322.124
322.076
322.039
322.014
321.991
322.949
322.848
322.747
322.648
322.551
322.455
322.364
322.277
322.195
322.122
322.059
322.009
321.976
321.962
321.967
322.946
322.838
322.731
322.625
322.52
322.418
322.319
322.224
322.135
322.054
321.984
321.93
321.899
321.898
321.938
322.942
322.828
322.713
322.6
322.488
322.378
322.271
322.167
322.069
321.979
321.899
321.836
321.8
321.806
321.885
322.939
322.817
322.695
322.574
322.454
322.336
322.22
322.107
321.998
321.896
321.802
321.724
321.671
321.664
321.765
289.138
288.076
287.377
286.845
286.399
286.003
285.638
285.295
284.967
284.649
284.34
284.037
283.738
283.441
283.147
288.763
287.735
287.115
286.641
286.236
285.869
285.527
285.203
284.89
284.587
284.29
283.999
283.711
283.426
283.142
287.284
287.109
286.753
286.39
286.045
285.718
285.404
285.102
284.808
284.52
284.237
283.959
283.683
283.409
283.136
286.702
286.61
286.395
286.127
285.843
285.557
285.274
284.995
284.72
284.449
284.182
283.917
283.653
283.391
283.13
286.152
286.195
286.073
285.875
285.642
285.394
285.141
284.885
284.631
284.377
284.124
283.873
283.623
283.373
283.124
285.903
285.896
285.803
285.647
285.452
285.236
285.008
284.776
284.54
284.303
284.066
283.829
283.592
283.355
283.118
285.644
285.657
285.579
285.445
285.276
285.085
284.88
284.668
284.45
284.23
284.007
283.784
283.56
283.336
283.112
285.528
285.481
285.392
285.268
285.115
284.943
284.758
284.563
284.362
284.157
283.95
283.74
283.529
283.318
283.106
285.436
285.334
285.231
285.109
284.968
284.811
284.642
284.463
284.277
284.087
283.893
283.697
283.499
283.3
283.1
285.277
285.188
285.083
284.965
284.832
284.687
284.532
284.367
284.196
284.019
283.838
283.655
283.469
283.282
283.094
285.174
285.053
284.944
284.829
284.705
284.571
284.428
284.276
284.118
283.954
283.786
283.614
283.44
283.265
283.088
285.004
284.911
284.808
284.7
284.585
284.462
284.33
284.19
284.044
283.892
283.735
283.575
283.413
283.248
283.083
284.894
284.776
284.676
284.577
284.471
284.358
284.237
284.109
283.974
283.833
283.687
283.538
283.386
283.233
283.078
284.708
284.628
284.544
284.457
284.362
284.26
284.15
284.032
283.907
283.777
283.642
283.503
283.361
283.218
283.073
284.573
284.483
284.415
284.341
284.259
284.168
284.068
283.96
283.845
283.725
283.599
283.47
283.338
283.203
283.068
284.311
284.324
284.288
284.232
284.162
284.082
283.991
283.893
283.787
283.675
283.559
283.439
283.315
283.19
283.063
284.194
284.198
284.176
284.132
284.073
284.002
283.92
283.83
283.733
283.63
283.522
283.41
283.295
283.178
283.059
284.065
284.09
284.078
284.044
283.993
283.929
283.855
283.773
283.683
283.587
283.487
283.383
283.275
283.166
283.055
284.001
284.008
283.996
283.966
283.921
283.864
283.796
283.72
283.637
283.548
283.455
283.357
283.257
283.155
283.052
283.926
283.938
283.928
283.9
283.858
283.805
283.743
283.672
283.595
283.512
283.425
283.334
283.241
283.145
283.049
283.887
283.885
283.87
283.843
283.803
283.753
283.695
283.629
283.557
283.48
283.398
283.313
283.226
283.136
283.046
283.843
283.84
283.823
283.794
283.755
283.707
283.652
283.59
283.523
283.45
283.374
283.294
283.212
283.128
283.043
283.822
283.806
283.782
283.751
283.713
283.667
283.614
283.555
283.492
283.424
283.352
283.277
283.199
283.12
283.04
283.805
283.776
283.748
283.714
283.675
283.63
283.58
283.524
283.464
283.399
283.332
283.261
283.188
283.113
283.038
283.775
283.747
283.716
283.681
283.642
283.598
283.55
283.496
283.439
283.378
283.313
283.246
283.178
283.107
283.036
283.755
283.721
283.687
283.652
283.613
283.57
283.522
283.471
283.416
283.358
283.297
283.234
283.168
283.101
283.034
283.724
283.693
283.66
283.624
283.586
283.544
283.498
283.449
283.396
283.341
283.282
283.222
283.16
283.096
283.032
283.704
283.668
283.634
283.599
283.561
283.52
283.476
283.429
283.378
283.325
283.269
283.212
283.152
283.092
283.031
283.671
283.641
283.609
283.575
283.539
283.499
283.456
283.411
283.362
283.311
283.258
283.202
283.146
283.088
283.029
283.648
283.616
283.586
283.554
283.518
283.48
283.439
283.394
283.348
283.298
283.247
283.194
283.14
283.084
283.028
283.606
283.59
283.564
283.534
283.5
283.463
283.423
283.38
283.335
283.287
283.238
283.187
283.134
283.081
283.027
283.588
283.57
283.545
283.517
283.484
283.448
283.409
283.368
283.324
283.278
283.23
283.18
283.13
283.078
283.026
283.57
283.553
283.53
283.502
283.47
283.435
283.397
283.357
283.314
283.269
283.223
283.175
283.126
283.076
283.025
283.562
283.542
283.518
283.49
283.459
283.425
283.387
283.348
283.306
283.262
283.217
283.17
283.122
283.074
283.025
283.553
283.533
283.509
283.481
283.45
283.416
283.379
283.34
283.299
283.256
283.212
283.166
283.119
283.072
283.024
283.549
283.527
283.502
283.473
283.442
283.409
283.372
283.334
283.293
283.251
283.208
283.163
283.117
283.07
283.024
283.546
283.523
283.497
283.468
283.437
283.403
283.367
283.329
283.289
283.247
283.204
283.16
283.115
283.069
283.023
283.545
283.521
283.494
283.465
283.433
283.399
283.363
283.325
283.286
283.244
283.202
283.158
283.114
283.068
283.023
283.545
283.52
283.493
283.463
283.431
283.397
283.361
283.323
283.283
283.242
283.2
283.157
283.113
283.068
283.023
283.546
283.521
283.493
283.463
283.431
283.396
283.36
283.322
283.282
283.241
283.199
283.156
283.112
283.067
283.022
283.548
283.523
283.495
283.464
283.431
283.397
283.36
283.322
283.282
283.241
283.199
283.156
283.112
283.067
283.022
283.553
283.527
283.498
283.467
283.434
283.398
283.361
283.323
283.283
283.241
283.199
283.156
283.112
283.067
283.022
283.558
283.533
283.503
283.471
283.437
283.401
283.364
283.325
283.284
283.243
283.2
283.156
283.112
283.068
283.023
283.569
283.541
283.51
283.477
283.442
283.406
283.367
283.328
283.287
283.245
283.201
283.158
283.113
283.068
283.023
283.579
283.551
283.519
283.484
283.448
283.411
283.372
283.331
283.29
283.247
283.204
283.159
283.114
283.069
283.023
283.602
283.565
283.529
283.493
283.456
283.417
283.377
283.336
283.294
283.25
283.206
283.161
283.116
283.07
283.023
283.613
283.577
283.54
283.502
283.464
283.424
283.383
283.341
283.298
283.254
283.209
283.164
283.117
283.071
283.024
283.63
283.59
283.551
283.512
283.472
283.432
283.39
283.348
283.304
283.259
283.213
283.167
283.119
283.072
283.024
283.64
283.601
283.562
283.522
283.482
283.441
283.398
283.355
283.31
283.264
283.217
283.17
283.122
283.073
283.024
283.655
283.613
283.573
283.533
283.492
283.45
283.407
283.362
283.317
283.27
283.222
283.174
283.125
283.075
283.025
283.663
283.624
283.585
283.544
283.503
283.46
283.416
283.371
283.324
283.277
283.228
283.178
283.128
283.077
283.026
283.676
283.636
283.597
283.556
283.515
283.472
283.427
283.381
283.333
283.284
283.234
283.183
283.131
283.079
283.026
283.683
283.647
283.609
283.57
283.528
283.484
283.438
283.391
283.342
283.292
283.24
283.188
283.135
283.081
283.027
283.691
283.659
283.623
283.584
283.542
283.498
283.451
283.403
283.352
283.301
283.248
283.194
283.139
283.084
283.028
283.707
283.675
283.64
283.601
283.558
283.513
283.465
283.415
283.364
283.31
283.256
283.2
283.143
283.086
283.029
283.721
283.693
283.659
283.619
283.576
283.53
283.481
283.429
283.376
283.321
283.264
283.207
283.148
283.089
283.03
283.747
283.716
283.681
283.641
283.596
283.548
283.498
283.445
283.389
283.332
283.274
283.214
283.154
283.093
283.031
283.767
283.742
283.707
283.665
283.619
283.569
283.516
283.461
283.404
283.345
283.285
283.223
283.16
283.096
283.032
283.808
283.776
283.737
283.692
283.644
283.592
283.537
283.48
283.42
283.359
283.296
283.232
283.166
283.1
283.033
283.844
283.814
283.771
283.723
283.671
283.616
283.559
283.499
283.438
283.374
283.308
283.241
283.173
283.104
283.035
283.922
283.861
283.808
283.755
283.7
283.643
283.583
283.521
283.456
283.39
283.321
283.252
283.181
283.109
283.036
283.96
283.903
283.846
283.789
283.731
283.671
283.609
283.544
283.476
283.407
283.336
283.263
283.189
283.114
283.038
284.012
283.945
283.884
283.824
283.764
283.701
283.636
283.568
283.498
283.426
283.351
283.275
283.197
283.119
283.04
284.042
283.982
283.921
283.86
283.797
283.732
283.665
283.594
283.521
283.446
283.368
283.288
283.207
283.124
283.042
284.086
284.02
283.959
283.897
283.833
283.766
283.696
283.623
283.546
283.467
283.386
283.302
283.217
283.131
283.044
284.112
284.055
283.996
283.935
283.87
283.801
283.729
283.653
283.573
283.49
283.405
283.317
283.228
283.137
283.046
284.151
284.092
284.035
283.975
283.91
283.84
283.765
283.686
283.602
283.515
283.426
283.333
283.239
283.144
283.048
284.172
284.127
284.076
284.018
283.953
283.881
283.804
283.721
283.634
283.542
283.448
283.351
283.252
283.152
283.051
284.196
284.167
284.122
284.066
284.001
283.927
283.846
283.76
283.668
283.572
283.472
283.37
283.266
283.16
283.053
284.247
284.218
284.176
284.121
284.055
283.978
283.893
283.802
283.705
283.603
283.498
283.39
283.28
283.169
283.056
284.29
284.277
284.24
284.184
284.115
284.034
283.945
283.848
283.745
283.638
283.526
283.412
283.296
283.178
283.059
284.374
284.354
284.315
284.257
284.183
284.097
284.001
283.898
283.789
283.674
283.557
283.436
283.313
283.188
283.063
284.444
284.444
284.405
284.341
284.26
284.166
284.063
283.952
283.835
283.714
283.589
283.461
283.33
283.199
283.066
284.585
284.562
284.511
284.436
284.345
284.242
284.13
284.011
283.886
283.756
283.623
283.487
283.349
283.21
283.07
284.714
284.7
284.633
284.543
284.439
284.325
284.202
284.073
283.939
283.8
283.659
283.515
283.369
283.222
283.074
285.003
284.876
284.77
284.66
284.54
284.413
284.279
284.139
283.995
283.847
283.696
283.544
283.389
283.234
283.078
285.153
285.036
284.911
284.782
284.647
284.506
284.36
284.208
284.053
283.896
283.735
283.574
283.411
283.247
283.082
285.365
285.202
285.056
284.909
284.758
284.603
284.443
284.28
284.114
283.946
283.776
283.605
283.432
283.26
283.087
285.494
285.355
285.2
285.039
284.873
284.703
284.53
284.354
284.176
283.997
283.817
283.636
283.455
283.273
283.091
285.701
285.521
285.348
285.172
284.99
284.805
284.618
284.429
284.239
284.049
283.859
283.668
283.477
283.286
283.095
285.834
285.681
285.5
285.308
285.11
284.909
284.707
284.505
284.303
284.101
283.9
283.7
283.5
283.3
283.1
286.057
285.86
285.659
285.448
285.231
285.013
284.796
284.58
284.366
284.153
283.942
283.731
283.522
283.313
283.104
286.198
286.042
285.827
285.592
285.353
285.117
284.884
284.654
284.428
284.204
283.983
283.763
283.544
283.326
283.109
286.426
286.265
286.007
285.738
285.474
285.218
284.97
284.727
284.488
284.254
284.022
283.793
283.565
283.339
283.113
287.058
286.557
286.195
285.881
285.59
285.315
285.051
284.795
284.546
284.301
284.06
283.822
283.586
283.351
283.117
287.265
286.752
286.351
286.006
285.695
285.404
285.127
284.86
284.6
284.346
284.096
283.85
283.605
283.363
283.121
287.345
286.871
286.466
286.11
285.786
285.483
285.196
284.919
284.651
284.388
284.13
283.876
283.624
283.374
283.124
287.379
286.941
286.547
286.19
285.861
285.552
285.257
284.973
284.697
284.427
284.162
283.9
283.641
283.384
283.128
287.392
286.98
286.602
286.252
285.923
285.611
285.311
285.021
284.739
284.463
284.191
283.923
283.658
283.394
283.131
287.381
286.996
286.639
286.299
285.974
285.661
285.358
285.064
284.777
284.495
284.218
283.944
283.672
283.403
283.134
322.935
322.805
322.675
322.545
322.416
322.289
322.162
322.037
321.915
321.797
321.685
321.582
321.493
321.426
321.392
322.93
322.791
322.652
322.513
322.374
322.235
322.097
321.958
321.82
321.683
321.547
321.412
321.277
321.134
320.964
322.926
322.778
322.63
322.481
322.332
322.182
322.031
321.879
321.725
321.569
321.409
321.244
321.067
320.869
320.629
322.922
322.765
322.607
322.449
322.29
322.129
321.966
321.801
321.632
321.458
321.277
321.086
320.878
320.646
320.374
322.917
322.752
322.586
322.419
322.25
322.079
321.905
321.727
321.544
321.354
321.155
320.944
320.715
320.462
320.177
322.913
322.74
322.565
322.39
322.212
322.031
321.847
321.658
321.462
321.259
321.046
320.819
320.576
320.311
320.02
322.91
322.729
322.547
322.363
322.177
321.987
321.794
321.594
321.389
321.174
320.95
320.712
320.459
320.186
319.892
322.906
322.718
322.529
322.338
322.145
321.948
321.746
321.538
321.323
321.1
320.866
320.62
320.36
320.083
319.788
322.903
322.709
322.514
322.317
322.117
321.913
321.704
321.489
321.267
321.036
320.796
320.543
320.278
319.997
319.702
322.901
322.701
322.501
322.298
322.092
321.882
321.668
321.447
321.219
320.983
320.736
320.479
320.21
319.928
319.631
322.898
322.695
322.489
322.282
322.072
321.857
321.638
321.412
321.179
320.939
320.688
320.428
320.156
319.872
319.575
322.897
322.689
322.48
322.269
322.055
321.837
321.614
321.385
321.148
320.904
320.65
320.387
320.113
319.828
319.532
322.895
322.685
322.474
322.26
322.043
321.822
321.596
321.364
321.125
320.878
320.623
320.357
320.082
319.796
319.499
322.894
322.682
322.469
322.253
322.035
321.812
321.584
321.35
321.11
320.861
320.604
320.338
320.062
319.775
319.478
322.894
322.681
322.467
322.25
322.031
321.807
321.578
321.343
321.102
320.853
320.595
320.328
320.052
319.765
319.468
321.378
320.991
319.701
319.153
318.568
318.278
317.935
317.766
317.608
317.312
317.094
316.707
316.423
315.905
315.487
314.617
314.202
313.693
313.417
313.047
312.842
312.572
312.431
312.29
312.02
311.815
311.445
311.17
310.661
310.246
309.377
308.96
308.443
308.163
307.784
307.573
307.294
307.149
307.003
306.723
306.51
306.125
305.838
305.307
304.874
303.965
303.529
302.988
302.694
302.297
302.077
301.784
301.632
301.479
301.184
300.96
300.555
300.253
299.694
299.238
298.281
297.822
297.254
296.946
296.528
296.296
295.988
295.827
295.665
295.352
295.112
294.677
294.35
293.741
293.24
292.182
291.671
291.026
290.669
290.169
289.881
289.466
289.233
288.929
288.169
287.901
287.778
287.701
287.631
287.534
320.725
320.324
319.698
319.176
318.709
318.341
318.013
317.741
317.482
317.194
316.896
316.552
316.19
315.76
315.303
314.765
314.311
313.887
313.533
313.201
312.918
312.65
312.415
312.18
311.912
311.629
311.296
310.941
310.517
310.062
309.524
309.066
308.637
308.277
307.937
307.647
307.371
307.129
306.886
306.607
306.313
305.967
305.597
305.155
304.679
304.117
303.639
303.19
302.814
302.458
302.154
301.865
301.611
301.357
301.065
300.756
300.392
300.004
299.538
299.038
298.447
297.945
297.474
297.079
296.705
296.386
296.082
295.815
295.546
295.236
294.906
294.516
294.098
293.593
293.048
292.398
291.843
291.316
290.87
290.439
290.063
289.691
289.355
288.996
288.572
288.264
288.042
287.866
287.704
287.529
320.336
319.981
319.547
319.116
318.711
318.344
318.009
317.699
317.398
317.089
316.767
316.421
316.054
315.655
315.233
314.794
314.374
313.98
313.619
313.282
312.972
312.679
312.399
312.119
311.825
311.514
311.177
310.814
310.417
309.996
309.554
309.131
308.731
308.363
308.019
307.701
307.399
307.11
306.82
306.515
306.192
305.841
305.463
305.05
304.61
304.148
303.706
303.288
302.903
302.544
302.211
301.895
301.593
301.289
300.97
300.631
300.263
299.866
299.432
298.971
298.486
298.022
297.584
297.181
296.804
296.455
296.123
295.805
295.485
295.148
294.788
294.396
293.971
293.504
293.005
292.479
291.973
291.492
291.047
290.629
290.238
289.866
289.51
289.157
288.808
288.502
288.241
288.011
287.795
287.577
320.073
319.752
319.392
319.021
318.655
318.304
317.968
317.645
317.326
317.003
316.67
316.324
315.962
315.583
315.191
314.793
314.402
314.026
313.667
313.327
313.002
312.689
312.383
312.077
311.763
311.437
311.095
310.734
310.354
309.96
309.558
309.162
308.779
308.413
308.064
307.731
307.408
307.092
306.775
306.449
306.111
305.754
305.378
304.983
304.571
304.152
303.738
303.338
302.956
302.592
302.243
301.906
301.575
301.243
300.903
300.548
300.175
299.781
299.366
298.936
298.496
298.063
297.644
297.244
296.863
296.498
296.145
295.798
295.45
295.091
294.717
294.322
293.904
293.462
293.002
292.531
292.066
291.616
291.187
290.778
290.389
290.016
289.659
289.313
288.982
288.675
288.395
288.135
287.887
287.643
319.878
319.578
319.254
318.917
318.578
318.241
317.911
317.584
317.258
316.93
316.594
316.249
315.894
315.529
315.157
314.781
314.409
314.045
313.691
313.348
313.015
312.69
312.368
312.046
311.719
311.384
311.039
310.681
310.312
309.935
309.553
309.174
308.802
308.439
308.087
307.744
307.408
307.076
306.742
306.403
306.055
305.695
305.323
304.938
304.545
304.147
303.751
303.363
302.984
302.616
302.258
301.907
301.56
301.211
300.856
300.492
300.116
299.726
299.324
298.913
298.497
298.083
297.677
297.282
296.897
296.523
296.157
295.794
295.429
295.058
294.676
294.281
293.871
293.447
293.013
292.574
292.138
291.711
291.298
290.899
290.515
290.146
289.79
289.449
289.121
288.811
288.519
288.241
287.974
287.713
319.726
319.438
319.133
318.818
318.496
318.171
317.847
317.522
317.196
316.866
316.531
316.19
315.841
315.486
315.126
314.765
314.405
314.049
313.699
313.356
313.018
312.685
312.354
312.022
311.687
311.347
310.999
310.644
310.282
309.915
309.545
309.176
308.811
308.451
308.097
307.749
307.404
307.061
306.717
306.369
306.015
305.654
305.284
304.907
304.524
304.139
303.754
303.372
302.997
302.627
302.263
301.904
301.546
301.186
300.823
300.454
300.076
299.69
299.296
298.896
298.494
298.092
297.694
297.303
296.918
296.539
296.164
295.791
295.417
295.039
294.654
294.261
293.858
293.448
293.031
292.613
292.197
291.787
291.387
290.997
290.62
290.255
289.903
289.563
289.236
288.922
288.622
288.333
288.053
287.779
319.602
319.322
319.03
318.727
318.417
318.102
317.783
317.462
317.138
316.81
316.478
316.14
315.797
315.45
315.099
314.747
314.395
314.045
313.698
313.354
313.014
312.677
312.34
312.003
311.663
311.319
310.971
310.618
310.26
309.899
309.536
309.173
308.812
308.454
308.099
307.747
307.397
307.048
306.697
306.344
305.987
305.625
305.257
304.884
304.508
304.129
303.751
303.374
303
302.63
302.263
301.898
301.533
301.168
300.799
300.426
300.048
299.665
299.276
298.884
298.489
298.095
297.703
297.314
296.929
296.548
296.169
295.791
295.412
295.03
294.644
294.253
293.857
293.456
293.052
292.648
292.246
291.849
291.46
291.079
290.708
290.347
289.997
289.658
289.331
289.014
288.708
288.411
288.123
287.841
319.5
319.226
318.941
318.646
318.344
318.036
317.724
317.407
317.086
316.761
316.432
316.098
315.76
315.418
315.074
314.728
314.381
314.036
313.691
313.348
313.007
312.667
312.327
311.986
311.644
311.299
310.95
310.598
310.243
309.886
309.527
309.168
308.809
308.452
308.097
307.742
307.389
307.036
306.682
306.325
305.966
305.603
305.237
304.867
304.494
304.12
303.746
303.372
302.999
302.628
302.259
301.891
301.522
301.153
300.782
300.407
300.029
299.647
299.262
298.874
298.485
298.095
297.707
297.32
296.936
296.553
296.172
295.792
295.41
295.027
294.642
294.254
293.862
293.469
293.074
292.68
292.289
291.902
291.52
291.146
290.78
290.423
290.076
289.738
289.409
289.09
288.78
288.479
288.184
287.896
319.416
319.146
318.866
318.577
318.281
317.978
317.67
317.357
317.04
316.718
316.392
316.062
315.728
315.391
315.051
314.71
314.367
314.025
313.682
313.34
312.998
312.657
312.316
311.973
311.629
311.283
310.934
310.583
310.23
309.875
309.518
309.161
308.804
308.448
308.092
307.737
307.381
307.026
306.669
306.311
305.95
305.587
305.222
304.853
304.483
304.112
303.739
303.367
302.996
302.625
302.254
301.884
301.513
301.142
300.768
300.393
300.015
299.634
299.251
298.866
298.481
298.094
297.708
297.323
296.94
296.557
296.175
295.793
295.411
295.028
294.644
294.258
293.871
293.483
293.095
292.709
292.325
291.945
291.57
291.202
290.84
290.486
290.141
289.803
289.474
289.154
288.841
288.535
288.236
287.943
319.347
319.079
318.803
318.518
318.226
317.928
317.624
317.314
317
316.681
316.358
316.031
315.701
315.367
315.031
314.693
314.354
314.013
313.672
313.331
312.99
312.648
312.305
311.962
311.617
311.27
310.922
310.571
310.219
309.865
309.511
309.155
308.799
308.443
308.087
307.731
307.374
307.017
306.659
306.299
305.938
305.575
305.21
304.843
304.474
304.104
303.733
303.362
302.991
302.62
302.249
301.877
301.505
301.132
300.758
300.382
300.004
299.625
299.243
298.861
298.477
298.093
297.709
297.325
296.942
296.559
296.177
295.795
295.413
295.031
294.648
294.265
293.881
293.497
293.115
292.734
292.356
291.981
291.611
291.247
290.889
290.538
290.194
289.857
289.528
289.206
288.891
288.583
288.281
287.984
319.292
319.026
318.752
318.47
318.181
317.886
317.585
317.278
316.967
316.651
316.33
316.006
315.678
315.347
315.014
314.678
314.341
314.002
313.663
313.322
312.981
312.639
312.296
311.952
311.607
311.26
310.912
310.562
310.21
309.858
309.504
309.149
308.794
308.438
308.082
307.725
307.368
307.01
306.651
306.291
305.929
305.566
305.201
304.834
304.466
304.097
303.728
303.357
302.986
302.615
302.244
301.872
301.499
301.125
300.75
300.374
299.997
299.618
299.237
298.856
298.474
298.091
297.708
297.325
296.943
296.561
296.179
295.798
295.416
295.035
294.653
294.272
293.891
293.51
293.131
292.755
292.381
292.01
291.644
291.283
290.928
290.579
290.236
289.9
289.57
289.248
288.931
288.621
288.317
288.018
319.249
318.984
318.712
318.432
318.145
317.852
317.553
317.249
316.94
316.626
316.308
315.986
315.66
315.331
315
314.666
314.331
313.993
313.655
313.315
312.974
312.632
312.289
311.945
311.599
311.253
310.904
310.555
310.204
309.851
309.498
309.144
308.789
308.433
308.077
307.72
307.362
307.004
306.644
306.284
305.922
305.558
305.194
304.828
304.46
304.092
303.723
303.353
302.982
302.611
302.239
301.867
301.494
301.12
300.745
300.369
299.991
299.613
299.233
298.852
298.471
298.089
297.708
297.326
296.944
296.562
296.181
295.8
295.419
295.038
294.658
294.278
293.899
293.521
293.145
292.772
292.401
292.033
291.67
291.311
290.958
290.61
290.269
289.933
289.603
289.28
288.963
288.651
288.345
288.044
319.217
318.953
318.682
318.403
318.118
317.827
317.53
317.227
316.92
316.607
316.291
315.97
315.646
315.319
314.989
314.657
314.322
313.986
313.648
313.309
312.968
312.627
312.284
311.939
311.594
311.247
310.899
310.549
310.199
309.847
309.494
309.14
308.785
308.43
308.073
307.716
307.358
307
306.64
306.279
305.917
305.553
305.189
304.823
304.456
304.088
303.719
303.35
302.979
302.608
302.236
301.864
301.49
301.116
300.741
300.364
299.987
299.609
299.23
298.85
298.469
298.088
297.707
297.326
296.944
296.563
296.182
295.801
295.421
295.041
294.662
294.283
293.906
293.53
293.156
292.784
292.415
292.05
291.689
291.332
290.98
290.634
290.292
289.957
289.628
289.304
288.986
288.674
288.366
288.064
319.196
318.933
318.662
318.385
318.101
317.81
317.514
317.213
316.906
316.595
316.279
315.96
315.637
315.311
314.982
314.65
314.317
313.981
313.644
313.305
312.964
312.623
312.28
311.936
311.59
311.243
310.895
310.546
310.196
309.844
309.491
309.137
308.783
308.427
308.071
307.714
307.356
306.997
306.637
306.276
305.913
305.55
305.186
304.82
304.453
304.085
303.717
303.347
302.977
302.606
302.234
301.861
301.488
301.113
300.738
300.362
299.985
299.607
299.228
298.848
298.468
298.087
297.707
297.326
296.945
296.564
296.183
295.803
295.423
295.043
294.665
294.287
293.911
293.536
293.163
292.793
292.425
292.061
291.701
291.346
290.995
290.649
290.308
289.973
289.644
289.32
289.001
288.688
288.38
288.077
319.186
318.923
318.652
318.375
318.092
317.802
317.506
317.205
316.899
316.589
316.274
315.955
315.632
315.307
314.978
314.647
314.314
313.978
313.641
313.303
312.962
312.621
312.278
311.934
311.588
311.242
310.894
310.544
310.194
309.842
309.49
309.136
308.781
308.426
308.07
307.712
307.354
306.995
306.635
306.274
305.912
305.548
305.184
304.818
304.452
304.084
303.715
303.346
302.976
302.605
302.233
301.86
301.486
301.112
300.737
300.36
299.983
299.605
299.227
298.847
298.467
298.087
297.706
297.326
296.945
296.564
296.184
295.803
295.424
295.045
294.666
294.289
293.913
293.539
293.167
292.797
292.43
292.067
291.707
291.352
291.002
290.656
290.316
289.981
289.651
289.327
289.009
288.696
288.387
288.084
287.308
286.993
286.665
286.339
286.02
285.708
285.404
285.106
284.814
284.527
284.245
283.965
283.688
283.412
283.137
287.297
287.003
286.692
286.377
286.062
285.752
285.446
285.146
284.85
284.559
284.271
283.985
283.702
283.421
283.14
287.325
287.03
286.724
286.413
286.101
285.791
285.484
285.181
284.882
284.586
284.294
284.004
283.715
283.429
283.143
287.372
287.07
286.761
286.449
286.137
285.826
285.518
285.213
284.91
284.611
284.314
284.02
283.727
283.436
283.145
287.427
287.115
286.801
286.486
286.172
285.86
285.549
285.241
284.936
284.633
284.333
284.035
283.738
283.442
283.147
287.483
287.161
286.842
286.523
286.206
285.891
285.578
285.267
284.959
284.653
284.349
284.048
283.747
283.448
283.149
287.535
287.207
286.881
286.558
286.237
285.919
285.604
285.29
284.979
284.671
284.364
284.059
283.755
283.453
283.151
287.584
287.249
286.918
286.591
286.267
285.946
285.627
285.311
284.998
284.686
284.377
284.069
283.763
283.457
283.152
287.626
287.286
286.951
286.62
286.293
285.969
285.648
285.33
285.014
284.7
284.388
284.078
283.769
283.461
283.154
287.663
287.319
286.981
286.647
286.316
285.99
285.666
285.346
285.028
284.712
284.398
284.086
283.774
283.464
283.155
287.694
287.347
287.005
286.669
286.336
286.007
285.682
285.359
285.039
284.722
284.406
284.092
283.779
283.467
283.156
287.718
287.369
287.025
286.687
286.352
286.021
285.694
285.37
285.049
284.73
284.412
284.097
283.783
283.469
283.156
287.737
287.386
287.04
286.7
286.364
286.032
285.704
285.378
285.056
284.736
284.417
284.101
283.785
283.471
283.157
287.749
287.397
287.051
286.709
286.372
286.039
285.71
285.384
285.061
284.74
284.421
284.103
283.787
283.472
283.157
287.755
287.403
287.056
286.714
286.376
286.043
285.713
285.387
285.063
284.742
284.422
284.104
283.788
283.472
283.157
)
;

boundaryField
{
    hot
    {
        type            fixedValue;
        value           uniform 323;
    }
    cold
    {
        type            fixedValue;
        value           uniform 283;
    }
    interface_left
    {
        type            fixedValue;
        value           nonuniform List<scalar> 
90
(
318.857
318.857
320.46
320.46
320.899
320.899
321.11
321.11
321.11
321.253
321.253
321.408
321.408
321.58
321.58
321.883
321.883
322.002
322.002
322.077
322.077
322.123
322.123
322.123
322.161
322.161
322.207
322.207
322.263
322.263
322.37
322.37
322.416
322.416
322.447
322.447
322.467
322.467
322.467
322.485
322.485
322.507
322.507
322.535
322.535
322.588
322.588
322.611
322.611
322.626
322.626
322.636
322.636
322.636
322.643
322.643
322.65
322.65
322.655
322.655
322.655
322.655
322.65
322.65
322.641
322.641
322.631
322.631
322.631
322.613
322.613
322.581
322.581
322.523
322.523
322.37
322.37
322.279
322.279
322.197
322.197
322.121
322.121
322.121
321.974
321.974
321.974
321.974
321.974
321.974
)
;
    }
    interface_right
    {
        type            fixedValue;
        value           nonuniform List<scalar> 
90
(
290.073
290.073
286.726
286.726
285.913
285.913
285.535
285.535
285.535
285.281
285.281
285.008
285.008
284.71
284.71
284.2
284.2
284.006
284.006
283.893
283.893
283.828
283.828
283.828
283.781
283.781
283.73
283.73
283.678
283.678
283.597
283.597
283.571
283.571
283.56
283.56
283.557
283.557
283.557
283.559
283.559
283.567
283.567
283.583
283.583
283.628
283.628
283.655
283.655
283.68
283.68
283.7
283.7
283.7
283.725
283.725
283.765
283.765
283.828
283.828
283.98
283.98
284.062
284.062
284.132
284.132
284.192
284.192
284.192
284.267
284.267
284.393
284.393
284.605
284.605
285.167
285.167
285.507
285.507
285.845
285.845
286.214
286.214
286.214
287.614
287.614
287.614
287.614
287.614
287.614
)
;
    }
    interface_top
    {
        type            fixedValue;
        value           nonuniform List<scalar> 
90
(
321.974
321.974
319.169
319.169
318.285
318.285
317.77
317.77
317.77
317.315
317.315
316.709
316.709
315.905
315.905
314.216
314.216
313.428
313.428
312.852
312.852
312.439
312.439
312.439
312.027
312.027
311.452
311.452
310.666
310.666
308.979
308.979
308.176
308.176
307.586
307.586
307.159
307.159
307.159
306.732
306.732
306.134
306.134
305.313
305.313
303.549
303.549
302.709
302.709
302.09
302.09
301.642
301.642
301.642
301.193
301.193
300.563
300.563
299.698
299.698
297.839
297.839
296.957
296.957
296.306
296.306
295.835
295.835
295.835
295.356
295.356
294.679
294.679
293.738
293.738
291.681
291.681
290.673
290.673
289.881
289.881
289.223
289.223
289.223
287.614
287.614
287.614
287.614
287.614
287.614
)
;
    }
    interface_bottom
    {
        type            fixedValue;
        value           nonuniform List<scalar> 
90
(
318.857
318.857
316.926
316.926
316.144
316.144
315.647
315.647
315.647
315.181
315.181
314.55
314.55
313.705
313.705
311.931
311.931
311.105
311.105
310.505
310.505
310.078
310.078
310.078
309.654
309.654
309.067
309.067
308.271
308.271
306.596
306.596
305.817
305.817
305.249
305.249
304.844
304.844
304.844
304.441
304.441
303.883
303.883
303.126
303.126
301.54
301.54
300.802
300.802
300.265
300.265
299.881
299.881
299.881
299.499
299.499
298.97
298.97
298.253
298.253
296.747
296.747
296.046
296.046
295.536
295.536
295.171
295.171
295.171
294.808
294.808
294.306
294.306
293.625
293.625
292.179
292.179
291.5
291.5
290.999
290.999
290.629
290.629
290.629
290.073
290.073
290.073
290.073
290.073
290.073
)
;
    }
    defaultFaces
    {
        type            empty;
    }
}


// ************************************************************************* //
