/*--------------------------------*- C++ -*----------------------------------*\
| =========                 |                                                 |
| \\      /  F ield         | OpenFOAM: The Open Source CFD Toolbox           |
|  \\    /   O peration     | Version:  5.x                                   |
|   \\  /    A nd           | Web:      www.OpenFOAM.org                      |
|    \\/     M anipulation  |                                                 |
\*---------------------------------------------------------------------------*/
FoamFile
{
    version     2.0;
    format      ascii;
    class       volScalarField;
    location    "15.6";
    object      gradTx;
}
// * * * * * * * * * * * * * * * * * * * * * * * * * * * * * * * * * * * * * //

dimensions      [0 -1 0 1 0 0 0];

internalField   nonuniform List<scalar> 
6300
(
-31.9443
-32.0151
-32.1559
-32.3653
-32.6411
-32.9802
-33.3782
-33.8298
-34.3282
-34.8654
-35.4319
-36.0175
-36.6109
-37.201
-37.7772
-31.8736
-31.945
-32.0872
-32.2989
-32.5779
-32.9212
-33.3247
-33.783
-34.2895
-34.836
-35.4129
-36.0096
-36.6142
-37.215
-37.8005
-31.7314
-31.8042
-31.9491
-32.1652
-32.4504
-32.802
-33.2163
-33.688
-34.2107
-34.7761
-35.3743
-35.9936
-36.6214
-37.2443
-37.8491
-31.5165
-31.5911
-31.74
-31.9623
-32.2564
-32.6202
-33.0503
-33.5421
-34.0893
-34.6835
-35.3144
-35.9693
-36.6336
-37.2915
-37.9272
-31.2269
-31.3038
-31.4575
-31.6875
-31.9929
-32.3721
-32.8227
-33.3409
-33.9207
-34.5543
-35.2305
-35.9355
-36.6522
-37.361
-38.0417
-30.8604
-30.9398
-31.0987
-31.3373
-31.6554
-32.0526
-32.5277
-33.0778
-33.6985
-34.3822
-35.1179
-35.8901
-36.6786
-37.4587
-38.2032
-30.4144
-30.4962
-30.6603
-30.9075
-31.2389
-31.6554
-32.1574
-32.7443
-33.4132
-34.1583
-34.9688
-35.8284
-36.7133
-37.592
-38.4269
-29.8866
-29.9704
-30.1388
-30.3936
-30.7373
-31.1726
-31.7023
-32.3287
-33.0519
-33.8688
-34.7708
-35.7415
-36.7541
-37.7692
-38.7342
-29.2751
-29.3599
-29.5309
-29.7909
-30.1439
-30.5952
-31.1507
-31.8163
-32.5969
-33.4941
-34.5039
-35.6126
-36.7924
-37.9963
-39.1532
-28.5787
-28.6632
-28.834
-29.0951
-29.4524
-29.9137
-30.4889
-31.1889
-32.0251
-33.0069
-34.1382
-35.4127
-36.8067
-38.2704
-39.7156
-27.7979
-27.8801
-28.0468
-28.3032
-28.6568
-29.1184
-29.7022
-30.4254
-31.3079
-32.3701
-33.6294
-35.0934
-36.7512
-38.5629
-40.4423
-26.9349
-27.0124
-27.1701
-27.4139
-27.7531
-28.201
-28.7761
-29.5026
-30.4108
-31.5363
-32.9161
-34.5805
-36.5419
-38.7881
-41.29
-25.9945
-26.0645
-26.2073
-26.4293
-26.7406
-27.1564
-27.6987
-28.3981
-29.2965
-30.4482
-31.9182
-33.7711
-36.0488
-38.7588
-41.9914
-24.9841
-25.0436
-25.1654
-25.3554
-25.6236
-25.9854
-26.4641
-27.0946
-27.9288
-29.042
-30.5379
-32.5383
-35.1265
-38.2127
-41.631
-23.9142
-23.9605
-24.0552
-24.2033
-24.4129
-24.6974
-25.0776
-25.5875
-26.2822
-27.2535
-28.6542
-30.7209
-33.7154
-37.356
-37.9747
-38.286
-38.7257
-39.1413
-39.5307
-39.8931
-40.2285
-40.5372
-40.8197
-41.0763
-41.3068
-41.5106
-41.6867
-41.834
-41.9519
-42.0403
-42.0999
-42.1326
-42.1416
-42.1305
-42.1036
-42.0652
-42.019
-41.968
-41.914
-41.8574
-41.7978
-41.7335
-41.6628
-41.5836
-41.4945
-41.3949
-41.2851
-41.1665
-41.0416
-40.9129
-40.7836
-40.6561
-40.5323
-40.4131
-40.2983
-40.1866
-40.0762
-39.9647
-39.8499
-39.73
-39.6042
-39.4725
-39.3359
-39.1965
-39.0568
-38.9191
-38.7859
-38.6587
-38.5382
-38.424
-38.3149
-38.209
-38.1038
-37.9973
-37.8877
-37.7741
-37.6563
-37.5356
-37.4135
-37.2926
-37.1751
-37.0632
-36.9585
-36.8617
-36.7725
-36.6899
-36.6124
-36.538
-36.4651
-36.3926
-36.3206
-36.25
-36.1829
-36.1226
-36.0728
-36.0376
-36.0207
-36.025
-36.0522
-36.1025
-36.1742
-36.2639
-36.3668
-36.4765
-36.5863
-38.3163
-38.7605
-39.1788
-39.5696
-39.9321
-40.267
-40.575
-40.8571
-41.1139
-41.3453
-41.5504
-41.728
-41.8765
-41.9945
-42.0816
-42.1385
-42.167
-42.1705
-42.1532
-42.1202
-42.0763
-42.0259
-41.9724
-41.9176
-41.8619
-41.8044
-41.7429
-41.6749
-41.5978
-41.5097
-41.4095
-41.2976
-41.1758
-41.0468
-40.914
-40.7809
-40.6507
-40.5257
-40.4068
-40.2937
-40.1848
-40.0777
-39.9694
-39.8571
-39.7386
-39.6127
-39.4794
-39.3401
-39.1971
-39.0536
-38.9127
-38.7772
-38.6491
-38.5291
-38.4167
-38.3104
-38.2078
-38.1058
-38.0018
-37.8936
-37.7799
-37.6607
-37.5374
-37.412
-37.2876
-37.167
-37.0529
-36.9472
-36.8507
-36.763
-36.6828
-36.6078
-36.5358
-36.4644
-36.3921
-36.3186
-36.2448
-36.1732
-36.1074
-36.0519
-36.0113
-35.9901
-35.992
-36.019
-36.0716
-36.1482
-36.2451
-36.3568
-36.4764
-36.5962
-38.3792
-38.8325
-39.2562
-39.649
-40.0111
-40.344
-40.6499
-40.9309
-41.1881
-41.4216
-41.63
-41.8113
-41.9627
-42.0816
-42.1666
-42.2179
-42.2374
-42.2292
-42.1987
-42.1524
-42.0968
-42.0374
-41.9786
-41.9225
-41.8691
-41.8166
-41.7617
-41.7002
-41.6281
-41.5422
-41.4409
-41.3246
-41.1955
-41.0575
-40.9153
-40.7741
-40.638
-40.5103
-40.3921
-40.283
-40.1805
-40.0809
-39.9799
-39.8734
-39.7579
-39.6317
-39.4949
-39.3494
-39.1985
-39.0468
-38.8986
-38.758
-38.6277
-38.5088
-38.4006
-38.3007
-38.2055
-38.1108
-38.0124
-37.9073
-37.7935
-37.6712
-37.542
-37.4093
-37.277
-37.1495
-37.0305
-36.9226
-36.8269
-36.7427
-36.6679
-36.5992
-36.5327
-36.4649
-36.3933
-36.3169
-36.2365
-36.1552
-36.0775
-36.0094
-35.957
-35.9264
-35.9227
-35.9489
-36.0062
-36.0929
-36.2049
-36.3355
-36.4761
-36.6172
-38.4798
-38.9469
-39.3781
-39.7726
-40.1319
-40.4599
-40.7609
-41.0389
-41.2965
-41.5338
-41.7488
-41.9377
-42.0955
-42.2175
-42.3002
-42.3429
-42.3478
-42.3199
-42.267
-42.1981
-42.1225
-42.0482
-41.9809
-41.9233
-41.875
-41.8324
-41.79
-41.7407
-41.6781
-41.5968
-41.4939
-41.3699
-41.2281
-41.0741
-40.9155
-40.7597
-40.6133
-40.481
-40.3645
-40.2628
-40.1719
-40.0862
-39.9985
-39.9024
-39.7926
-39.6661
-39.523
-39.3663
-39.2013
-39.0347
-38.8736
-38.7239
-38.59
-38.4733
-38.3726
-38.2843
-38.2026
-38.1209
-38.0328
-37.9333
-37.8196
-37.6915
-37.5519
-37.4058
-37.2595
-37.1197
-36.992
-36.8805
-36.7865
-36.709
-36.6444
-36.5872
-36.5314
-36.471
-36.4015
-36.3208
-36.2296
-36.1319
-36.034
-35.9441
-35.8713
-35.8242
-35.8102
-35.8342
-35.8984
-36.0013
-36.1379
-36.2996
-36.4752
-36.6517
-38.6269
-39.1132
-39.5531
-39.9466
-40.2981
-40.6147
-40.905
-41.1765
-41.4339
-41.678
-41.9053
-42.1089
-42.28
-42.4098
-42.4916
-42.5226
-42.5052
-42.4466
-42.3582
-42.2535
-42.1465
-42.049
-41.9692
-41.9109
-41.8725
-41.8481
-41.8279
-41.8006
-41.755
-41.6823
-41.5775
-41.441
-41.2779
-41.0976
-40.9115
-40.7317
-40.5685
-40.4289
-40.3157
-40.2269
-40.1561
-40.094
-40.0293
-39.9513
-39.8512
-39.7244
-39.5708
-39.3953
-39.2063
-39.0148
-38.832
-38.6673
-38.5274
-38.4146
-38.3269
-38.2583
-38.1996
-38.1402
-38.0697
-37.9799
-37.8662
-37.7284
-37.5712
-37.4026
-37.2328
-37.0724
-36.9304
-36.8131
-36.7225
-36.6568
-36.61
-36.5734
-36.5368
-36.4902
-36.4258
-36.3397
-36.2323
-36.1089
-35.9788
-35.8543
-35.7485
-35.6743
-35.6428
-35.6617
-35.7349
-35.8613
-36.0347
-36.2438
-36.473
-36.7039
-38.8343
-39.3461
-39.7947
-40.1814
-40.5143
-40.8074
-41.0761
-41.3344
-41.5907
-41.8464
-42.0959
-42.3269
-42.524
-42.6712
-42.756
-42.7721
-42.7219
-42.6163
-42.4727
-42.3124
-42.1568
-42.024
-41.9266
-41.8697
-41.8501
-41.8576
-41.8761
-41.8868
-41.871
-41.8138
-41.7069
-41.5503
-41.3527
-41.1292
-40.8985
-40.6798
-40.4896
-40.3389
-40.2317
-40.1648
-40.1279
-40.1055
-40.0794
-40.0318
-39.9484
-39.8212
-39.6502
-39.4434
-39.215
-38.9826
-38.7642
-38.5751
-38.4257
-38.3196
-38.2537
-38.2179
-38.1977
-38.1755
-38.1345
-38.061
-37.9473
-37.7934
-37.6069
-37.401
-37.1925
-36.9985
-36.8334
-36.707
-36.6227
-36.5773
-36.561
-36.5597
-36.5565
-36.5349
-36.4816
-36.3892
-36.2579
-36.0954
-35.9158
-35.7374
-35.5801
-35.4631
-35.4028
-35.4111
-35.4947
-35.6535
-35.88
-36.159
-36.4683
-36.7807
-39.1235
-39.6698
-40.1258
-40.4934
-40.7881
-41.035
-41.2625
-41.4951
-41.7481
-42.024
-42.3129
-42.5939
-42.8399
-43.0227
-43.1191
-43.117
-43.0185
-42.8406
-42.6114
-42.3647
-42.1341
-41.9482
-41.8259
-41.7745
-41.7887
-41.8511
-41.9357
-42.0112
-42.0467
-42.017
-41.9076
-41.7188
-41.4649
-41.171
-40.8681
-40.587
-40.3539
-40.186
-40.0899
-40.0597
-40.0788
-40.1223
-40.1605
-40.1639
-40.1086
-39.9811
-39.7813
-39.5228
-39.2294
-38.9301
-38.6541
-38.4258
-38.2615
-38.167
-38.137
-38.1554
-38.1984
-38.238
-38.2461
-38.1998
-38.0863
-37.9056
-37.6703
-37.4031
-37.1314
-36.8829
-36.6807
-36.5403
-36.4671
-36.4556
-36.4905
-36.5487
-36.6027
-36.6251
-36.5936
-36.4949
-36.3285
-36.1065
-35.851
-35.5901
-35.3538
-35.1703
-35.0637
-35.0522
-35.1463
-35.3483
-35.6498
-36.0307
-36.4588
-36.8933
-39.5276
-40.1238
-40.584
-40.9104
-41.1306
-41.2906
-41.4414
-41.6265
-41.8724
-42.1831
-42.5412
-42.9112
-43.2468
-43.4984
-43.6243
-43.6006
-43.4294
-43.1387
-42.7752
-42.3936
-42.0473
-41.7806
-41.623
-41.5852
-41.6577
-41.8128
-42.0081
-42.1932
-42.3164
-42.3347
-42.2229
-41.9811
-41.6345
-41.2259
-40.8063
-40.4252
-40.124
-39.9301
-39.853
-39.8834
-39.9947
-40.1468
-40.2917
-40.3806
-40.3729
-40.2449
-39.9968
-39.6524
-39.2522
-38.8442
-38.4753
-38.1842
-37.9967
-37.9218
-37.9504
-38.0573
-38.2043
-38.3459
-38.4358
-38.4354
-38.3222
-38.0962
-37.7799
-37.4116
-37.037
-36.7005
-36.439
-36.2768
-36.2225
-36.2672
-36.3865
-36.5436
-36.6943
-36.7933
-36.8022
-36.698
-36.4792
-36.1659
-35.794
-35.4075
-35.0513
-34.7667
-34.588
-34.541
-34.6427
-34.8996
-35.3053
-35.8344
-36.4404
-37.0593
-40.0973
-40.7735
-41.235
-41.4802
-41.56
-41.5595
-41.5708
-41.6705
-41.9032
-42.2741
-42.7522
-43.2783
-43.7744
-44.1554
-44.3449
-44.2966
-44.0123
-43.5418
-42.9651
-42.3717
-41.8458
-41.4559
-41.2475
-41.2368
-41.408
-41.7164
-42.0955
-42.4642
-42.7373
-42.8396
-42.7252
-42.3944
-41.8933
-41.2968
-40.6888
-40.1484
-39.7399
-39.5058
-39.4612
-39.5907
-39.8519
-40.1816
-40.5033
-40.7365
-40.8103
-40.6817
-40.3511
-39.8624
-39.2863
-38.7021
-38.1843
-37.7935
-37.5698
-37.5273
-37.6512
-37.9013
-38.2178
-38.5281
-38.7558
-38.8335
-38.7205
-38.4169
-37.9641
-37.4293
-36.8878
-36.4102
-36.0543
-35.8581
-35.8352
-35.9714
-36.2282
-36.5479
-36.8604
-37.0911
-37.1736
-37.0661
-36.766
-36.3096
-35.7581
-35.1812
-34.6459
-34.2107
-33.9224
-33.8158
-33.9153
-34.2369
-34.783
-35.5272
-36.4035
-37.3081
-40.9093
-41.7323
-42.1975
-42.2881
-42.1053
-41.8112
-41.5729
-41.5229
-41.735
-42.2107
-42.8941
-43.6885
-44.468
-45.088
-45.4079
-45.3325
-44.8633
-44.0979
-43.1788
-42.2527
-41.4486
-40.8699
-40.5872
-40.6267
-40.9606
-41.5184
-42.1976
-42.873
-43.4043
-43.6566
-43.5392
-43.0529
-42.2897
-41.384
-40.4741
-39.6817
-39.1045
-38.8086
-38.8187
-39.1083
-39.6103
-40.2279
-40.8425
-41.322
-41.5392
-41.4092
-40.9331
-40.1983
-39.3318
-38.4644
-37.7105
-37.1623
-36.8821
-36.8932
-37.1703
-37.6499
-38.2403
-38.8293
-39.2916
-39.5065
-39.3931
-38.9522
-38.2666
-37.4567
-36.6464
-35.9448
-35.4394
-35.19
-35.2188
-35.502
-35.9792
-36.5625
-37.1442
-37.6022
-37.8186
-37.7118
-37.2778
-36.5904
-35.7588
-34.8948
-34.0964
-33.443
-32.9951
-32.794
-32.868
-33.2511
-33.9754
-35.0299
-36.3257
-37.6893
-42.0733
-43.2062
-43.6994
-43.4899
-42.811
-41.9825
-41.3036
-40.9981
-41.1873
-41.8481
-42.8764
-44.1202
-45.3913
-46.4527
-47.04
-46.9357
-46.1409
-44.8752
-43.4027
-41.9582
-40.7265
-39.8579
-39.4629
-39.5924
-40.1911
-41.1454
-42.3051
-43.4893
-44.4728
-45.0061
-44.8845
-44.1102
-42.8911
-41.4771
-40.0903
-38.9053
-38.0639
-37.6708
-37.7737
-38.3202
-39.2025
-40.2782
-41.3765
-42.2848
-42.7684
-42.635
-41.8877
-40.7237
-39.379
-38.063
-36.9405
-36.145
-35.7751
-35.8759
-36.3978
-37.2388
-38.2646
-39.3132
-40.1834
-40.6523
-40.5371
-39.8402
-38.7481
-37.4846
-36.2486
-35.1966
-34.4561
-34.1213
-34.2359
-34.7533
-35.5772
-36.5797
-37.6059
-38.4614
-38.9292
-38.8284
-38.1546
-37.0788
-35.8059
-34.5143
-33.3378
-32.3796
-31.7123
-31.3762
-31.3755
-31.7738
-32.6925
-34.1851
-36.1502
-38.2906
-43.7151
-45.6003
-46.2129
-45.3688
-43.7326
-41.9381
-40.4967
-39.7607
-39.9604
-40.9564
-42.5481
-44.5127
-46.6167
-48.5
-49.668
-49.5331
-48.0966
-45.9504
-43.5862
-41.357
-39.4818
-38.1639
-37.5835
-37.8823
-38.9094
-40.4768
-42.3774
-44.3945
-46.1896
-47.2985
-47.1698
-45.8079
-43.7732
-41.5312
-39.4158
-37.6339
-36.378
-35.8187
-36.0899
-37.0485
-38.516
-40.2962
-42.184
-43.8595
-44.8858
-44.7448
-43.4425
-41.5092
-39.3846
-37.3832
-35.6995
-34.5149
-33.9903
-34.2522
-35.1656
-36.5619
-38.256
-40.054
-41.6533
-42.639
-42.5188
-41.2972
-39.4763
-37.473
-35.5858
-33.9999
-32.8885
-32.4056
-32.6728
-33.5632
-34.9181
-36.5629
-38.3133
-39.879
-40.8584
-40.7701
-39.6102
-37.8508
-35.8803
-33.9678
-32.2651
-30.897
-29.9528
-29.4754
-29.3084
-29.5473
-30.5831
-32.6597
-35.7224
-39.2761
-45.8217
-49.8219
-50.8194
-48.3894
-44.8857
-41.386
-38.6737
-37.1756
-37.5869
-39.2069
-41.683
-44.7043
-48.1598
-51.5773
-54.1722
-54.0046
-51.0745
-47.3394
-43.5752
-40.2464
-37.4343
-35.4077
-34.4382
-35.1232
-36.8499
-39.3281
-42.2821
-45.6195
-48.8945
-51.3729
-51.231
-48.4744
-44.9537
-41.4031
-38.261
-35.6051
-33.689
-32.7707
-33.4161
-35.0439
-37.379
-40.1595
-43.297
-46.3691
-48.6841
-48.5269
-45.9058
-42.5702
-39.213
-36.2457
-33.74
-31.9344
-31.073
-31.6905
-33.238
-35.456
-38.0978
-41.081
-44.0066
-46.2184
-46.0864
-43.617
-40.4674
-37.2944
-34.4889
-32.12
-30.4159
-29.6097
-30.2123
-31.7042
-33.8417
-36.394
-39.2866
-42.1412
-44.3249
-44.2549
-41.9293
-38.927
-35.871
-33.1191
-30.7106
-28.8042
-27.5212
-27.1274
-26.657
-26.1731
-26.9749
-29.7143
-34.5878
-40.9773
-47.3441
-58.3561
-60.3331
-52.9447
-46.0417
-39.7048
-35.1033
-31.8412
-33.4728
-36.2248
-40.0328
-44.2705
-49.7579
-55.8391
-62.6545
-62.4543
-55.2115
-48.7705
-42.937
-38.3917
-34.2559
-31.1293
-28.9104
-30.8642
-33.7081
-37.4945
-41.6346
-46.9343
-52.7464
-59.2207
-59.0573
-52.2413
-46.1772
-40.6865
-36.4064
-32.5109
-29.563
-27.4711
-29.3278
-32.0208
-35.6008
-39.5086
-44.5043
-49.9689
-56.0422
-55.857
-49.3979
-43.6625
-38.48
-34.4433
-30.7721
-27.9945
-26.0258
-27.7898
-30.3446
-33.74
-37.448
-42.1911
-47.3879
-53.1728
-53.0199
-46.9164
-41.492
-36.5866
-32.7633
-29.2829
-26.65
-24.7853
-26.4713
-28.9153
-32.1681
-35.7349
-40.3146
-45.3693
-51.0366
-50.988
-45.2225
-40.0806
-35.4239
-31.7757
-28.4332
-25.8135
-23.8091
-24.8896
-24.0252
-20.9474
-20.5766
-23.6956
-31.2704
-44.1087
-41.2124
-79.9308
-83.2308
-56.6975
-46.3676
-35.5263
-29.6044
-19.46
-27.7453
-31.722
-37.7641
-42.0371
-50.5007
-59.0435
-81.2396
-81.0451
-58.1939
-49.3269
-40.4439
-35.9471
-29.6245
-25.5436
-17.374
-25.3235
-29.2092
-35.1514
-39.3173
-47.5111
-55.6447
-76.6269
-76.4631
-54.9256
-46.5752
-38.2266
-33.998
-28.0521
-24.2043
-16.4857
-24.035
-27.7206
-33.3507
-37.2909
-45.0365
-52.6922
-72.4127
-72.2213
-51.8482
-43.9583
-36.0972
-32.1147
-26.5175
-22.8899
-15.6033
-22.7503
-26.241
-31.5736
-35.3077
-42.6478
-49.9222
-68.6775
-68.5221
-49.2382
-41.769
-34.3206
-30.5438
-25.2254
-21.778
-14.8479
-21.6389
-24.9618
-30.0422
-33.6174
-40.6585
-47.7153
-65.9793
-65.9534
-47.6177
-40.5358
-33.5242
-29.9923
-25.1151
-21.9367
-15.6547
-25.4525
-24.5808
-11.8238
-9.15277
-11.2607
-20.3733
-50.2148
-36.6984
-36.8019
-36.8768
-36.9176
-36.9225
-36.8934
-36.8351
-36.7543
-36.6592
-36.5583
-36.46
-36.3718
-36.2998
-36.2491
-36.2228
-36.7183
-36.8306
-36.9109
-36.9534
-36.9566
-36.9227
-36.8575
-36.7685
-36.6649
-36.5558
-36.45
-36.3554
-36.2786
-36.2245
-36.1966
-36.7606
-36.8912
-36.9827
-37.0286
-37.0276
-36.9835
-36.9036
-36.7976
-36.6761
-36.5499
-36.4288
-36.3214
-36.2346
-36.1738
-36.1425
-36.8302
-36.9909
-37.1003
-37.1506
-37.1418
-37.08
-36.9758
-36.842
-36.6921
-36.539
-36.3939
-36.2666
-36.1646
-36.0936
-36.0571
-36.9362
-37.142
-37.2768
-37.3317
-37.3089
-37.2189
-37.0775
-36.9025
-36.7114
-36.5199
-36.3413
-36.1866
-36.0638
-35.9788
-35.9353
-37.093
-37.3642
-37.5333
-37.5906
-37.5431
-37.4092
-37.2129
-36.9792
-36.731
-36.4878
-36.265
-36.0746
-35.925
-35.8223
-35.7701
-37.3238
-37.6885
-37.9015
-37.9543
-37.8638
-37.662
-37.3858
-37.0704
-36.7457
-36.4352
-36.1563
-35.9216
-35.7395
-35.6154
-35.5526
-37.6666
-38.1644
-38.4299
-38.4613
-38.2959
-37.9891
-37.5978
-37.1708
-36.7461
-36.3509
-36.0036
-35.7162
-35.4959
-35.3473
-35.2724
-38.1853
-38.8726
-39.1925
-39.165
-38.8693
-38.4008
-37.8455
-37.269
-36.7171
-36.2187
-35.791
-35.4434
-35.1809
-35.0052
-34.9173
-38.992
-39.9482
-40.3024
-40.137
-39.6154
-38.8994
-38.1142
-37.3428
-36.6346
-36.0157
-35.4981
-35.0858
-34.7788
-34.5755
-34.4743
-40.2955
-41.6258
-41.9319
-41.4653
-40.5557
-39.4674
-38.3692
-37.3534
-36.4626
-35.7114
-35.1001
-34.623
-34.273
-34.0436
-33.9301
-42.5168
-44.3276
-44.3342
-43.2364
-41.6749
-40.0452
-38.5417
-37.2389
-36.1512
-35.2672
-34.5677
-34.033
-33.6466
-33.3958
-33.2725
-46.5952
-48.8338
-47.8407
-45.4714
-42.8623
-40.4967
-38.5135
-36.9094
-35.6359
-34.6387
-33.8706
-33.2949
-32.8845
-32.6206
-32.4915
-54.9106
-56.5716
-52.7234
-47.9463
-43.8061
-40.5658
-38.1063
-36.2493
-34.8444
-33.7809
-32.9811
-32.3914
-31.9759
-31.7106
-31.5814
-74.4921
-69.8186
-58.535
-49.7845
-43.8498
-39.8541
-37.0965
-35.1371
-33.7116
-32.6595
-31.8813
-31.3139
-30.9169
-30.6646
-30.542
-22.891
-22.9231
-22.9887
-23.0908
-23.2346
-23.4289
-23.6879
-24.0366
-24.5192
-25.2209
-26.3187
-28.211
-31.851
-39.4006
-53.2705
-21.9385
-21.9568
-21.9938
-22.0505
-22.1284
-22.2306
-22.3624
-22.5336
-22.7642
-23.0984
-23.6456
-24.7254
-27.4809
-36.958
-79.2061
-20.9734
-20.9775
-20.9853
-20.9953
-21.0054
-21.0119
-21.0095
-20.9893
-20.9373
-20.8278
-20.6038
-20.0871
-18.5092
-11.7658
25.4377
-20.0053
-19.9958
-19.9752
-19.9401
-19.8847
-19.7994
-19.6688
-19.4671
-19.1502
-18.6364
-17.7644
-16.19
-13.1848
-7.73356
-3.84511
-19.0438
-19.0217
-18.9751
-18.8991
-18.7849
-18.6185
-18.3774
-18.0251
-17.4997
-16.6936
-15.4109
-13.2809
-9.56906
-2.62293
13.4406
-18.0977
-18.0646
-17.9955
-17.8845
-17.7212
-17.4894
-17.1634
-16.7031
-16.0441
-15.0818
-13.6456
-11.4674
-8.19865
-3.84641
-1.97858
-17.1746
-17.1324
-17.0451
-16.9062
-16.7052
-16.4256
-16.0427
-15.5192
-14.7993
-13.7993
-12.3956
-10.4104
-7.58021
-3.34521
4.90896
-16.2808
-16.2316
-16.1304
-15.971
-15.7437
-15.4336
-15.0195
-14.4716
-13.7489
-12.7971
-11.5497
-9.94003
-7.93718
-5.63524
-3.48146
-15.4212
-15.367
-15.2561
-15.0831
-14.8397
-14.5138
-14.0893
-13.5455
-12.8577
-12.0001
-10.9555
-9.74266
-8.50181
-7.82239
-10.3762
-14.5991
-14.5418
-14.4249
-14.2441
-13.9929
-13.6625
-13.2419
-12.7194
-12.0844
-11.3331
-10.478
-9.56475
-8.67654
-7.76424
-5.05336
-13.8169
-13.7578
-13.638
-13.4541
-13.2013
-12.8737
-12.4653
-11.9713
-11.3919
-10.738
-10.041
-9.36945
-8.86798
-8.95511
-11.8391
-13.0758
-13.0161
-12.8956
-12.7118
-12.4615
-12.1411
-11.748
-11.2825
-10.7513
-10.1729
-9.58616
-9.05609
-8.65067
-8.20374
-5.57755
-12.376
-12.3167
-12.1972
-12.0158
-11.7703
-11.459
-11.0811
-10.6395
-10.1433
-9.6136
-9.09202
-8.65615
-8.46219
-8.96573
-12.5423
-11.7174
-11.6591
-11.5418
-11.3642
-11.125
-10.8231
-10.4585
-10.0343
-9.55853
-9.0487
-8.53835
-8.08823
-7.78935
-7.59368
-5.47555
-11.0994
-11.0425
-10.9281
-10.7554
-10.5232
-10.2306
-9.87733
-9.46487
-8.99747
-8.48415
-7.94285
-7.41528
-7.04482
-7.55669
-13.453
-10.5209
-10.4657
-10.3551
-10.188
-9.96343
-9.68024
-9.33727
-8.93361
-8.46829
-7.93904
-7.33781
-6.63323
-5.68757
-3.78048
3.46601
-9.98062
-9.92759
-9.82112
-9.66043
-9.44437
-9.17138
-8.83936
-8.44518
-7.9835
-7.44392
-6.80456
-6.0186
-4.99798
-3.71219
-3.57379
-9.47721
-9.42655
-9.32485
-9.17135
-8.96485
-8.70353
-8.38462
-8.00363
-7.55281
-7.01809
-6.37311
-5.56695
-4.49253
-2.84709
0.847186
-9.00899
-8.96095
-8.86454
-8.71908
-8.5234
-8.27568
-7.973
-7.61058
-7.18038
-6.66883
-6.05359
-5.30159
-4.38362
-3.40478
-3.53095
-8.57413
-8.52895
-8.43832
-8.30168
-8.1181
-7.886
-7.60287
-7.2646
-6.86445
-6.39158
-5.82906
-5.15149
-4.317
-3.19511
-0.927649
-8.17066
-8.12851
-8.04404
-7.9169
-7.74648
-7.53176
-7.27104
-6.96159
-6.59903
-6.17659
-5.68442
-5.11037
-4.44996
-3.78096
-3.81867
-7.79647
-7.75746
-7.67939
-7.56218
-7.40565
-7.20946
-6.97305
-6.69546
-6.37521
-6.01003
-5.59665
-5.12924
-4.58889
-3.87603
-2.3776
-7.44937
-7.41353
-7.34194
-7.23478
-7.09235
-6.9151
-6.70365
-6.45898
-6.18258
-5.87694
-5.54642
-5.19877
-4.84761
-4.51663
-4.25411
-7.12717
-7.09444
-7.02919
-6.93188
-6.80325
-6.64448
-6.45734
-6.24454
-6.01026
-5.76113
-5.50808
-5.27073
-5.09233
-5.10968
-5.94825
-6.8277
-6.79793
-6.73872
-6.65072
-6.53509
-6.39357
-6.22886
-6.04502
-5.84826
-5.64806
-5.45885
-5.30176
-5.20112
-5.13243
-4.59333
-6.54891
-6.52189
-6.46823
-6.38877
-6.2849
-6.15877
-6.01366
-5.85448
-5.68866
-5.52736
-5.38732
-5.29359
-5.28772
-5.48184
-6.49531
-6.28889
-6.26434
-6.21567
-6.14378
-6.05018
-5.93717
-5.80823
-5.66856
-5.52592
-5.39191
-5.28363
-5.22442
-5.23544
-5.26225
-4.6446
-6.04592
-6.02355
-5.97924
-5.91388
-5.82893
-5.72663
-5.61026
-5.48471
-5.35718
-5.2386
-5.14587
-5.10648
-5.17219
-5.49021
-6.82132
-5.81849
-5.79801
-5.75744
-5.69759
-5.61974
-5.52585
-5.41869
-5.30223
-5.18225
-5.06735
-4.97106
-4.91557
-4.93375
-5.0146
-4.48437
-5.60528
-5.58643
-5.54904
-5.49379
-5.42171
-5.3343
-5.23357
-5.12221
-5.00378
-4.88318
-4.76793
-4.67352
-4.65177
-4.96334
-7.21715
-5.40518
-5.38772
-5.35305
-5.30167
-5.23433
-5.152
-5.05585
-4.9471
-4.82683
-4.6953
-4.55032
-4.38101
-4.13835
-3.56328
-1.06776
-5.21721
-5.20097
-5.16867
-5.12065
-5.05737
-4.97931
-4.88687
-4.78
-4.65769
-4.51678
-4.34962
-4.13944
-3.85577
-3.49686
-3.63255
-5.04051
-5.02538
-4.99521
-4.95023
-4.89066
-4.81662
-4.72791
-4.62364
-4.50148
-4.35649
-4.17879
-3.94891
-3.62544
-3.08694
-1.72213
-4.87434
-4.86022
-4.83206
-4.78996
-4.73401
-4.66412
-4.57978
-4.47969
-4.36113
-4.21894
-4.04419
-3.82339
-3.54444
-3.25084
-3.43325
-4.71798
-4.70483
-4.67858
-4.63931
-4.58705
-4.52165
-4.44258
-4.34859
-4.2372
-4.10399
-3.94158
-3.73827
-3.4736
-3.08419
-2.17563
-4.57075
-4.55853
-4.53415
-4.49769
-4.44922
-4.38868
-4.31575
-4.22956
-4.12843
-4.00932
-3.86738
-3.69577
-3.4894
-3.27803
-3.38236
-4.43202
-4.42069
-4.3981
-4.36441
-4.31977
-4.26433
-4.19813
-4.12093
-4.03214
-3.93052
-3.81378
-3.67741
-3.50867
-3.25263
-2.60271
-4.30116
-4.29067
-4.26978
-4.23873
-4.19783
-4.14747
-4.08813
-4.02036
-3.94478
-3.86221
-3.77383
-3.68153
-3.58858
-3.50075
-3.43043
-4.1776
-4.16786
-4.14853
-4.1199
-4.08246
-4.03685
-3.98401
-3.92521
-3.86227
-3.79795
-3.73659
-3.6861
-3.66493
-3.73671
-4.20925
-4.0608
-4.05172
-4.03373
-4.00721
-3.97276
-3.93126
-3.88402
-3.83293
-3.78074
-3.73163
-3.69183
-3.67031
-3.67675
-3.69436
-3.45851
-3.95032
-3.94177
-3.92486
-3.90003
-3.86795
-3.82967
-3.78673
-3.7414
-3.69709
-3.65886
-3.63436
-3.63512
-3.68082
-3.828
-4.4016
-3.84579
-3.83763
-3.82151
-3.79788
-3.76745
-3.73132
-3.69109
-3.64919
-3.6092
-3.57656
-3.55936
-3.56873
-3.61441
-3.6655
-3.3657
-3.74692
-3.73901
-3.72338
-3.70046
-3.67092
-3.63581
-3.59663
-3.55564
-3.51622
-3.48355
-3.4659
-3.47712
-3.54426
-3.74666
-4.49883
-3.65356
-3.64575
-3.63032
-3.60763
-3.57827
-3.54312
-3.50343
-3.46102
-3.41855
-3.38012
-3.3524
-3.34669
-3.38018
-3.44601
-3.17276
-3.56562
-3.5578
-3.54231
-3.51944
-3.48965
-3.45359
-3.41213
-3.36643
-3.31807
-3.26927
-3.2236
-3.18905
-3.19365
-3.38084
-4.63836
-3.48311
-3.47518
-3.45943
-3.43606
-3.40539
-3.36781
-3.32377
-3.2737
-3.21791
-3.15623
-3.0871
-3.00422
-2.88034
-2.57235
-1.20218
-3.40611
-3.398
-3.38184
-3.35776
-3.32594
-3.28653
-3.2396
-3.18495
-3.12185
-3.04838
-2.96015
-2.84787
-2.69489
-2.50149
-2.58946
-3.33475
-3.3264
-3.30974
-3.28484
-3.25176
-3.21047
-3.16078
-3.10208
-3.033
-2.95077
-2.84991
-2.71978
-2.5375
-2.23521
-1.46875
-3.2692
-3.26058
-3.24338
-3.21761
-3.18328
-3.14026
-3.08823
-3.02641
-2.9533
-2.86609
-2.76002
-2.62791
-2.46346
-2.29126
-2.38477
-3.20963
-3.20073
-3.18296
-3.15634
-3.12083
-3.07631
-3.02247
-2.9586
-2.88338
-2.79451
-2.6882
-2.5585
-2.3948
-2.16279
-1.64471
-3.15624
-3.14705
-3.12871
-3.10123
-3.06463
-3.01885
-2.96369
-2.89868
-2.82295
-2.73503
-2.63264
-2.51272
-2.3736
-2.23296
-2.26581
-3.10923
-3.09974
-3.08079
-3.05246
-3.01481
-2.96791
-2.91174
-2.8462
-2.77099
-2.68562
-2.58925
-2.48026
-2.35345
-2.18263
-1.81112
-3.06881
-3.05899
-3.0394
-3.01016
-2.97143
-2.9234
-2.86631
-2.80043
-2.72609
-2.64385
-2.55463
-2.46019
-2.36385
-2.27167
-2.19696
-3.03523
-3.02503
-3.00472
-2.97446
-2.93451
-2.8852
-2.82699
-2.76052
-2.6867
-2.60693
-2.52363
-2.44146
-2.37137
-2.34858
-2.53089
-3.00872
-2.9981
-2.97695
-2.9455
-2.90408
-2.85317
-2.79342
-2.72573
-2.65143
-2.57246
-2.49185
-2.41434
-2.34603
-2.28305
-2.11117
-2.9896
-2.97847
-2.95634
-2.92347
-2.88025
-2.82728
-2.76535
-2.69555
-2.61941
-2.53912
-2.45792
-2.38083
-2.31701
-2.29314
-2.45226
-2.9782
-2.96649
-2.94319
-2.90861
-2.86321
-2.80762
-2.74275
-2.66977
-2.59028
-2.50643
-2.42114
-2.3381
-2.26025
-2.17614
-1.95755
-2.97495
-2.96255
-2.93788
-2.90128
-2.85323
-2.79442
-2.72578
-2.64851
-2.56417
-2.47475
-2.3828
-2.29178
-2.20785
-2.15251
-2.25727
-2.98032
-2.96712
-2.94087
-2.90191
-2.85073
-2.78805
-2.7148
-2.63216
-2.54159
-2.44483
-2.34382
-2.24054
-2.13561
-2.01769
-1.77863
-2.99486
-2.98075
-2.95269
-2.91102
-2.85623
-2.78903
-2.71034
-2.62132
-2.52332
-2.41785
-2.30642
-2.19044
-2.07239
-1.967
-1.98502
-3.01919
-3.00407
-2.97398
-2.92923
-2.87034
-2.79798
-2.71307
-2.61672
-2.51024
-2.39502
-2.27218
-2.14178
-2.00037
-1.83059
-1.54255
-3.05404
-3.03779
-3.00544
-2.95728
-2.8938
-2.81566
-2.72374
-2.61915
-2.50324
-2.37749
-2.24318
-2.10077
-1.94807
-1.77631
-1.56137
-3.10017
-3.08269
-3.04787
-2.99598
-2.92745
-2.84291
-2.7432
-2.62945
-2.50309
-2.36589
-2.21983
-2.0669
-1.90901
-1.752
-1.64315
-3.15844
-3.13964
-3.10216
-3.04623
-2.97222
-2.88069
-2.77242
-2.6485
-2.51047
-2.36043
-2.20125
-2.03648
-1.86932
-1.69426
-1.43706
-3.22976
-3.20957
-3.16927
-3.10904
-3.02917
-2.93011
-2.81251
-2.67736
-2.52618
-2.36134
-2.18655
-2.00773
-1.83512
-1.69355
-1.69681
-3.31512
-3.29346
-3.25022
-3.18548
-3.09945
-2.99239
-2.86478
-2.71735
-2.55139
-2.36916
-2.17464
-1.97467
-1.77938
-1.59224
-1.31433
-3.4155
-3.39236
-3.34609
-3.27673
-3.18432
-3.06897
-2.93081
-2.77021
-2.58789
-2.38551
-2.16653
-1.93835
-1.71798
-1.55397
-1.63636
-3.53197
-3.50732
-3.458
-3.38397
-3.28514
-3.16137
-3.01245
-2.83814
-2.63834
-2.41339
-2.16481
-1.8966
-1.61745
-1.34459
-1.11806
-3.66555
-3.63941
-3.58707
-3.50844
-3.40328
-3.27124
-3.1117
-2.92378
-2.70625
-2.45768
-2.17672
-1.86246
-1.51254
-1.10303
-0.442422
-3.81729
-3.78968
-3.73441
-3.65132
-3.5401
-3.40021
-3.23068
-3.02998
-2.79572
-2.52447
-2.21176
-1.85309
-1.44902
-1.03584
-0.900311
-3.9882
-3.95918
-3.90107
-3.81373
-3.69684
-3.54975
-3.37131
-3.15949
-2.91088
-2.62004
-2.27873
-1.87524
-1.39181
-0.775841
0.328237
-4.17927
-4.14887
-4.08804
-3.99668
-3.87454
-3.72106
-3.53512
-3.31455
-3.05537
-2.75066
-2.38889
-1.95291
-1.42666
-0.854799
-0.76409
-4.39145
-4.3597
-4.29621
-4.201
-4.074
-3.91492
-3.72299
-3.49641
-3.23149
-2.92092
-2.55057
-2.09326
-1.49317
-0.599622
1.29421
-4.62568
-4.59256
-4.52641
-4.4274
-4.29574
-4.13161
-3.93491
-3.7049
-3.43932
-3.13268
-2.77264
-2.33277
-1.76349
-1.03908
-0.841858
-4.88292
-4.84836
-4.77943
-4.67646
-4.54004
-4.3709
-4.16996
-3.93809
-3.67566
-3.38153
-3.05015
-2.66215
-2.14154
-1.11243
2.66859
-5.16416
-5.12805
-5.05608
-4.94878
-4.80705
-4.63229
-4.4265
-4.19249
-3.93403
-3.65625
-3.36697
-3.08363
-2.87271
-3.09682
-6.06238
-5.47047
-5.43264
-5.35726
-5.24499
-5.09701
-4.91522
-4.70264
-4.46388
-4.20582
-3.93894
-3.67967
-3.45482
-3.30177
-3.17742
-1.98562
-5.80306
-5.7633
-5.68406
-5.56602
-5.41044
-5.21953
-4.99698
-4.74866
-4.48375
-4.21636
-3.96847
-3.77615
-3.71089
-3.99932
-5.90026
-6.16326
-6.12137
-6.03782
-5.91311
-5.7484
-5.54582
-5.3092
-5.04497
-4.76339
-4.48024
-4.21867
-4.00925
-3.87439
-3.70143
-2.31593
-6.55254
-6.50839
-6.42014
-6.288
-6.11265
-5.89574
-5.64061
-5.35332
-5.04411
-4.72914
-4.43268
-4.19056
-4.06434
-4.24557
-5.8838
-6.97248
-6.92605
-6.83295
-6.69289
-6.50577
-6.27222
-5.99434
-5.6769
-5.32884
-4.96519
-4.60894
-4.29138
-4.0408
-3.77791
-2.47495
-7.42468
-7.3761
-7.27837
-7.13046
-6.93114
-6.67947
-6.37555
-6.02174
-5.6244
-5.1961
-4.75832
-4.34569
-4.02581
-4.03252
-5.62272
-7.91061
-7.86029
-7.75864
-7.60373
-7.39287
-7.12301
-6.7914
-6.39682
-5.94145
-5.4336
-4.89025
-4.33558
-3.78402
-3.18749
-2.41332
-8.43148
-8.38012
-8.2759
-8.11585
-7.89558
-7.60943
-7.25099
-6.8141
-6.29494
-5.69577
-5.03004
-4.32332
-3.57345
-2.46581
1.3337
-8.98803
-8.93666
-8.83193
-8.6698
-8.44402
-8.14605
-7.76506
-7.28851
-6.70401
-6.00414
-5.19829
-4.34103
-3.61132
-3.61349
-6.95653
-9.58024
-9.53025
-9.42783
-9.26795
-9.04261
-8.74033
-8.34549
-7.8379
-7.19318
-6.38612
-5.40225
-4.27017
-3.14095
-2.44111
-2.89249
-10.2072
-10.1602
-10.0636
-9.91155
-9.69463
-9.39887
-9.00423
-8.48253
-7.79509
-6.89088
-5.70912
-4.19733
-2.37239
-0.469288
0.858096
-10.8667
-10.8247
-10.7379
-10.6002
-10.4014
-10.1261
-9.75119
-9.24225
-8.54753
-7.5884
-6.24519
-4.34196
-1.65811
1.90235
5.53049
-11.5554
-11.5204
-11.4476
-11.3312
-11.1613
-10.9225
-10.5912
-10.131
-9.48359
-8.55263
-7.17015
-5.0287
-1.55258
4.22698
12.7224
-12.2684
-12.2423
-12.1876
-12.0994
-11.969
-11.7831
-11.5208
-11.1497
-10.6166
-9.83041
-8.62219
-6.64229
-3.04665
4.66558
25.814
-146.474
-88.0207
-61.5403
-48.8882
-42.1125
-38.0668
-35.4392
-33.6283
-32.3308
-31.3804
-30.6799
-30.1701
-29.8135
-29.587
-29.4769
-182.185
-82.3648
-54.6695
-43.9926
-38.6374
-35.4572
-33.3653
-31.9002
-30.8345
-30.044
-29.4555
-29.0237
-28.7201
-28.5264
-28.4321
46.9161
-26.622
-35.9804
-35.4012
-33.6519
-32.0919
-30.8561
-29.8946
-29.1471
-28.5673
-28.1221
-27.7885
-27.5503
-27.3969
-27.3218
-7.04684
-15.4483
-24.1924
-27.6225
-28.535
-28.5015
-28.1564
-27.7404
-27.3434
-26.9972
-26.7114
-26.4868
-26.3216
-26.2131
-26.1594
25.9069
-4.03673
-16.0946
-21.5922
-24.0749
-25.1274
-25.5059
-25.5731
-25.5042
-25.3851
-25.258
-25.144
-25.0534
-24.9912
-24.9597
-1.42744
-5.04579
-12.5527
-17.6555
-20.6081
-22.2214
-23.0715
-23.5002
-23.7001
-23.7786
-23.7957
-23.785
-23.7656
-23.7481
-23.7381
11.4563
-3.35445
-10.6804
-15.2119
-18.0713
-19.8455
-20.9299
-21.5862
-21.9802
-22.2147
-22.3525
-22.432
-22.4764
-22.4997
-22.5096
-3.08015
-6.86089
-10.7486
-13.9294
-16.2883
-17.9486
-19.0856
-19.8542
-20.3711
-20.7179
-20.9499
-21.1034
-21.202
-21.2606
-21.2879
-14.991
-10.2931
-11.3077
-13.2177
-14.9903
-16.415
-17.4971
-18.2971
-18.8801
-19.301
-19.6018
-19.8128
-19.9553
-20.0432
-20.0852
-4.94514
-9.75814
-11.2449
-12.6016
-13.9339
-15.1194
-16.1047
-16.8906
-17.5016
-17.9675
-18.316
-18.5699
-18.7465
-18.8578
-18.9116
-16.7761
-11.5331
-11.2724
-12.0025
-12.9794
-13.9627
-14.8506
-15.6057
-16.2238
-16.7154
-17.0959
-17.3808
-17.583
-17.7123
-17.7754
-5.08981
-9.84828
-10.6118
-11.2319
-12.0205
-12.8724
-13.6887
-14.416
-15.0339
-15.5404
-15.9423
-16.2491
-16.47
-16.6129
-16.683
-17.2572
-10.9377
-10.0507
-10.3444
-11.0175
-11.8068
-12.5887
-13.3023
-13.9213
-14.4382
-14.8547
-15.1769
-15.4113
-15.564
-15.6393
-4.31667
-8.25453
-8.66985
-9.19332
-9.93389
-10.7464
-11.536
-12.2543
-12.8797
-13.4056
-13.8328
-14.1656
-14.4094
-14.5689
-14.6478
-18.1379
-8.01754
-7.21387
-7.8915
-8.80034
-9.7018
-10.5328
-11.2707
-11.9073
-12.4415
-12.8763
-13.2162
-13.4659
-13.6299
-13.7111
11.4307
-1.31059
-4.72921
-6.42912
-7.6719
-8.70615
-9.59435
-10.3575
-11.0059
-11.5465
-11.9857
-12.3293
-12.5821
-12.7483
-12.8307
-0.570555
-1.07768
-3.43809
-5.28419
-6.68829
-7.81194
-8.74271
-9.52411
-10.1792
-10.7219
-11.1616
-11.5054
-11.7585
-11.925
-12.0075
6.85108
0.442234
-2.50412
-4.44621
-5.89944
-7.05166
-7.99479
-8.77837
-9.43069
-9.9689
-10.4042
-10.7444
-10.995
-11.1599
-11.2417
-0.34734
-0.44235
-2.26756
-3.94773
-5.31962
-6.4366
-7.35766
-8.12381
-8.76138
-9.28732
-9.71283
-10.0456
-10.2909
-10.4525
-10.5328
3.66875
-0.1254
-2.13172
-3.66334
-4.91681
-5.95759
-6.82812
-7.55853
-8.16961
-8.6755
-9.08588
-9.40749
-9.64503
-9.80171
-9.87956
-0.82881
-1.04999
-2.32554
-3.57211
-4.66172
-5.59681
-6.39588
-7.07612
-7.65088
-8.12999
-8.52059
-8.8278
-9.05529
-9.20562
-9.28039
1.12727
-1.24238
-2.53948
-3.58988
-4.51394
-5.33048
-6.04616
-6.66696
-7.19857
-7.64597
-8.0132
-8.30346
-8.51915
-8.662
-8.73315
-1.57106
-2.17958
-2.92474
-3.6954
-4.44082
-5.13419
-5.76235
-6.31974
-6.80476
-7.21761
-7.55927
-7.8309
-8.03358
-8.16818
-8.23533
-3.84679
-3.02188
-3.29228
-3.81845
-4.40385
-4.9832
-5.52768
-6.02279
-6.46105
-6.8387
-7.15398
-7.40623
-7.59529
-7.72121
-7.78414
-2.18502
-3.10354
-3.48221
-3.90038
-4.37108
-4.85642
-5.32729
-5.76532
-6.15944
-6.50309
-6.79248
-7.02545
-7.20084
-7.318
-7.37664
-4.39569
-3.56007
-3.64471
-3.94583
-4.32815
-4.7397
-5.14971
-5.53835
-5.89287
-6.20516
-6.47015
-6.68467
-6.84682
-6.95543
-7.00987
-2.42974
-3.37754
-3.65688
-3.93488
-4.26494
-4.62404
-4.98697
-5.33509
-5.65563
-5.94009
-6.18286
-6.38028
-6.52997
-6.63047
-6.68092
-4.56246
-3.6592
-3.66997
-3.88778
-4.18156
-4.50573
-4.83453
-5.15097
-5.44345
-5.70398
-5.92708
-6.10902
-6.2473
-6.34028
-6.387
-2.49283
-3.3061
-3.5393
-3.78791
-4.07709
-4.3842
-4.69067
-4.98351
-5.25346
-5.49386
-5.69988
-5.86809
-5.99608
-6.08222
-6.12553
-4.68797
-3.35582
-3.39793
-3.65988
-3.96018
-4.26311
-4.55628
-4.83194
-5.084
-5.30761
-5.49895
-5.6551
-5.77392
-5.85391
-5.89414
-0.445001
-2.45118
-3.1039
-3.50521
-3.84144
-4.1488
-4.43407
-4.69675
-4.9343
-5.14378
-5.32245
-5.46803
-5.57873
-5.65322
-5.69068
-2.17201
-2.48642
-2.98446
-3.39573
-3.74276
-4.04983
-4.32754
-4.57902
-4.8041
-5.00134
-5.16894
-5.3052
-5.40867
-5.47826
-5.51324
-1.47369
-2.39414
-2.92528
-3.33088
-3.67183
-3.97126
-4.23924
-4.47963
-4.69324
-4.87949
-5.0372
-5.16514
-5.26215
-5.32734
-5.3601
-2.34307
-2.57221
-2.95327
-3.31093
-3.62973
-3.91453
-4.1701
-4.39883
-4.6014
-4.77745
-4.92615
-5.04655
-5.13773
-5.19896
-5.2297
-2.1884
-2.64475
-2.99752
-3.31797
-3.61123
-3.87812
-4.11959
-4.33622
-4.52797
-4.6944
-4.83476
-4.94825
-5.03412
-5.09174
-5.12066
-2.58167
-2.78922
-3.06421
-3.34391
-3.61105
-3.85936
-4.08635
-4.29087
-4.47215
-4.62945
-4.76203
-4.86914
-4.95013
-5.00445
-5.03171
-2.67856
-2.88685
-3.12762
-3.37858
-3.62396
-3.85541
-4.06872
-4.26167
-4.43297
-4.58168
-4.70698
-4.80819
-4.88468
-4.93596
-4.96169
-2.78296
-2.96191
-3.18396
-3.41712
-3.64655
-3.86407
-4.06522
-4.24752
-4.4095
-4.55015
-4.66868
-4.7644
-4.83673
-4.88522
-4.90954
-2.76303
-3.00702
-3.2326
-3.45826
-3.67741
-3.88411
-4.07481
-4.24748
-4.40084
-4.534
-4.64622
-4.73685
-4.80534
-4.85126
-4.8743
-2.93748
-3.06491
-3.28117
-3.50392
-3.71691
-3.91526
-4.09694
-4.26084
-4.40622
-4.5324
-4.63876
-4.72468
-4.78964
-4.8332
-4.85505
-2.65953
-3.06111
-3.32525
-3.55635
-3.76659
-3.95801
-4.1314
-4.28708
-4.42493
-4.54458
-4.64549
-4.72707
-4.78879
-4.83021
-4.851
-3.076
-3.15273
-3.39227
-3.62328
-3.82936
-4.01327
-4.17817
-4.3257
-4.4563
-4.56978
-4.66564
-4.74326
-4.80206
-4.84155
-4.86138
-2.46578
-3.13129
-3.46521
-3.70752
-3.90752
-4.08174
-4.23703
-4.37607
-4.49955
-4.60722
-4.69846
-4.77253
-4.82874
-4.86654
-4.88554
-3.27231
-3.34009
-3.60179
-3.82114
-4.00358
-4.16335
-4.30717
-4.43726
-4.55379
-4.65609
-4.74321
-4.8142
-4.86821
-4.9046
-4.9229
-2.15276
-3.41421
-3.76777
-3.96041
-4.11541
-4.25605
-4.38685
-4.50786
-4.61791
-4.71549
-4.79917
-4.86766
-4.91993
-4.95521
-4.97298
-5.11383
-4.11878
-4.04552
-4.12581
-4.2372
-4.3556
-4.47333
-4.58609
-4.69069
-4.78457
-4.86568
-4.93239
-4.98346
-5.01799
-5.03541
-3.8092
-4.18319
-4.21664
-4.26963
-4.35413
-4.45561
-4.56326
-4.66999
-4.77092
-4.86252
-4.94219
-5.00798
-5.05848
-5.09267
-5.10993
-5.13218
-4.48409
-4.3742
-4.39156
-4.45928
-4.55135
-4.65384
-4.75793
-4.85763
-4.94876
-5.02834
-5.0942
-5.14482
-5.17912
-5.19643
-4.01778
-4.41121
-4.44339
-4.47852
-4.54753
-4.63984
-4.74333
-4.84893
-4.9503
-5.04303
-5.12401
-5.19102
-5.2425
-5.27737
-5.29497
-5.13123
-4.5892
-4.51053
-4.54195
-4.61962
-4.72059
-4.83134
-4.94286
-5.04898
-5.14548
-5.22939
-5.29863
-5.35171
-5.38762
-5.40573
-4.1199
-4.4454
-4.50123
-4.57328
-4.67552
-4.79454
-4.91884
-5.04054
-5.15435
-5.25666
-5.34497
-5.41746
-5.47285
-5.51025
-5.52908
-4.96797
-4.48884
-4.48066
-4.58365
-4.71977
-4.86484
-5.00815
-5.1437
-5.2677
-5.37759
-5.47153
-5.54817
-5.60649
-5.64576
-5.66552
-4.06323
-4.20522
-4.38288
-4.57104
-4.75779
-4.93638
-5.10286
-5.25488
-5.39086
-5.5096
-5.61012
-5.69161
-5.75336
-5.79484
-5.81567
-3.05983
-3.8968
-4.27782
-4.5594
-4.80151
-5.01632
-5.20763
-5.37722
-5.52599
-5.65425
-5.76194
-5.84876
-5.91432
-5.95826
-5.9803
-3.96456
-3.90501
-4.24183
-4.57518
-4.86417
-5.11259
-5.32748
-5.51401
-5.67536
-5.81321
-5.92826
-6.02067
-6.09029
-6.13689
-6.16025
-2.42118
-3.63793
-4.20824
-4.62178
-4.95502
-5.23216
-5.46703
-5.66831
-5.84106
-5.98799
-6.11031
-6.20841
-6.28226
-6.33166
-6.35642
-3.96811
-3.81975
-4.28353
-4.72413
-5.08485
-5.38108
-5.62992
-5.84241
-6.0247
-6.17987
-6.30919
-6.41301
-6.49121
-6.54355
-6.56979
-1.68267
-3.57647
-4.3749
-4.88198
-5.25946
-5.56292
-5.81805
-6.03748
-6.22719
-6.38971
-6.52579
-6.63539
-6.71812
-6.77357
-6.80139
-4.16306
-4.09383
-4.66861
-5.12984
-5.48548
-5.77832
-6.03098
-6.2532
-6.44858
-6.6179
-6.76078
-6.87643
-6.964
-7.02279
-7.05231
-0.610462
-4.16395
-5.04118
-5.45103
-5.75511
-6.02163
-6.26505
-6.48757
-6.68806
-6.86446
-7.0147
-7.13697
-7.22986
-7.29234
-7.32374
-9.15902
-6.09257
-5.73833
-5.84568
-6.05083
-6.281
-6.51363
-6.73725
-6.94427
-7.12919
-7.28803
-7.41792
-7.51684
-7.58347
-7.61697
-5.2681
-6.13769
-6.11494
-6.17241
-6.32918
-6.53867
-6.76846
-6.99847
-7.21583
-7.41205
-7.58148
-7.72038
-7.82627
-7.89761
-7.93348
-8.64155
-6.80247
-6.43584
-6.43017
-6.57094
-6.78223
-7.02316
-7.26849
-7.50207
-7.71351
-7.89615
-8.04575
-8.15969
-8.23637
-8.27491
-5.4238
-6.4447
-6.50607
-6.58626
-6.76373
-7.00521
-7.27481
-7.54666
-7.80368
-8.03498
-8.23376
-8.39591
-8.51899
-8.60163
-8.64311
-8.19118
-6.75325
-6.56325
-6.67478
-6.91208
-7.20867
-7.5249
-7.83514
-8.12317
-8.37903
-8.59681
-8.77319
-8.90638
-8.99549
-9.04011
-5.26295
-6.19517
-6.41103
-6.67597
-7.01927
-7.3985
-7.77914
-8.13906
-8.46501
-8.74952
-8.98862
-9.18047
-9.32438
-9.42024
-9.46811
-7.35674
-6.13455
-6.22474
-6.62274
-7.10151
-7.58735
-8.04778
-8.46656
-8.83564
-9.15154
-9.41325
-9.62105
-9.77577
-9.8783
-9.92937
-4.62979
-5.16254
-5.82468
-6.51344
-7.17884
-7.79384
-8.34535
-8.82858
-9.24322
-9.59119
-9.87531
-10.0985
-10.2634
-10.3721
-10.4261
-1.53283
-4.10068
-5.40612
-6.42037
-7.29118
-8.04442
-8.69036
-9.23823
-9.69709
-10.0752
-10.3797
-10.6164
-10.79
-10.9039
-10.9603
-3.81791
-3.91549
-5.18979
-6.4269
-7.48518
-8.36952
-9.10346
-9.7097
-10.207
-10.6103
-10.9311
-11.1782
-11.3582
-11.4757
-11.5337
1.13011
-2.9131
-4.9993
-6.55761
-7.79997
-8.79908
-9.60525
-10.2568
-10.7823
-11.2028
-11.5337
-11.7866
-11.9697
-12.0887
-12.1473
-3.2376
-3.26975
-5.1754
-6.90775
-8.2837
-9.36262
-10.2144
-10.8914
-11.4305
-11.8573
-12.1906
-12.4435
-12.6257
-12.7437
-12.8017
4.54061
-2.32534
-5.47184
-7.50538
-8.97369
-10.0839
-10.945
-11.6219
-12.1565
-12.577
-12.9032
-13.1496
-13.3263
-13.4404
-13.4964
-3.30491
-3.96387
-6.54119
-8.49555
-9.91236
-10.9782
-11.8034
-12.4513
-12.9618
-13.362
-13.6713
-13.904
-14.0703
-14.1774
-14.2299
9.69898
-4.27019
-8.04315
-9.859
-11.0948
-12.0396
-12.7849
-13.3761
-13.8437
-14.2101
-14.4927
-14.7045
-14.8555
-14.9525
-14.9999
-22.4391
-11.6572
-10.9042
-11.6253
-12.4792
-13.2396
-13.8733
-14.3869
-14.7959
-15.1165
-15.3631
-15.5473
-15.6781
-15.7619
-15.8028
-7.22169
-12.0798
-12.7416
-13.2993
-13.9287
-14.5276
-15.0451
-15.4702
-15.8094
-16.0743
-16.2768
-16.4272
-16.5334
-16.6011
-16.6341
-22.09
-15.4164
-14.6512
-14.9236
-15.3993
-15.8722
-16.281
-16.6133
-16.8745
-17.0754
-17.2268
-17.3378
-17.4154
-17.4645
-17.4883
-8.13332
-14.65
-15.8403
-16.4066
-16.872
-17.2613
-17.57
-17.8056
-17.9815
-18.1109
-18.2049
-18.2716
-18.3171
-18.3454
-18.359
-23.2615
-17.5826
-17.4627
-17.9598
-18.3974
-18.7063
-18.9097
-19.0395
-19.1209
-19.1711
-19.2018
-19.2201
-19.2308
-19.2366
-19.2391
-8.72294
-16.6547
-18.6566
-19.5543
-20.0123
-20.2245
-20.3006
-20.3071
-20.2818
-20.2449
-20.2072
-20.174
-20.1479
-20.1301
-20.1211
-25.4992
-19.8446
-20.6174
-21.4542
-21.7979
-21.8371
-21.7398
-21.5968
-21.4506
-21.3193
-21.2095
-21.1229
-21.0592
-21.0174
-20.9967
-9.37925
-18.5712
-22.5338
-23.6964
-23.7951
-23.5445
-23.2108
-22.8888
-22.6092
-22.3787
-22.1957
-22.056
-21.9553
-21.89
-21.858
13.124
-20.9293
-26.3946
-26.6773
-26.0348
-25.3097
-24.6736
-24.1513
-23.7336
-23.4052
-23.1519
-22.962
-22.8266
-22.7397
-22.6971
-80.636
-43.1401
-33.8545
-30.3008
-28.3318
-27.0131
-26.0575
-25.3411
-24.7959
-24.3796
-24.0641
-23.8301
-23.6644
-23.5584
-23.5067
-60.5234
-45.7605
-37.3339
-32.8239
-30.1771
-28.4644
-27.2753
-26.4119
-25.7687
-25.2841
-24.9197
-24.6507
-24.4608
-24.3395
-24.2803
-50.6628
-43.9806
-38.0934
-34.0531
-31.3739
-29.5522
-28.2668
-27.3298
-26.6314
-26.1051
-25.709
-25.4164
-25.2096
-25.0773
-25.0128
-45.4427
-41.6486
-37.5703
-34.337
-31.975
-30.2676
-29.0162
-28.0821
-27.3747
-26.8355
-26.4266
-26.1225
-25.9067
-25.7682
-25.7005
-42.8574
-39.5139
-36.4605
-34.0159
-32.1216
-30.6663
-29.5454
-28.6769
-28.001
-27.4756
-27.0712
-26.7674
-26.55
-26.4099
-26.3412
-42.5939
-37.1778
-34.9279
-33.3125
-31.9635
-30.8328
-29.8993
-29.138
-28.5229
-28.0316
-27.646
-27.3521
-27.1398
-27.002
-26.9341
-13.0726
-13.0581
-13.0273
-12.9766
-12.9
-12.7881
-12.6266
-12.394
-12.0561
-11.5584
-10.8089
-9.65149
-7.83474
-5.11571
-2.53568
-13.9645
-13.9643
-13.9632
-13.9595
-13.9509
-13.9339
-13.9041
-13.8565
-13.7866
-13.6951
-13.6024
-13.5936
-13.9604
-15.6472
-21.5901
-14.8566
-14.8715
-14.9016
-14.9474
-15.0102
-15.0925
-15.1995
-15.3413
-15.5385
-15.833
-16.3121
-17.16
-18.7661
-21.9226
-28.0406
-15.7338
-15.7636
-15.8243
-15.9183
-16.0499
-16.2265
-16.46
-16.7708
-17.1932
-17.7864
-18.6529
-19.9681
-22.0213
-25.2365
-30.0568
-16.5811
-16.6247
-16.7136
-16.8515
-17.0448
-17.3034
-17.6433
-18.0887
-18.6771
-19.4666
-20.5448
-22.0384
-24.1145
-26.9455
-30.5853
-17.3849
-17.4406
-17.554
-17.7294
-17.9741
-18.2992
-18.7211
-19.2634
-19.96
-20.8582
-22.0212
-23.5263
-25.4529
-27.8455
-30.6402
-18.133
-18.1987
-18.3322
-18.538
-18.8232
-19.1983
-19.6784
-20.2837
-21.0413
-21.9851
-23.1554
-24.5927
-26.3251
-28.3434
-30.5649
-18.8154
-18.8891
-19.0383
-19.2672
-19.5822
-19.9925
-20.5105
-21.1519
-21.9362
-22.8857
-24.0225
-25.3638
-26.9116
-28.6382
-30.4717
-19.4242
-19.5038
-19.6646
-19.9102
-20.2459
-20.6791
-21.219
-21.8772
-22.6661
-23.5987
-24.6851
-25.9286
-27.3192
-28.8263
-30.3932
-19.9534
-20.0373
-20.2063
-20.4632
-20.8122
-21.2588
-21.8094
-22.4715
-23.2524
-24.158
-25.1907
-26.3463
-27.6103
-28.9544
-30.3353
-20.3988
-20.4855
-20.6599
-20.9241
-21.281
-21.7344
-22.2884
-22.9472
-23.714
-24.5902
-25.5734
-26.6556
-27.8213
-29.0456
-30.2953
-20.7576
-20.8461
-21.0238
-21.2923
-21.6533
-22.1093
-22.6626
-23.3147
-24.0662
-24.9154
-25.8571
-26.8815
-27.9735
-29.1116
-30.2692
-21.0278
-21.1174
-21.2971
-21.5678
-21.9307
-22.3871
-22.9378
-23.5829
-24.3208
-25.1481
-26.0579
-27.04
-28.0796
-29.1579
-30.2529
-21.2084
-21.2986
-21.4793
-21.7511
-22.1147
-22.5706
-23.1187
-23.7581
-24.4861
-25.2981
-26.1866
-27.1409
-28.147
-29.1877
-30.2436
-21.2988
-21.3893
-21.5704
-21.8426
-22.2064
-22.6618
-23.2084
-23.8446
-24.5675
-25.3717
-26.2494
-27.19
-28.1798
-29.2023
-30.2394
-24.0169
-100.616
-110.273
-68.0315
-52.5555
-38.0206
-30.7409
-19.6155
-27.2437
-30.8402
-36.3083
-40.2286
-48.0859
-56.1329
-77.1688
-76.9987
-55.3886
-47.0206
-38.6663
-34.4405
-28.4884
-24.6298
-16.836
-24.6077
-28.4537
-34.3725
-38.5758
-46.8735
-55.213
-76.7722
-76.925
-55.89
-47.7243
-39.4738
-35.2789
-29.2966
-25.3869
-17.3999
-25.506
-29.538
-35.758
-40.1833
-48.9217
-57.6898
-80.332
-80.5304
-58.5662
-50.0403
-41.42
-37.0356
-30.7753
-26.6796
-18.2972
-26.8647
-31.1359
-37.7394
-42.4341
-51.7039
-60.9649
-84.8432
-85.0075
-61.6829
-52.6561
-43.5991
-38.999
-32.4461
-28.1598
-19.3711
-28.5714
-33.2273
-40.5242
-45.776
-56.2219
-66.6866
-93.6534
-94.2789
-69.4519
-60.1354
-51.4615
-47.3475
-42.1839
-38.8899
-32.2526
-63.829
-61.6803
-23.4442
-11.9699
-8.85165
-10.0618
-18.1807
-37.1602
-61.6255
-68.9357
-59.3644
-50.1232
-41.8255
-35.9719
-31.8411
-32.8524
-35.1408
-38.5179
-42.3808
-47.471
-53.1814
-59.6296
-59.4559
-52.6297
-46.574
-41.1058
-36.8591
-33.0049
-30.1101
-28.0939
-30.1157
-33.0161
-36.8703
-41.1138
-46.5695
-52.6116
-59.4151
-59.5589
-53.0536
-47.2101
-41.8752
-37.7046
-33.8875
-31.0143
-29.0258
-31.2009
-34.2793
-38.3527
-42.8332
-48.5876
-54.9555
-62.1251
-62.3157
-55.5433
-49.4526
-43.8873
-39.5349
-35.5493
-32.5513
-30.484
-32.8012
-36.0696
-40.3906
-45.1378
-51.2275
-57.9492
-65.5002
-65.6685
-58.471
-52.0227
-46.1589
-41.589
-37.4225
-34.3111
-32.2091
-34.7826
-38.4037
-43.2158
-48.5469
-55.4338
-63.0918
-71.7882
-72.3851
-64.983
-58.4436
-52.7131
-48.4487
-44.8654
-42.4892
-41.7304
-46.9906
-43.9465
-31.7956
-23.877
-20.322
-20.2368
-23.1989
-37.3298
-47.3387
-51.908
-50.2219
-46.3322
-42.1109
-38.7219
-36.6622
-36.6221
-37.8735
-40.0279
-42.7656
-45.9633
-49.1674
-51.6261
-51.4927
-48.7612
-45.2814
-41.7861
-38.7128
-36.1396
-34.3252
-33.5372
-34.3585
-36.2052
-38.8075
-41.9062
-45.421
-48.9139
-51.648
-51.7674
-49.264
-45.9635
-42.6001
-39.6214
-37.1189
-35.3678
-34.6561
-35.5952
-37.5877
-40.361
-43.6487
-47.3701
-51.0668
-53.9678
-54.1279
-51.5384
-48.1086
-44.6079
-41.5062
-38.901
-37.083
-36.357
-37.368
-39.4873
-42.4282
-45.9083
-49.8411
-53.7392
-56.7881
-56.9364
-54.18
-50.5476
-46.8556
-43.5982
-40.8796
-39.0087
-38.3142
-39.4854
-41.8648
-45.1603
-49.0776
-53.5352
-58.0018
-61.5862
-62.01
-59.272
-55.5869
-51.8538
-48.5688
-45.8088
-43.7593
-42.5409
-42.1103
-39.3265
-34.0525
-29.5005
-26.796
-26.0237
-26.8385
-35.7494
-40.8848
-43.888
-44.2528
-43.0187
-41.1979
-39.5578
-38.575
-38.532
-39.3059
-40.6981
-42.4879
-44.4463
-46.2267
-47.3553
-47.2707
-45.9701
-44.0114
-41.8588
-39.8461
-38.1819
-37.0622
-36.663
-37.1247
-38.3061
-40.0299
-42.0993
-44.3042
-46.309
-47.6461
-47.7525
-46.6226
-44.8073
-42.7711
-40.8525
-39.2682
-38.2247
-37.9094
-38.4723
-39.772
-41.6286
-43.8397
-46.1881
-48.3238
-49.7576
-49.8996
-48.7437
-46.8664
-44.7542
-42.7624
-41.1192
-40.042
-39.729
-40.3386
-41.722
-43.6894
-46.0269
-48.5047
-50.7521
-52.2531
-52.3869
-51.1507
-49.1582
-46.9263
-44.8315
-43.1162
-42.0123
-41.7326
-42.4486
-44.0066
-46.2092
-48.8305
-51.6235
-54.1822
-55.9352
-56.1881
-54.9247
-52.7991
-50.3492
-47.9331
-45.729
-43.8329
-42.2167
-40.6189
-38.2922
-35.2695
-32.4639
-30.4875
-29.5251
-29.4449
-34.3435
-37.5012
-39.6675
-40.5859
-40.5499
-40.0249
-39.4471
-39.1346
-39.2655
-39.8481
-40.7955
-41.9674
-43.1856
-44.2245
-44.8318
-44.7995
-44.1268
-43.0205
-41.7299
-40.4777
-39.4401
-38.7615
-38.5494
-38.8545
-39.6257
-40.7549
-42.0972
-43.4753
-44.6656
-45.4164
-45.5181
-44.9678
-43.9695
-42.7726
-41.6021
-40.6389
-40.033
-39.8979
-40.2885
-41.1544
-42.3856
-43.8328
-45.3126
-46.5917
-47.4074
-47.5404
-46.9876
-45.9627
-44.727
-43.5168
-42.5221
-41.9008
-41.7724
-42.1951
-43.1156
-44.4177
-45.9437
-47.4998
-48.8398
-49.6867
-49.8105
-49.2101
-48.1138
-46.7996
-45.5184
-44.4722
-43.8291
-43.7173
-44.1994
-45.2199
-46.6554
-48.3359
-50.0495
-51.5227
-52.4445
-52.5495
-51.8191
-50.4784
-48.7961
-46.9918
-45.2056
-43.5034
-41.8661
-40.1769
-38.2602
-36.1741
-34.2331
-32.719
-31.7562
-31.3077
-33.3268
-35.5452
-37.2437
-38.2937
-38.785
-38.9278
-38.9545
-39.0557
-39.3486
-39.865
-40.5696
-41.3804
-42.1833
-42.8436
-43.2293
-43.2504
-42.9081
-42.2948
-41.5457
-40.8002
-40.1815
-39.789
-39.6908
-39.9132
-40.43
-41.1732
-42.0433
-42.9171
-43.655
-44.1212
-44.2227
-43.9581
-43.4176
-42.736
-42.0534
-41.4951
-41.1634
-41.1292
-41.4203
-42.011
-42.8314
-43.779
-44.726
-45.5269
-46.0402
-46.1688
-45.9112
-45.3623
-44.6632
-43.961
-43.3873
-43.0495
-43.0223
-43.3349
-43.9597
-44.8233
-45.8172
-46.8063
-47.6374
-48.1615
-48.277
-47.9837
-47.383
-46.6253
-45.8669
-45.2475
-44.8811
-44.8467
-45.175
-45.8358
-46.7486
-47.7939
-48.8213
-49.6574
-50.1299
-50.1142
-49.592
-48.6498
-47.4187
-46.0246
-44.5613
-43.0805
-41.5902
-40.0627
-38.472
-36.8697
-35.3875
-34.1564
-33.2469
-32.6531
-32.6254
-34.3377
-35.754
-36.806
-37.522
-37.998
-38.3546
-38.7007
-39.1099
-39.6108
-40.1909
-40.8049
-41.3861
-41.8582
-42.1518
-42.2247
-42.0797
-41.7647
-41.3563
-40.9402
-40.597
-40.3926
-40.3708
-40.5478
-40.9081
-41.4086
-41.9841
-42.5547
-43.0356
-43.3512
-43.4547
-43.3455
-43.0691
-42.7007
-42.3257
-42.025
-41.8654
-41.8919
-42.1209
-42.5365
-43.0941
-43.7262
-44.3497
-44.8762
-45.227
-45.3533
-45.2544
-44.9784
-44.6038
-44.2202
-43.9127
-43.7512
-43.7829
-44.0248
-44.4601
-45.0415
-45.6974
-46.3404
-46.8771
-47.2247
-47.3323
-47.1998
-46.8785
-46.4521
-46.0154
-45.6584
-45.4549
-45.4538
-45.6717
-46.0887
-46.651
-47.2777
-47.8688
-48.3155
-48.5182
-48.4083
-47.9696
-47.2371
-46.2758
-45.1572
-43.9419
-42.6716
-41.3677
-40.0395
-38.7007
-37.3922
-36.1804
-35.1308
-34.2829
-33.6396
-32.1455
-33.5567
-34.7886
-35.8023
-36.6047
-37.24
-37.7699
-38.2548
-38.7389
-39.2428
-39.7632
-40.2765
-40.746
-41.1299
-41.3922
-41.5129
-41.4959
-41.3691
-41.178
-40.9754
-40.8128
-40.7331
-40.7647
-40.9183
-41.1845
-41.5362
-41.9319
-42.3216
-42.6542
-42.8865
-42.993
-42.9736
-42.8532
-42.6751
-42.4909
-42.3516
-42.2995
-42.3632
-42.5526
-42.8576
-43.2497
-43.6856
-44.1131
-44.4786
-44.737
-44.8619
-44.8529
-44.7363
-44.5573
-44.37
-44.2276
-44.1747
-44.2409
-44.4363
-44.7502
-45.1522
-45.5963
-46.0274
-46.3891
-46.6336
-46.7332
-46.6878
-46.5253
-46.2935
-46.0492
-45.8484
-45.7372
-45.7454
-45.8819
-46.1323
-46.4606
-46.8129
-47.1239
-47.3253
-47.3564
-47.176
-46.7704
-46.1538
-45.3596
-44.429
-43.4018
-42.3108
-41.1805
-40.0313
-38.8858
-37.7755
-36.7396
-35.8147
-35.0242
-34.3732
-31.8159
-33.0338
-34.1375
-35.1026
-35.9282
-36.6336
-37.2501
-37.8102
-38.3393
-38.8511
-39.3456
-39.8114
-40.229
-40.5767
-40.8364
-40.9994
-41.0701
-41.0663
-41.0161
-40.9528
-40.9092
-40.9131
-40.9832
-41.1265
-41.3378
-41.6003
-41.8882
-42.1708
-42.4174
-42.6028
-42.7126
-42.747
-42.7203
-42.6581
-42.5916
-42.5524
-42.5671
-42.6535
-42.8177
-43.0534
-43.3423
-43.6572
-43.9656
-44.2352
-44.4394
-44.5632
-44.6064
-44.584
-44.5227
-44.4549
-44.4138
-44.4269
-44.5126
-44.6772
-44.9135
-45.2021
-45.5139
-45.8146
-46.0697
-46.2511
-46.3429
-46.3446
-46.272
-46.1527
-46.0206
-45.9095
-45.8475
-45.8523
-45.9279
-46.0639
-46.2357
-46.4075
-46.5369
-46.5802
-46.4994
-46.2678
-45.875
-45.3264
-44.6397
-43.8399
-42.9537
-42.0064
-41.0207
-40.0179
-39.0201
-38.0518
-37.1391
-36.3049
-35.5647
-34.9238
-31.5883
-32.6753
-33.6861
-34.6038
-35.4245
-36.1555
-36.8117
-37.41
-37.9648
-38.4842
-38.9696
-39.4155
-39.8127
-40.1502
-40.4199
-40.6188
-40.7515
-40.8302
-40.8732
-40.9018
-40.9373
-40.998
-41.0961
-41.2369
-41.4174
-41.6277
-41.8521
-42.0719
-42.2687
-42.4278
-42.541
-42.6084
-42.6387
-42.6472
-42.653
-42.6755
-42.7314
-42.8316
-42.98
-43.1725
-43.3975
-43.638
-43.8741
-44.0859
-44.2577
-44.3805
-44.4543
-44.4879
-44.4972
-44.5017
-44.5218
-44.5744
-44.6709
-44.8148
-45.0015
-45.2186
-45.4477
-45.6673
-45.8564
-45.9979
-46.0821
-46.1085
-46.0859
-46.0302
-45.9616
-45.8999
-45.8617
-45.857
-45.8871
-45.944
-46.0107
-46.0633
-46.0738
-46.0141
-45.8592
-45.5919
-45.2041
-44.6976
-44.0827
-43.3752
-42.5935
-41.7572
-40.8855
-39.9973
-39.1117
-38.2482
-37.4255
-36.6597
-35.9622
-35.3382
-31.4309
-32.4265
-33.3687
-34.245
-35.0499
-35.785
-36.4565
-37.0727
-37.641
-38.1664
-38.6501
-39.0901
-39.4821
-39.8216
-40.1053
-40.3335
-40.5107
-40.6457
-40.751
-40.8408
-40.9293
-41.0288
-41.1477
-41.2899
-41.4542
-41.6349
-41.8225
-42.006
-42.1744
-42.3191
-42.4352
-42.5233
-42.5885
-42.6402
-42.6903
-42.7507
-42.8318
-42.9404
-43.0789
-43.2446
-43.4303
-43.6254
-43.8174
-43.9943
-44.1464
-44.2684
-44.3602
-44.427
-44.4784
-44.5262
-44.5829
-44.6588
-44.7607
-44.8908
-45.0458
-45.2178
-45.395
-45.564
-45.7116
-45.8272
-45.9045
-45.943
-45.9473
-45.9266
-45.8925
-45.8564
-45.8278
-45.8117
-45.8078
-45.8099
-45.8059
-45.7795
-45.7121
-45.5847
-45.3811
-45.0894
-44.7039
-44.2251
-43.6593
-43.0171
-42.312
-41.5591
-40.7741
-39.9729
-39.1716
-38.3858
-37.6299
-36.9162
-36.2539
-35.6479
-31.3231
-32.2544
-33.1464
-33.9888
-34.7758
-35.506
-36.181
-36.8042
-37.3792
-37.9087
-38.3937
-38.8337
-39.2273
-39.5731
-39.8706
-40.1217
-40.3305
-40.504
-40.651
-40.7816
-40.9056
-41.0316
-41.1658
-41.3111
-41.4676
-41.632
-41.7989
-41.9619
-42.1143
-42.2513
-42.37
-42.471
-42.5575
-42.6357
-42.7127
-42.7962
-42.8926
-43.0062
-43.1386
-43.2879
-43.4497
-43.6172
-43.7825
-43.9383
-44.0784
-44.1997
-44.302
-44.3883
-44.4646
-44.5381
-44.6163
-44.7056
-44.8101
-44.9309
-45.0657
-45.2094
-45.3542
-45.4916
-45.6129
-45.7115
-45.783
-45.8266
-45.8447
-45.8424
-45.8261
-45.8022
-45.7757
-45.7487
-45.7201
-45.6845
-45.6333
-45.555
-45.4366
-45.2653
-45.0298
-44.7221
-44.3381
-43.8779
-43.3458
-42.7496
-42.0994
-41.4072
-40.6859
-39.9488
-39.2093
-38.4802
-37.7734
-37.0989
-36.4644
-35.8749
-31.2516
-32.1389
-32.9954
-33.8123
-34.5837
-35.3065
-35.98
-36.6051
-37.183
-37.715
-38.202
-38.6441
-39.0414
-39.394
-39.703
-39.9707
-40.2013
-40.4004
-40.5747
-40.7318
-40.879
-41.0227
-41.1676
-41.3164
-41.4695
-41.6254
-41.7811
-41.9328
-42.0766
-42.2096
-42.3304
-42.4394
-42.5388
-42.6327
-42.7258
-42.823
-42.9285
-43.0451
-43.1738
-43.3134
-43.4609
-43.6119
-43.7615
-43.9047
-44.0377
-44.1584
-44.2666
-44.3642
-44.4549
-44.5432
-44.6337
-44.7305
-44.836
-44.9507
-45.073
-45.1992
-45.3242
-45.4421
-45.5472
-45.6347
-45.7016
-45.7469
-45.7716
-45.7784
-45.7707
-45.7518
-45.7242
-45.6883
-45.6422
-45.5816
-45.4998
-45.3881
-45.2373
-45.0381
-44.7825
-44.4648
-44.0819
-43.6342
-43.1248
-42.5597
-41.9473
-41.2972
-40.6204
-39.9281
-39.2319
-38.5426
-37.8705
-37.224
-36.6102
-36.0339
-31.2079
-32.0676
-32.9015
-33.7014
-34.4615
-35.178
-35.849
-36.4738
-37.0527
-37.5862
-38.0749
-38.5192
-38.9198
-39.2777
-39.5946
-39.8733
-40.1176
-40.3323
-40.5232
-40.6963
-40.8576
-41.0121
-41.1639
-41.3153
-41.4673
-41.6191
-41.7691
-41.915
-42.0545
-42.1857
-42.3078
-42.4214
-42.5282
-42.6309
-42.733
-42.8378
-42.9484
-43.0667
-43.1933
-43.3274
-43.4669
-43.6088
-43.7496
-43.8858
-44.0148
-44.1351
-44.2465
-44.3502
-44.4487
-44.5449
-44.6421
-44.7428
-44.8486
-44.9597
-45.0747
-45.1909
-45.3044
-45.4111
-45.5067
-45.5875
-45.6513
-45.6968
-45.7244
-45.7353
-45.7313
-45.7141
-45.6846
-45.6424
-45.5853
-45.5094
-45.4091
-45.2777
-45.1077
-44.8921
-44.6247
-44.3012
-43.9192
-43.4792
-42.9838
-42.4382
-41.8494
-41.2258
-40.5771
-39.9132
-39.2444
-38.5805
-37.9304
-37.3021
-36.702
-36.1348
-31.1872
-32.0336
-32.8564
-33.6478
-34.4021
-35.1151
-35.7843
-36.4087
-36.9879
-37.522
-38.0116
-38.4571
-38.8597
-39.2204
-39.5414
-39.8255
-40.0763
-40.2985
-40.4972
-40.6779
-40.8458
-41.0055
-41.1607
-41.3135
-41.4652
-41.6154
-41.7631
-41.9066
-42.0442
-42.1747
-42.2975
-42.4133
-42.5233
-42.63
-42.7361
-42.8444
-42.9573
-43.0763
-43.2019
-43.3336
-43.4696
-43.6074
-43.7442
-43.8773
-44.0045
-44.1246
-44.2373
-44.3437
-44.4456
-44.5454
-44.6454
-44.7478
-44.8536
-44.963
-45.0746
-45.1862
-45.2946
-45.3962
-45.4873
-45.5651
-45.6272
-45.6726
-45.7011
-45.7136
-45.7109
-45.6941
-45.6634
-45.6179
-45.5555
-45.4723
-45.3634
-45.2227
-45.0439
-44.8207
-44.5478
-44.2216
-43.8402
-43.4038
-42.9152
-42.3789
-41.8014
-41.1907
-40.5556
-39.9055
-39.25
-38.5983
-37.9591
-37.3397
-36.7464
-36.1839
-28.1033
-32.1893
-32.7576
-32.3352
-31.6228
-30.8652
-30.1572
-29.5334
-29.0025
-28.5626
-28.2082
-27.933
-27.7316
-27.5998
-27.5346
-27.4002
-30.2649
-31.3806
-31.5591
-31.2963
-30.8509
-30.3543
-29.8718
-29.4345
-29.0564
-28.7422
-28.493
-28.3078
-28.1853
-28.1244
-28.5357
-30.0897
-30.9408
-31.2243
-31.1523
-30.8879
-30.5374
-30.1649
-29.8076
-29.4861
-29.2114
-28.9889
-28.8212
-28.7092
-28.6532
-29.9559
-30.6173
-31.0684
-31.2452
-31.2006
-31.0111
-30.7424
-30.4429
-30.1448
-29.869
-29.6282
-29.4301
-29.279
-29.1772
-29.1261
-31.2382
-31.3553
-31.4704
-31.4875
-31.394
-31.2133
-30.9784
-30.7193
-30.4598
-30.2169
-30.0025
-29.8243
-29.6873
-29.5946
-29.5479
-32.2965
-32.0953
-31.9702
-31.8405
-31.6744
-31.4698
-31.2385
-30.9963
-30.7581
-30.5363
-30.3404
-30.1772
-30.0514
-29.966
-29.9229
-33.1422
-32.7594
-32.4746
-32.2298
-31.9932
-31.7531
-31.5096
-31.2692
-31.04
-30.8299
-30.6457
-30.4928
-30.375
-30.2951
-30.2547
-33.8098
-33.3255
-32.9389
-32.6109
-32.3157
-32.0395
-31.7777
-31.5309
-31.3027
-31.0975
-30.9198
-30.7732
-30.6608
-30.5847
-30.5463
-34.3328
-33.7939
-33.3445
-32.9594
-32.6192
-32.3117
-32.0307
-31.774
-31.5424
-31.3378
-31.1627
-31.0195
-30.9103
-30.8365
-30.7994
-34.7394
-34.1727
-33.6858
-33.2628
-32.89
-32.5575
-32.2592
-31.9921
-31.755
-31.5486
-31.3737
-31.2318
-31.1242
-31.0518
-31.0154
-35.0509
-34.4717
-33.9634
-33.516
-33.1204
-32.7691
-32.4567
-32.18
-31.9371
-31.7277
-31.5518
-31.4099
-31.3028
-31.2311
-31.195
-35.2835
-34.7
-34.1799
-33.7175
-33.3066
-32.9418
-32.6186
-32.3339
-32.0858
-31.8733
-31.6958
-31.5533
-31.4462
-31.3745
-31.3387
-35.4487
-34.8647
-34.3387
-33.8674
-33.4468
-33.0728
-32.7419
-32.4513
-32.1991
-31.9838
-31.8047
-31.6615
-31.554
-31.4823
-31.4464
-35.5547
-34.9716
-34.4428
-33.9666
-33.5403
-33.1607
-32.8249
-32.5304
-32.2753
-32.058
-31.8777
-31.7338
-31.626
-31.5542
-31.5183
-35.6065
-35.0241
-34.4943
-34.016
-33.587
-33.2048
-32.8666
-32.5702
-32.3136
-32.0953
-31.9144
-31.7701
-31.6621
-31.5902
-31.5542
)
;

boundaryField
{
    hot
    {
        type            calculated;
        value           nonuniform List<scalar> 
120
(
-31.9266
-31.8557
-31.7132
-31.4978
-31.2076
-30.8405
-30.394
-29.8657
-29.254
-28.5577
-27.7775
-26.9157
-25.9772
-24.9694
-23.9028
-22.8831
-21.934
-20.9723
-20.0076
-19.0492
-18.1058
-17.185
-16.2929
-15.4345
-14.6133
-13.8316
-13.0906
-12.3908
-11.732
-11.1136
-10.5346
-9.99386
-9.48986
-9.02098
-8.58541
-8.18119
-7.80622
-7.45834
-7.13536
-6.83516
-6.55569
-6.29505
-6.05154
-5.82363
-5.61002
-5.40956
-5.22128
-5.04431
-4.87787
-4.72127
-4.57381
-4.43486
-4.30379
-4.18004
-4.06309
-3.95247
-3.84784
-3.74891
-3.65552
-3.56758
-3.4851
-3.40814
-3.33684
-3.27135
-3.21185
-3.15853
-3.1116
-3.07127
-3.03778
-3.01138
-2.99239
-2.98114
-2.97806
-2.98363
-2.99839
-3.02299
-3.05811
-3.10455
-3.16314
-3.23482
-3.32053
-3.42129
-3.53813
-3.67208
-3.82419
-3.99545
-4.18687
-4.39939
-4.63397
-4.89157
-5.1732
-5.47994
-5.81301
-6.17374
-6.56358
-6.98408
-7.43678
-7.92312
-8.44423
-9.00074
-9.59259
-10.2187
-10.877
-11.564
-12.2748
-13.0762
-13.9645
-14.8529
-15.7264
-16.5703
-17.3711
-18.1167
-18.7972
-19.4044
-19.9326
-20.3772
-20.7355
-21.0054
-21.1859
-21.2762
)
;
    }
    cold
    {
        type            calculated;
        value           nonuniform List<scalar> 
120
(
-36.2162
-36.1895
-36.1346
-36.0479
-35.9244
-35.7569
-35.5369
-35.2536
-34.8953
-34.4491
-33.9019
-33.2419
-32.4595
-31.5495
-30.5118
-29.4497
-28.4088
-27.3033
-26.1461
-24.9518
-23.7355
-22.5118
-21.2945
-20.0954
-18.9248
-17.791
-16.7004
-15.6579
-14.6674
-13.7312
-12.8512
-12.0281
-11.2621
-10.5528
-9.89896
-9.29904
-8.75091
-8.2521
-7.79986
-7.39131
-7.0235
-6.69355
-6.39871
-6.13638
-5.90422
-5.70007
-5.52201
-5.3683
-5.2374
-5.1279
-5.03853
-4.96813
-4.91564
-4.88007
-4.86053
-4.8562
-4.86635
-4.8903
-4.92749
-4.97744
-5.03978
-5.11426
-5.20078
-5.29939
-5.41028
-5.53381
-5.67047
-5.82089
-5.98582
-6.16609
-6.36262
-6.57636
-6.80835
-7.05971
-7.33161
-7.62537
-7.94248
-8.28457
-8.6535
-9.05128
-9.48008
-9.94211
-10.4395
-10.9743
-11.5481
-12.1619
-12.8161
-13.5102
-14.2429
-15.0116
-15.8129
-16.6422
-17.4941
-18.3623
-19.2397
-20.1188
-20.9916
-21.8501
-22.6866
-23.4939
-24.2657
-24.9969
-25.6838
-26.3242
-26.9173
-27.5183
-28.1092
-28.6392
-29.1133
-29.5361
-29.912
-30.2446
-30.5366
-30.7901
-31.0063
-31.186
-31.3297
-31.4374
-31.5093
-31.5452
)
;
    }
    interface_left
    {
        type            calculated;
        value           nonuniform List<scalar> 
90
(
-62.0163
-113.999
57.1098
-3.42439
24.9322
-2.50939
10.5942
-2.52998
-13.0112
-2.82939
-14.4522
-3.23387
-15.6052
-3.45448
-18.7199
9.36669
-4.13815
3.51865
-4.13299
0.681083
-4.17405
-1.29986
-4.14828
-6.70263
-4.08968
-7.3403
-4.02517
-7.90219
-3.90554
-9.17693
1.00241
-3.96218
-0.703536
-3.75417
-1.50548
-3.58587
-2.11395
-3.40181
-4.61009
-3.21637
-4.86528
-3.04759
-5.10072
-2.86272
-5.72639
-0.0622472
-2.78159
-0.896454
-2.55964
-1.26656
-2.36495
-1.54153
-2.16631
-2.70591
-1.97123
-2.60818
-1.78567
-2.37821
-1.60453
-2.04933
-1.35007
-1.43876
-1.61135
-1.27105
-1.75855
-1.12856
-1.77752
-1.02353
-0.00693606
-0.965229
1.08078
-0.958028
2.6397
-1.04414
5.72921
-8.72995
-0.864738
-7.5241
-1.05598
-7.31671
-1.329
-7.08103
-1.96096
4.41567
-9.99826
-3.50982
1.26382
7.16446
17.604
41.6033
)
;
    }
    interface_right
    {
        type            calculated;
        value           nonuniform List<scalar> 
90
(
-186.801
-261.573
111.401
-4.76689
47.5635
-2.11393
21.7124
-1.38247
-19.7616
-0.953727
-21.497
-0.837654
-22.6831
-0.607524
-27.2216
21.7677
-1.36459
11.4388
-1.15556
6.30212
-1.22229
2.76039
-1.3205
-4.70533
-1.45428
-5.19402
-1.63751
-5.39409
-1.80152
-5.94779
1.13287
-2.12982
-0.861398
-2.30598
-1.91771
-2.50723
-2.58556
-2.70987
-2.63108
-2.91338
-2.40095
-3.11687
-1.99955
-3.34499
-1.13434
-6.008
-3.45203
-5.67865
-3.64837
-5.59414
-3.82341
-5.39999
-4.00556
-2.45083
-4.1832
-1.54397
-4.33863
-0.291778
-4.54327
2.3112
-11.8563
-4.3785
-10.1661
-4.45173
-9.4254
-4.43913
-8.5033
-4.41341
0.277596
-4.33299
3.95633
-4.15078
9.45266
-4.08278
21.0046
-32.189
-2.78017
-27.9525
-2.49078
-28.5759
-2.20292
-31.3645
-3.17281
42.259
-111.201
-69.7428
-53.8936
-47.0186
-44.5209
-46.6444
)
;
    }
    interface_top
    {
        type            calculated;
        value           nonuniform List<scalar> 
90
(
-24.0169
-100.616
-110.273
-68.0315
-52.5555
-38.0206
-30.7409
-19.6155
-27.2437
-30.8402
-36.3083
-40.2286
-48.0859
-56.1329
-77.1688
-76.9987
-55.3886
-47.0206
-38.6663
-34.4405
-28.4884
-24.6298
-16.836
-24.6077
-28.4537
-34.3725
-38.5758
-46.8735
-55.213
-76.7722
-76.925
-55.89
-47.7243
-39.4738
-35.2789
-29.2966
-25.3869
-17.3999
-25.506
-29.538
-35.758
-40.1833
-48.9217
-57.6898
-80.332
-80.5304
-58.5662
-50.0403
-41.42
-37.0356
-30.7753
-26.6796
-18.2972
-26.8647
-31.1359
-37.7394
-42.4341
-51.7039
-60.9649
-84.8432
-85.0075
-61.6829
-52.6561
-43.5991
-38.999
-32.4461
-28.1598
-19.3711
-28.5714
-33.2273
-40.5242
-45.776
-56.2219
-66.6866
-93.6534
-94.2789
-69.4519
-60.1354
-51.4615
-47.3475
-42.1839
-38.8899
-32.2526
-63.829
-61.6803
-23.4442
-11.9699
-8.85165
-10.0618
-18.1807
)
;
    }
    interface_bottom
    {
        type            calculated;
        value           nonuniform List<scalar> 
90
(
-41.2124
-79.9308
-83.2308
-56.6975
-46.3676
-35.5263
-29.6044
-19.46
-27.7453
-31.722
-37.7641
-42.0371
-50.5007
-59.0435
-81.2396
-81.0451
-58.1939
-49.3269
-40.4439
-35.9471
-29.6245
-25.5436
-17.374
-25.3235
-29.2092
-35.1514
-39.3173
-47.5111
-55.6447
-76.6269
-76.4631
-54.9256
-46.5752
-38.2266
-33.998
-28.0521
-24.2043
-16.4857
-24.035
-27.7206
-33.3507
-37.2909
-45.0365
-52.6922
-72.4127
-72.2213
-51.8482
-43.9583
-36.0972
-32.1147
-26.5175
-22.8899
-15.6033
-22.7503
-26.241
-31.5736
-35.3077
-42.6478
-49.9222
-68.6775
-68.5221
-49.2382
-41.769
-34.3206
-30.5438
-25.2254
-21.778
-14.8479
-21.6389
-24.9618
-30.0422
-33.6174
-40.6585
-47.7153
-65.9793
-65.9534
-47.6177
-40.5358
-33.5242
-29.9923
-25.1151
-21.9367
-15.6547
-25.4525
-24.5808
-11.8238
-9.15277
-11.2607
-20.3733
-50.2148
)
;
    }
    defaultFaces
    {
        type            empty;
    }
}


// ************************************************************************* //
