/*--------------------------------*- C++ -*----------------------------------*\
| =========                 |                                                 |
| \\      /  F ield         | OpenFOAM: The Open Source CFD Toolbox           |
|  \\    /   O peration     | Version:  5.x                                   |
|   \\  /    A nd           | Web:      www.OpenFOAM.org                      |
|    \\/     M anipulation  |                                                 |
\*---------------------------------------------------------------------------*/
FoamFile
{
    version     2.0;
    format      ascii;
    class       volScalarField;
    location    "12.5001";
    object      gradTy;
}
// * * * * * * * * * * * * * * * * * * * * * * * * * * * * * * * * * * * * * //

dimensions      [0 -1 0 1 0 0 0];

internalField   nonuniform List<scalar> 
6300
(
32284.1
32252.2
32220.2
32188
32155.6
32122.8
32089.7
32056.2
32022.1
31987.6
31952.5
31916.8
31880.5
31843.6
31806.1
0.0533939
0.159685
0.264449
0.366559
0.464724
0.557453
0.643036
0.719558
0.784966
0.837194
0.874347
0.894957
0.898261
0.884488
0.855046
0.089544
0.267842
0.44371
0.615329
0.780598
0.937053
1.08182
1.21164
1.32295
1.4121
1.47565
1.51084
1.51609
1.49158
1.43963
0.126485
0.378433
0.627224
0.870457
1.1053
1.32836
1.53558
1.72226
1.88313
2.01264
2.10536
2.15671
2.16375
2.12616
2.04709
0.164449
0.492185
0.816305
1.13399
1.44181
1.73552
2.00991
2.25872
2.47473
2.65001
2.77652
2.84696
2.8561
2.80231
2.6891
0.203579
0.609558
1.01184
1.4074
1.79245
2.16204
2.50986
2.82805
3.10712
3.33624
3.5038
3.59858
3.61147
3.53793
3.38075
0.243892
0.730642
1.21409
1.69136
2.15857
2.61036
3.03951
3.43655
3.78953
4.08408
4.30393
4.43212
4.45332
4.35719
4.14321
0.285241
0.855036
1.42254
1.98542
2.54015
3.08137
3.60133
4.08917
4.53044
4.90669
5.19573
5.37268
5.41246
5.29424
5.00858
0.327282
0.981736
1.63561
2.28767
2.93527
3.57371
4.1953
4.78842
5.33639
5.81653
6.19961
6.45033
6.52947
6.39856
6.02859
0.369435
1.10903
1.85054
2.59439
3.3396
4.08293
4.8178
5.53286
6.2102
6.8234
7.33575
7.6994
7.85634
7.74171
7.28998
0.41087
1.23441
2.06314
2.89979
3.74585
4.60064
5.46014
6.31502
7.14812
7.93104
8.62044
9.15501
9.45471
9.42209
8.93845
0.450509
1.35461
2.26784
3.19583
4.14338
5.1137
6.10711
7.11896
8.13615
9.13206
10.0598
10.8455
11.386
11.5554
11.2008
0.487071
1.4657
2.45779
3.47232
4.51818
5.60367
6.73565
7.91751
9.14535
10.4011
11.6412
12.7819
13.691
14.2202
14.3192
0.519153
1.56333
2.6253
3.71753
4.85335
6.04717
7.31431
8.67002
10.1265
11.6856
13.3222
14.9515
16.3833
17.3378
17.972
0.545368
1.64318
2.76256
3.91915
5.13055
6.41737
7.80438
9.32168
11.005
12.8926
15.0105
17.3216
19.5671
20.829
18.6177
31771.3
31739.2
31706.7
31673.9
31640.9
31607.5
31573.8
31539.9
31505.8
31471.4
31436.9
31402.3
31367.5
31332.5
31297.5
31262.5
31227.4
31192.2
31157.1
31122
31087
31051.9
31016.9
30982
30947.1
30912.2
30877.4
30842.7
30808
30773.4
30738.8
30704.4
30670
30635.8
30601.6
30567.6
30533.6
30499.8
30466.1
30432.4
30398.9
30365.4
30332.1
30298.8
30265.6
30232.6
30199.6
30166.7
30134
30101.4
30068.9
30036.5
30004.2
29972
29939.9
29907.9
29876
29844.2
29812.5
29780.8
29749.3
29717.8
29686.5
29655.2
29624.1
29593
29562.1
29531.2
29500.5
29469.8
29439.2
29408.6
29378.1
29347.7
29317.3
29287
29256.8
29226.6
29196.4
29166.4
29136.3
29106.3
29076.3
29046.3
29016.2
28986.1
28955.9
28925.7
28895.3
28864.9
0.816079
0.773848
0.727085
0.678005
0.628459
0.579686
0.532184
0.485727
0.439544
0.392607
0.343978
0.293135
0.240208
0.186078
0.132315
0.080953
0.0341611
-0.00613848
-0.0386179
-0.0627918
-0.0791199
-0.0889492
-0.0943096
-0.0975985
-0.101208
-0.107152
-0.116758
-0.130469
-0.147788
-0.167394
-0.187388
-0.205654
-0.220243
-0.229734
-0.233482
-0.231729
-0.225559
-0.216706
-0.207264
-0.199332
-0.194668
-0.194392
-0.198802
-0.207324
-0.218616
-0.230807
-0.241829
-0.249791
-0.253305
-0.251728
-0.245263
-0.23491
-0.222291
-0.209369
-0.198112
-0.190165
-0.186568
-0.187584
-0.192647
-0.200467
-0.209246
-0.217007
-0.221931
-0.222683
-0.218627
-0.209928
-0.1975
-0.182838
-0.167743
-0.154001
-0.14306
-0.135757
-0.132142
-0.131427
-0.132076
-0.13202
-0.128978
-0.120808
-0.105849
-0.083202
-0.0528941
-0.0159388
0.0257255
0.0693975
0.11186
0.149696
0.179644
0.198969
0.205794
0.199352
1.37108
1.29707
1.21561
1.13086
1.0463
0.964212
0.885382
0.80916
0.7338
0.657042
0.576807
0.491847
0.402225
0.309512
0.216671
0.127623
0.0465839
-0.0226897
-0.0775917
-0.11715
-0.142223
-0.15538
-0.160505
-0.162186
-0.165
-0.172798
-0.188105
-0.21174
-0.242705
-0.278392
-0.315077
-0.348609
-0.375182
-0.392024
-0.397887
-0.393247
-0.380207
-0.362128
-0.343055
-0.327046
-0.317493
-0.31656
-0.32482
-0.341154
-0.362944
-0.386542
-0.407918
-0.423388
-0.430266
-0.427318
-0.414952
-0.395122
-0.370976
-0.346312
-0.324939
-0.310039
-0.303629
-0.306217
-0.316708
-0.332589
-0.350366
-0.366183
-0.376514
-0.378775
-0.371757
-0.355804
-0.33272
-0.305423
-0.27743
-0.25223
-0.232668
-0.22042
-0.215649
-0.2169
-0.221265
-0.224801
-0.223133
-0.21215
-0.188648
-0.150853
-0.098723
-0.0340412
0.0397033
0.117613
0.193827
0.262078
0.316345
0.351535
0.36413
0.352677
1.94301
1.83111
1.70895
1.58352
1.46067
1.34411
1.23489
1.13141
1.03012
0.926524
0.81647
0.697298
0.568709
0.43314
0.295572
0.162764
0.0420683
-0.0599337
-0.138658
-0.192367
-0.222483
-0.233376
-0.231658
-0.225141
-0.221615
-0.227627
-0.24746
-0.282455
-0.330819
-0.387954
-0.447305
-0.501585
-0.544131
-0.570123
-0.577414
-0.566858
-0.54211
-0.508978
-0.474434
-0.445461
-0.427902
-0.425489
-0.439211
-0.467123
-0.504669
-0.545475
-0.582509
-0.609357
-0.621376
-0.616469
-0.595388
-0.561549
-0.520404
-0.478513
-0.442445
-0.417688
-0.407732
-0.413468
-0.433007
-0.461982
-0.494305
-0.523259
-0.542718
-0.548227
-0.53775
-0.51195
-0.474004
-0.429012
-0.383095
-0.342339
-0.311742
-0.294316
-0.290485
-0.297889
-0.311649
-0.325073
-0.330704
-0.321517
-0.29203
-0.239147
-0.162627
-0.0651944
0.0476826
0.168272
0.287259
0.394596
0.480516
0.536639
0.557097
0.539421
2.5399
2.38001
2.20708
2.03256
1.86608
1.71355
1.5762
1.45059
1.32982
1.20536
1.06931
0.916343
0.745266
0.559665
0.36763
0.180471
0.0106366
-0.130695
-0.235749
-0.301555
-0.330427
-0.329534
-0.309721
-0.283789
-0.264495
-0.262558
-0.284981
-0.333921
-0.406303
-0.494323
-0.586837
-0.671458
-0.73692
-0.775152
-0.782643
-0.760905
-0.716088
-0.657861
-0.59779
-0.547441
-0.516502
-0.511186
-0.533167
-0.579221
-0.641698
-0.709842
-0.771765
-0.816682
-0.836861
-0.828908
-0.794197
-0.738496
-0.670907
-0.602329
-0.543662
-0.504022
-0.48924
-0.500843
-0.535718
-0.586554
-0.643095
-0.694008
-0.729007
-0.7407
-0.72581
-0.685584
-0.625436
-0.553933
-0.481326
-0.417818
-0.371852
-0.348635
-0.34914
-0.369725
-0.402518
-0.436567
-0.459611
-0.460115
-0.429104
-0.361476
-0.256643
-0.118588
0.0445562
0.221239
0.397465
0.557958
0.687592
0.773103
0.804976
0.779084
3.17178
2.94779
2.70759
2.47012
2.25146
2.06124
1.9007
1.76291
1.6349
1.50097
1.34655
1.16151
0.942773
0.695475
0.432679
0.17324
-0.0618338
-0.253696
-0.389354
-0.463928
-0.481232
-0.452937
-0.396596
-0.332882
-0.282381
-0.262409
-0.28432
-0.351631
-0.459271
-0.594222
-0.737734
-0.86892
-0.96892
-1.02445
-1.02996
-0.988188
-0.909378
-0.809401
-0.707146
-0.621473
-0.568205
-0.557574
-0.592458
-0.66767
-0.770569
-0.883167
-0.985511
-1.05963
-1.09286
-1.07988
-1.02323
-0.93256
-0.822834
-0.711875
-0.617478
-0.554561
-0.532751
-0.554706
-0.615443
-0.702912
-0.799986
-0.887675
-0.948857
-0.971453
-0.950351
-0.887906
-0.793216
-0.680446
-0.566452
-0.468037
-0.3992
-0.368796
-0.378879
-0.42398
-0.491576
-0.563907
-0.620977
-0.644093
-0.618908
-0.537379
-0.3985
-0.208108
0.0219337
0.274866
0.530326
0.765759
0.958203
1.08681
1.13604
1.0988
3.85264
3.53892
3.20419
2.88063
2.59596
2.36626
2.19251
2.06125
1.94857
1.82619
1.66793
1.45528
1.18144
0.853629
0.492916
0.130936
-0.196523
-0.457624
-0.63092
-0.708768
-0.697701
-0.616728
-0.494089
-0.362949
-0.256307
-0.201951
-0.218284
-0.311266
-0.472914
-0.681792
-0.906385
-1.11129
-1.26496
-1.34578
-1.34536
-1.26881
-1.13315
-0.964223
-0.792624
-0.648845
-0.558511
-0.538423
-0.593676
-0.716248
-0.885476
-1.07126
-1.2399
-1.36145
-1.41539
-1.39373
-1.30126
-1.15406
-0.976537
-0.79757
-0.645964
-0.545907
-0.513241
-0.552722
-0.656674
-0.805438
-0.970393
-1.11951
-1.22427
-1.26513
-1.23443
-1.13666
-0.987033
-0.808718
-0.629145
-0.475663
-0.371203
-0.330657
-0.35819
-0.445842
-0.573816
-0.713221
-0.831237
-0.897621
-0.889848
-0.795865
-0.614535
-0.354722
-0.0336513
0.324854
0.692025
1.03546
1.32074
1.51482
1.5916
1.53826
4.60473
4.16018
3.68458
3.2351
2.86126
2.59072
2.42317
2.33288
2.27627
2.20313
2.06773
1.83719
1.49788
1.05919
0.555003
0.0389367
-0.426757
-0.787988
-1.00993
-1.08165
-1.01484
-0.840518
-0.603823
-0.357739
-0.154943
-0.0397042
-0.0418738
-0.172023
-0.418549
-0.746736
-1.10338
-1.42745
-1.66588
-1.78412
-1.7704
-1.63455
-1.40481
-1.1229
-0.838041
-0.599257
-0.447662
-0.41078
-0.497957
-0.697645
-0.976546
-1.28402
-1.56213
-1.76063
-1.8468
-1.80953
-1.65812
-1.41924
-1.13231
-0.843867
-0.600217
-0.44021
-0.389841
-0.457898
-0.633376
-0.884647
-1.16361
-1.41522
-1.59169
-1.66186
-1.61508
-1.46008
-1.22217
-0.9388
-0.654265
-0.412698
-0.251169
-0.194483
-0.250927
-0.40964
-0.639595
-0.893334
-1.11585
-1.25794
-1.28493
-1.18013
-0.943585
-0.589547
-0.143142
0.362366
0.887899
1.38892
1.81462
2.11173
2.23455
2.1581
5.46792
4.82576
4.12701
3.48046
2.97767
2.66676
2.54251
2.556
2.62784
2.66978
2.60459
2.37581
1.95746
1.35913
0.634214
-0.12558
-0.807408
-1.31892
-1.60525
-1.654
-1.48678
-1.15413
-0.72708
-0.290198
0.0725033
0.291609
0.318826
0.1348
-0.246592
-0.770696
-1.34731
-1.86691
-2.23989
-2.41246
-2.3713
-2.13549
-1.75162
-1.28581
-0.817115
-0.42412
-0.171628
-0.104494
-0.240224
-0.564976
-1.02648
-1.53905
-1.99899
-2.32155
-2.45596
-2.38972
-2.14091
-1.7536
-1.29028
-0.825658
-0.434023
-0.176634
-0.0959059
-0.208386
-0.500938
-0.923981
-1.39621
-1.81912
-2.11218
-2.22701
-2.15157
-1.90288
-1.52275
-1.07057
-0.617508
-0.234478
0.01984
0.104602
0.00360077
-0.270846
-0.671124
-1.11841
-1.51627
-1.78399
-1.86979
-1.75411
-1.44183
-0.957378
-0.337741
0.371042
1.11907
1.85084
2.49364
2.95965
3.16443
3.05543
6.52132
5.57199
4.49341
3.51834
2.81766
2.47387
2.46333
2.695
3.02246
3.29073
3.37707
3.18744
2.67624
1.84139
0.763679
-0.402346
-1.4333
-2.17411
-2.5427
-2.53736
-2.19693
-1.6037
-0.864489
-0.115836
0.506724
0.899243
0.983711
0.725828
0.130867
-0.719043
-1.67333
-2.51753
-3.10248
-3.34858
-3.25252
-2.84962
-2.21642
-1.45288
-0.687186
-0.0466581
0.371319
0.493916
0.289699
-0.235389
-1.00286
-1.8699
-2.63368
-3.15339
-3.35406
-3.23282
-2.82313
-2.19742
-1.4501
-0.702355
-0.0745134
0.341332
0.476251
0.300428
-0.180592
-0.892489
-1.69982
-2.41003
-2.8893
-3.06615
-2.93754
-2.53497
-1.92708
-1.2036
-0.479908
0.129087
0.535012
0.671186
0.507893
0.049143
-0.634956
-1.41467
-2.10409
-2.57201
-2.74477
-2.61119
-2.18799
-1.51988
-0.660709
0.323208
1.37365
2.4409
3.42724
4.18374
4.54614
4.39492
7.93572
6.50318
4.70863
3.15936
2.1437
1.80116
2.03529
2.69594
3.50226
4.17368
4.54697
4.46219
3.86113
2.67342
1.02034
-0.8736
-2.47696
-3.56531
-4.01859
-3.90323
-3.27111
-2.26349
-1.0155
0.240096
1.2722
1.95047
2.14158
1.80225
0.875453
-0.517086
-2.1579
-3.54144
-4.45304
-4.77738
-4.57562
-3.89536
-2.86893
-1.62303
-0.377026
0.651275
1.33961
1.56294
1.28167
0.443224
-0.835856
-2.34943
-3.61983
-4.44466
-4.71573
-4.49126
-3.81645
-2.81634
-1.61056
-0.406387
0.590272
1.26383
1.49588
1.24873
0.47222
-0.723578
-2.14326
-3.3335
-4.10191
-4.34516
-4.11799
-3.46273
-2.49786
-1.33692
-0.17715
0.785075
1.43863
1.669
1.43764
0.693637
-0.461105
-1.84095
-3.01085
-3.78507
-4.06088
-3.8853
-3.28683
-2.35751
-1.16331
0.179584
1.60401
3.14746
4.69181
5.97534
6.66747
6.47806
10.1065
7.95846
4.56689
2.02465
0.498829
0.298425
0.993302
2.4872
4.17636
5.48593
6.37652
6.48044
5.89085
4.1756
1.62388
-1.76326
-4.26223
-5.87101
-6.31332
-6.01324
-4.886
-3.2694
-1.17745
0.917843
2.54722
3.70318
4.0633
3.7246
2.29071
0.0423814
-3.01293
-5.24497
-6.64924
-6.96379
-6.58774
-5.43959
-3.83749
-1.79335
0.246631
1.83875
2.97753
3.35855
3.076
1.75634
-0.331186
-3.17913
-5.24759
-6.53336
-6.79098
-6.39818
-5.2782
-3.73143
-1.76868
0.188395
1.72032
2.82211
3.20554
2.9593
1.72881
-0.232273
-2.91709
-4.86442
-6.07073
-6.3016
-5.91486
-4.83635
-3.35097
-1.46855
0.410072
1.88555
2.95161
3.33173
3.10561
1.92959
0.0368903
-2.56953
-4.48741
-5.71583
-6.027
-5.76839
-4.86209
-3.57655
-1.88004
-0.0814473
1.663
3.85271
6.33197
8.61857
10.0582
9.92042
13.9728
11.243
3.21647
-0.594025
-3.06609
-2.4967
-1.20004
1.99709
5.39702
7.40154
9.33889
9.49742
9.54156
6.88233
3.43048
-3.93188
-7.32936
-9.85641
-9.6771
-9.31437
-7.20559
-4.95981
-1.34423
2.26651
4.50395
6.60188
6.99135
7.224
4.87877
1.7639
-5.05347
-8.14051
-10.4146
-10.1447
-9.71168
-7.63753
-5.44257
-1.95768
1.5152
3.67905
5.70659
6.10973
6.36375
4.1752
1.26848
-5.13129
-8.00245
-10.1026
-9.80284
-9.35224
-7.35452
-5.24554
-1.91863
1.39539
3.46976
5.41484
5.82193
6.08717
4.03747
1.30121
-4.75291
-7.46242
-9.44419
-9.14737
-8.70789
-6.79584
-4.77585
-1.59469
1.57781
3.57561
5.45235
5.86743
6.14142
4.19757
1.56264
-4.28959
-6.95679
-8.96742
-8.8136
-8.58417
-6.98343
-5.38739
-2.74377
-0.264509
1.08082
4.141
8.24954
12.4814
15.7206
16.1913
21.4603
22.3946
-3.98815
-5.10367
-11.0136
-6.34084
-6.13063
1.21477
8.62705
9.41389
14.8628
12.6791
17.0852
10.7305
10.8682
-11.8099
-11.6499
-17.739
-13.305
-15.1298
-9.72245
-8.62273
-1.50405
5.59274
6.66158
11.9608
10.1452
14.4356
8.5751
8.817
-12.4657
-12.2067
-17.8435
-13.5603
-15.1989
-10.0094
-8.90514
-2.10474
4.66878
5.71563
10.7748
9.07563
13.1688
7.62821
7.89814
-12.1646
-11.8676
-17.1276
-13.032
-14.5341
-9.59106
-8.51347
-2.05001
4.38748
5.40537
10.2223
8.64258
12.5486
7.33478
7.6124
-11.405
-11.1083
-16.0988
-12.1986
-13.6214
-8.91077
-7.87278
-1.70838
4.43713
5.43999
10.0579
8.60632
12.3709
7.4607
7.72129
-10.5961
-10.3717
-15.3358
-11.7091
-13.3746
-9.098
-8.70674
-3.37084
1.18529
-1.97074
2.91967
9.98956
17.7736
25.3695
29.62
32.4893
72.9151
-47.551
-2.6842
-34.1905
-3.75638
-21.3352
0.336295
21.3977
4.71277
31.3775
6.37163
40.1241
5.22952
51.1608
-52.5749
-6.97185
-40.7747
-7.92014
-31.3597
-6.0363
-20.9529
-1.63233
17.5992
2.72751
27.565
4.50643
36.2644
3.48403
46.8655
-50.8978
-7.78278
-39.5571
-8.44879
-30.5183
-6.49873
-20.5701
-2.21307
16.0688
1.97449
25.575
3.7006
33.8465
2.71408
43.8069
-48.5161
-7.73065
-37.6246
-8.20027
-28.9972
-6.26128
-19.537
-2.14399
15.1838
1.87042
24.2408
3.56382
32.1425
2.72445
41.7084
-45.8691
-7.14087
-35.5561
-7.58463
-27.3671
-5.7371
-18.3517
-1.79489
14.7019
2.09871
23.4034
3.83391
31.0922
3.27784
40.6322
-43.6028
-6.31492
-34.0752
-6.98358
-26.7219
-5.61765
-19.1464
-2.87504
13.7406
-16.6092
-1.44015
10.7012
23.3368
39.8356
66.3804
28831.3
28794.5
28757.6
28720.7
28683.8
28646.8
28609.9
28573.1
28536.4
28499.8
28463.3
28426.9
28390.6
28354.3
28318.1
0.178168
0.139156
0.0889435
0.0332798
-0.0219852
-0.0716967
-0.111907
-0.140082
-0.155066
-0.156883
-0.146483
-0.125473
-0.0959003
-0.0600735
-0.0204487
0.31455
0.244335
0.154292
0.0550475
-0.04277
-0.130001
-0.199833
-0.248084
-0.273037
-0.275022
-0.255908
-0.218627
-0.166776
-0.10434
-0.0354945
0.479552
0.369344
0.228843
0.0753874
-0.0741416
-0.205704
-0.309341
-0.379385
-0.413977
-0.41426
-0.383502
-0.326349
-0.248239
-0.155014
-0.052684
0.689452
0.524645
0.316349
0.091801
-0.12348
-0.309332
-0.452441
-0.546135
-0.589228
-0.584537
-0.537491
-0.455028
-0.344817
-0.214792
-0.0729119
0.966378
0.723435
0.420106
0.0989477
-0.202246
-0.455704
-0.644956
-0.763488
-0.812263
-0.797168
-0.726897
-0.611454
-0.46121
-0.286427
-0.097083
1.34178
0.982612
0.541693
0.0861299
-0.328747
-0.66628
-0.908191
-1.0506
-1.09917
-1.06497
-0.961477
-0.802679
-0.602142
-0.372621
-0.126077
1.86203
1.32354
0.677926
0.0326255
-0.53259
-0.972479
-1.27093
-1.43154
-1.46884
-1.40208
-1.25136
-1.03564
-0.77206
-0.475837
-0.160679
2.59779
1.77158
0.813849
-0.100963
-0.861762
-1.42011
-1.77153
-1.93578
-1.94257
-1.82316
-1.60623
-1.31648
-0.974616
-0.597988
-0.201483
3.6605
2.35114
0.906856
-0.388563
-1.39338
-2.07467
-2.45928
-2.59747
-2.54252
-2.34176
-2.03391
-1.64942
-1.21194
-0.740016
-0.248749
5.2314
3.06561
0.851003
-0.96676
-2.24854
-3.02592
-3.39347
-3.45229
-3.28827
-2.96744
-2.53823
-2.03536
-1.48371
-0.901387
-0.302247
7.6081
3.82892
0.398301
-2.08094
-3.60808
-4.38699
-4.63637
-4.52997
-4.19081
-3.70151
-3.11621
-2.4701
-1.78613
-1.07958
-0.3611
11.2415
4.24364
-1.00577
-4.14723
-5.71586
-6.27758
-6.23507
-5.84041
-5.2435
-4.53157
-3.75499
-2.94268
-2.11114
-1.2697
-0.423674
16.4728
2.90996
-4.51779
-7.78637
-8.83052
-8.77242
-8.1859
-7.35311
-6.4112
-5.42629
-4.42951
-3.4345
-2.44605
-1.46441
-0.487569
20.9245
-4.55881
-12.189
-13.6499
-13.0474
-11.7957
-10.383
-8.97492
-7.6219
-6.33289
-5.10226
-3.91976
-2.77413
-1.65432
-0.549761
0.5635
1.69838
2.85738
4.05833
5.32193
6.67355
8.14575
9.78212
11.6428
13.8123
16.4065
19.5611
23.3042
26.8144
24.324
0.573989
1.7302
2.91166
4.1372
5.429
6.81486
8.33162
10.031
11.9899
14.3304
17.2621
21.1842
26.9783
37.0402
59.7037
0.578762
1.74447
2.93532
4.17004
5.47076
6.86527
8.39069
10.0997
12.072
14.4377
17.428
21.4989
27.6695
38.5672
62.144
0.577845
1.74129
2.9285
4.15704
5.44737
6.82478
8.32228
9.98553
11.8811
14.1117
16.8431
20.3473
25.0287
31.1116
35.8767
0.571539
1.7216
2.89297
4.10111
5.3635
6.70086
8.13879
9.71007
11.4578
13.4386
15.7235
18.3807
21.3951
24.3904
26.0571
0.56038
1.6871
2.8319
4.00748
5.22753
6.50709
7.8627
9.31213
10.8725
12.5547
14.3469
16.1727
17.7905
18.5668
16.9258
0.545078
1.64003
2.74943
3.88294
5.05022
6.26047
7.52144
8.83713
10.2028
11.5945
12.9469
14.1107
14.7792
14.4254
12.6306
0.526438
1.58293
2.65018
3.73492
4.84303
5.9786
7.14216
8.32743
9.5151
10.6615
11.6778
12.3926
12.4802
11.2858
7.09859
0.505281
1.51835
2.53876
3.57064
4.61673
5.67723
6.74778
7.81606
8.85611
9.81897
10.6182
11.1098
11.0722
10.2248
8.51811
0.482375
1.44867
2.41936
3.39645
4.38039
5.36885
6.35491
7.32424
8.25071
9.09012
9.77235
10.1947
10.2268
9.76075
8.87018
0.458392
1.37593
2.29548
3.21748
4.14087
5.06207
5.97361
6.86215
7.70572
8.47041
9.10703
9.55037
9.72758
9.59154
9.2105
0.433882
1.30178
2.16988
3.03753
3.90283
4.76194
5.60823
6.43122
7.21546
7.93959
8.57591
9.09089
9.44584
9.59249
9.44547
0.409273
1.2275
2.04458
2.85918
3.66905
4.47069
5.25898
6.02713
6.76688
7.4697
8.12899
8.74249
9.30871
9.79732
10.064
0.384886
1.154
1.921
2.6841
3.44097
4.18865
4.92368
5.6427
6.34387
7.02996
7.71381
8.42684
9.22539
10.1562
10.948
0.360958
1.08195
1.80012
2.51334
3.21926
3.91538
4.59947
5.2706
5.93129
6.59172
7.2783
8.05173
9.05014
10.6116
13.69
0.337668
1.01188
1.68266
2.34764
3.00434
3.65043
4.28422
4.90574
5.51884
6.13525
6.78241
7.52032
8.4838
10.0135
13.1604
0.315161
0.944175
1.56924
2.18768
2.79677
3.39401
3.97747
4.54668
5.10407
5.6574
6.22345
6.8322
7.52418
8.2923
8.67106
0.29356
0.879211
1.46043
2.03419
2.59744
3.14715
3.68061
4.19582
4.69209
5.17068
5.63479
6.08625
6.51162
6.8414
6.89795
0.27298
0.817325
1.35679
1.88801
2.40749
2.91156
3.39642
3.8581
4.29236
4.69401
5.0549
5.35839
5.56541
5.58021
5.15462
0.253521
0.758827
1.25887
1.74999
2.22824
2.68932
3.12831
3.53942
3.91527
4.24562
4.51483
4.69752
4.75265
4.62481
4.30619
0.235268
0.70398
1.16716
1.6209
2.06093
2.4824
2.87957
3.24522
3.56977
3.83966
4.03486
4.12521
4.06693
3.8019
3.24855
0.218281
0.652976
1.082
1.50132
1.90649
2.29236
2.65271
2.97957
3.26222
3.48558
3.62767
3.65613
3.52477
3.17919
2.63884
0.202589
0.605909
1.00358
1.39158
1.76546
2.12005
2.4491
2.7446
2.99585
3.18794
3.29938
3.29801
3.13138
2.69174
1.63925
0.188188
0.562765
0.931875
1.29164
1.63781
1.96548
2.26879
2.54037
2.77056
2.9463
3.04944
3.05466
2.92759
2.62986
2.18552
0.175038
0.523417
0.866658
1.20115
1.523
1.82782
2.11051
2.36487
2.58309
2.75507
2.86748
2.90319
2.84229
2.6698
2.39597
0.163064
0.487638
0.807513
1.11945
1.42002
1.70554
1.9719
2.21446
2.42774
2.6052
2.7388
2.81879
2.83449
2.78011
2.68131
0.152171
0.455121
0.753883
1.04563
1.3275
1.59655
1.84983
2.08437
2.29727
2.48579
2.64735
2.77903
2.87536
2.92126
2.86928
0.142244
0.425511
0.705123
0.978681
1.24387
1.49852
1.74078
1.96931
2.18372
2.3851
2.57666
2.76382
2.95125
3.13037
3.25346
0.133166
0.398441
0.660566
0.917543
1.16755
1.40909
1.64125
1.86406
2.07923
2.29123
2.50902
2.74841
3.03291
3.3784
3.67198
0.124823
0.373556
0.619586
0.861245
1.09711
1.32619
1.5482
1.76411
1.97695
2.19333
2.42637
2.70167
3.07223
3.66247
4.8245
0.117115
0.350549
0.581639
0.80897
1.03139
1.24819
1.4594
1.6663
1.87219
2.08388
2.31437
2.58877
2.95899
3.54947
4.72909
0.109959
0.32917
0.546303
0.760107
0.969567
1.17406
1.3736
1.56918
1.76342
1.96136
2.17189
2.40932
2.6928
3.02733
3.26543
0.103293
0.309235
0.513278
0.71426
0.911196
1.10338
1.29053
1.47301
1.65206
1.83009
2.01074
2.19789
2.39117
2.57216
2.68578
0.0970734
0.290619
0.482379
0.671224
0.856124
1.03619
1.21071
1.37922
1.54142
1.69701
1.84506
1.9822
2.09806
2.16379
2.09862
0.0912716
0.273243
0.453503
0.630928
0.80441
0.972843
1.13508
1.28981
1.43536
1.56917
1.68697
1.7813
1.83977
1.84631
1.80491
0.085867
0.257054
0.426596
0.593371
0.756203
0.913802
1.06465
1.20678
1.33745
1.45244
1.54517
1.60529
1.61754
1.56212
1.41321
0.0808419
0.242009
0.401611
0.558552
0.71163
0.859451
1.00027
1.13173
1.25041
1.35117
1.42601
1.46254
1.44229
1.34288
1.17446
0.0761757
0.22805
0.378475
0.526415
0.670707
0.809962
0.942391
1.06554
1.17583
1.26791
1.33346
1.3592
1.32203
1.17154
0.743553
0.0718408
0.215098
0.357064
0.49681
0.633284
0.765214
0.89096
1.00827
1.11391
1.20307
1.26856
1.29956
1.28046
1.19292
1.04814
0.0678004
0.203043
0.337196
0.469479
0.599016
0.72476
0.845387
0.959111
1.06342
1.15468
1.2276
1.2747
1.28643
1.25405
1.17688
0.0640088
0.191745
0.318626
0.444055
0.567381
0.687862
0.804609
0.916491
1.022
1.11903
1.20458
1.2744
1.32303
1.34629
1.35551
0.0604131
0.181039
0.301066
0.420093
0.537722
0.653558
0.767209
0.878297
0.986463
1.09135
1.19248
1.28882
1.37725
1.44829
1.47248
0.0569563
0.170751
0.284199
0.397102
0.50931
0.620771
0.73159
0.842135
0.953207
1.06628
1.18372
1.30873
1.44356
1.58282
1.70067
0.0535817
0.160703
0.267713
0.374592
0.481418
0.588432
0.696162
0.805608
0.918567
1.03817
1.16971
1.32182
1.50679
1.73222
1.93584
0.0502363
0.150732
0.251318
0.352122
0.453394
0.555597
0.659543
0.766643
0.879318
1.00176
1.14141
1.31209
1.54192
1.89678
2.56417
0.0468748
0.1407
0.234771
0.329326
0.424727
0.521551
0.620736
0.723807
0.833287
0.953417
1.09157
1.2613
1.49023
1.8443
2.51912
0.043461
0.130496
0.21789
0.305943
0.395071
0.485868
0.57923
0.676522
0.779862
0.89256
1.01979
1.16941
1.35164
1.56908
1.7433
0.0399687
0.120045
0.200549
0.281816
0.364256
0.448406
0.534997
0.625039
0.71994
0.821614
0.932472
1.05486
1.18862
1.32387
1.43188
0.0363804
0.109296
0.182681
0.256875
0.332254
0.409251
0.488368
0.570184
0.655316
0.744292
0.83715
0.93242
1.02456
1.09758
1.10634
0.032685
0.0982201
0.164252
0.231111
0.29913
0.368624
0.439867
0.513027
0.588026
0.664275
0.740157
0.812159
0.873773
0.915926
0.93999
0.028875
0.0868005
0.145247
0.204544
0.264982
0.326783
0.390036
0.454593
0.519871
0.584517
0.64586
0.699115
0.736508
0.746838
0.712431
0.0249432
0.075019
0.125654
0.177185
0.229889
0.283934
0.339302
0.395662
0.452156
0.507054
0.557183
0.597089
0.618039
0.60882
0.573986
0.0208799
0.0628498
0.105438
0.149012
0.193866
0.240169
0.287881
0.336638
0.385553
0.432904
0.475608
0.50823
0.520523
0.488592
0.332071
0.0166709
0.0502519
0.0845373
0.119951
0.156839
0.195425
0.235735
0.277507
0.320039
0.361983
0.401036
0.433491
0.453722
0.454889
0.442671
0.0122959
0.0371652
0.0628541
0.0898664
0.118635
0.149484
0.182577
0.217849
0.254935
0.293073
0.331048
0.367244
0.400162
0.430482
0.467075
0.0077284
0.0235095
0.0402526
0.0585628
0.0789874
0.101987
0.127905
0.156935
0.189101
0.224278
0.262298
0.303276
0.34841
0.401722
0.473072
0.00293585
0.00918603
0.0165634
0.0257918
0.0375523
0.0524652
0.0710747
0.0938442
0.12118
0.153511
0.191496
0.236426
0.290981
0.36044
0.454819
-0.00211942
-0.00591984
-0.00841056
-0.00873668
-0.0060708
0.000377375
0.0113567
0.0275847
0.0497903
0.0788216
0.115873
0.162896
0.223204
0.301856
0.40296
-0.00747899
-0.0219349
-0.0348871
-0.0453421
-0.0523194
-0.0548557
-0.0520046
-0.042824
-0.026337
-0.001435
0.0333283
0.0801416
0.142693
0.227685
0.349597
-0.0131871
-0.0389937
-0.0630973
-0.0843618
-0.101651
-0.113829
-0.11976
-0.118305
-0.108306
-0.0885372
-0.0575815
-0.0135381
0.0466016
0.12788
0.235062
-0.0192893
-0.0572349
-0.0932785
-0.126141
-0.154531
-0.177139
-0.192642
-0.199717
-0.197057
-0.183406
-0.157577
-0.118392
-0.0641654
0.0100905
0.1287
-0.0258309
-0.0767967
-0.125668
-0.171026
-0.211425
-0.24538
-0.271376
-0.287887
-0.293439
-0.286728
-0.266845
-0.233689
-0.188837
-0.138494
-0.109283
-0.0328558
-0.0978127
-0.160496
-0.219355
-0.272793
-0.319148
-0.356695
-0.383667
-0.398335
-0.399194
-0.385327
-0.357104
-0.317318
-0.272399
-0.228162
-0.0404046
-0.120408
-0.197978
-0.271448
-0.339078
-0.399032
-0.449356
-0.487988
-0.51282
-0.521883
-0.513777
-0.488545
-0.449361
-0.405827
-0.382616
-0.0485131
-0.144691
-0.238308
-0.327596
-0.410694
-0.485601
-0.550135
-0.601891
-0.638253
-0.656493
-0.654118
-0.629671
-0.584423
-0.525137
-0.464197
-0.0572104
-0.170753
-0.281643
-0.388041
-0.487995
-0.579374
-0.659786
-0.726484
-0.776267
-0.805418
-0.809784
-0.78524
-0.72923
-0.645593
-0.560009
-0.0665171
-0.198658
-0.328097
-0.452961
-0.571251
-0.680761
-0.778958
-0.862822
-0.928608
-0.971553
-0.985525
-0.962657
-0.893221
-0.767398
-0.592579
-0.0764441
-0.228437
-0.377728
-0.522446
-0.660604
-0.790002
-0.908084
-1.01171
-1.09681
-1.15781
-1.18685
-1.17241
-1.09637
-0.923226
-0.545176
-0.0869924
-0.260094
-0.430533
-0.596487
-0.756039
-0.907099
-1.04725
-1.17347
-1.28174
-1.36625
-1.41836
-1.42495
-1.36694
-1.22135
-0.992427
-0.0981541
-0.293599
-0.486453
-0.674971
-0.857372
-1.03177
-1.19607
-1.3477
-1.48316
-1.59721
-1.68147
-1.72234
-1.69834
-1.57734
-1.3036
-0.109915
-0.328904
-0.545382
-0.757703
-0.964258
-1.16346
-1.3537
-1.53316
-1.69945
-1.84885
-1.97472
-2.06476
-2.09711
-2.03938
-1.87976
-0.122259
-0.365953
-0.607198
-0.844439
-1.07625
-1.30138
-1.51881
-1.72775
-1.92748
-2.11683
-2.29284
-2.44725
-2.55844
-2.57219
-2.34822
-0.135176
-0.404703
-0.671793
-0.934946
-1.19288
-1.44464
-1.68982
-1.92874
-2.1627
-2.39408
-2.62595
-2.85976
-3.08743
-3.27008
-3.31493
-0.148665
-0.445145
-0.739121
-1.02908
-1.31378
-1.59247
-1.86518
-2.13318
-2.39971
-2.67099
-2.95771
-3.27653
-3.64768
-4.06366
-4.27315
-0.162743
-0.487326
-0.809239
-1.12686
-1.43886
-1.74446
-2.0438
-2.33864
-2.63341
-2.93717
-3.26719
-3.65695
-4.17681
-5.00062
-6.6681
-0.17745
-0.531361
-0.882337
-1.22854
-1.56839
-1.90079
-2.22556
-2.54414
-2.86088
-3.1851
-3.53518
-3.94702
-4.49485
-5.35171
-6.99467
-0.192843
-0.577433
-0.958747
-1.33464
-1.7031
-2.06242
-2.41159
-2.75093
-3.08315
-3.41507
-3.76029
-4.14266
-4.59827
-5.15688
-5.68944
-0.208995
-0.62578
-1.03892
-1.4459
-1.84415
-2.2311
-2.60446
-2.96266
-3.30562
-3.63582
-3.95958
-4.28745
-4.63018
-4.98012
-5.26388
-0.225985
-0.676659
-1.12337
-1.56323
-1.99304
-2.40921
-2.80786
-3.18499
-3.53695
-3.86103
-4.15601
-4.4219
-4.65708
-4.84933
-4.95415
-0.243875
-0.73029
-1.21257
-1.68754
-2.1514
-2.5995
-3.02619
-3.42478
-3.78764
-4.10645
-4.37265
-4.57769
-4.71377
-4.77926
-4.8066
-0.262692
-0.78679
-1.30685
-1.81957
-2.3207
-2.80464
-3.26404
-3.6894
-4.06891
-4.38841
-4.63176
-4.78136
-4.8195
-4.73566
-4.5625
-0.282401
-0.846094
-1.40623
-1.95965
-2.50194
-3.02684
-3.52551
-3.98586
-4.39185
-4.72326
-4.95596
-5.06244
-5.00993
-4.75411
-4.29961
-0.302879
-0.907867
-1.51027
-2.10745
-2.69526
-3.26724
-3.81361
-4.32006
-4.76658
-5.12665
-5.36781
-5.45392
-5.34156
-4.91051
-3.45746
-0.323893
-0.971433
-1.61795
-2.26177
-2.89958
-3.52543
-4.12942
-4.69589
-5.20135
-5.61261
-5.88734
-5.98323
-5.89449
-5.77664
-6.40826
-0.345079
-1.03571
-1.72749
-2.42025
-3.11219
-3.7988
-4.47128
-5.11408
-5.70153
-6.19339
-6.53105
-6.64076
-6.46765
-6.12229
-6.44102
-0.365935
-1.09919
-1.83636
-2.57931
-3.3285
-4.082
-4.83375
-5.57071
-6.26808
-6.88126
-7.33307
-7.49469
-7.16041
-6.00678
-3.38393
-0.385833
-1.15994
-1.94122
-2.73403
-3.54182
-4.36641
-5.20648
-6.05484
-6.8931
-7.6812
-8.33661
-8.69298
-8.42218
-6.91156
-3.20533
-0.40404
-1.2157
-2.03808
-2.87834
-3.74348
-4.64007
-5.57345
-6.54598
-7.55294
-8.57329
-9.54781
-10.3268
-10.5449
-9.34107
-4.90481
-0.419764
-1.26401
-2.12253
-3.00537
-3.92329
-4.88817
-5.91325
-7.01321
-8.20349
-9.4972
-10.8948
-12.3501
-13.6552
-14.0153
-10.3358
-0.432215
-1.30239
-2.1901
-3.10803
-4.07049
-5.09447
-6.20104
-7.41772
-8.7822
-10.349
-12.2017
-14.4779
-17.4215
-21.4949
-27.5668
-11.2755
-25.7642
-24.3487
-20.7931
-17.4911
-14.7232
-12.4058
-10.4229
-8.68257
-7.11781
-5.6804
-4.33481
-3.05392
-1.816
-0.602666
-111.082
-57.9105
-37.3685
-27.2229
-21.1752
-17.064
-14.0004
-11.5601
-9.51621
-7.73622
-6.13715
-4.66354
-3.27596
-1.94448
-0.644736
-123.506
-67.3972
-43.1686
-30.807
-23.5145
-18.6773
-15.1623
-12.4221
-10.1666
-8.22897
-6.50677
-4.93254
-3.45905
-2.05093
-0.679671
-67.8414
-54.7449
-40.7277
-30.871
-24.1486
-19.3723
-15.7861
-12.9476
-10.5961
-8.57216
-6.77365
-5.13157
-3.59673
-2.13178
-0.70633
-47.8849
-42.732
-35.3976
-28.7584
-23.4313
-19.241
-15.8905
-13.1348
-10.7981
-8.75883
-6.93188
-5.25613
-3.68588
-2.18519
-0.724109
-30.4025
-32.2341
-29.5845
-25.7347
-21.9246
-18.5263
-15.5821
-13.031
-10.7936
-8.79804
-6.9851
-5.30743
-3.72672
-2.2111
-0.732956
-22.4237
-24.8482
-24.605
-22.6834
-20.1318
-17.4965
-15.0006
-12.7093
-10.6213
-8.71041
-6.94438
-5.2914
-3.72235
-2.21099
-0.733307
-12.4553
-19.3149
-20.791
-20.0698
-18.397
-16.3698
-14.2769
-12.2466
-10.3259
-8.5222
-6.82517
-5.21708
-3.67793
-2.18749
-0.725971
-15.0223
-17.5202
-18.5029
-18.1169
-16.9083
-15.2889
-13.5097
-11.7077
-9.94916
-8.25994
-6.64418
-5.09487
-3.59968
-2.14391
-0.711983
-15.675
-16.7777
-17.1654
-16.7351
-15.705
-14.3188
-12.7584
-11.1387
-9.52431
-7.94667
-6.41705
-4.93509
-3.49405
-2.08378
-0.692463
-16.2888
-16.5318
-16.3959
-15.7699
-14.749
-13.4697
-12.0482
-10.566
-9.07394
-7.60005
-6.15681
-4.7469
-3.36705
-2.01048
-0.668507
-16.6834
-16.5489
-15.9669
-15.0788
-13.9724
-12.7195
-11.3801
-10.0001
-8.61098
-7.23214
-5.87341
-4.53784
-3.22388
-1.92705
-0.641108
-17.6693
-16.8767
-15.7504
-14.5394
-13.2974
-12.0293
-10.7403
-9.4405
-8.14088
-6.85027
-5.57394
-4.31377
-3.06881
-1.83605
-0.61112
-19.1073
-17.4363
-15.5926
-14.0216
-12.6405
-11.3537
-10.108
-8.88075
-7.66453
-6.45847
-5.26325
-4.07915
-2.90527
-1.73962
-0.579264
-23.6048
-18.1158
-15.2456
-13.372
-11.9182
-10.6495
-9.46301
-8.31331
-7.18113
-6.05913
-4.94485
-3.83741
-2.73603
-1.63951
-0.546138
-22.5606
-16.9767
-14.2064
-12.4307
-11.0673
-9.88811
-8.79246
-7.7337
-6.69066
-5.65443
-4.62169
-3.59146
-2.56341
-1.5372
-0.512252
-14.5903
-13.8838
-12.4766
-11.2032
-10.0883
-9.06878
-8.0963
-7.14316
-6.19547
-5.2473
-4.2968
-3.344
-2.38951
-1.43403
-0.478056
-11.4224
-11.2774
-10.6539
-9.86564
-9.04323
-8.21676
-7.3867
-6.54883
-5.70061
-4.84178
-3.97352
-3.0977
-2.21631
-1.33119
-0.443957
-8.26712
-9.00317
-8.94553
-8.5518
-8.00092
-7.36724
-6.68252
-5.96168
-5.21313
-4.4428
-3.65548
-2.85526
-2.04569
-1.22982
-0.410332
-6.74314
-7.28017
-7.47057
-7.34708
-7.01613
-6.55315
-6.00343
-5.39376
-4.74078
-4.05563
-3.3464
-2.61933
-1.87945
-1.13096
-0.377525
-4.87205
-5.79787
-6.21361
-6.28644
-6.12301
-5.7993
-5.36597
-4.85593
-4.29075
-3.68517
-3.04971
-2.39229
-1.71918
-1.03554
-0.345838
-3.83556
-4.66979
-5.19477
-5.38985
-5.34121
-5.12156
-4.78179
-4.35637
-3.8688
-3.33546
-2.76826
-2.17615
-1.56622
-0.944321
-0.315525
-2.25769
-3.75646
-4.40504
-4.66252
-4.67818
-4.52723
-4.25707
-3.89998
-3.47861
-3.00928
-2.5041
-1.97238
-1.42158
-0.857895
-0.286776
-2.77469
-3.43354
-3.88689
-4.10311
-4.13084
-4.01568
-3.79274
-3.48823
-3.12173
-2.70799
-2.25837
-1.78187
-1.28587
-0.776634
-0.259717
-2.88647
-3.25331
-3.53343
-3.67458
-3.68272
-3.57897
-3.38503
-3.11954
-2.79766
-2.43161
-2.0313
-1.6049
-1.15936
-0.700705
-0.234406
-2.95105
-3.13331
-3.27647
-3.33843
-3.31231
-3.20489
-3.02702
-2.79
-2.50426
-2.17902
-1.82233
-1.44124
-1.04195
-0.630085
-0.21084
-2.96178
-3.04044
-3.07591
-3.06343
-2.99837
-2.87973
-2.71008
-2.49429
-2.23828
-1.94827
-1.63033
-1.2902
-0.933272
-0.564591
-0.188963
-3.00551
-2.97757
-2.90864
-2.82495
-2.72162
-2.58998
-2.4252
-2.22651
-1.99592
-1.73691
-1.45372
-1.15083
-0.832754
-0.503922
-0.168683
-3.13287
-2.94317
-2.7516
-2.6001
-2.46454
-2.32325
-2.16384
-1.98089
-1.77328
-1.54235
-1.2908
-1.02202
-0.739704
-0.4477
-0.149879
-3.63311
-2.91005
-2.56674
-2.36418
-2.21144
-2.0691
-1.91883
-1.7524
-1.56683
-1.3621
-1.13984
-0.902591
-0.653383
-0.395518
-0.132422
-3.3679
-2.6132
-2.28415
-2.09365
-1.95111
-1.82044
-1.68506
-1.53719
-1.37368
-1.19403
-0.9993
-0.791468
-0.573073
-0.346967
-0.116179
-1.9909
-2.02075
-1.90534
-1.7898
-1.68255
-1.57506
-1.45995
-1.33283
-1.19174
-1.03644
-0.867852
-0.687679
-0.498116
-0.301668
-0.101025
-1.43481
-1.52918
-1.52661
-1.48018
-1.41415
-1.33496
-1.24318
-1.13818
-1.01967
-0.888066
-0.744448
-0.590411
-0.42794
-0.259281
-0.0868496
-0.882466
-1.10492
-1.17834
-1.18418
-1.15487
-1.10362
-1.03559
-0.952894
-0.856681
-0.748039
-0.628278
-0.499
-0.36206
-0.219515
-0.0735539
-0.620165
-0.784165
-0.876994
-0.912585
-0.910839
-0.883916
-0.838192
-0.776997
-0.702327
-0.615731
-0.518718
-0.412908
-0.300073
-0.182119
-0.0610544
-0.324195
-0.512826
-0.615394
-0.666915
-0.684285
-0.677267
-0.651533
-0.610455
-0.556252
-0.490656
-0.415265
-0.331693
-0.241639
-0.146884
-0.0492797
-0.179329
-0.301251
-0.38924
-0.444958
-0.474665
-0.483612
-0.475527
-0.453026
-0.418086
-0.372384
-0.31749
-0.25498
-0.18647
-0.113628
-0.038168
-0.03069
-0.113237
-0.185493
-0.241063
-0.279459
-0.301783
-0.30953
-0.304233
-0.287394
-0.260492
-0.225005
-0.182433
-0.134307
-0.0821892
-0.0276644
0.13265
0.0676311
0.00666859
-0.0490904
-0.0954109
-0.130076
-0.152589
-0.163453
-0.16369
-0.15456
-0.137438
-0.113742
-0.0849174
-0.0524213
-0.0177191
0.259664
0.245685
0.195219
0.13633
0.0805457
0.0331932
-0.00373417
-0.0300524
-0.0464872
-0.0541789
-0.0544342
-0.0486117
-0.0380764
-0.0241851
-0.00828471
0.49132
0.44908
0.389623
0.319596
0.250649
0.189225
0.137755
0.0964865
0.0646452
0.0410396
0.0243495
0.0132465
0.00643445
0.00265612
0.000685242
0.670481
0.664434
0.59137
0.502115
0.415532
0.338347
0.272161
0.216481
0.17006
0.131457
0.0992544
0.0721255
0.0488391
0.0282425
0.00923838
1.02085
0.926333
0.804363
0.68278
0.573889
0.479834
0.399272
0.330046
0.270046
0.21743
0.170637
0.128337
0.0893764
0.0527233
0.0174254
1.34484
1.2073
1.01709
0.854636
0.721947
0.611953
0.518514
0.437207
0.364907
0.299362
0.2389
0.18223
0.128312
0.0762633
0.0253022
2.12231
1.52485
1.21055
1.00582
0.854248
0.732578
0.629331
0.538114
0.455077
0.377764
0.30453
0.234213
0.165949
0.0990487
0.0329312
2.22818
1.64576
1.32792
1.1201
0.965783
0.840411
0.731796
0.633343
0.541273
0.453335
0.368134
0.284772
0.202638
0.121291
0.0403831
1.79903
1.58294
1.3689
1.19722
1.05722
0.936609
0.827207
0.724139
0.624601
0.527006
0.430463
0.334479
0.238782
0.143228
0.0477367
1.64891
1.5187
1.38046
1.25235
1.1352
1.02502
0.91822
0.812485
0.706581
0.599946
0.492404
0.383985
0.274828
0.165121
0.0550781
1.5097
1.46003
1.38498
1.29987
1.20833
1.1111
1.00849
0.900949
0.78907
0.673518
0.554954
0.434006
0.311256
0.187248
0.062498
1.43602
1.41901
1.39648
1.35186
1.28542
1.20091
1.10219
0.992426
0.874111
0.749181
0.619161
0.485277
0.348557
0.209892
0.0700886
1.30287
1.38181
1.42333
1.41901
1.37504
1.3006
1.20356
1.08984
0.963745
0.82838
0.68605
0.53852
0.38721
0.233325
0.0779392
1.19287
1.3706
1.48202
1.51368
1.48583
1.41599
1.31651
1.19585
1.05982
0.912417
0.75655
0.594386
0.427651
0.2578
0.0861323
0.884665
1.40544
1.59609
1.64969
1.62579
1.55195
1.44416
1.31255
1.16377
1.00234
0.831424
0.653428
0.470256
0.283536
0.09474
1.44351
1.66952
1.80535
1.83951
1.80044
1.71149
1.58835
1.44117
1.27653
1.09883
0.911218
0.716064
0.515324
0.310714
0.103823
1.77186
1.99623
2.08521
2.08019
2.00971
1.89477
1.74925
1.58192
1.39834
1.20222
0.996249
0.78258
0.56308
0.339476
0.113429
2.32686
2.41696
2.43034
2.36632
2.24987
2.09928
1.92529
1.73395
1.52886
1.31244
1.08663
0.853146
0.613685
0.369934
0.123599
2.75423
2.89096
2.82921
2.68887
2.51374
2.32005
2.11338
1.89553
1.66724
1.42919
1.18233
0.927863
0.66727
0.402187
0.134368
3.61512
3.5028
3.28267
3.03558
2.79049
2.54982
2.30923
2.06436
1.81239
1.55207
1.2833
1.00684
0.723972
0.436338
0.145775
4.46741
4.18949
3.75484
3.3809
3.06418
2.77954
2.50805
2.23811
1.96336
1.68081
1.38962
1.09026
0.783984
0.472524
0.157868
6.6098
4.98504
4.18484
3.68647
3.31559
3.00013
2.70579
2.4152
2.11973
1.81555
1.50162
1.17848
0.847597
0.51093
0.170709
6.8007
5.20798
4.40522
3.90351
3.5285
3.20606
2.90092
2.59569
2.28214
1.95706
1.62
1.27208
0.915226
0.551803
0.184382
5.28302
4.88233
4.41655
4.03257
3.70491
3.39997
3.09612
2.78195
2.45257
2.10688
1.74593
1.37188
0.987416
0.595454
0.198985
4.75006
4.60187
4.37107
4.1225
3.86555
3.59311
3.29848
2.97878
2.63431
2.2673
1.88097
1.47892
1.06481
0.642233
0.214632
4.28628
4.37878
4.33794
4.21824
4.03694
3.80165
3.51824
3.19282
2.83171
2.44113
2.02691
1.59432
1.14809
0.692499
0.231433
4.06575
4.24828
4.35958
4.35674
4.24584
4.0436
3.76718
3.43163
3.04957
2.63139
2.18561
1.71919
1.23788
0.746565
0.249482
3.71968
4.16723
4.46047
4.57029
4.51816
4.33708
4.05718
3.70273
3.2925
2.84082
2.35864
1.85438
1.33462
0.804635
0.268839
3.44691
4.19335
4.68873
4.8963
4.88002
4.69917
4.39895
4.01257
3.56421
3.07143
2.54701
2.00035
1.43846
0.866737
0.289503
2.66103
4.39381
5.11687
5.37774
5.35616
5.14416
4.80054
4.36545
3.86678
3.32401
2.75082
2.15688
1.54913
0.932665
0.311398
4.36772
5.29546
5.86597
6.05534
5.96453
5.68056
5.26565
4.76247
4.19996
3.59771
2.96904
2.32301
1.66586
1.00192
0.334355
5.45661
6.44517
6.87975
6.92749
6.70704
6.30789
5.79206
5.2007
4.56073
3.88976
3.1993
2.49687
1.7873
1.07371
0.358104
7.39782
7.97959
8.16216
7.98589
7.57364
7.01624
6.37092
5.67268
4.94303
4.19534
3.43789
2.67567
1.91153
1.14688
0.382274
9.00207
9.79123
9.69375
9.20817
8.54102
7.78563
6.98653
6.16646
5.33786
4.50771
3.67978
2.85581
2.0361
1.22004
0.4064
12.3534
12.2186
11.4948
10.5565
9.56968
8.58538
7.61669
6.66618
5.73377
4.81852
3.91893
3.03298
2.15814
1.29152
0.42994
15.814
15.0549
13.4449
11.9386
10.5966
9.3743
8.23422
7.15332
6.11775
5.11845
4.14861
3.20242
2.27447
1.3595
0.452302
24.6234
18.4821
15.3231
13.2065
11.5403
10.1061
8.81065
7.60897
6.47654
5.39792
4.36187
3.3592
2.38178
1.42207
0.472863
25.9159
19.8382
16.4773
14.1617
12.3229
10.7416
9.32195
8.01652
6.79797
5.64783
4.55195
3.49845
2.4768
1.47735
0.491006
21.4424
19.3077
16.9055
14.7856
12.9268
11.2648
9.75392
8.36376
7.07187
5.86005
4.7126
3.61558
2.5564
1.52353
0.506139
20.2373
18.9627
17.1379
15.2282
13.3941
11.683
10.1021
8.64273
7.29018
6.02758
4.83822
3.70642
2.61774
1.55895
0.517722
20.0296
18.9999
17.4291
15.6183
13.776
12.0108
10.3657
8.84756
7.44602
6.14424
4.92388
3.7673
2.65832
1.58219
0.525286
20.2917
19.4129
17.887
16.0303
14.1042
12.2552
10.5413
8.97139
7.53257
6.20436
4.96524
3.79514
2.6761
1.59207
0.528453
21.2827
20.2754
18.5744
16.4906
14.3789
12.4059
10.6168
9.00417
7.54231
6.20261
4.95866
3.78751
2.66955
1.58776
0.526962
21.8212
21.6196
19.5278
16.9701
14.5574
12.4287
10.5699
8.93224
7.46721
6.13438
4.90151
3.74296
2.63789
1.56889
0.520695
22.0956
24.2764
20.8047
17.3489
14.5386
12.2641
10.3694
8.74042
7.30031
5.99673
4.79276
3.66125
2.5812
1.53556
0.509701
51.5436
30.8587
22.0706
17.2794
14.1478
11.8357
9.98432
8.41745
7.0386
5.78989
4.6337
3.5438
2.5006
1.48849
0.494226
50.3502
29.1791
20.5609
16.0574
13.1879
11.0875
9.40166
7.9639
6.68653
5.5188
4.4286
3.39392
2.3984
1.42904
0.474711
17.1951
18.7824
16.1937
13.7006
11.6939
10.0513
8.64676
7.39895
6.25832
5.19386
4.18496
3.21683
2.27805
1.35915
0.451787
6.81962
11.2857
11.7602
11.0061
9.94693
8.84971
7.78305
6.75959
5.7772
4.83034
3.913
3.01937
2.14389
1.28124
0.426234
2.81445
6.56083
8.17995
8.52356
8.2264
7.62693
6.88933
6.0917
5.27142
4.44633
3.62458
2.80929
2.00082
1.19803
0.398918
0.116571
3.31326
5.48542
6.48596
6.7158
6.50008
6.03729
5.43954
4.76896
4.05999
3.33168
2.59447
1.85381
1.11225
0.370719
-4.63932
0.777163
3.60451
4.98357
5.51461
5.54482
5.27898
4.83796
4.29318
3.68707
3.04497
2.38206
1.70742
1.02646
0.342453
-0.441043
-1.32977
-2.23884
-3.1832
-4.18021
-5.25118
-6.42382
-7.73639
-9.24511
-11.0386
-13.2682
-16.2189
-20.4946
-27.5703
-41.7012
-0.444548
-1.34089
-2.25944
-3.21663
-4.23164
-5.32823
-6.53749
-7.90249
-9.48625
-11.3863
-13.7624
-16.891
-21.2728
-27.825
-38.0836
-0.440807
-1.32981
-2.24141
-3.19224
-4.2015
-5.2926
-6.49542
-7.84984
-9.4111
-11.2579
-13.504
-16.3101
-19.8806
-24.3735
-29.473
-0.42968
-1.29612
-2.18415
-3.1094
-4.08953
-5.14525
-6.30174
-7.59034
-9.05039
-10.7303
-12.6855
-14.9647
-17.5659
-20.3154
-22.5913
-0.411476
-1.24084
-2.08966
-2.97171
-3.90197
-4.89712
-5.97595
-7.15941
-8.46978
-9.92753
-11.543
-13.2974
-15.1029
-16.7309
-17.714
-0.386864
-1.16609
-1.96194
-2.7858
-3.64951
-4.56531
-5.54552
-6.60157
-7.7418
-8.96697
-10.2616
-11.579
-12.8174
-13.7913
-14.2172
-0.35675
-1.07474
-1.8062
-2.56004
-3.34496
-4.1691
-5.03925
-5.95953
-6.92888
-7.93693
-8.95752
-9.93957
-10.7965
-11.3998
-11.5908
-0.322143
-0.96992
-1.62808
-2.3032
-3.00121
-3.72686
-4.48286
-5.26844
-6.07726
-6.89433
-7.69195
-8.42526
-9.02913
-9.42057
-9.51325
-0.284045
-0.854718
-1.433
-2.02346
-2.62981
-3.25429
-3.89688
-4.5541
-5.21739
-5.87118
-6.4907
-7.04039
-7.4742
-7.74013
-7.79141
-0.243362
-0.731905
-1.22574
-1.72785
-2.24027
-2.76361
-3.29628
-3.83367
-4.36702
-4.8823
-5.35929
-5.77139
-6.08715
-6.27434
-6.30741
-0.200861
-0.603797
-1.01022
-1.42191
-1.83982
-2.26358
-2.69097
-3.11729
-3.53473
-3.93172
-4.29275
-4.59874
-4.82867
-4.96265
-4.98657
-0.157147
-0.472204
-0.789416
-1.10977
-1.43353
-1.75992
-2.08671
-2.40981
-2.72288
-3.01711
-3.28124
-3.50215
-3.66614
-3.76104
-3.77898
-0.112671
-0.338458
-0.565475
-0.794206
-1.02461
-1.25586
-1.48615
-1.71234
-1.92987
-2.13259
-2.31295
-2.46249
-2.57269
-2.63637
-2.64922
-0.0677514
-0.203479
-0.339821
-0.476976
-0.614825
-0.752786
-0.889669
-1.02355
-1.15167
-1.27042
-1.3755
-1.46215
-1.52577
-1.56255
-1.57035
-32289.4
-32268.1
-32246.7
-32225.1
-32203.1
-32180.8
-32157.9
-32134.5
-32110.3
-32085.4
-32059.7
-32033
-32005.4
-31976.7
-31947
-92.1905
-131.604
53.1209
-0.434359
35.4464
2.48684
20.3964
-1.62136
-22.4833
-6.13406
-31.9029
-7.9602
-40.2195
-7.16719
-50.8992
47.5389
4.08862
36.2506
4.82232
27.2301
2.86431
17.187
-1.54879
-20.2844
-6.01887
-30.3843
-8.11961
-39.5337
-7.65224
-51.0647
47.0329
3.3762
36.2985
4.33176
27.4202
2.43204
17.2728
-2.05794
-21.4471
-6.66042
-31.9804
-8.82519
-41.5724
-8.29128
-53.6573
49.0304
3.34808
37.9176
4.42993
28.712
2.51023
18.1518
-2.13572
-22.5037
-6.87482
-33.5242
-9.00169
-43.5164
-8.19615
-56.0237
52.4809
4.38038
40.6689
5.46326
31.0528
3.48618
20.0424
-1.36164
-22.9267
-6.2561
-34.7143
-8.29403
-45.5659
-7.00761
-59.3756
61.0138
7.62678
49.8517
9.67105
42.2982
9.09508
35.5897
7.10824
-26.0479
75.6399
46.8099
29.6173
16.9467
5.31602
-8.28855
-52.0642
-50.4509
-7.66895
-1.81601
7.17024
3.36763
3.75926
-3.28579
-10.448
-11.1034
-16.3119
-14.2051
-18.4283
-12.4376
-12.6235
8.85739
8.64154
14.386
10.0947
11.7876
6.53461
5.40938
-1.54904
-8.51751
-9.6789
-14.9799
-13.3739
-17.7531
-12.1554
-12.4911
8.81093
8.502
14.3393
9.97084
11.732
6.34954
5.20861
-1.97379
-9.1818
-10.3854
-15.8916
-14.2188
-18.7753
-12.9172
-13.2445
9.07304
8.77609
14.9294
10.3822
12.2681
6.65267
5.49288
-2.01985
-9.55944
-10.7737
-16.5191
-14.6807
-19.4135
-13.1285
-13.3932
10.2435
9.99138
16.4894
11.7431
13.7728
7.90881
6.74572
-1.12972
-9.03521
-10.2213
-16.2305
-14.086
-18.984
-11.8511
-11.7525
14.8583
15.125
23.3363
18.9125
23.0093
17.8952
19.9905
13.8397
11.4218
31.9406
30.052
23.1057
15.4493
8.15841
2.15337
-32.5627
-28.5806
-15.281
-7.70964
-2.68999
-1.79128
-2.16906
-4.78154
-7.78241
-9.51634
-11.2551
-11.3345
-11.3453
-8.81386
-5.54803
1.41923
4.61157
6.97301
6.74996
6.34694
4.261
2.03157
-1.53482
-5.11285
-7.37783
-9.52179
-10.0093
-10.3392
-8.11428
-5.07599
1.7088
4.77729
7.07613
6.78338
6.33044
4.15929
1.8441
-1.85274
-5.5629
-7.91445
-10.1405
-10.6424
-10.9752
-8.63635
-5.44013
1.68056
4.91564
7.35014
7.07077
6.62606
4.37901
1.98221
-1.86531
-5.72368
-8.14767
-10.4347
-10.8971
-11.1762
-8.62918
-5.18082
2.40588
5.88228
8.50161
8.26559
7.85961
5.56218
3.11489
-0.854522
-4.81959
-7.24139
-9.48805
-9.73683
-9.72654
-6.56527
-2.30712
6.63819
11.1832
15.0154
15.8841
16.9842
16.3138
16.2656
15.1958
15.8628
20.5079
20.5773
17.6165
13.4256
9.14916
5.68845
-22.8401
-20.1274
-14.6442
-9.92889
-6.61606
-5.11205
-4.87941
-5.71802
-6.94125
-7.92224
-8.58793
-8.56273
-7.92314
-6.24759
-3.80258
-0.583059
1.77811
3.28162
3.66434
3.32974
2.19401
0.578994
-1.50384
-3.59897
-5.25106
-6.44888
-6.87184
-6.60416
-5.24445
-3.05583
-0.0418713
2.16089
3.5449
3.82659
3.40315
2.17645
0.469147
-1.7125
-3.90038
-5.62428
-6.87211
-7.30949
-7.02215
-5.5901
-3.28699
-0.116663
2.20802
3.67883
3.99741
3.57941
2.32097
0.560592
-1.69515
-3.95343
-5.71881
-6.97788
-7.3775
-7.00837
-5.42787
-2.92759
0.487135
3.00737
4.62556
5.0328
4.67017
3.43136
1.67589
-0.585571
-2.82628
-4.51363
-5.62253
-5.76069
-5.00648
-2.85891
0.38882
4.75448
8.26803
10.9617
12.5227
13.5085
13.8365
14.0116
14.0509
14.5756
15.6639
15.4663
13.8985
11.5253
8.96522
6.75015
-17.3496
-15.6638
-12.9017
-10.1286
-7.93743
-6.60207
-6.04713
-6.10066
-6.44888
-6.78219
-6.91559
-6.67565
-5.99276
-4.78932
-3.17244
-1.34931
0.179667
1.20419
1.61167
1.46617
0.817204
-0.199923
-1.45516
-2.72308
-3.77844
-4.49176
-4.72886
-4.44165
-3.56828
-2.22415
-0.624417
0.723489
1.601
1.8852
1.63255
0.885661
-0.222745
-1.56327
-2.906
-4.01965
-4.7708
-5.02018
-4.71753
-3.79816
-2.38264
-0.696163
0.729984
1.6667
1.98475
1.74297
0.985737
-0.147717
-1.52131
-2.89299
-4.01903
-4.75865
-4.9649
-4.58495
-3.55102
-1.99118
-0.143541
1.43139
2.49327
2.90864
2.7424
2.04455
0.965523
-0.346512
-1.62979
-2.61885
-3.15486
-3.06955
-2.29286
-0.736768
1.47492
4.09784
6.53341
8.53921
9.98933
10.9802
11.5792
11.9535
12.2069
12.4767
12.6718
12.3285
11.3401
9.894
8.28451
6.79397
-13.8098
-12.7499
-11.1751
-9.49015
-8.0265
-6.96827
-6.33864
-6.05895
-5.978
-5.93001
-5.78083
-5.42644
-4.81198
-3.9264
-2.83931
-1.69197
-0.692366
0.0153177
0.355282
0.327588
-0.0294495
-0.635961
-1.38822
-2.15326
-2.79833
-3.22042
-3.34089
-3.12322
-2.56997
-1.76055
-0.844332
-0.0365438
0.511486
0.716856
0.573641
0.115467
-0.580386
-1.41086
-2.2415
-2.93702
-3.39203
-3.52579
-3.30096
-2.72071
-1.86845
-0.900794
-0.0432695
0.545434
0.778247
0.648793
0.192253
-0.510226
-1.35025
-2.18625
-2.87569
-3.30747
-3.39643
-3.10327
-2.43148
-1.46919
-0.381523
0.594212
1.29195
1.62198
1.58015
1.20663
0.590684
-0.148856
-0.856997
-1.37647
-1.58187
-1.37402
-0.701593
0.441312
1.96887
3.71095
5.41768
6.91689
8.11732
9.01617
9.64571
10.0693
10.3393
10.4853
10.4549
10.1194
9.4411
8.49797
7.4325
6.39347
-11.2627
-10.5778
-9.60685
-8.53311
-7.53179
-6.71728
-6.12626
-5.73103
-5.45964
-5.22355
-4.94158
-4.55172
-4.0216
-3.35365
-2.59292
-1.8219
-1.14403
-0.644039
-0.371678
-0.336734
-0.516859
-0.862121
-1.30287
-1.75618
-2.13933
-2.38342
-2.43981
-2.28804
-1.94056
-1.45072
-0.908111
-0.422524
-0.084601
0.0504781
-0.0317232
-0.312471
-0.744169
-1.25822
-1.77157
-2.20072
-2.47587
-2.54778
-2.3962
-2.03495
-1.52044
-0.946836
-0.429421
-0.0633492
0.0934047
0.025616
-0.247082
-0.674671
-1.18498
-1.69055
-2.10341
-2.34995
-2.37822
-2.16682
-1.73024
-1.12777
-0.45832
0.157343
0.620153
0.870793
0.895516
0.717826
0.393812
0.0035828
-0.355889
-0.586329
-0.603979
-0.347486
0.212194
1.06549
2.15391
3.37496
4.60078
5.72482
6.67958
7.43991
8.00882
8.40603
8.65053
8.74788
8.67737
8.40393
7.92342
7.27811
6.54242
5.79776
-9.27217
-8.81781
-8.18661
-7.47179
-6.76805
-6.14446
-5.63192
-5.2248
-4.89045
-4.58317
-4.25767
-3.87896
-3.42972
-2.91448
-2.36136
-1.8177
-1.33954
-0.975611
-0.756752
-0.691358
-0.76647
-0.950773
-1.19946
-1.46011
-1.68057
-1.81672
-1.83848
-1.73468
-1.51614
-1.21689
-0.889774
-0.595866
-0.388592
-0.303015
-0.35118
-0.52304
-0.789362
-1.10659
-1.42288
-1.68618
-1.85238
-1.8916
-1.79336
-1.5699
-1.2575
-0.911973
-0.597641
-0.370715
-0.268097
-0.302493
-0.463374
-0.720002
-1.02654
-1.32836
-1.57061
-1.70674
-1.70515
-1.55464
-1.26789
-0.882808
-0.457661
-0.0594179
0.253874
0.444925
0.502361
0.439723
0.292291
0.111729
-0.0405865
-0.102612
-0.020851
0.24246
0.703176
1.35109
2.14795
3.03211
3.93045
4.77651
5.52182
6.13929
6.6192
6.96268
7.17362
7.2522
7.19207
6.98665
6.64304
6.18839
5.66525
5.12076
-7.62039
-7.31242
-6.88676
-6.39452
-5.8889
-5.41173
-4.9858
-4.61376
-4.28228
-3.96904
-3.65037
-3.30779
-2.93286
-2.52987
-2.11616
-1.71919
-1.37054
-1.09829
-0.920834
-0.843651
-0.858845
-0.946715
-1.07879
-1.22193
-1.3432
-1.41475
-1.41797
-1.34652
-1.20792
-1.02321
-0.823612
-0.644456
-0.517339
-0.463921
-0.492514
-0.597584
-0.761246
-0.956321
-1.15051
-1.31144
-1.41175
-1.43337
-1.37084
-1.23291
-1.04228
-0.832188
-0.639997
-0.499079
-0.4323
-0.448467
-0.541791
-0.693468
-0.874878
-1.05198
-1.19061
-1.26184
-1.24651
-1.13863
-0.947139
-0.695541
-0.418261
-0.15385
0.0636213
0.21146
0.282112
0.283723
0.238476
0.179201
0.144697
0.174052
0.300845
0.548141
0.924596
1.4222
2.01627
2.66885
3.33539
3.97327
4.54816
5.03677
5.42601
5.7102
5.88732
5.95624
5.91598
5.76837
5.52256
5.19729
4.81882
4.41604
-6.18818
-5.97651
-5.6828
-5.33653
-4.96875
-4.60524
-4.26206
-3.94432
-3.64785
-3.36271
-3.07749
-2.78321
-2.47639
-2.16068
-1.84686
-1.55109
-1.29154
-1.08444
-0.940526
-0.862919
-0.846565
-0.878997
-0.942201
-1.01525
-1.07741
-1.11118
-1.105
-1.05506
-0.966126
-0.850938
-0.728019
-0.618109
-0.539961
-0.506729
-0.523722
-0.587756
-0.687895
-0.807325
-0.926034
-1.024
-1.0844
-1.09635
-1.05688
-0.9718
-0.855084
-0.726627
-0.608522
-0.520682
-0.477064
-0.483333
-0.536182
-0.624117
-0.729425
-0.830994
-0.907667
-0.941599
-0.921165
-0.843015
-0.712947
-0.545256
-0.360329
-0.180691
-0.0263612
0.0891443
0.161283
0.195195
0.204863
0.211002
0.238022
0.310406
0.449014
0.667835
0.971564
1.35439
1.80035
2.28547
2.7816
3.26074
3.69876
4.07732
4.38412
4.61189
4.75683
4.8175
4.7945
4.69147
4.51652
4.28281
4.00739
3.70878
-4.90468
-4.75876
-4.55451
-4.30953
-4.04246
-3.76946
-3.50167
-3.24426
-2.9971
-2.75652
-2.51764
-2.27668
-2.03274
-1.78877
-1.55159
-1.33081
-1.13703
-0.979619
-0.864729
-0.793983
-0.764033
-0.766966
-0.791427
-0.824269
-0.852487
-0.865144
-0.855022
-0.819738
-0.762136
-0.689804
-0.613692
-0.546023
-0.497904
-0.477212
-0.487191
-0.525935
-0.586768
-0.659363
-0.731425
-0.79067
-0.826828
-0.833354
-0.808603
-0.75625
-0.684798
-0.606159
-0.533468
-0.478604
-0.449991
-0.451124
-0.480049
-0.529753
-0.589354
-0.645863
-0.68627
-0.699643
-0.678927
-0.622165
-0.532931
-0.419791
-0.29478
-0.171091
-0.0604369
0.0292763
0.095498
0.141579
0.17633
0.212733
0.266023
0.351396
0.481676
0.66526
0.904631
1.19568
1.52801
1.88627
2.25226
2.60742
2.93497
3.2212
3.45605
3.63283
3.7477
3.79924
3.78825
3.71812
3.59511
3.4284
3.22933
3.0101
-3.72409
-3.625
-3.48486
-3.31432
-3.12471
-2.92619
-2.72632
-2.52944
-2.33687
-2.14787
-1.96079
-1.77446
-1.58913
-1.4071
-1.23268
-1.07164
-0.930142
-0.813565
-0.725363
-0.666299
-0.63415
-0.623934
-0.628582
-0.639943
-0.649972
-0.651909
-0.64128
-0.616558
-0.579359
-0.534111
-0.487208
-0.445787
-0.41635
-0.40353
-0.409236
-0.432307
-0.468702
-0.51217
-0.555271
-0.590582
-0.611925
-0.6154
-0.600075
-0.5682
-0.524864
-0.477127
-0.432742
-0.398728
-0.380083
-0.378898
-0.393994
-0.421137
-0.453737
-0.483919
-0.503802
-0.506777
-0.488593
-0.448077
-0.387341
-0.31142
-0.227329
-0.142721
-0.0643581
0.00323543
0.0587157
0.104278
0.145416
0.190147
0.247824
0.32772
0.437579
0.58235
0.76328
0.977527
1.21835
1.47592
1.7385
1.99389
2.23066
2.43908
2.6116
2.74291
2.82979
2.87101
2.86719
2.8209
2.73662
2.62058
2.4803
2.32382
-2.61433
-2.55036
-2.45901
-2.34657
-2.21979
-2.08487
-1.94668
-1.80839
-1.67153
-1.53643
-1.40288
-1.27078
-1.14076
-1.01446
-0.894529
-0.784329
-0.687369
-0.606649
-0.54404
-0.499856
-0.472682
-0.459498
-0.456068
-0.457535
-0.45911
-0.456768
-0.447831
-0.431344
-0.408173
-0.3808
-0.35283
-0.328293
-0.310866
-0.303171
-0.306278
-0.319491
-0.340449
-0.365508
-0.390333
-0.410609
-0.422753
-0.424518
-0.415381
-0.396654
-0.371268
-0.343268
-0.317081
-0.296718
-0.285036
-0.283225
-0.290592
-0.304665
-0.321601
-0.336806
-0.345683
-0.34438
-0.33042
-0.303104
-0.263621
-0.214811
-0.160626
-0.105356
-0.0527727
-0.00536268
0.0362152
0.0733466
0.109329
0.148919
0.19763
0.260897
0.34321
0.44737
0.573954
0.721094
0.88459
1.05836
1.23511
1.40716
1.56716
1.70867
1.82652
1.91694
1.97763
2.00761
2.0073
1.9784
1.92385
1.84767
1.75462
1.64978
-1.55104
-1.51514
-1.46351
-1.39947
-1.3266
-1.24826
-1.16718
-1.08528
-1.00364
-0.922776
-0.842859
-0.764108
-0.687041
-0.612643
-0.542361
-0.477951
-0.421212
-0.37365
-0.336184
-0.30892
-0.291069
-0.281013
-0.276504
-0.274972
-0.273887
-0.271123
-0.265255
-0.255755
-0.243038
-0.228348
-0.213508
-0.20056
-0.191367
-0.187258
-0.188767
-0.195521
-0.206291
-0.219183
-0.231946
-0.242346
-0.248527
-0.249333
-0.244496
-0.234696
-0.221438
-0.206796
-0.193036
-0.182209
-0.175775
-0.174338
-0.177532
-0.184072
-0.191958
-0.198805
-0.202223
-0.200211
-0.191479
-0.175654
-0.15333
-0.125943
-0.0954866
-0.0641219
-0.0337382
-0.0055628
0.0201174
0.0440695
0.068047
0.0945538
0.126477
0.166647
0.217382
0.280097
0.355028
0.441109
0.536036
0.636489
0.738487
0.837788
0.930286
1.01232
1.08091
1.13382
1.16967
1.18785
1.18859
1.17283
1.14224
1.09906
1.04592
0.985632
-31918.8
-31892.4
-31865.4
-31837.6
-31809.2
-31780.2
-31750.7
-31720.5
-31689.9
-31658.8
-31627.3
-31595.4
-31563.1
-31530.6
-31497.7
-31464.6
-31431.3
-31397.7
-31364
-31330.2
-31296.2
-31262.1
-31227.8
-31193.4
-31158.9
-31124.3
-31089.5
-31054.6
-31019.6
-30984.5
-30949.3
-30914
-30878.5
-30843
-30807.4
-30771.8
-30736
-30700.1
-30664.2
-30628.1
-30591.9
-30555.6
-30519.2
-30482.7
-30446
-30409.3
-30372.5
-30335.5
-30298.5
-30261.4
-30224.3
-30187
-30149.7
-30112.2
-30074.7
-30037.1
-29999.4
-29961.6
-29923.7
-29885.8
-29847.8
-29809.7
-29771.6
-29733.5
-29695.4
-29657.4
-29619.3
-29581.2
-29543.3
-29505.3
-29467.5
-29429.7
-29392.1
-29354.6
-29317.3
-29280.3
-29243.6
-29207.2
-29171.2
-29135.6
-29100.5
-29065.9
-29031.9
-28998.4
-28965.4
-28933
-28901.1
-28869.8
-28838.9
-28808.6
-4.58824
0.303123
2.77336
4.04599
4.61471
4.74352
4.59289
4.26418
3.82199
3.3076
2.74744
2.15853
1.55188
0.934753
0.312151
0.8239
1.83856
2.92077
3.65371
4.03055
4.12335
4.00698
3.74221
3.37436
2.93585
2.44948
1.93114
1.39194
0.839821
0.280681
3.77106
3.30644
3.41746
3.61752
3.73042
3.71234
3.56945
3.32334
2.99737
2.61196
2.18349
1.7246
1.24494
0.751907
0.251432
5.09112
4.1987
3.8251
3.66849
3.56128
3.42614
3.23515
2.98433
2.67983
2.33113
1.94791
1.53884
1.11129
0.671439
0.224572
5.49377
4.57213
4.01575
3.67007
3.42006
3.19579
2.96069
2.69899
2.40648
2.08482
1.73819
1.37157
0.989948
0.597986
0.199989
5.39966
4.5803
3.9957
3.57597
3.2531
2.97626
2.71284
2.44444
2.16229
1.86349
1.54845
1.2193
0.878945
0.530566
0.177387
5.04074
4.35372
3.81079
3.385
3.04011
2.74332
2.46995
2.20366
1.93476
1.65839
1.37281
1.07823
0.775969
0.467946
0.15638
4.54301
3.98306
3.50871
3.11315
2.77903
2.48694
2.22001
1.96547
1.7147
1.46249
1.20617
0.944845
0.678756
0.408869
0.136566
3.97493
3.52681
3.12785
2.77986
2.4759
2.20542
1.95766
1.72351
1.49608
1.2707
1.04455
0.816222
0.585339
0.35221
0.117579
3.37376
3.02139
2.69602
2.40253
2.1393
1.90116
1.68171
1.47482
1.27541
1.07969
0.885101
0.690154
0.494167
0.297054
0.0991173
2.75948
2.48895
2.23233
1.99494
1.77761
1.57822
1.39319
1.21866
1.05106
0.887537
0.726012
0.565124
0.404123
0.242721
0.0809542
2.14232
1.94262
1.74939
1.5673
1.39799
1.2409
1.0942
0.955551
0.822623
0.693391
0.566287
0.440209
0.314478
0.188752
0.062933
1.52689
1.3898
1.2553
1.12689
1.00615
0.893183
0.787148
0.686729
0.590491
0.497118
0.405535
0.314947
0.224828
0.134876
0.0449588
0.914478
0.8344
0.75513
0.678812
0.606533
0.538535
0.474483
0.413724
0.355494
0.299056
0.243788
0.189216
0.135009
0.0809673
0.0269847
-28775.7
-28740.5
-28705.8
-28671.6
-28637.8
-28604.5
-28571.5
-28538.8
-28506.4
-28474.3
-28442.3
-28410.5
-28378.9
-28347.3
-28315.8
)
;

boundaryField
{
    hot
    {
        type            calculated;
        value           nonuniform List<scalar> 
120
(
32284.1
0.0533939
0.089544
0.126485
0.164449
0.203579
0.243892
0.285241
0.327282
0.369435
0.41087
0.450509
0.487071
0.519153
0.545368
0.5635
0.573989
0.578762
0.577845
0.571539
0.56038
0.545078
0.526438
0.505281
0.482375
0.458392
0.433882
0.409273
0.384886
0.360958
0.337668
0.315161
0.29356
0.27298
0.253521
0.235268
0.218281
0.202589
0.188188
0.175038
0.163064
0.152171
0.142244
0.133166
0.124823
0.117115
0.109959
0.103293
0.0970734
0.0912716
0.085867
0.0808419
0.0761757
0.0718408
0.0678004
0.0640088
0.0604131
0.0569563
0.0535817
0.0502363
0.0468748
0.043461
0.0399687
0.0363804
0.032685
0.028875
0.0249432
0.0208799
0.0166709
0.0122959
0.0077284
0.00293585
-0.00211942
-0.00747899
-0.0131871
-0.0192893
-0.0258309
-0.0328558
-0.0404046
-0.0485131
-0.0572104
-0.0665171
-0.0764441
-0.0869924
-0.0981541
-0.109915
-0.122259
-0.135176
-0.148665
-0.162743
-0.17745
-0.192843
-0.208995
-0.225985
-0.243875
-0.262692
-0.282401
-0.302879
-0.323893
-0.345079
-0.365935
-0.385833
-0.40404
-0.419764
-0.432215
-0.441043
-0.444548
-0.440807
-0.42968
-0.411476
-0.386864
-0.35675
-0.322143
-0.284045
-0.243362
-0.200861
-0.157147
-0.112671
-0.0677514
-32289.4
)
;
    }
    cold
    {
        type            calculated;
        value           nonuniform List<scalar> 
120
(
28318.1
-0.0204487
-0.0354945
-0.052684
-0.0729119
-0.097083
-0.126077
-0.160679
-0.201483
-0.248749
-0.302247
-0.3611
-0.423674
-0.487569
-0.549761
-0.602666
-0.644736
-0.679671
-0.70633
-0.724109
-0.732956
-0.733307
-0.725971
-0.711983
-0.692463
-0.668507
-0.641108
-0.61112
-0.579264
-0.546138
-0.512252
-0.478056
-0.443957
-0.410332
-0.377525
-0.345838
-0.315525
-0.286776
-0.259717
-0.234406
-0.21084
-0.188963
-0.168683
-0.149879
-0.132422
-0.116179
-0.101025
-0.0868496
-0.0735539
-0.0610544
-0.0492797
-0.038168
-0.0276644
-0.0177191
-0.00828471
0.000685242
0.00923838
0.0174254
0.0253022
0.0329312
0.0403831
0.0477367
0.0550781
0.062498
0.0700886
0.0779392
0.0861323
0.09474
0.103823
0.113429
0.123599
0.134368
0.145775
0.157868
0.170709
0.184382
0.198985
0.214632
0.231433
0.249482
0.268839
0.289503
0.311398
0.334355
0.358104
0.382274
0.4064
0.42994
0.452302
0.472863
0.491006
0.506139
0.517722
0.525286
0.528453
0.526962
0.520695
0.509701
0.494226
0.474711
0.451787
0.426234
0.398918
0.370719
0.342453
0.312151
0.280681
0.251432
0.224572
0.199989
0.177387
0.15638
0.136566
0.117579
0.0991173
0.0809542
0.062933
0.0449588
0.0269847
-28315.8
)
;
    }
    interface_left
    {
        type            calculated;
        value           nonuniform List<scalar> 
90
(
24.324
59.7037
62.144
35.8767
26.0571
16.9258
12.6306
7.09859
8.51811
8.87018
9.2105
9.44547
10.064
10.948
13.69
13.1604
8.67106
6.89795
5.15462
4.30619
3.24855
2.63884
1.63925
2.18552
2.39597
2.68131
2.86928
3.25346
3.67198
4.8245
4.72909
3.26543
2.68578
2.09862
1.80491
1.41321
1.17446
0.743553
1.04814
1.17688
1.35551
1.47248
1.70067
1.93584
2.56417
2.51912
1.7433
1.43188
1.10634
0.93999
0.712431
0.573986
0.332071
0.442671
0.467075
0.473072
0.454819
0.40296
0.349597
0.235062
0.1287
-0.109283
-0.228162
-0.382616
-0.464197
-0.560009
-0.592579
-0.545176
-0.992427
-1.3036
-1.87976
-2.34822
-3.31493
-4.27315
-6.6681
-6.99467
-5.68944
-5.26388
-4.95415
-4.8066
-4.5625
-4.29961
-3.45746
-6.40826
-6.44102
-3.38393
-3.20533
-4.90481
-10.3358
-27.5668
)
;
    }
    interface_right
    {
        type            calculated;
        value           nonuniform List<scalar> 
90
(
-11.2755
-111.082
-123.506
-67.8414
-47.8849
-30.4025
-22.4237
-12.4553
-15.0223
-15.675
-16.2888
-16.6834
-17.6693
-19.1073
-23.6048
-22.5606
-14.5903
-11.4224
-8.26712
-6.74314
-4.87205
-3.83556
-2.25769
-2.77469
-2.88647
-2.95105
-2.96178
-3.00551
-3.13287
-3.63311
-3.3679
-1.9909
-1.43481
-0.882466
-0.620165
-0.324195
-0.179329
-0.03069
0.13265
0.259664
0.49132
0.670481
1.02085
1.34484
2.12231
2.22818
1.79903
1.64891
1.5097
1.43602
1.30287
1.19287
0.884665
1.44351
1.77186
2.32686
2.75423
3.61512
4.46741
6.6098
6.8007
5.28302
4.75006
4.28628
4.06575
3.71968
3.44691
2.66103
4.36772
5.45661
7.39782
9.00207
12.3534
15.814
24.6234
25.9159
21.4424
20.2373
20.0296
20.2917
21.2827
21.8212
22.0956
51.5436
50.3502
17.1951
6.81962
2.81445
0.116571
-4.63932
)
;
    }
    interface_top
    {
        type            calculated;
        value           nonuniform List<scalar> 
90
(
-119.139
-196.576
106.503
-3.12839
56.7105
-1.33721
32.9544
-0.832359
-32.4275
-0.507349
-44.0955
-0.474762
-57.1385
0.0890536
-83.4158
80.2561
-2.69159
53.0748
-1.97299
39.0983
-1.85811
26.5422
-1.54548
-29.624
-1.30044
-42.2154
-1.33948
-56.285
-0.91975
-83.6954
79.4827
-3.79551
53.2821
-2.741
39.5319
-2.49418
26.8947
-2.08797
-31.154
-1.79668
-44.316
-1.80452
-59.0873
-1.30325
-87.8273
82.9684
-4.19986
55.7079
-3.00927
41.4157
-2.67802
28.2566
-2.18013
-32.7402
-1.76316
-46.5587
-1.59907
-62.0386
-0.782569
-92.0794
88.3426
-3.49278
59.373
-2.37629
44.4101
-2.01187
30.6819
-1.45829
-33.8668
-0.899739
-48.8188
-0.4878
-65.9018
0.775621
-99.5066
100.394
-1.97413
70.6267
-0.702251
57.605
-0.0197025
48.6547
2.00281
-58.8309
111.001
57.327
32.8679
17.4384
3.37477
-16.0812
)
;
    }
    interface_bottom
    {
        type            calculated;
        value           nonuniform List<scalar> 
90
(
38.553
114.644
-85.0609
2.45093
-51.8441
0.890059
-33.0856
-0.0832732
31.7534
-0.873591
44.2105
-1.33646
57.9826
-2.38411
85.3923
-87.0391
0.0906093
-58.4708
-0.878792
-43.7947
-1.18491
-30.6987
-1.68435
27.1855
-2.19813
39.6181
-2.54897
53.1502
-3.64021
79.1744
-83.3985
-1.11647
-56.24
-1.78169
-42.2589
-1.89336
-29.793
-2.25399
25.1714
-2.70352
37.0127
-3.0055
49.8541
-4.09602
74.3125
-79.2463
-1.46163
-53.3676
-1.89931
-40.0816
-1.90072
-28.2552
-2.17857
23.802
-2.55518
35.0716
-2.78146
47.3049
-3.69808
70.6657
-75.0119
-1.16314
-50.5069
-1.58346
-37.9062
-1.58813
-26.6423
-1.82879
22.8906
-2.10017
33.702
-2.17285
45.5509
-2.7095
68.5456
-71.5505
-0.390754
-48.5055
-0.974047
-36.9723
-1.22118
-27.3573
-2.20201
24.8228
-28.7373
-4.61782
10.6748
25.8939
48.2161
93.8174
)
;
    }
    defaultFaces
    {
        type            empty;
    }
}


// ************************************************************************* //
