/*--------------------------------*- C++ -*----------------------------------*\
| =========                 |                                                 |
| \\      /  F ield         | OpenFOAM: The Open Source CFD Toolbox           |
|  \\    /   O peration     | Version:  5.x                                   |
|   \\  /    A nd           | Web:      www.OpenFOAM.org                      |
|    \\/     M anipulation  |                                                 |
\*---------------------------------------------------------------------------*/
FoamFile
{
    version     2.0;
    format      ascii;
    class       volScalarField;
    location    "13.8999";
    object      T;
}
// * * * * * * * * * * * * * * * * * * * * * * * * * * * * * * * * * * * * * //

dimensions      [0 0 0 1 0 0 0];

internalField   nonuniform List<scalar> 
6300
(
322.84
322.521
322.2
321.878
321.553
321.225
320.894
320.558
320.218
319.872
319.52
319.163
318.8
318.431
318.057
322.841
322.522
322.202
321.88
321.556
321.229
320.898
320.563
320.223
319.877
319.526
319.169
318.806
318.437
318.062
322.841
322.524
322.206
321.885
321.563
321.237
320.907
320.573
320.233
319.889
319.538
319.181
318.818
318.449
318.074
322.843
322.527
322.211
321.893
321.572
321.248
320.92
320.587
320.249
319.906
319.556
319.2
318.837
318.467
318.091
322.844
322.532
322.218
321.903
321.585
321.263
320.937
320.607
320.271
319.929
319.58
319.224
318.862
318.492
318.115
322.846
322.537
322.227
321.915
321.601
321.283
320.96
320.632
320.299
319.959
319.611
319.256
318.894
318.523
318.145
322.848
322.544
322.238
321.931
321.621
321.306
320.988
320.663
320.333
319.995
319.65
319.296
318.934
318.562
318.182
322.851
322.552
322.252
321.949
321.644
321.335
321.021
320.701
320.374
320.04
319.697
319.345
318.983
318.61
318.228
322.854
322.561
322.267
321.971
321.671
321.368
321.06
320.745
320.424
320.094
319.754
319.404
319.042
318.668
318.282
322.857
322.571
322.284
321.995
321.703
321.406
321.105
320.797
320.481
320.156
319.821
319.474
319.113
318.738
318.348
322.861
322.583
322.304
322.022
321.738
321.45
321.156
320.856
320.548
320.23
319.901
319.558
319.199
318.823
318.428
322.865
322.596
322.326
322.053
321.778
321.498
321.214
320.923
320.624
320.315
319.993
319.657
319.302
318.926
318.527
322.87
322.61
322.349
322.086
321.821
321.552
321.278
320.998
320.71
320.412
320.102
319.774
319.426
319.054
318.651
322.875
322.625
322.375
322.122
321.868
321.61
321.348
321.081
320.807
320.523
320.226
319.912
319.576
319.21
318.812
322.881
322.641
322.402
322.161
321.918
321.673
321.424
321.171
320.913
320.646
320.368
320.073
319.754
319.399
319.007
317.708
317.387
317.063
316.735
316.404
316.07
315.734
315.395
315.053
314.71
314.365
314.018
313.67
313.321
312.971
312.621
312.27
311.919
311.568
311.217
310.866
310.516
310.166
309.816
309.467
309.119
308.771
308.423
308.076
307.73
307.385
307.04
306.697
306.354
306.013
305.672
305.333
304.995
304.657
304.321
303.986
303.651
303.318
302.985
302.653
302.323
301.993
301.665
301.337
301.011
300.686
300.362
300.04
299.718
299.397
299.077
298.758
298.44
298.123
297.807
297.491
297.177
296.864
296.551
296.24
295.93
295.62
295.312
295.004
294.697
294.391
294.085
293.781
293.476
293.173
292.87
292.567
292.265
291.964
291.663
291.363
291.063
290.762
290.462
290.161
289.86
289.559
289.256
288.952
288.648
317.713
317.392
317.067
316.739
316.408
316.074
315.737
315.398
315.056
314.713
314.367
314.02
313.672
313.323
312.972
312.621
312.27
311.919
311.567
311.216
310.866
310.515
310.165
309.816
309.467
309.118
308.77
308.422
308.075
307.729
307.384
307.039
306.695
306.353
306.011
305.671
305.332
304.993
304.656
304.32
303.984
303.65
303.316
302.984
302.652
302.321
301.992
301.663
301.336
301.01
300.685
300.361
300.038
299.716
299.396
299.076
298.757
298.439
298.122
297.805
297.49
297.176
296.862
296.55
296.238
295.928
295.619
295.31
295.003
294.696
294.39
294.085
293.78
293.476
293.172
292.869
292.566
292.265
291.963
291.663
291.363
291.063
290.763
290.463
290.162
289.861
289.56
289.257
288.954
288.649
317.724
317.402
317.077
316.748
316.416
316.082
315.744
315.404
315.062
314.718
314.372
314.024
313.675
313.325
312.974
312.622
312.271
311.919
311.567
311.215
310.864
310.514
310.164
309.814
309.465
309.117
308.768
308.421
308.073
307.727
307.381
307.036
306.692
306.35
306.008
305.668
305.328
304.99
304.653
304.317
303.982
303.647
303.314
302.981
302.649
302.318
301.988
301.66
301.332
301.006
300.681
300.358
300.035
299.714
299.393
299.073
298.755
298.437
298.119
297.803
297.487
297.173
296.859
296.547
296.236
295.925
295.616
295.308
295.001
294.694
294.388
294.083
293.778
293.474
293.17
292.867
292.565
292.263
291.962
291.662
291.362
291.062
290.763
290.464
290.164
289.863
289.562
289.26
288.956
288.652
317.741
317.418
317.092
316.762
316.429
316.093
315.755
315.414
315.071
314.726
314.379
314.03
313.68
313.329
312.977
312.624
312.271
311.918
311.566
311.214
310.863
310.512
310.162
309.812
309.463
309.115
308.766
308.418
308.071
307.724
307.377
307.032
306.688
306.345
306.003
305.663
305.324
304.986
304.649
304.313
303.978
303.644
303.31
302.977
302.645
302.313
301.983
301.655
301.327
301.001
300.676
300.353
300.031
299.71
299.389
299.07
298.751
298.433
298.115
297.799
297.483
297.168
296.855
296.542
296.231
295.921
295.612
295.304
294.997
294.691
294.385
294.08
293.775
293.471
293.167
292.864
292.562
292.26
291.96
291.66
291.361
291.062
290.763
290.465
290.166
289.867
289.566
289.264
288.961
288.656
317.763
317.439
317.111
316.78
316.446
316.108
315.769
315.427
315.083
314.737
314.388
314.038
313.687
313.334
312.98
312.626
312.271
311.917
311.564
311.212
310.86
310.509
310.159
309.81
309.461
309.112
308.763
308.415
308.067
307.719
307.372
307.026
306.681
306.338
305.996
305.656
305.318
304.98
304.644
304.308
303.973
303.639
303.305
302.971
302.639
302.307
301.977
301.647
301.32
300.994
300.669
300.346
300.025
299.704
299.384
299.065
298.746
298.428
298.111
297.794
297.477
297.162
296.848
296.536
296.225
295.915
295.607
295.299
294.993
294.687
294.382
294.077
293.772
293.468
293.164
292.861
292.558
292.257
291.956
291.657
291.359
291.061
290.764
290.467
290.17
289.871
289.572
289.271
288.968
288.663
317.791
317.466
317.136
316.802
316.466
316.127
315.786
315.443
315.098
314.75
314.4
314.049
313.695
313.34
312.984
312.628
312.271
311.916
311.561
311.208
310.856
310.505
310.156
309.807
309.458
309.109
308.76
308.411
308.062
307.714
307.365
307.018
306.673
306.329
305.987
305.648
305.309
304.973
304.637
304.302
303.968
303.633
303.299
302.965
302.632
302.299
301.968
301.638
301.31
300.984
300.66
300.338
300.017
299.697
299.378
299.06
298.741
298.423
298.105
297.787
297.47
297.154
296.84
296.527
296.217
295.907
295.6
295.293
294.988
294.683
294.378
294.073
293.769
293.464
293.159
292.856
292.553
292.251
291.951
291.653
291.355
291.06
290.764
290.469
290.174
289.878
289.58
289.28
288.977
288.672
317.826
317.498
317.165
316.829
316.491
316.15
315.807
315.462
315.115
314.766
314.415
314.061
313.705
313.348
312.989
312.629
312.27
311.912
311.556
311.202
310.85
310.5
310.151
309.803
309.455
309.107
308.758
308.408
308.058
307.707
307.357
307.009
306.662
306.318
305.976
305.636
305.299
304.964
304.629
304.296
303.962
303.627
303.293
302.958
302.623
302.289
301.957
301.626
301.298
300.972
300.649
300.328
300.008
299.69
299.372
299.054
298.736
298.417
298.098
297.779
297.461
297.145
296.829
296.516
296.206
295.897
295.591
295.286
294.982
294.678
294.374
294.07
293.765
293.459
293.154
292.849
292.546
292.244
291.944
291.646
291.351
291.057
290.764
290.472
290.18
289.887
289.591
289.292
288.99
288.685
317.868
317.536
317.2
316.86
316.518
316.175
315.83
315.484
315.136
314.786
314.434
314.078
313.719
313.357
312.994
312.63
312.267
311.906
311.548
311.194
310.842
310.493
310.146
309.799
309.453
309.105
308.756
308.405
308.053
307.7
307.347
306.996
306.648
306.302
305.96
305.622
305.287
304.953
304.621
304.289
303.956
303.622
303.287
302.951
302.614
302.278
301.943
301.611
301.282
300.956
300.634
300.315
299.998
299.681
299.365
299.049
298.731
298.412
298.092
297.771
297.451
297.132
296.816
296.502
296.192
295.885
295.58
295.277
294.975
294.673
294.371
294.067
293.761
293.455
293.148
292.841
292.536
292.233
291.933
291.637
291.343
291.052
290.764
290.476
290.188
289.899
289.606
289.31
289.009
288.703
317.918
317.581
317.239
316.894
316.548
316.201
315.855
315.509
315.161
314.811
314.456
314.098
313.735
313.369
313
312.63
312.261
311.896
311.536
311.18
310.83
310.483
310.139
309.796
309.452
309.106
308.757
308.404
308.049
307.692
307.335
306.98
306.629
306.282
305.94
305.604
305.271
304.941
304.613
304.283
303.953
303.619
303.283
302.944
302.604
302.264
301.925
301.591
301.261
300.936
300.616
300.299
299.986
299.673
299.36
299.045
298.728
298.408
298.086
297.762
297.438
297.116
296.798
296.483
296.174
295.868
295.567
295.267
294.969
294.67
294.369
294.066
293.76
293.451
293.141
292.832
292.524
292.219
291.918
291.623
291.332
291.045
290.762
290.48
290.198
289.914
289.627
289.335
289.035
288.728
317.978
317.633
317.282
316.93
316.578
316.228
315.881
315.535
315.189
314.84
314.486
314.125
313.758
313.384
313.006
312.627
312.251
311.88
311.516
311.16
310.812
310.47
310.131
309.793
309.454
309.111
308.762
308.408
308.048
307.684
307.32
306.959
306.603
306.254
305.913
305.579
305.251
304.927
304.605
304.28
303.953
303.62
303.282
302.939
302.593
302.247
301.903
301.564
301.233
300.909
300.591
300.28
299.972
299.665
299.357
299.045
298.729
298.408
298.082
297.752
297.423
297.096
296.773
296.458
296.149
295.847
295.55
295.256
294.963
294.669
294.371
294.069
293.762
293.45
293.135
292.819
292.506
292.198
291.896
291.602
291.314
291.033
290.757
290.483
290.21
289.936
289.656
289.369
289.072
288.764
318.049
317.692
317.329
316.964
316.604
316.251
315.904
315.563
315.221
314.876
314.524
314.162
313.789
313.406
313.015
312.622
312.233
311.853
311.485
311.13
310.786
310.451
310.122
309.793
309.462
309.124
308.776
308.419
308.051
307.677
307.301
306.929
306.566
306.215
305.875
305.546
305.227
304.912
304.599
304.282
303.96
303.629
303.288
302.939
302.583
302.226
301.873
301.528
301.194
300.871
300.559
300.255
299.956
299.659
299.358
299.052
298.737
298.414
298.082
297.744
297.404
297.068
296.74
296.422
296.115
295.818
295.528
295.243
294.959
294.672
294.38
294.079
293.77
293.452
293.129
292.803
292.482
292.167
291.864
291.571
291.288
291.015
290.749
290.486
290.226
289.963
289.696
289.418
289.126
288.816
318.136
317.763
317.376
316.993
316.62
316.264
315.921
315.589
315.259
314.923
314.577
314.214
313.835
313.438
313.027
312.61
312.201
311.809
311.436
311.082
310.747
310.424
310.111
309.798
309.479
309.15
308.805
308.443
308.065
307.674
307.277
306.888
306.513
306.158
305.821
305.501
305.194
304.895
304.597
304.293
303.979
303.651
303.307
302.948
302.576
302.2
301.83
301.475
301.138
300.819
300.515
300.223
299.939
299.657
299.368
299.07
298.759
298.432
298.091
297.738
297.38
297.029
296.691
296.371
296.067
295.778
295.5
295.229
294.959
294.684
294.4
294.102
293.79
293.464
293.126
292.783
292.446
292.122
291.815
291.524
291.249
290.986
290.734
290.487
290.243
289.999
289.75
289.489
289.206
288.893
318.25
317.851
317.42
317.005
316.614
316.257
315.924
315.612
315.305
314.986
314.651
314.291
313.907
313.489
313.047
312.586
312.147
311.735
311.359
311.009
310.688
310.385
310.098
309.812
309.513
309.198
308.857
308.493
308.097
307.678
307.241
306.824
306.433
306.075
305.743
305.437
305.15
304.876
304.603
304.319
304.019
303.696
303.35
302.974
302.577
302.162
301.768
301.397
301.058
300.743
300.453
300.181
299.921
299.662
299.393
299.108
298.801
298.473
298.116
297.739
297.346
296.971
296.619
296.296
295.997
295.721
295.461
295.214
294.967
294.71
294.439
294.146
293.832
293.491
293.13
292.752
292.392
292.053
291.743
291.455
291.191
290.943
290.711
290.485
290.259
290.04
289.823
289.591
289.327
289.014
318.414
317.987
317.441
316.981
316.559
316.214
315.897
315.629
315.367
315.071
314.763
314.404
314.026
313.575
313.095
312.531
312.055
311.611
311.242
310.896
310.602
310.325
310.084
309.843
309.569
309.282
308.944
308.588
308.162
307.709
307.175
306.725
306.305
305.955
305.627
305.348
305.085
304.855
304.627
304.366
304.093
303.773
303.434
303.031
302.601
302.097
301.67
301.273
300.942
300.631
300.368
300.118
299.901
299.684
299.438
299.178
298.875
298.554
298.172
297.764
297.285
296.88
296.503
296.188
295.893
295.642
295.404
295.197
294.991
294.756
294.509
294.22
293.913
293.548
293.157
292.697
292.307
291.943
291.639
291.353
291.109
290.879
290.679
290.482
290.264
290.082
289.915
289.739
289.52
289.217
318.671
318.29
317.338
316.902
316.394
316.13
315.802
315.637
315.477
315.174
314.949
314.545
314.248
313.704
313.265
312.35
311.914
311.38
311.092
310.706
310.493
310.213
310.068
309.923
309.646
309.437
309.06
308.781
308.268
307.854
306.991
306.58
306.076
305.804
305.439
305.237
304.971
304.833
304.696
304.433
304.234
303.877
303.613
303.126
302.734
301.919
301.53
301.054
300.797
300.452
300.262
300.01
299.88
299.75
299.501
299.312
298.974
298.724
298.263
297.891
297.118
296.749
296.297
296.052
295.724
295.543
295.304
295.18
295.056
294.819
294.64
294.318
294.08
293.64
293.284
292.541
292.185
291.747
291.509
291.188
291.009
290.769
290.644
290.509
290.22
290.099
290.022
289.946
289.835
289.607
288.312
287.944
287.576
287.207
286.838
286.468
286.1
285.732
285.365
284.999
284.633
284.269
283.906
283.543
283.181
288.313
287.945
287.577
287.207
286.837
286.468
286.099
285.731
285.364
284.998
284.633
284.269
283.905
283.543
283.181
288.316
287.947
287.578
287.208
286.837
286.467
286.097
285.729
285.362
284.995
284.631
284.267
283.904
283.542
283.181
288.319
287.95
287.58
287.208
286.837
286.465
286.095
285.726
285.358
284.992
284.627
284.264
283.902
283.541
283.18
288.325
287.955
287.582
287.209
286.836
286.463
286.091
285.721
285.353
284.987
284.623
284.26
283.899
283.539
283.18
288.333
287.961
287.586
287.21
286.834
286.459
286.086
285.715
285.346
284.98
284.617
284.255
283.895
283.537
283.179
288.345
287.969
287.591
287.211
286.832
286.454
286.078
285.706
285.337
284.971
284.608
284.248
283.89
283.533
283.178
288.36
287.98
287.597
287.212
286.828
286.446
286.068
285.694
285.324
284.959
284.597
284.239
283.883
283.529
283.176
288.382
287.996
287.604
287.212
286.821
286.434
286.053
285.678
285.308
284.943
284.583
284.227
283.875
283.524
283.174
288.412
288.016
287.613
287.21
286.81
286.418
286.032
285.655
285.286
284.923
284.565
284.213
283.864
283.517
283.172
288.455
288.043
287.623
287.204
286.793
286.393
286.004
285.626
285.257
284.896
284.543
284.194
283.85
283.509
283.169
288.517
288.077
287.63
287.191
286.766
286.357
285.965
285.586
285.22
284.863
284.515
284.172
283.834
283.499
283.166
288.607
288.119
287.631
287.163
286.721
286.305
285.911
285.535
285.173
284.822
284.48
284.145
283.815
283.487
283.162
288.742
288.162
287.61
287.108
286.651
286.232
285.84
285.47
285.115
284.773
284.44
284.113
283.792
283.474
283.158
288.937
288.178
287.54
287.007
286.545
286.13
285.748
285.388
285.045
284.714
284.392
284.076
283.766
283.458
283.153
322.886
322.657
322.428
322.197
321.966
321.733
321.498
321.26
321.017
320.769
320.513
320.243
319.949
319.606
319.162
322.89
322.671
322.452
322.232
322.011
321.789
321.567
321.342
321.116
320.887
320.654
320.415
320.16
319.865
319.422
322.895
322.686
322.476
322.266
322.056
321.846
321.637
321.427
321.217
321.008
320.801
320.596
320.399
320.226
320.164
322.9
322.7
322.5
322.301
322.102
321.904
321.706
321.511
321.317
321.128
320.945
320.773
320.621
320.509
320.467
322.905
322.715
322.525
322.336
322.147
321.96
321.775
321.593
321.415
321.243
321.081
320.935
320.816
320.744
320.764
322.91
322.729
322.549
322.369
322.191
322.015
321.842
321.672
321.508
321.352
321.207
321.079
320.978
320.915
320.901
322.914
322.743
322.572
322.402
322.234
322.069
321.906
321.748
321.596
321.452
321.32
321.205
321.112
321.053
321.046
322.919
322.756
322.594
322.434
322.275
322.12
321.967
321.819
321.678
321.545
321.422
321.314
321.224
321.156
321.111
322.923
322.769
322.616
322.464
322.315
322.168
322.025
321.887
321.754
321.63
321.515
321.411
321.32
321.241
321.164
322.927
322.781
322.637
322.493
322.352
322.214
322.079
321.95
321.825
321.708
321.599
321.499
321.408
321.326
321.253
322.931
322.793
322.656
322.521
322.388
322.257
322.131
322.009
321.892
321.781
321.677
321.581
321.49
321.403
321.311
322.935
322.804
322.675
322.547
322.421
322.298
322.179
322.064
321.954
321.849
321.751
321.658
321.57
321.485
321.406
322.938
322.815
322.692
322.571
322.453
322.337
322.224
322.115
322.012
321.913
321.82
321.732
321.647
321.563
321.468
322.941
322.825
322.709
322.594
322.482
322.373
322.266
322.164
322.066
321.973
321.886
321.803
321.724
321.648
321.573
322.945
322.834
322.724
322.616
322.51
322.406
322.306
322.209
322.117
322.03
321.948
321.872
321.8
321.731
321.65
322.947
322.843
322.739
322.636
322.536
322.438
322.343
322.251
322.165
322.083
322.007
321.937
321.875
321.824
321.8
322.95
322.851
322.752
322.655
322.56
322.467
322.377
322.291
322.209
322.132
322.061
321.996
321.941
321.897
321.868
322.953
322.858
322.765
322.673
322.582
322.494
322.409
322.327
322.249
322.177
322.11
322.05
321.999
321.961
321.943
322.955
322.865
322.777
322.689
322.603
322.519
322.438
322.36
322.287
322.218
322.154
322.097
322.049
322.011
321.982
322.957
322.872
322.787
322.704
322.622
322.542
322.465
322.391
322.321
322.255
322.194
322.139
322.092
322.053
322.029
322.959
322.878
322.797
322.718
322.64
322.564
322.49
322.419
322.352
322.288
322.229
322.175
322.128
322.087
322.053
322.961
322.884
322.807
322.731
322.656
322.584
322.513
322.445
322.38
322.318
322.261
322.207
322.159
322.116
322.082
322.963
322.889
322.815
322.743
322.672
322.602
322.534
322.469
322.406
322.346
322.289
322.236
322.186
322.14
322.097
322.965
322.894
322.823
322.754
322.686
322.619
322.554
322.49
322.43
322.371
322.315
322.262
322.211
322.161
322.11
322.966
322.898
322.831
322.764
322.699
322.634
322.572
322.511
322.452
322.395
322.34
322.286
322.235
322.183
322.133
322.967
322.902
322.838
322.774
322.711
322.649
322.589
322.53
322.472
322.417
322.363
322.31
322.258
322.205
322.149
322.969
322.906
322.844
322.783
322.722
322.663
322.604
322.547
322.492
322.438
322.385
322.333
322.282
322.23
322.177
322.97
322.91
322.85
322.791
322.733
322.676
322.619
322.564
322.511
322.458
322.407
322.356
322.306
322.254
322.197
322.971
322.913
322.856
322.799
322.743
322.688
322.633
322.58
322.528
322.477
322.428
322.379
322.331
322.281
322.231
322.972
322.917
322.861
322.807
322.752
322.699
322.647
322.595
322.545
322.496
322.448
322.402
322.356
322.31
322.258
322.973
322.92
322.866
322.813
322.761
322.71
322.659
322.609
322.561
322.514
322.468
322.424
322.382
322.342
322.311
322.974
322.922
322.871
322.82
322.769
322.72
322.671
322.623
322.576
322.531
322.487
322.445
322.405
322.369
322.336
322.975
322.925
322.875
322.826
322.777
322.729
322.682
322.636
322.59
322.547
322.504
322.464
322.426
322.393
322.366
322.976
322.928
322.88
322.832
322.785
322.738
322.692
322.647
322.604
322.561
322.52
322.481
322.445
322.412
322.381
322.977
322.93
322.883
322.837
322.792
322.746
322.702
322.659
322.616
322.575
322.535
322.497
322.461
322.429
322.401
322.977
322.932
322.887
322.842
322.798
322.754
322.711
322.669
322.628
322.587
322.548
322.511
322.476
322.442
322.411
322.978
322.934
322.891
322.847
322.804
322.762
322.72
322.679
322.638
322.599
322.561
322.524
322.488
322.455
322.424
322.979
322.936
322.894
322.852
322.81
322.769
322.728
322.688
322.648
322.61
322.572
322.535
322.5
322.465
322.431
322.979
322.938
322.897
322.856
322.815
322.775
322.736
322.696
322.658
322.62
322.583
322.546
322.51
322.474
322.437
322.98
322.94
322.9
322.86
322.821
322.781
322.743
322.705
322.667
322.63
322.593
322.557
322.521
322.485
322.448
322.98
322.941
322.902
322.864
322.825
322.787
322.75
322.713
322.676
322.64
322.604
322.568
322.532
322.495
322.456
322.981
322.943
322.905
322.867
322.83
322.793
322.756
322.72
322.684
322.649
322.614
322.579
322.543
322.507
322.471
322.981
322.944
322.908
322.871
322.834
322.798
322.763
322.727
322.692
322.658
322.624
322.589
322.555
322.52
322.481
322.982
322.946
322.91
322.874
322.839
322.803
322.769
322.734
322.7
322.667
322.634
322.601
322.568
322.534
322.5
322.982
322.947
322.912
322.877
322.842
322.808
322.774
322.741
322.708
322.675
322.643
322.612
322.58
322.549
322.514
322.983
322.948
322.914
322.88
322.846
322.813
322.78
322.747
322.715
322.684
322.653
322.623
322.594
322.566
322.543
322.983
322.95
322.916
322.883
322.85
322.817
322.785
322.753
322.722
322.691
322.662
322.633
322.606
322.58
322.556
322.984
322.951
322.918
322.885
322.853
322.821
322.789
322.759
322.728
322.699
322.67
322.642
322.616
322.593
322.572
322.984
322.952
322.919
322.887
322.856
322.825
322.794
322.764
322.734
322.705
322.678
322.651
322.626
322.602
322.581
322.984
322.952
322.921
322.89
322.859
322.828
322.798
322.768
322.739
322.711
322.684
322.658
322.634
322.611
322.591
322.984
322.953
322.922
322.891
322.861
322.831
322.801
322.772
322.744
322.717
322.69
322.665
322.641
322.618
322.597
322.985
322.954
322.923
322.893
322.863
322.833
322.804
322.776
322.748
322.721
322.695
322.67
322.646
322.624
322.603
322.985
322.955
322.924
322.894
322.865
322.836
322.807
322.779
322.752
322.725
322.7
322.675
322.651
322.628
322.607
322.985
322.955
322.925
322.896
322.866
322.838
322.809
322.782
322.755
322.729
322.703
322.679
322.655
322.632
322.609
322.985
322.955
322.926
322.897
322.868
322.839
322.811
322.784
322.757
322.732
322.707
322.682
322.659
322.636
322.614
322.985
322.956
322.926
322.897
322.868
322.84
322.813
322.786
322.759
322.734
322.709
322.685
322.662
322.64
322.617
322.985
322.956
322.927
322.898
322.869
322.841
322.813
322.787
322.761
322.736
322.711
322.688
322.665
322.643
322.622
322.985
322.956
322.927
322.898
322.869
322.841
322.814
322.787
322.762
322.737
322.713
322.69
322.668
322.646
322.625
322.985
322.956
322.926
322.898
322.869
322.841
322.814
322.787
322.762
322.737
322.714
322.691
322.669
322.649
322.63
322.985
322.956
322.926
322.897
322.868
322.84
322.813
322.787
322.761
322.737
322.714
322.691
322.67
322.651
322.632
322.985
322.955
322.925
322.896
322.867
322.839
322.812
322.786
322.76
322.736
322.713
322.691
322.671
322.652
322.634
322.985
322.955
322.925
322.895
322.866
322.838
322.81
322.784
322.758
322.734
322.711
322.69
322.67
322.651
322.635
322.985
322.954
322.923
322.893
322.864
322.835
322.808
322.781
322.756
322.731
322.709
322.688
322.668
322.65
322.633
322.984
322.953
322.922
322.891
322.862
322.833
322.804
322.778
322.752
322.728
322.705
322.684
322.665
322.647
322.631
322.984
322.952
322.92
322.889
322.859
322.829
322.8
322.773
322.747
322.723
322.7
322.68
322.661
322.643
322.627
322.984
322.951
322.918
322.886
322.855
322.825
322.795
322.768
322.742
322.717
322.695
322.674
322.655
322.639
322.624
322.983
322.949
322.916
322.883
322.85
322.819
322.79
322.761
322.735
322.71
322.687
322.667
322.649
322.633
322.618
322.982
322.947
322.913
322.879
322.845
322.813
322.783
322.753
322.726
322.701
322.678
322.658
322.641
322.626
322.614
322.982
322.945
322.909
322.874
322.84
322.806
322.775
322.744
322.716
322.691
322.668
322.648
322.631
322.618
322.609
322.981
322.943
322.906
322.869
322.833
322.798
322.765
322.734
322.705
322.679
322.655
322.635
322.618
322.606
322.598
322.98
322.94
322.901
322.863
322.825
322.789
322.755
322.722
322.692
322.664
322.64
322.619
322.603
322.592
322.588
322.979
322.938
322.897
322.856
322.817
322.779
322.743
322.709
322.677
322.648
322.622
322.6
322.584
322.572
322.567
322.978
322.934
322.891
322.849
322.808
322.768
322.73
322.694
322.66
322.629
322.602
322.579
322.56
322.549
322.549
322.977
322.931
322.885
322.841
322.797
322.755
322.715
322.677
322.641
322.608
322.579
322.553
322.532
322.518
322.512
322.976
322.927
322.879
322.832
322.786
322.741
322.699
322.658
322.62
322.585
322.553
322.524
322.5
322.482
322.478
322.974
322.923
322.872
322.822
322.773
322.726
322.681
322.638
322.597
322.559
322.524
322.492
322.463
322.435
322.401
322.973
322.918
322.864
322.811
322.76
322.71
322.662
322.616
322.573
322.532
322.494
322.459
322.425
322.393
322.362
322.971
322.913
322.856
322.8
322.745
322.692
322.641
322.592
322.546
322.503
322.462
322.423
322.387
322.349
322.307
322.969
322.908
322.847
322.787
322.729
322.673
322.618
322.567
322.518
322.472
322.428
322.387
322.348
322.31
322.274
322.967
322.902
322.837
322.774
322.712
322.652
322.594
322.539
322.487
322.438
322.393
322.35
322.309
322.269
322.224
322.965
322.896
322.827
322.759
322.693
322.629
322.568
322.51
322.455
322.403
322.355
322.311
322.27
322.23
322.194
322.963
322.889
322.816
322.743
322.673
322.605
322.54
322.478
322.42
322.365
322.316
322.27
322.229
322.19
322.148
322.96
322.882
322.803
322.727
322.652
322.579
322.509
322.443
322.382
322.325
322.273
322.227
322.186
322.151
322.123
322.958
322.874
322.79
322.708
322.628
322.551
322.476
322.406
322.34
322.28
322.226
322.18
322.14
322.108
322.091
322.955
322.865
322.776
322.689
322.603
322.52
322.441
322.365
322.295
322.231
322.175
322.127
322.088
322.055
322.016
322.952
322.856
322.762
322.668
322.576
322.487
322.402
322.321
322.245
322.177
322.118
322.069
322.032
322.006
321.984
322.949
322.847
322.746
322.646
322.548
322.452
322.36
322.272
322.191
322.117
322.053
322.002
321.969
321.955
321.96
322.946
322.837
322.729
322.623
322.517
322.415
322.315
322.22
322.13
322.049
321.979
321.924
321.892
321.891
321.93
322.942
322.827
322.712
322.598
322.485
322.375
322.267
322.163
322.065
321.974
321.894
321.83
321.793
321.8
321.878
322.939
322.816
322.694
322.573
322.452
322.333
322.217
322.103
321.994
321.891
321.797
321.718
321.665
321.658
321.758
289.142
288.08
287.381
286.849
286.403
286.007
285.642
285.298
284.97
284.652
284.342
284.038
283.739
283.442
283.147
288.768
287.74
287.12
286.646
286.241
285.874
285.531
285.206
284.894
284.59
284.293
284.001
283.712
283.427
283.142
287.291
287.115
286.759
286.396
286.051
285.723
285.409
285.106
284.811
284.523
284.24
283.961
283.684
283.41
283.136
286.71
286.617
286.401
286.133
285.849
285.562
285.279
284.999
284.724
284.453
284.184
283.919
283.655
283.392
283.131
286.161
286.203
286.08
285.881
285.648
285.4
285.146
284.89
284.635
284.38
284.127
283.875
283.624
283.374
283.125
285.912
285.905
285.811
285.654
285.458
285.242
285.014
284.781
284.544
284.307
284.069
283.831
283.593
283.356
283.119
285.654
285.666
285.587
285.453
285.283
285.092
284.886
284.673
284.455
284.234
284.011
283.787
283.562
283.337
283.113
285.539
285.491
285.402
285.276
285.123
284.95
284.764
284.569
284.367
284.162
283.953
283.743
283.531
283.319
283.106
285.447
285.344
285.241
285.118
284.977
284.819
284.649
284.469
284.283
284.092
283.897
283.7
283.501
283.301
283.1
285.288
285.199
285.093
284.974
284.841
284.696
284.539
284.374
284.202
284.024
283.843
283.658
283.471
283.283
283.095
285.186
285.065
284.955
284.84
284.715
284.58
284.436
284.284
284.124
283.959
283.79
283.618
283.443
283.266
283.089
285.017
284.924
284.82
284.712
284.596
284.472
284.339
284.198
284.051
283.898
283.74
283.579
283.415
283.25
283.083
284.908
284.789
284.689
284.589
284.482
284.369
284.247
284.117
283.981
283.839
283.692
283.542
283.389
283.234
283.078
284.723
284.643
284.558
284.47
284.374
284.271
284.16
284.041
283.915
283.784
283.647
283.507
283.364
283.219
283.073
284.59
284.499
284.43
284.355
284.272
284.18
284.078
283.969
283.853
283.731
283.605
283.474
283.341
283.205
283.069
284.33
284.341
284.304
284.247
284.176
284.094
284.002
283.902
283.796
283.683
283.565
283.443
283.319
283.192
283.064
284.214
284.217
284.193
284.148
284.088
284.015
283.932
283.841
283.742
283.637
283.528
283.414
283.298
283.18
283.06
284.087
284.11
284.097
284.061
284.008
283.943
283.868
283.784
283.692
283.595
283.493
283.388
283.279
283.168
283.056
284.024
284.029
284.016
283.984
283.937
283.878
283.809
283.732
283.647
283.557
283.462
283.363
283.261
283.158
283.053
283.95
283.96
283.948
283.918
283.875
283.82
283.756
283.684
283.606
283.521
283.433
283.34
283.245
283.148
283.049
283.912
283.908
283.892
283.862
283.821
283.769
283.709
283.642
283.568
283.489
283.406
283.319
283.23
283.139
283.046
283.869
283.864
283.845
283.814
283.773
283.724
283.667
283.604
283.534
283.46
283.382
283.3
283.216
283.131
283.044
283.848
283.83
283.805
283.772
283.732
283.684
283.63
283.569
283.504
283.434
283.36
283.283
283.204
283.123
283.041
283.831
283.802
283.771
283.736
283.696
283.649
283.596
283.539
283.477
283.41
283.34
283.268
283.193
283.116
283.039
283.802
283.773
283.741
283.704
283.663
283.617
283.567
283.511
283.452
283.389
283.323
283.254
283.183
283.11
283.037
283.784
283.748
283.713
283.675
283.634
283.589
283.54
283.487
283.43
283.37
283.307
283.241
283.173
283.105
283.035
283.754
283.722
283.687
283.649
283.608
283.564
283.517
283.465
283.41
283.353
283.292
283.23
283.165
283.1
283.033
283.735
283.698
283.662
283.625
283.585
283.542
283.495
283.446
283.393
283.337
283.28
283.22
283.158
283.095
283.032
283.704
283.672
283.638
283.602
283.563
283.521
283.476
283.428
283.377
283.324
283.268
283.211
283.151
283.091
283.031
283.683
283.649
283.617
283.582
283.544
283.503
283.459
283.413
283.364
283.312
283.258
283.203
283.146
283.088
283.029
283.644
283.625
283.596
283.563
283.527
283.487
283.445
283.399
283.351
283.301
283.249
283.196
283.141
283.085
283.028
283.628
283.606
283.579
283.547
283.512
283.473
283.432
283.387
283.341
283.292
283.242
283.19
283.136
283.082
283.027
283.612
283.591
283.565
283.534
283.499
283.461
283.421
283.377
283.332
283.284
283.235
283.184
283.132
283.08
283.027
283.604
283.581
283.554
283.523
283.489
283.451
283.411
283.369
283.324
283.277
283.229
283.18
283.129
283.078
283.026
283.598
283.573
283.546
283.514
283.48
283.443
283.404
283.362
283.318
283.272
283.225
283.176
283.126
283.076
283.025
283.594
283.568
283.54
283.508
283.474
283.437
283.397
283.356
283.312
283.267
283.221
283.173
283.124
283.075
283.025
283.592
283.565
283.536
283.504
283.469
283.432
283.393
283.352
283.309
283.264
283.218
283.171
283.122
283.074
283.025
283.592
283.564
283.533
283.501
283.466
283.429
283.39
283.349
283.306
283.261
283.216
283.169
283.121
283.073
283.024
283.592
283.564
283.533
283.5
283.465
283.427
283.388
283.347
283.304
283.26
283.214
283.168
283.12
283.072
283.024
283.594
283.565
283.534
283.5
283.465
283.427
283.387
283.346
283.303
283.259
283.213
283.167
283.12
283.072
283.024
283.597
283.568
283.536
283.502
283.466
283.428
283.388
283.346
283.303
283.259
283.213
283.167
283.12
283.072
283.024
283.603
283.573
283.541
283.506
283.469
283.43
283.39
283.348
283.304
283.26
283.214
283.167
283.12
283.072
283.024
283.608
283.579
283.546
283.511
283.473
283.434
283.393
283.35
283.306
283.261
283.215
283.168
283.121
283.073
283.024
283.62
283.588
283.554
283.517
283.479
283.438
283.397
283.353
283.309
283.263
283.217
283.169
283.121
283.073
283.024
283.631
283.6
283.564
283.525
283.486
283.444
283.401
283.358
283.312
283.266
283.219
283.171
283.123
283.074
283.025
283.656
283.614
283.575
283.534
283.493
283.451
283.407
283.362
283.317
283.27
283.222
283.173
283.124
283.075
283.025
283.668
283.627
283.586
283.544
283.502
283.458
283.414
283.368
283.321
283.274
283.225
283.176
283.126
283.076
283.025
283.686
283.641
283.598
283.555
283.511
283.467
283.421
283.375
283.327
283.279
283.229
283.179
283.128
283.077
283.026
283.696
283.653
283.609
283.565
283.521
283.475
283.429
283.382
283.333
283.284
283.234
283.182
283.131
283.079
283.026
283.711
283.665
283.621
283.576
283.531
283.485
283.438
283.39
283.34
283.29
283.238
283.186
283.133
283.08
283.027
283.72
283.677
283.632
283.588
283.542
283.496
283.448
283.398
283.348
283.296
283.244
283.191
283.137
283.082
283.027
283.733
283.688
283.645
283.6
283.554
283.507
283.458
283.408
283.356
283.304
283.25
283.195
283.14
283.084
283.028
283.74
283.699
283.657
283.613
283.567
283.519
283.47
283.418
283.366
283.312
283.256
283.2
283.144
283.086
283.029
283.748
283.712
283.671
283.627
283.581
283.533
283.482
283.43
283.376
283.32
283.264
283.206
283.148
283.089
283.03
283.764
283.727
283.687
283.644
283.597
283.548
283.496
283.442
283.387
283.33
283.272
283.212
283.152
283.092
283.031
283.777
283.745
283.706
283.662
283.615
283.564
283.511
283.456
283.399
283.34
283.28
283.219
283.157
283.095
283.032
283.803
283.767
283.728
283.683
283.634
283.583
283.528
283.471
283.412
283.352
283.29
283.227
283.162
283.098
283.033
283.823
283.793
283.753
283.707
283.656
283.603
283.546
283.487
283.427
283.364
283.3
283.235
283.168
283.101
283.034
283.863
283.825
283.782
283.733
283.681
283.625
283.566
283.505
283.442
283.377
283.311
283.243
283.174
283.105
283.035
283.897
283.862
283.815
283.763
283.707
283.649
283.588
283.525
283.459
283.392
283.323
283.253
283.181
283.109
283.036
283.972
283.908
283.852
283.795
283.736
283.675
283.611
283.545
283.478
283.408
283.336
283.263
283.189
283.113
283.038
284.01
283.949
283.888
283.828
283.766
283.702
283.636
283.568
283.497
283.424
283.35
283.274
283.196
283.118
283.039
284.06
283.989
283.925
283.861
283.797
283.731
283.663
283.592
283.518
283.443
283.365
283.286
283.205
283.123
283.041
284.089
284.025
283.961
283.896
283.83
283.762
283.691
283.617
283.541
283.462
283.381
283.298
283.214
283.129
283.043
284.131
284.062
283.997
283.931
283.864
283.794
283.721
283.645
283.565
283.483
283.399
283.312
283.224
283.135
283.045
284.156
284.096
284.033
283.968
283.9
283.829
283.753
283.674
283.592
283.506
283.417
283.327
283.235
283.141
283.047
284.192
284.131
284.071
284.007
283.939
283.866
283.788
283.706
283.62
283.53
283.438
283.343
283.246
283.148
283.05
284.213
284.165
284.111
284.05
283.981
283.907
283.826
283.741
283.651
283.557
283.46
283.36
283.259
283.156
283.052
284.237
284.204
284.156
284.097
284.028
283.952
283.868
283.779
283.684
283.586
283.484
283.379
283.272
283.164
283.055
284.285
284.253
284.208
284.15
284.081
284.001
283.914
283.82
283.721
283.617
283.509
283.399
283.286
283.172
283.058
284.327
284.311
284.27
284.212
284.14
284.056
283.964
283.865
283.76
283.65
283.537
283.42
283.302
283.182
283.061
284.408
284.385
284.344
284.283
284.206
284.118
284.02
283.914
283.803
283.686
283.566
283.443
283.318
283.191
283.064
284.476
284.473
284.431
284.365
284.282
284.186
284.081
283.968
283.849
283.725
283.598
283.468
283.336
283.202
283.067
284.613
284.588
284.535
284.458
284.365
284.261
284.146
284.025
283.898
283.766
283.631
283.494
283.354
283.213
283.071
284.739
284.723
284.654
284.563
284.458
284.342
284.217
284.087
283.95
283.81
283.667
283.521
283.373
283.224
283.075
285.022
284.895
284.789
284.678
284.557
284.429
284.293
284.152
284.006
283.856
283.704
283.55
283.394
283.237
283.079
285.17
285.053
284.928
284.799
284.663
284.52
284.372
284.22
284.064
283.904
283.743
283.579
283.415
283.249
283.083
285.379
285.217
285.071
284.924
284.772
284.616
284.455
284.291
284.123
283.954
283.782
283.61
283.436
283.262
283.087
285.506
285.369
285.213
285.052
284.885
284.715
284.541
284.364
284.185
284.005
283.823
283.641
283.458
283.275
283.092
285.712
285.533
285.361
285.184
285.002
284.816
284.628
284.438
284.247
284.056
283.864
283.672
283.48
283.288
283.096
285.844
285.692
285.511
285.319
285.12
284.919
284.716
284.513
284.31
284.108
283.906
283.704
283.503
283.302
283.1
286.067
285.87
285.67
285.458
285.241
285.022
284.804
284.588
284.373
284.159
283.947
283.735
283.525
283.315
283.105
286.208
286.052
285.836
285.601
285.363
285.126
284.892
284.662
284.435
284.21
283.987
283.766
283.547
283.328
283.109
286.435
286.275
286.017
285.747
285.483
285.227
284.977
284.733
284.494
284.259
284.027
283.796
283.568
283.34
283.113
287.067
286.566
286.204
285.889
285.598
285.323
285.058
284.802
284.552
284.306
284.064
283.825
283.588
283.352
283.117
287.274
286.761
286.359
286.015
285.703
285.411
285.134
284.866
284.606
284.351
284.1
283.853
283.608
283.364
283.121
287.353
286.879
286.474
286.117
285.793
285.49
285.202
284.925
284.656
284.393
284.134
283.879
283.626
283.375
283.125
287.388
286.949
286.555
286.198
285.868
285.559
285.263
284.979
284.702
284.431
284.166
283.903
283.643
283.385
283.128
287.4
286.988
286.61
286.259
285.93
285.617
285.317
285.027
284.744
284.467
284.195
283.926
283.659
283.395
283.132
287.39
287.004
286.646
286.306
285.98
285.667
285.364
285.069
284.781
284.499
284.221
283.946
283.674
283.404
283.135
322.935
322.804
322.674
322.544
322.414
322.286
322.159
322.033
321.911
321.792
321.68
321.576
321.487
321.42
321.385
322.93
322.791
322.651
322.511
322.372
322.233
322.093
321.955
321.816
321.679
321.543
321.407
321.271
321.128
320.958
322.926
322.777
322.628
322.479
322.33
322.179
322.028
321.875
321.721
321.565
321.405
321.239
321.062
320.863
320.623
322.921
322.764
322.606
322.448
322.288
322.127
321.964
321.798
321.628
321.454
321.273
321.081
320.873
320.641
320.369
322.917
322.751
322.585
322.417
322.248
322.076
321.902
321.724
321.54
321.35
321.151
320.939
320.71
320.457
320.171
322.913
322.739
322.564
322.388
322.21
322.029
321.844
321.655
321.459
321.255
321.042
320.815
320.571
320.306
320.015
322.909
322.728
322.546
322.361
322.175
321.985
321.791
321.592
321.385
321.171
320.946
320.708
320.454
320.181
319.887
322.906
322.718
322.528
322.337
322.143
321.946
321.743
321.535
321.32
321.097
320.863
320.616
320.356
320.078
319.783
322.903
322.709
322.513
322.315
322.115
321.911
321.701
321.486
321.264
321.033
320.792
320.539
320.274
319.993
319.697
322.9
322.701
322.5
322.297
322.091
321.88
321.665
321.444
321.216
320.979
320.733
320.476
320.206
319.923
319.627
322.898
322.694
322.489
322.281
322.07
321.855
321.636
321.41
321.177
320.935
320.685
320.424
320.152
319.868
319.571
322.896
322.689
322.48
322.268
322.054
321.835
321.612
321.382
321.145
320.901
320.647
320.384
320.11
319.824
319.527
322.895
322.685
322.473
322.259
322.041
321.82
321.594
321.361
321.122
320.875
320.619
320.354
320.079
319.792
319.495
322.894
322.682
322.468
322.252
322.033
321.81
321.582
321.348
321.107
320.858
320.601
320.334
320.058
319.772
319.474
322.894
322.68
322.466
322.249
322.029
321.805
321.576
321.341
321.099
320.85
320.592
320.325
320.048
319.761
319.464
321.37
320.983
319.694
319.145
318.56
318.27
317.926
317.757
317.599
317.303
317.085
316.698
316.415
315.897
315.479
314.61
314.196
313.687
313.412
313.042
312.837
312.567
312.427
312.286
312.017
311.812
311.443
311.169
310.662
310.248
309.382
308.965
308.45
308.17
307.791
307.581
307.303
307.158
307.013
306.733
306.52
306.137
305.85
305.321
304.888
303.981
303.546
303.005
302.712
302.315
302.094
301.802
301.65
301.497
301.202
300.978
300.573
300.271
299.711
299.255
298.297
297.838
297.269
296.961
296.543
296.311
296.002
295.841
295.679
295.365
295.126
294.69
294.363
293.753
293.252
292.193
291.681
291.035
290.679
290.178
289.89
289.475
289.242
288.937
288.178
287.909
287.787
287.71
287.64
287.542
320.718
320.317
319.691
319.168
318.702
318.333
318.005
317.733
317.474
317.186
316.888
316.544
316.182
315.752
315.295
314.758
314.304
313.881
313.528
313.196
312.913
312.646
312.411
312.177
311.909
311.627
311.294
310.941
310.518
310.064
309.527
309.071
308.643
308.284
307.944
307.655
307.379
307.138
306.895
306.618
306.324
305.978
305.61
305.168
304.693
304.132
303.654
303.206
302.83
302.475
302.171
301.882
301.629
301.374
301.082
300.773
300.409
300.021
299.555
299.055
298.463
297.96
297.489
297.094
296.72
296.4
296.096
295.829
295.559
295.249
294.919
294.529
294.111
293.605
293.059
292.409
291.853
291.326
290.879
290.448
290.072
289.7
289.364
289.005
288.581
288.272
288.051
287.875
287.712
287.537
320.329
319.974
319.54
319.109
318.703
318.337
318.002
317.692
317.391
317.081
316.759
316.414
316.046
315.648
315.227
314.787
314.369
313.975
313.614
313.278
312.968
312.676
312.396
312.116
311.823
311.513
311.176
310.814
310.419
309.998
309.558
309.135
308.736
308.369
308.026
307.708
307.407
307.118
306.829
306.525
306.202
305.852
305.475
305.062
304.623
304.163
303.721
303.303
302.919
302.56
302.227
301.911
301.609
301.305
300.986
300.647
300.279
299.882
299.448
298.986
298.502
298.038
297.599
297.195
296.818
296.469
296.137
295.819
295.498
295.161
294.801
294.408
293.983
293.516
293.017
292.49
291.983
291.502
291.057
290.638
290.248
289.875
289.518
289.166
288.817
288.511
288.249
288.019
287.803
287.585
320.067
319.746
319.386
319.014
318.648
318.297
317.962
317.638
317.319
316.996
316.663
316.317
315.955
315.576
315.185
314.787
314.397
314.021
313.663
313.323
312.999
312.686
312.381
312.075
311.762
311.436
311.094
310.734
310.356
309.962
309.561
309.166
308.784
308.419
308.071
307.738
307.416
307.101
306.784
306.459
306.121
305.765
305.39
304.995
304.584
304.165
303.752
303.353
302.971
302.607
302.258
301.921
301.591
301.259
300.919
300.564
300.19
299.797
299.382
298.951
298.511
298.078
297.659
297.259
296.877
296.512
296.158
295.811
295.463
295.104
294.73
294.334
293.916
293.474
293.013
292.542
292.077
291.627
291.197
290.788
290.398
290.026
289.668
289.322
288.991
288.684
288.403
288.143
287.895
287.651
319.873
319.572
319.248
318.911
318.571
318.235
317.904
317.578
317.252
316.923
316.588
316.243
315.888
315.523
315.151
314.776
314.404
314.04
313.687
313.345
313.012
312.687
312.366
312.045
311.718
311.384
311.039
310.682
310.314
309.937
309.557
309.178
308.807
308.445
308.094
307.752
307.416
307.084
306.751
306.412
306.065
305.706
305.334
304.95
304.557
304.16
303.765
303.377
302.999
302.631
302.273
301.922
301.575
301.226
300.871
300.507
300.131
299.742
299.34
298.928
298.511
298.098
297.691
297.296
296.911
296.537
296.17
295.807
295.442
295.07
294.688
294.293
293.883
293.459
293.024
292.585
292.149
291.721
291.307
290.908
290.524
290.155
289.799
289.457
289.13
288.82
288.527
288.249
287.982
287.72
319.72
319.432
319.128
318.812
318.49
318.165
317.841
317.516
317.19
316.86
316.525
316.184
315.836
315.481
315.121
314.76
314.4
314.045
313.695
313.352
313.015
312.682
312.352
312.021
311.686
311.347
311
310.646
310.284
309.918
309.549
309.181
308.816
308.457
308.103
307.755
307.412
307.069
306.726
306.379
306.025
305.665
305.296
304.919
304.537
304.151
303.767
303.386
303.011
302.641
302.278
301.918
301.56
301.201
300.838
300.468
300.091
299.705
299.311
298.911
298.508
298.106
297.709
297.317
296.932
296.552
296.178
295.804
295.43
295.052
294.666
294.273
293.87
293.459
293.042
292.624
292.207
291.797
291.397
291.007
290.63
290.265
289.912
289.572
289.244
288.93
288.63
288.341
288.061
287.787
319.597
319.317
319.024
318.721
318.411
318.096
317.778
317.457
317.133
316.805
316.472
316.135
315.792
315.445
315.094
314.742
314.391
314.041
313.694
313.351
313.012
312.675
312.338
312.002
311.662
311.32
310.972
310.62
310.263
309.902
309.54
309.178
308.817
308.459
308.105
307.754
307.404
307.056
306.706
306.354
305.997
305.635
305.268
304.896
304.52
304.142
303.764
303.387
303.014
302.644
302.277
301.912
301.548
301.182
300.814
300.441
300.063
299.679
299.291
298.898
298.504
298.109
297.717
297.328
296.943
296.561
296.182
295.804
295.425
295.043
294.657
294.265
293.869
293.468
293.064
292.659
292.257
291.86
291.47
291.089
290.717
290.356
290.006
289.667
289.339
289.022
288.716
288.419
288.131
287.848
319.495
319.221
318.936
318.641
318.339
318.031
317.718
317.402
317.081
316.756
316.427
316.093
315.755
315.414
315.07
314.724
314.378
314.032
313.688
313.346
313.005
312.665
312.326
311.986
311.644
311.299
310.951
310.6
310.246
309.889
309.531
309.172
308.814
308.458
308.103
307.749
307.397
307.044
306.69
306.335
305.976
305.613
305.247
304.878
304.506
304.132
303.758
303.385
303.012
302.642
302.273
301.905
301.536
301.167
300.796
300.421
300.043
299.661
299.276
298.888
298.499
298.109
297.721
297.334
296.949
296.567
296.185
295.804
295.423
295.04
294.654
294.266
293.874
293.48
293.085
292.691
292.299
291.912
291.53
291.156
290.79
290.433
290.085
289.747
289.418
289.099
288.788
288.486
288.192
287.903
319.411
319.141
318.861
318.572
318.276
317.973
317.665
317.352
317.035
316.713
316.387
316.057
315.724
315.387
315.047
314.706
314.364
314.021
313.679
313.338
312.997
312.656
312.315
311.972
311.629
311.283
310.935
310.585
310.232
309.878
309.522
309.166
308.809
308.453
308.098
307.743
307.389
307.034
306.678
306.32
305.96
305.597
305.232
304.864
304.495
304.123
303.752
303.38
303.008
302.638
302.267
301.897
301.527
301.155
300.782
300.407
300.029
299.648
299.265
298.88
298.494
298.108
297.722
297.337
296.953
296.57
296.188
295.806
295.424
295.041
294.656
294.27
293.883
293.495
293.107
292.72
292.336
291.955
291.58
291.211
290.85
290.496
290.15
289.812
289.483
289.162
288.849
288.543
288.244
287.95
319.343
319.075
318.798
318.513
318.221
317.923
317.619
317.309
316.995
316.677
316.354
316.027
315.697
315.363
315.027
314.69
314.35
314.01
313.67
313.329
312.988
312.646
312.304
311.961
311.617
311.271
310.923
310.573
310.221
309.868
309.514
309.159
308.804
308.448
308.093
307.737
307.381
307.025
306.667
306.308
305.947
305.585
305.22
304.853
304.485
304.116
303.745
303.374
303.004
302.633
302.262
301.891
301.519
301.146
300.772
300.396
300.018
299.639
299.257
298.874
298.49
298.106
297.722
297.338
296.955
296.572
296.19
295.808
295.426
295.043
294.66
294.277
293.893
293.509
293.126
292.745
292.366
291.991
291.621
291.257
290.898
290.547
290.203
289.866
289.536
289.214
288.899
288.59
288.288
287.991
319.288
319.021
318.747
318.465
318.176
317.881
317.58
317.273
316.962
316.646
316.326
316.002
315.674
315.344
315.01
314.675
314.338
314
313.661
313.32
312.98
312.638
312.296
311.952
311.607
311.261
310.913
310.564
310.213
309.861
309.507
309.153
308.798
308.443
308.088
307.731
307.375
307.017
306.659
306.299
305.938
305.575
305.211
304.845
304.477
304.109
303.739
303.369
302.999
302.628
302.257
301.885
301.512
301.139
300.764
300.388
300.01
299.631
299.251
298.869
298.487
298.104
297.721
297.339
296.956
296.574
296.192
295.81
295.428
295.047
294.665
294.283
293.902
293.522
293.143
292.765
292.391
292.02
291.654
291.293
290.937
290.588
290.245
289.908
289.579
289.256
288.939
288.629
288.324
288.025
319.245
318.98
318.707
318.427
318.141
317.848
317.549
317.245
316.935
316.622
316.303
315.982
315.656
315.328
314.997
314.663
314.328
313.991
313.652
313.313
312.973
312.631
312.289
311.945
311.6
311.254
310.906
310.557
310.206
309.855
309.502
309.148
308.794
308.439
308.083
307.727
307.369
307.012
306.653
306.292
305.931
305.568
305.204
304.838
304.471
304.103
303.734
303.365
302.995
302.624
302.252
301.88
301.507
301.133
300.758
300.382
300.005
299.626
299.246
298.866
298.485
298.103
297.721
297.339
296.957
296.575
296.193
295.812
295.431
295.05
294.67
294.29
293.911
293.533
293.156
292.782
292.411
292.043
291.68
291.321
290.968
290.62
290.278
289.942
289.612
289.288
288.971
288.659
288.352
288.051
319.213
318.949
318.677
318.399
318.114
317.823
317.525
317.223
316.915
316.603
316.287
315.966
315.643
315.316
314.986
314.654
314.32
313.984
313.646
313.307
312.967
312.626
312.283
311.939
311.594
311.248
310.9
310.552
310.201
309.85
309.498
309.144
308.79
308.435
308.079
307.723
307.365
307.007
306.648
306.287
305.926
305.563
305.199
304.833
304.467
304.099
303.731
303.361
302.991
302.62
302.249
301.876
301.503
301.129
300.754
300.378
300
299.622
299.243
298.863
298.483
298.101
297.72
297.339
296.957
296.576
296.195
295.814
295.433
295.053
294.674
294.295
293.917
293.541
293.167
292.795
292.426
292.06
291.699
291.342
290.99
290.643
290.301
289.966
289.636
289.312
288.994
288.681
288.374
288.071
319.192
318.929
318.658
318.38
318.096
317.806
317.51
317.208
316.902
316.591
316.275
315.956
315.633
315.307
314.979
314.647
314.314
313.979
313.642
313.303
312.963
312.622
312.28
311.936
311.591
311.244
310.897
310.548
310.198
309.847
309.495
309.142
308.788
308.433
308.077
307.72
307.363
307.004
306.645
306.284
305.922
305.559
305.195
304.83
304.464
304.096
303.728
303.359
302.989
302.618
302.246
301.874
301.5
301.126
300.751
300.375
299.998
299.62
299.241
298.861
298.481
298.101
297.72
297.339
296.957
296.576
296.196
295.815
295.435
295.055
294.677
294.299
293.922
293.547
293.174
292.803
292.436
292.072
291.711
291.355
291.004
290.658
290.317
289.982
289.652
289.328
289.009
288.696
288.388
288.084
319.182
318.919
318.648
318.371
318.087
317.798
317.502
317.201
316.895
316.585
316.27
315.951
315.629
315.303
314.975
314.644
314.311
313.976
313.639
313.301
312.961
312.62
312.278
311.934
311.589
311.243
310.895
310.546
310.196
309.845
309.493
309.14
308.786
308.431
308.076
307.719
307.361
307.003
306.643
306.282
305.921
305.558
305.194
304.829
304.462
304.095
303.727
303.358
302.988
302.617
302.245
301.873
301.499
301.125
300.75
300.374
299.997
299.619
299.24
298.861
298.481
298.1
297.719
297.339
296.958
296.577
296.196
295.816
295.436
295.057
294.678
294.301
293.924
293.55
293.178
292.808
292.441
292.077
291.717
291.362
291.011
290.665
290.325
289.99
289.66
289.336
289.017
288.703
288.395
288.091
287.316
287.001
286.673
286.346
286.026
285.714
285.409
285.111
284.819
284.531
284.248
283.967
283.689
283.413
283.138
287.304
287.011
286.699
286.383
286.068
285.758
285.452
285.151
284.854
284.562
284.274
283.988
283.704
283.422
283.14
287.333
287.038
286.731
286.419
286.107
285.796
285.489
285.186
284.886
284.59
284.297
284.006
283.717
283.43
283.143
287.38
287.077
286.768
286.456
286.143
285.832
285.523
285.217
284.914
284.614
284.317
284.022
283.729
283.437
283.146
287.434
287.122
286.807
286.492
286.178
285.865
285.554
285.245
284.94
284.636
284.336
284.037
283.739
283.443
283.148
287.49
287.168
286.848
286.529
286.211
285.896
285.582
285.271
284.962
284.656
284.352
284.05
283.749
283.449
283.15
287.542
287.213
286.887
286.564
286.243
285.924
285.608
285.294
284.983
284.674
284.366
284.061
283.757
283.454
283.151
287.59
287.255
286.924
286.597
286.272
285.95
285.631
285.315
285.001
284.689
284.379
284.071
283.764
283.458
283.153
287.633
287.293
286.957
286.626
286.298
285.974
285.652
285.334
285.017
284.703
284.391
284.08
283.77
283.462
283.154
287.67
287.326
286.987
286.652
286.322
285.994
285.671
285.35
285.031
284.715
284.4
284.087
283.776
283.465
283.155
287.701
287.353
287.011
286.674
286.341
286.012
285.686
285.363
285.043
284.724
284.408
284.094
283.78
283.468
283.156
287.725
287.375
287.031
286.692
286.357
286.026
285.698
285.374
285.052
284.732
284.415
284.099
283.784
283.47
283.157
287.743
287.392
287.046
286.705
286.369
286.037
285.708
285.382
285.059
284.738
284.42
284.102
283.787
283.472
283.157
287.756
287.403
287.056
286.715
286.377
286.044
285.714
285.388
285.064
284.742
284.423
284.105
283.788
283.473
283.157
287.762
287.409
287.061
286.719
286.381
286.047
285.717
285.39
285.066
284.744
284.424
284.106
283.789
283.473
283.158
)
;

boundaryField
{
    hot
    {
        type            fixedValue;
        value           uniform 323;
    }
    cold
    {
        type            fixedValue;
        value           uniform 283;
    }
    interface_left
    {
        type            fixedValue;
        value           nonuniform List<scalar> 
90
(
318.835
318.835
320.45
320.45
320.888
320.888
321.099
321.099
321.099
321.239
321.239
321.39
321.39
321.556
321.556
321.847
321.847
321.961
321.961
322.033
322.033
322.076
322.076
322.076
322.113
322.113
322.158
322.158
322.212
322.212
322.317
322.317
322.363
322.363
322.393
322.393
322.414
322.414
322.414
322.432
322.432
322.456
322.456
322.486
322.486
322.543
322.543
322.568
322.568
322.585
322.585
322.596
322.596
322.596
322.604
322.604
322.614
322.614
322.622
322.622
322.628
322.628
322.625
322.625
322.618
322.618
322.609
322.609
322.609
322.593
322.593
322.562
322.562
322.507
322.507
322.357
322.357
322.269
322.269
322.188
322.188
322.113
322.113
322.113
321.966
321.966
321.966
321.966
321.966
321.966
)
;
    }
    interface_right
    {
        type            fixedValue;
        value           nonuniform List<scalar> 
90
(
290.076
290.076
286.734
286.734
285.923
285.923
285.545
285.545
285.545
285.293
285.293
285.021
285.021
284.726
284.726
284.221
284.221
284.03
284.03
283.918
283.918
283.855
283.855
283.855
283.81
283.81
283.762
283.762
283.713
283.713
283.638
283.638
283.616
283.616
283.607
283.607
283.605
283.605
283.605
283.608
283.608
283.618
283.618
283.636
283.636
283.685
283.685
283.714
283.714
283.739
283.739
283.76
283.76
283.76
283.785
283.785
283.824
283.824
283.885
283.885
284.031
284.031
284.11
284.11
284.178
284.178
284.235
284.235
284.235
284.307
284.307
284.429
284.429
284.634
284.634
285.184
285.184
285.519
285.519
285.855
285.855
286.224
286.224
286.224
287.623
287.623
287.623
287.623
287.623
287.623
)
;
    }
    interface_top
    {
        type            fixedValue;
        value           nonuniform List<scalar> 
90
(
321.966
321.966
319.161
319.161
318.276
318.276
317.761
317.761
317.761
317.306
317.306
316.7
316.7
315.896
315.896
314.209
314.209
313.421
313.421
312.847
312.847
312.434
312.434
312.434
312.023
312.023
311.45
311.45
310.666
310.666
308.984
308.984
308.183
308.183
307.594
307.594
307.169
307.169
307.169
306.742
306.742
306.146
306.146
305.327
305.327
303.567
303.567
302.727
302.727
302.108
302.108
301.661
301.661
301.661
301.211
301.211
300.581
300.581
299.715
299.715
297.856
297.856
296.972
296.972
296.321
296.321
295.849
295.849
295.849
295.37
295.37
294.693
294.693
293.749
293.749
291.691
291.691
290.682
290.682
289.89
289.89
289.232
289.232
289.232
287.623
287.623
287.623
287.623
287.623
287.623
)
;
    }
    interface_bottom
    {
        type            fixedValue;
        value           nonuniform List<scalar> 
90
(
318.835
318.835
316.916
316.916
316.134
316.134
315.636
315.636
315.636
315.17
315.17
314.538
314.538
313.692
313.692
311.915
311.915
311.088
311.088
310.487
310.487
310.059
310.059
310.059
309.635
309.635
309.047
309.047
308.25
308.25
306.574
306.574
305.795
305.795
305.227
305.227
304.822
304.822
304.822
304.419
304.419
303.862
303.862
303.106
303.106
301.523
301.523
300.787
300.787
300.252
300.252
299.869
299.869
299.869
299.488
299.488
298.96
298.96
298.244
298.244
296.743
296.743
296.044
296.044
295.535
295.535
295.171
295.171
295.171
294.809
294.809
294.307
294.307
293.627
293.627
292.183
292.183
291.504
291.504
291.003
291.003
290.633
290.633
290.633
290.076
290.076
290.076
290.076
290.076
290.076
)
;
    }
    defaultFaces
    {
        type            empty;
    }
}


// ************************************************************************* //
