/*--------------------------------*- C++ -*----------------------------------*\
| =========                 |                                                 |
| \\      /  F ield         | OpenFOAM: The Open Source CFD Toolbox           |
|  \\    /   O peration     | Version:  5.x                                   |
|   \\  /    A nd           | Web:      www.OpenFOAM.org                      |
|    \\/     M anipulation  |                                                 |
\*---------------------------------------------------------------------------*/
FoamFile
{
    version     2.0;
    format      ascii;
    class       volScalarField;
    location    "14.6001";
    object      gradTy;
}
// * * * * * * * * * * * * * * * * * * * * * * * * * * * * * * * * * * * * * //

dimensions      [0 -1 0 1 0 0 0];

internalField   nonuniform List<scalar> 
6300
(
32284.1
32252.1
32220.1
32187.9
32155.5
32122.7
32089.6
32056
32022
31987.4
31952.3
31916.6
31880.2
31843.3
31805.8
0.0533742
0.159627
0.264355
0.366429
0.46456
0.557254
0.642801
0.719286
0.784657
0.836846
0.873961
0.894536
0.897812
0.884021
0.854572
0.0895133
0.26775
0.443558
0.615117
0.780327
0.936719
1.08142
1.21117
1.32241
1.41149
1.47497
1.51009
1.51528
1.49073
1.43876
0.126441
0.378301
0.627005
0.870149
1.1049
1.32786
1.53499
1.72156
1.88232
2.0117
2.10431
2.15554
2.16248
2.12483
2.04572
0.16439
0.492006
0.816007
1.13357
1.44126
1.73484
2.00908
2.25774
2.47358
2.64868
2.77499
2.84526
2.85425
2.80034
2.68708
0.203502
0.609324
1.01144
1.40685
1.79172
2.16113
2.50876
2.82672
3.10555
3.33441
3.5017
3.59622
3.60889
3.53517
3.3779
0.243793
0.730343
1.21359
1.69066
2.15764
2.60919
3.03808
3.43482
3.78748
4.08168
4.30115
4.42899
4.44987
4.3535
4.13939
0.285117
0.854663
1.42191
1.98453
2.53898
3.0799
3.59952
4.08698
4.52783
4.90363
5.1922
5.36869
5.40807
5.28955
5.00371
0.327129
0.981278
1.63484
2.28657
2.93384
3.5719
4.19308
4.78574
5.3332
5.81279
6.19529
6.44547
6.52414
6.39288
6.02274
0.369251
1.10847
1.84961
2.59307
3.33787
4.08076
4.81515
5.52967
6.20642
6.81899
7.3307
7.69374
7.85017
7.73518
7.28334
0.41065
1.23375
2.06203
2.89823
3.74381
4.5981
5.45705
6.31134
7.1438
7.92605
8.61478
9.14872
9.44785
9.41478
8.93106
0.450251
1.35383
2.26654
3.19401
4.14102
5.11077
6.1036
7.11482
8.13136
9.12663
10.0537
10.8388
11.3786
11.5469
11.1912
0.48677
1.46479
2.45628
3.47022
4.51547
5.60036
6.73173
7.91297
9.1402
10.3954
11.635
12.7751
13.683
14.2087
14.3004
0.518804
1.56228
2.62356
3.71512
4.85029
6.04346
7.30998
8.6651
10.1211
11.6798
13.316
14.9451
16.3751
17.3207
17.9246
0.544965
1.64197
2.76057
3.9164
5.12708
6.41322
7.79961
9.31636
10.9992
12.8866
15.0047
17.3165
19.5619
20.8116
18.521
31770.9
31738.8
31706.4
31673.6
31640.5
31607.1
31573.4
31539.5
31505.3
31471
31436.5
31401.8
31366.9
31332
31297
31261.9
31226.8
31191.7
31156.5
31121.4
31086.4
31051.3
31016.3
30981.4
30946.5
30911.6
30876.8
30842.1
30807.4
30772.7
30738.2
30703.7
30669.4
30635.1
30601
30566.9
30533
30499.2
30465.4
30431.8
30398.3
30364.8
30331.5
30298.2
30265
30232
30199
30166.2
30133.4
30100.8
30068.3
30036
30003.7
29971.5
29939.5
29907.5
29875.6
29843.8
29812.1
29780.5
29748.9
29717.5
29686.2
29654.9
29623.8
29592.8
29561.8
29531
29500.2
29469.6
29439
29408.4
29377.9
29347.5
29317.2
29286.9
29256.6
29226.4
29196.3
29166.2
29136.2
29106.2
29076.2
29046.2
29016.1
28986
28955.9
28925.6
28895.3
28864.8
0.815613
0.773393
0.726646
0.677583
0.628052
0.579292
0.531794
0.485332
0.439131
0.392164
0.343492
0.292593
0.2396
0.185397
0.131553
0.0801064
0.033228
-0.00715794
-0.0397222
-0.0639783
-0.0803855
-0.0902905
-0.0957232
-0.0990812
-0.102757
-0.108764
-0.118431
-0.132199
-0.149572
-0.169227
-0.189266
-0.207569
-0.22219
-0.231706
-0.235471
-0.233727
-0.227556
-0.218693
-0.209231
-0.20127
-0.196565
-0.196238
-0.200587
-0.209038
-0.220252
-0.232357
-0.24329
-0.251158
-0.254576
-0.252903
-0.246341
-0.235891
-0.223173
-0.210149
-0.198787
-0.19073
-0.187019
-0.187916
-0.192857
-0.200552
-0.209207
-0.216845
-0.221653
-0.222294
-0.218136
-0.209343
-0.196831
-0.182094
-0.166933
-0.153133
-0.142141
-0.134793
-0.13114
-0.130393
-0.131017
-0.130944
-0.127893
-0.119721
-0.104769
-0.0821359
-0.0518491
-0.0149204
0.0267133
0.0703522
0.112781
0.150584
0.180501
0.199796
0.206595
0.200129
1.37023
1.29625
1.21482
1.1301
1.04559
0.963527
0.884716
0.808497
0.733117
0.656316
0.576014
0.490965
0.401233
0.308394
0.215416
0.126224
0.045037
-0.0243843
-0.079431
-0.119129
-0.144336
-0.15762
-0.162867
-0.164664
-0.167589
-0.175493
-0.190903
-0.214635
-0.24569
-0.281461
-0.318221
-0.351818
-0.378444
-0.395329
-0.40122
-0.396595
-0.383555
-0.365461
-0.346356
-0.330297
-0.320676
-0.319658
-0.327814
-0.344028
-0.365685
-0.389138
-0.410361
-0.425674
-0.432392
-0.429282
-0.416755
-0.396763
-0.372453
-0.347621
-0.326075
-0.310993
-0.304392
-0.30678
-0.317065
-0.332735
-0.3503
-0.365911
-0.376043
-0.378117
-0.370926
-0.354818
-0.331594
-0.304174
-0.276072
-0.250775
-0.231129
-0.218807
-0.213972
-0.21517
-0.219493
-0.222998
-0.221314
-0.210328
-0.186839
-0.149069
-0.0969759
-0.0323408
0.0413502
0.119203
0.195357
0.263551
0.317765
0.352907
0.365459
0.353967
1.94165
1.82979
1.70768
1.58232
1.45955
1.34306
1.23389
1.13043
1.02913
0.925496
0.815361
0.696071
0.567332
0.431588
0.293825
0.160811
0.0399027
-0.0623103
-0.141241
-0.195147
-0.225451
-0.236523
-0.234974
-0.228619
-0.225249
-0.231412
-0.251388
-0.286521
-0.335014
-0.392268
-0.451727
-0.506101
-0.548725
-0.574778
-0.582111
-0.571577
-0.546832
-0.513679
-0.479092
-0.450051
-0.432397
-0.429862
-0.443436
-0.471177
-0.50853
-0.549127
-0.585941
-0.612564
-0.624355
-0.619221
-0.597916
-0.563853
-0.522483
-0.480361
-0.444052
-0.419042
-0.408819
-0.414272
-0.433516
-0.462188
-0.494207
-0.522863
-0.542036
-0.547279
-0.536558
-0.510538
-0.472399
-0.427236
-0.381169
-0.340281
-0.309568
-0.292039
-0.288117
-0.295445
-0.309144
-0.322524
-0.328131
-0.318941
-0.289472
-0.236627
-0.160163
-0.0628013
0.049995
0.170498
0.289398
0.396651
0.482493
0.538547
0.558945
0.541218
2.53789
2.37805
2.2052
2.03079
1.86443
1.71204
1.57479
1.44925
1.3285
1.20402
1.06788
0.914776
0.743513
0.557684
0.365394
0.177963
0.00784781
-0.133762
-0.239085
-0.305148
-0.334262
-0.333598
-0.314001
-0.288276
-0.269181
-0.267437
-0.290048
-0.339169
-0.411722
-0.499901
-0.592557
-0.677303
-0.742869
-0.781182
-0.78873
-0.767025
-0.722214
-0.663965
-0.603841
-0.553407
-0.522346
-0.516872
-0.538658
-0.584483
-0.646703
-0.714566
-0.776195
-0.820811
-0.840692
-0.832445
-0.797448
-0.741465
-0.673594
-0.604728
-0.545759
-0.505798
-0.490671
-0.501905
-0.53639
-0.586823
-0.642956
-0.69347
-0.728088
-0.739428
-0.724219
-0.683711
-0.623316
-0.5516
-0.478806
-0.415135
-0.369022
-0.345675
-0.346062
-0.366545
-0.399255
-0.433244
-0.456254
-0.456753
-0.425768
-0.358195
-0.253442
-0.115487
0.0475421
0.224104
0.400208
0.560585
0.690114
0.775534
0.807331
0.781378
3.16893
2.945
2.70493
2.46763
2.24918
2.05916
1.89881
1.76116
1.63323
1.49931
1.34481
1.15962
0.94066
0.693082
0.429964
0.170177
-0.065254
-0.257468
-0.393464
-0.468354
-0.485953
-0.457933
-0.401851
-0.338385
-0.288125
-0.268391
-0.290534
-0.358072
-0.46593
-0.601084
-0.744779
-0.876124
-0.976256
-1.03189
-1.03747
-0.995746
-0.916948
-0.81695
-0.714637
-0.628866
-0.575451
-0.564626
-0.599264
-0.674183
-0.776749
-0.888983
-0.990946
-1.06468
-1.09753
-1.08419
-1.0272
-0.936195
-0.82614
-0.714845
-0.620094
-0.556793
-0.534562
-0.556056
-0.616299
-0.703249
-0.799796
-0.886967
-0.94766
-0.969809
-0.948309
-0.885519
-0.790536
-0.677516
-0.563307
-0.464703
-0.395695
-0.365133
-0.375069
-0.420039
-0.487523
-0.559771
-0.616793
-0.639901
-0.614752
-0.5333
-0.394533
-0.20428
0.025603
0.278369
0.533664
0.768942
0.96125
1.08974
1.13888
1.10157
3.8488
3.53516
3.2006
2.8773
2.59293
2.36355
2.19008
2.05906
1.94654
1.82422
1.66591
1.4531
1.179
0.85085
0.489735
0.127317
-0.200589
-0.462127
-0.635833
-0.714058
-0.703334
-0.622676
-0.500332
-0.369476
-0.263113
-0.209038
-0.225652
-0.318914
-0.480834
-0.689966
-0.914787
-1.11989
-1.27372
-1.35467
-1.35434
-1.27785
-1.14221
-0.973271
-0.801615
-0.65773
-0.56723
-0.546912
-0.601866
-0.724072
-0.892874
-1.07819
-1.24635
-1.36741
-1.42089
-1.39879
-1.30593
-1.15836
-0.98047
-0.801139
-0.649141
-0.548648
-0.515488
-0.554411
-0.657748
-0.805855
-0.970138
-1.11859
-1.22273
-1.26304
-1.23186
-1.13369
-0.98373
-0.805141
-0.625338
-0.471653
-0.367003
-0.326273
-0.353627
-0.441109
-0.568933
-0.708222
-0.826169
-0.89254
-0.884814
-0.790936
-0.609761
-0.350141
-0.0292868
0.328993
0.695943
1.03918
1.32428
1.51822
1.59489
1.54148
4.59983
4.15539
3.68002
3.23089
2.85746
2.58735
2.42022
2.33028
2.27394
2.20092
2.0655
1.8348
1.49518
1.05608
0.551377
0.0347579
-0.431497
-0.793263
-1.01569
-1.08785
-1.02142
-0.847447
-0.61107
-0.365293
-0.162808
-0.0478921
-0.0503973
-0.180889
-0.427751
-0.756256
-1.11319
-1.43749
-1.67612
-1.79451
-1.7809
-1.64512
-1.41542
-1.13351
-0.848605
-0.609718
-0.457949
-0.420807
-0.507628
-0.706862
-0.985223
-1.29209
-1.56958
-1.76747
-1.85308
-1.8153
-1.66344
-1.42417
-1.13688
-0.848072
-0.60402
-0.443544
-0.392614
-0.460009
-0.634729
-0.885169
-1.16327
-1.41403
-1.58973
-1.65922
-1.61187
-1.45642
-1.21815
-0.934516
-0.649758
-0.407992
-0.246266
-0.189373
-0.245598
-0.404087
-0.633834
-0.887404
-1.10981
-1.25188
-1.27893
-1.17428
-0.937951
-0.584178
-0.138069
0.367134
0.892372
1.39313
1.8186
2.11554
2.23824
2.16173
5.46208
4.82006
4.12157
3.47544
2.97319
2.66285
2.53914
2.5531
2.62531
2.66746
2.60228
2.37332
1.95461
1.35575
0.630181
-0.130329
-0.812871
-1.32504
-1.61195
-1.66119
-1.49437
-1.16208
-0.735341
-0.298771
0.0635985
0.28234
0.309158
0.124711
-0.257105
-0.781609
-1.35858
-1.87847
-2.25167
-2.42441
-2.38337
-2.14764
-1.76383
-1.29804
-0.829333
-0.43626
-0.183605
-0.116196
-0.251515
-0.575709
-1.03652
-1.54831
-2.00743
-2.32921
-2.46293
-2.3961
-2.14682
-1.75913
-1.29549
-0.830553
-0.438551
-0.180694
-0.0993535
-0.211058
-0.502672
-0.924652
-1.39576
-1.81758
-2.10965
-2.22365
-2.14756
-1.89839
-1.51792
-1.0655
-0.612267
-0.229073
0.0254309
0.11042
0.00969078
-0.264454
-0.664429
-1.11146
-1.50915
-1.77683
-1.86271
-1.74724
-1.43526
-0.951179
-0.331946
0.376424
1.12406
1.85548
2.49799
2.96379
3.16845
3.05942
6.51489
5.56581
4.48747
3.51271
2.81268
2.4696
2.45974
2.69201
3.01995
3.28851
3.3749
3.18508
2.67343
1.83788
0.759293
-0.407696
-1.43958
-2.18121
-2.55046
-2.54564
-2.20562
-1.61271
-0.873771
-0.1254
0.496829
0.888944
0.972935
0.714522
0.119014
-0.731414
-1.68615
-2.53069
-3.11589
-3.36215
-3.26621
-2.86339
-2.23027
-1.46679
-0.701144
-0.0606002
0.35749
0.480344
0.276577
-0.247832
-1.0144
-1.88038
-2.64307
-3.16176
-3.36157
-3.23965
-2.82949
-2.20346
-1.45595
-0.708013
-0.0799141
0.336341
0.471892
0.296963
-0.182889
-0.893393
-1.69921
-2.40798
-2.88598
-3.06182
-2.93248
-2.52944
-1.92128
-1.19767
-0.473916
0.135159
0.54123
0.677648
0.514699
0.0563762
-0.627264
-1.40656
-2.09571
-2.56356
-2.73644
-2.60316
-2.1804
-1.5128
-0.654182
0.329178
1.37909
2.44587
3.43184
4.18808
4.55036
4.39915
7.92909
6.4974
4.70318
3.15356
2.13847
1.79678
2.03173
2.69313
3.50006
4.17185
4.54525
4.46026
3.85863
2.66999
1.0157
-0.879624
-2.48424
-3.57361
-4.02763
-3.9128
-3.28102
-2.27362
-1.02579
0.229617
1.26142
1.93925
2.12977
1.78975
0.862215
-0.531015
-2.17241
-3.55636
-4.46819
-4.79266
-4.59096
-3.91077
-2.88444
-1.63867
-0.392805
0.635392
1.32372
1.54722
1.26639
0.42875
-0.849124
-2.36118
-3.63005
-4.4535
-4.72349
-4.49826
-3.82302
-2.82275
-1.617
-0.412914
0.583778
1.25759
1.49023
1.24407
0.469034
-0.72488
-2.14242
-3.33067
-4.09742
-4.33947
-4.11151
-3.45586
-2.49088
-1.33004
-0.170429
0.791718
1.44533
1.67597
1.44505
0.701664
-0.45235
-1.83148
-3.00093
-3.77503
-4.05105
-3.87594
-3.27809
-2.34949
-1.15605
0.186099
1.60982
3.15264
4.6965
5.97969
6.67168
6.48236
10.0982
7.9536
4.56458
2.02007
0.493746
0.2941
0.989928
2.48481
4.17479
5.48487
6.37567
6.47937
5.88913
4.17262
1.61917
-1.77017
-4.27086
-5.8809
-6.32397
-6.02437
-4.89731
-3.28075
-1.18871
0.906615
2.53575
3.69125
4.05061
3.71099
2.27602
0.0267348
-3.02938
-5.26187
-6.6663
-6.98085
-6.60474
-5.4566
-3.8546
-1.81069
0.228978
1.82079
2.95932
3.3403
3.05803
1.73926
-0.346632
-3.19217
-5.25842
-6.54224
-6.79854
-6.40487
-5.28459
-3.73792
-1.77566
0.180833
1.71241
2.81414
3.19803
2.95277
1.72414
-0.234343
-2.91581
-4.86033
-6.06443
-6.29393
-5.9064
-4.82771
-3.34254
-1.46064
0.417408
1.89257
2.95853
3.33892
3.11334
1.93826
0.0467359
-2.55834
-4.47547
-5.70374
-6.01531
-5.75744
-4.85206
-3.56754
-1.87205
-0.0744499
1.66905
3.85792
6.3365
8.62263
10.0621
9.92449
13.9493
11.2292
3.22029
-0.59328
-3.06906
-2.5001
-1.20294
1.99543
5.39658
7.40164
9.3395
9.49773
9.54146
6.88044
3.4263
-3.94036
-7.34004
-9.86865
-9.68974
-9.32747
-7.21848
-4.97258
-1.35635
2.25491
4.49213
6.58969
6.97799
7.20951
4.86245
1.74631
-5.07236
-8.15982
-10.4338
-10.1636
-9.73025
-7.656
-5.46109
-1.97661
1.49567
3.65892
5.68577
6.08847
6.34223
4.15443
1.24975
-5.14535
-8.01349
-10.1106
-9.80956
-9.35778
-7.36017
-5.25155
-1.92603
1.38646
3.46004
5.40437
5.81179
6.07754
4.03022
1.29729
-4.75039
-7.45621
-9.43484
-9.13692
-8.69656
-6.78491
-4.76546
-1.58571
1.58541
3.58266
5.45894
5.87448
6.1489
4.20656
1.57333
-4.27584
-6.94195
-8.95251
-8.79954
-8.57136
-6.97201
-5.37738
-2.73509
-0.257098
1.08695
4.14603
8.25364
12.4847
15.7235
16.1946
21.3581
22.287
-4.01457
-5.10764
-11.0181
-6.34405
-6.13391
1.2139
8.62866
9.41515
14.866
12.6809
17.0886
10.7304
10.8674
-11.823
-11.6636
-17.7552
-13.3196
-15.1458
-9.73682
-8.63766
-1.51687
5.58185
6.64962
11.9495
10.1311
14.4212
8.55633
8.79755
-12.4883
-12.2291
-17.865
-13.5812
-15.2187
-10.0291
-8.92456
-2.12497
4.64738
5.69345
10.751
9.05112
13.1423
7.60191
7.87234
-12.1774
-11.8788
-17.1324
-13.0376
-14.5367
-9.59563
-8.5175
-2.05762
4.37611
5.39378
10.2078
8.62954
12.5331
7.32357
7.60216
-11.3972
-11.0992
-16.0835
-12.185
-13.6054
-8.89735
-7.8592
-1.69834
4.44378
5.44694
10.0628
8.61327
12.3766
7.46973
7.73088
-10.5769
-10.3524
-15.3167
-11.6921
-13.3598
-9.08516
-8.69586
-3.36152
1.19313
-1.9648
2.92426
9.99294
17.7758
25.3706
29.6208
32.1446
72.577
-47.5316
-2.66776
-34.2025
-3.75835
-21.3428
0.336087
21.4055
4.71199
31.3882
6.37068
40.1386
5.22708
51.1802
-52.6096
-6.98545
-40.8011
-7.93231
-31.383
-6.04895
-20.9739
-1.64559
17.5933
2.71293
27.5594
4.48807
36.2561
3.45742
46.8478
-50.9289
-7.80965
-39.5805
-8.47228
-30.5379
-6.51997
-20.5888
-2.23408
16.0449
1.95146
25.5469
3.67473
33.8117
2.68187
43.7559
-48.5108
-7.74906
-37.6157
-8.21058
-28.9893
-6.26847
-19.5332
-2.15153
15.1649
1.8608
24.216
3.55346
32.1116
2.71401
41.6673
-45.8323
-7.13583
-35.5232
-7.57408
-27.3391
-5.72515
-18.3296
-1.78396
14.7023
2.10888
23.401
3.84553
31.0893
3.29097
40.6278
-43.5647
-6.29091
-34.0492
-6.96356
-26.7051
-5.60345
-19.1352
-2.86519
13.7495
-16.6042
-1.43615
10.7039
23.3376
39.8337
66.3736
28831.2
28794.5
28757.6
28720.7
28683.7
28646.8
28609.9
28573.1
28536.4
28499.8
28463.3
28426.9
28390.6
28354.3
28318.1
0.178922
0.139887
0.0896518
0.0339628
-0.0213316
-0.071078
-0.111329
-0.139553
-0.154592
-0.15647
-0.146137
-0.125199
-0.0957019
-0.0599534
-0.0204085
0.315803
0.245553
0.155474
0.0561886
-0.041676
-0.128964
-0.198864
-0.247195
-0.272241
-0.274328
-0.255327
-0.218166
-0.166443
-0.104138
-0.0354268
0.481302
0.371048
0.230501
0.0769943
-0.072597
-0.204237
-0.307968
-0.378124
-0.412847
-0.413275
-0.382677
-0.325695
-0.247766
-0.154727
-0.0525881
0.691691
0.526834
0.31849
0.0938846
-0.12147
-0.307418
-0.450647
-0.544486
-0.587748
-0.583247
-0.536411
-0.454172
-0.344198
-0.214417
-0.0727863
0.969096
0.72611
0.422738
0.101524
-0.199749
-0.453317
-0.642715
-0.761425
-0.810411
-0.795555
-0.725546
-0.610384
-0.460436
-0.285958
-0.0969262
1.34497
0.985771
0.54483
0.0892236
-0.325732
-0.663388
-0.905469
-1.04809
-1.09692
-1.06301
-0.959836
-0.801381
-0.601203
-0.372053
-0.125887
1.86565
1.32718
0.681587
0.0362719
-0.529013
-0.969034
-1.26769
-1.42854
-1.46616
-1.39975
-1.2494
-1.0341
-0.770944
-0.475163
-0.160454
2.60181
1.7757
0.818067
-0.0967093
-0.857558
-1.41605
-1.76769
-1.93225
-1.93941
-1.82041
-1.60393
-1.31467
-0.973311
-0.5972
-0.20122
3.66488
2.35575
0.911689
-0.383618
-1.38846
-2.06991
-2.45479
-2.59334
-2.53883
-2.33856
-2.03125
-1.64733
-1.21043
-0.739106
-0.248445
5.23604
3.07075
0.856553
-0.960989
-2.24276
-3.02033
-3.38822
-3.4475
-3.284
-2.96376
-2.53518
-2.03297
-1.48198
-0.900348
-0.3019
7.61288
3.83465
0.404765
-2.07413
-3.60126
-4.38043
-4.63026
-4.52442
-4.18591
-3.6973
-3.11273
-2.46737
-1.78418
-1.0784
-0.360708
11.2462
4.25022
-0.998015
-4.13903
-5.70773
-6.26988
-6.22797
-5.83403
-5.23791
-4.52681
-3.75107
-2.93962
-2.10895
-1.26838
-0.423235
16.4772
2.91805
-4.50801
-7.77624
-8.82076
-8.76337
-8.1777
-7.34583
-6.40488
-5.42094
-4.42513
-3.43109
-2.44361
-1.46295
-0.487082
20.9289
-4.54721
-12.1758
-13.6372
-13.0357
-11.7851
-10.3736
-8.96672
-7.61484
-6.32694
-5.09742
-3.91601
-2.77145
-1.65272
-0.549227
0.563039
1.697
2.85511
4.05521
5.31801
6.66891
8.14049
9.77635
11.6367
13.8061
16.4008
19.5571
23.3049
26.818
24.257
0.573468
1.72864
2.9091
4.13368
5.42461
6.80969
8.3258
10.0247
11.9833
14.3238
17.2559
21.1796
26.981
37.0724
59.8077
0.578176
1.74273
2.93244
4.16609
5.46583
6.85947
8.38419
10.0927
12.0648
14.4305
17.421
21.4921
27.6646
38.5824
62.2749
0.57719
1.73934
2.92528
4.15261
5.44183
6.81825
8.31496
9.97763
11.8729
14.1036
16.8352
20.3393
25.0184
31.0976
35.8951
0.57081
1.71942
2.88938
4.09616
5.35728
6.69351
8.13049
9.70104
11.4483
13.4291
15.7143
18.372
21.386
24.3772
26.0496
0.559575
1.68469
2.82792
4.00197
5.22058
6.49881
7.85326
9.30175
10.8615
12.5433
14.3354
16.1616
17.7799
18.5549
16.915
0.544195
1.63739
2.74504
3.87685
5.04249
6.2512
7.51076
8.82521
10.1899
11.5807
12.9327
14.0964
14.7653
14.4117
12.6187
0.525478
1.58006
2.64539
3.72825
4.83451
5.96828
7.13014
8.31383
9.50006
10.6452
11.6605
12.3745
12.4621
11.2686
7.08683
0.504247
1.51525
2.53359
3.56339
4.60742
5.66587
6.7344
7.8007
8.83883
9.79986
10.5974
11.0875
11.0487
10.2008
8.49381
0.481272
1.44536
2.41382
3.38867
4.37033
5.35648
6.3402
7.30715
8.23118
9.06811
9.7478
10.1676
10.1975
9.72956
8.83866
0.457228
1.37243
2.28962
3.20921
4.13013
5.04877
5.95767
6.84342
7.68404
8.44556
9.07877
9.51845
9.69187
9.55211
9.16707
0.432667
1.29813
2.16374
3.02884
3.89151
4.74786
5.59121
6.41104
7.19184
7.91215
8.54414
9.05424
9.4038
9.54502
9.39427
0.408018
1.22372
2.03823
2.85017
3.65727
4.45597
5.2411
6.00579
6.74167
7.44007
8.09419
8.70153
9.26044
9.74069
9.99855
0.383604
1.15013
1.9145
2.67487
3.42887
4.17349
4.9052
5.62053
6.31753
6.99875
7.67673
8.38247
9.17171
10.0908
10.8709
0.359662
1.07805
1.79354
2.50399
3.207
3.89999
4.58067
5.24801
5.90436
6.55968
7.24001
8.00542
8.99281
10.5375
13.5855
0.336371
1.00797
1.67608
2.33829
2.99207
3.63503
4.26541
4.88313
5.49191
6.10324
6.74421
7.47423
8.42692
9.9402
13.057
0.313877
0.940306
1.56273
2.17843
2.78465
3.37881
3.95894
4.52446
5.07769
5.62622
6.18658
6.7884
7.47173
8.22937
8.59901
0.292302
0.87542
1.45405
2.02515
2.58559
3.13233
3.6626
4.17432
4.66672
5.14098
5.60015
6.04596
6.46494
6.788
6.83859
0.271759
0.813647
1.35061
1.87926
2.39605
2.89729
3.37914
3.83759
4.26836
4.66621
5.023
5.32214
5.52476
5.53583
5.10913
0.252347
0.755292
1.25294
1.7416
2.2173
2.67572
3.11192
3.52009
3.89284
4.21995
4.48587
4.66533
4.7176
4.58766
4.26768
0.234149
0.700613
1.16151
1.61292
2.05056
2.46956
2.86416
3.22717
3.54901
3.81619
4.00877
4.09686
4.03695
3.77147
3.21966
0.217223
0.649796
1.07667
1.49381
1.89675
2.28034
2.63834
2.96283
3.24312
3.46421
3.60425
3.63113
3.49907
3.15411
2.61558
0.201598
0.602931
0.998596
1.38456
1.75637
2.10887
2.4358
2.72918
2.97835
3.1685
3.27829
3.27579
3.10901
2.67117
1.62565
0.187268
0.559998
0.92725
1.28514
1.62941
1.95516
2.25654
2.52621
2.75457
2.9286
3.0303
3.03453
2.90718
2.61023
2.16752
0.17419
0.52087
0.862402
1.19518
1.51529
1.81836
2.0993
2.35193
2.5685
2.73892
2.84998
2.88464
2.82312
2.65049
2.37673
0.162291
0.485315
0.803634
1.114
1.413
1.69693
1.96171
2.2027
2.41446
2.59046
2.72272
2.80152
2.81623
2.76098
2.66118
0.151473
0.453025
0.750385
1.04072
1.32117
1.5888
1.84065
2.07376
2.28524
2.47238
2.63258
2.76291
2.8579
2.90241
2.84894
0.141623
0.423647
0.70201
0.974312
1.23823
1.49161
1.73259
1.95983
2.17294
2.37299
2.56316
2.74884
2.93463
3.11187
3.23298
0.132623
0.396809
0.657842
0.91372
1.16262
1.40304
1.63406
1.85572
2.0697
2.28045
2.49687
2.7347
3.01728
3.3603
3.65101
0.124358
0.372159
0.617253
0.857971
1.09289
1.321
1.54203
1.75693
1.96871
2.18396
2.41571
2.68946
3.05796
3.64505
4.8014
0.116729
0.349389
0.579702
0.806251
1.02788
1.24387
1.45426
1.66031
1.8653
2.076
2.30539
2.57843
2.94684
3.53448
4.70834
0.109652
0.328249
0.544765
0.757948
0.966779
1.17063
1.36951
1.56441
1.75792
1.95508
2.16474
2.40116
2.68348
3.0168
3.25475
0.103066
0.308554
0.512141
0.712665
0.909136
1.10085
1.28752
1.46949
1.64801
1.82547
2.0055
2.19202
2.3847
2.56536
2.67926
0.0969267
0.290179
0.481645
0.670196
0.854798
1.03456
1.20878
1.37696
1.53882
1.69407
1.84176
1.97859
2.09428
2.16027
2.09648
0.091205
0.273043
0.453172
0.630468
0.803821
0.972126
1.13423
1.28883
1.43424
1.5679
1.68557
1.77983
1.83837
1.84531
1.80482
0.0858802
0.257095
0.426667
0.593477
0.756349
0.913995
1.06489
1.20708
1.3378
1.45285
1.54565
1.60586
1.61829
1.56328
1.41537
0.0809342
0.242287
0.402081
0.55922
0.712507
0.860549
1.0016
1.1333
1.25224
1.35326
1.42834
1.46509
1.44504
1.34577
1.17752
0.0763458
0.228563
0.379337
0.527638
0.672307
0.811958
0.944803
1.06838
1.17913
1.27167
1.33765
1.36376
1.32681
1.17616
0.746799
0.072087
0.21584
0.358311
0.498578
0.635593
0.768092
0.894437
1.01238
1.11867
1.20851
1.27465
1.30623
1.28754
1.20009
1.05513
0.0681206
0.204007
0.338817
0.471775
0.602015
0.728499
0.849907
0.96446
1.06964
1.16182
1.23565
1.28361
1.29602
1.26395
1.18629
0.0644002
0.192923
0.320607
0.446861
0.571046
0.692432
0.810138
0.923046
1.02965
1.12785
1.21463
1.28567
1.3354
1.35947
1.3692
0.0608724
0.182423
0.303389
0.423384
0.542022
0.658919
0.773702
0.886009
0.995498
1.10183
1.20453
1.30252
1.3926
1.46495
1.48927
0.0574797
0.172327
0.286846
0.40085
0.514206
0.626876
0.738986
0.85093
0.963539
1.07832
1.19769
1.32488
1.46211
1.60377
1.72344
0.0541651
0.162459
0.270662
0.378766
0.486866
0.595222
0.704386
0.815389
0.930073
1.05162
1.18544
1.34027
1.52855
1.75787
1.96442
0.0508753
0.152656
0.254545
0.356687
0.459348
0.563008
0.668508
0.777294
0.891839
1.01642
1.15859
1.33242
1.56648
1.92779
2.60724
0.047565
0.142777
0.238254
0.334247
0.431136
0.529516
0.63035
0.7352
0.846638
0.968988
1.10975
1.28275
1.51606
1.87677
2.56362
0.0441979
0.132713
0.221604
0.311186
0.401888
0.494322
0.589404
0.68853
0.793861
0.908773
1.03854
1.19119
1.37717
1.59926
1.77815
0.0407482
0.122389
0.204474
0.287349
0.371437
0.457289
0.54565
0.637553
0.734432
0.838241
0.951447
1.07647
1.21321
1.35177
1.46303
0.0371987
0.111755
0.186796
0.26267
0.339762
0.418514
0.499438
0.583121
0.670191
0.761184
0.856148
0.953612
1.04801
1.12322
1.13364
0.0335386
0.100785
0.168541
0.237145
0.306934
0.378231
0.45131
0.526338
0.603228
0.68137
0.759113
0.83289
0.896117
0.939673
0.965171
0.029761
0.0894624
0.149696
0.210797
0.273061
0.33671
0.401831
0.468262
0.535396
0.601835
0.664835
0.719495
0.75789
0.768669
0.73412
0.025859
0.0777699
0.13025
0.183642
0.238226
0.294168
0.351442
0.409699
0.468047
0.524689
0.576348
0.617398
0.638842
0.629143
0.593063
0.021823
0.0656825
0.11017
0.15566
0.202448
0.250701
0.300372
0.351075
0.401884
0.451004
0.49523
0.528918
0.541423
0.507938
0.345022
0.0176387
0.0531591
0.0893951
0.126777
0.165654
0.20625
0.248585
0.292379
0.336894
0.380718
0.421433
0.455148
0.475944
0.476616
0.463044
0.0132857
0.040139
0.0678248
0.0968546
0.127668
0.160591
0.195787
0.233183
0.272386
0.312591
0.352498
0.390351
0.424441
0.455187
0.491158
0.00873715
0.0265408
0.0453216
0.0656946
0.0882162
0.113356
0.141462
0.172731
0.207183
0.244674
0.284991
0.328169
0.375261
0.43013
0.502815
0.00395994
0.0122641
0.0217131
0.0330429
0.0469473
0.0640605
0.0849416
0.110071
0.139872
0.174793
0.2155
0.263269
0.320682
0.392704
0.488383
-0.00108407
-0.00280733
-0.0032011
-0.00139624
0.00345073
0.0121492
0.0254719
0.0441674
0.0690069
0.100896
0.141106
0.191674
0.25596
0.338849
0.443787
-0.00643697
-0.0188019
-0.0296418
-0.0379475
-0.0427199
-0.0429725
-0.0377282
-0.0260018
-0.00675308
0.0212225
0.0595196
0.110554
0.178322
0.269686
0.397378
-0.0121433
-0.0358552
-0.0578422
-0.076952
-0.0920286
-0.101911
-0.105429
-0.101394
-0.0885721
-0.0656175
-0.0309102
0.0178154
0.0842993
0.175297
0.300501
-0.0182486
-0.0541061
-0.0880403
-0.118757
-0.144944
-0.165268
-0.178374
-0.182887
-0.177427
-0.160617
-0.131073
-0.0872534
-0.0267444
0.0571557
0.193775
-0.0247982
-0.0736923
-0.120472
-0.163707
-0.20193
-0.233638
-0.257284
-0.271304
-0.274161
-0.26446
-0.241149
-0.20391
-0.15403
-0.097593
-0.0631025
-0.0318355
-0.0947464
-0.155367
-0.212136
-0.26344
-0.307604
-0.34288
-0.367472
-0.379616
-0.377751
-0.360895
-0.329342
-0.285865
-0.237099
-0.189528
-0.0394004
-0.117391
-0.192936
-0.264358
-0.32991
-0.387742
-0.435892
-0.472285
-0.494798
-0.501452
-0.490846
-0.463054
-0.421373
-0.375771
-0.352011
-0.0475281
-0.141733
-0.233368
-0.320658
-0.401738
-0.474604
-0.537069
-0.586734
-0.620991
-0.637138
-0.632731
-0.606408
-0.559601
-0.499274
-0.4377
-0.0562468
-0.167861
-0.276816
-0.38127
-0.47927
-0.568687
-0.647135
-0.711883
-0.759759
-0.787097
-0.789834
-0.763987
-0.707216
-0.623642
-0.539346
-0.0655763
-0.195834
-0.323388
-0.446364
-0.562763
-0.670386
-0.766714
-0.848749
-0.912788
-0.95414
-0.966784
-0.943038
-0.873443
-0.748508
-0.575462
-0.075527
-0.225686
-0.373141
-0.516024
-0.65235
-0.779927
-0.896218
-0.99811
-1.08157
-1.14112
-1.16901
-1.15393
-1.0781
-0.906784
-0.534573
-0.0860994
-0.257415
-0.426068
-0.590237
-0.748011
-0.897307
-1.03572
-1.16027
-1.26696
-1.35008
-1.40106
-1.407
-1.34907
-1.20457
-0.977668
-0.0972851
-0.290992
-0.482108
-0.66889
-0.84956
-1.02224
-1.18485
-1.33483
-1.46872
-1.58135
-1.66441
-1.70443
-1.68014
-1.55958
-1.28708
-0.10907
-0.32637
-0.541157
-0.751788
-0.956654
-1.15418
-1.34274
-1.52056
-1.68526
-1.83314
-1.95763
-2.04652
-2.07808
-2.0201
-1.86088
-0.121439
-0.363491
-0.603093
-0.838688
-1.06885
-1.29233
-1.50811
-1.71539
-1.91347
-2.10118
-2.27558
-2.42843
-2.5382
-2.55091
-2.3271
-0.13438
-0.402315
-0.66781
-0.929362
-1.18568
-1.43583
-1.67937
-1.91662
-2.14887
-2.37848
-2.60847
-2.84026
-3.06571
-3.24598
-3.28844
-0.147895
-0.442834
-0.735264
-1.02367
-1.3068
-1.58391
-1.855
-2.12133
-2.3861
-2.6555
-2.94013
-3.25648
-3.6246
-4.03676
-4.24246
-0.162
-0.485095
-0.805515
-1.12163
-1.43212
-1.73617
-2.03392
-2.32711
-2.62013
-2.92195
-3.24975
-3.63676
-4.15289
-4.97091
-6.62755
-0.176734
-0.529213
-0.878751
-1.22351
-1.56189
-1.8928
-2.21603
-2.53301
-2.84803
-3.17036
-3.51825
-3.92738
-4.47153
-5.3227
-6.95486
-0.192156
-0.575373
-0.955308
-1.32981
-1.69687
-2.05476
-2.40246
-2.74027
-3.07087
-3.40102
-3.74422
-4.12423
-4.57696
-5.13212
-5.662
-0.208339
-0.623811
-1.03563
-1.44129
-1.8382
-2.2238
-2.59577
-2.95255
-3.294
-3.6226
-3.94463
-4.27059
-4.61124
-4.95911
-5.24129
-0.22536
-0.674783
-1.12024
-1.55885
-1.98739
-2.40229
-2.79964
-3.17545
-3.52607
-3.84876
-4.14231
-4.40674
-4.64052
-4.8317
-4.93643
-0.243281
-0.728509
-1.2096
-1.68339
-2.14606
-2.59296
-3.01846
-3.41586
-3.77752
-4.09515
-4.3602
-4.56417
-4.69939
-4.76434
-4.79144
-0.26213
-0.785105
-1.30405
-1.81565
-2.31567
-2.7985
-3.2568
-3.68109
-4.05955
-4.37806
-4.6205
-4.76936
-4.80704
-4.72325
-4.55105
-0.28187
-0.844503
-1.40358
-1.95595
-2.49721
-3.02108
-3.51876
-3.97814
-4.38322
-4.7138
-4.94579
-5.05175
-4.99905
-4.74356
-4.29011
-0.302379
-0.906367
-1.50778
-2.10398
-2.69082
-3.26185
-3.80731
-4.3129
-4.75862
-5.11799
-5.35859
-5.44433
-5.33188
-4.90135
-3.45089
-0.323421
-0.97002
-1.6156
-2.2585
-2.8954
-3.52039
-4.12354
-4.68923
-5.19399
-5.60467
-5.87893
-5.97453
-5.88561
-5.76742
-6.39733
-0.344634
-1.03438
-1.72528
-2.41718
-3.10827
-3.79408
-4.46578
-5.10788
-5.69471
-6.18606
-6.52336
-6.63286
-6.45965
-6.11398
-6.43068
-0.365516
-1.09793
-1.83428
-2.57641
-3.32482
-4.07756
-4.82859
-5.56491
-6.26171
-6.87445
-7.32597
-7.48752
-7.15347
-6.00055
-3.37974
-0.385438
-1.15875
-1.93926
-2.7313
-3.53835
-4.36222
-5.20162
-6.04937
-6.8871
-7.67479
-8.32996
-8.68633
-8.41595
-6.9065
-3.20288
-0.403667
-1.21458
-2.03623
-2.87576
-3.74019
-4.6361
-5.56885
-6.54079
-7.54724
-8.56717
-9.54143
-10.3204
-10.5389
-9.33618
-4.9025
-0.41941
-1.26295
-2.12078
-3.00292
-3.92017
-4.88441
-5.90887
-7.00825
-8.19801
-9.49127
-10.8885
-12.3437
-13.6488
-14.0096
-10.3322
-0.43188
-1.30139
-2.18844
-3.10571
-4.06753
-5.09088
-6.19685
-7.41296
-8.77689
-10.3432
-12.1954
-14.4712
-17.4144
-21.4873
-27.5584
-11.2607
-25.7448
-24.3308
-20.7775
-17.4774
-14.7113
-12.3953
-10.4139
-8.67485
-7.11134
-5.67514
-4.33075
-3.05103
-1.81427
-0.602089
-111.029
-57.879
-37.3457
-27.2047
-21.1599
-17.0509
-13.9891
-11.5504
-9.50793
-7.7293
-6.13154
-4.65921
-3.27288
-1.94264
-0.644122
-123.449
-67.3625
-43.1438
-30.7874
-23.4981
-18.6633
-15.1503
-12.4118
-10.1578
-8.22164
-6.50083
-4.92795
-3.45578
-2.04898
-0.67902
-67.8079
-54.7158
-40.704
-30.8513
-24.1318
-19.3578
-15.7735
-12.9367
-10.5869
-8.56446
-6.7674
-5.12674
-3.59329
-2.12972
-0.705646
-47.8595
-42.7078
-35.3759
-28.7393
-23.4145
-19.2262
-15.8776
-13.1236
-10.7885
-8.75079
-6.92534
-5.25108
-3.68228
-2.18304
-0.723393
-30.3835
-32.2139
-29.5649
-25.7165
-21.908
-18.5114
-15.5689
-13.0194
-10.7837
-8.7897
-6.97831
-5.30217
-3.72297
-2.20886
-0.73221
-22.4081
-24.8307
-24.5869
-22.6658
-20.1153
-17.4814
-14.9871
-12.6975
-10.611
-8.70178
-6.93735
-5.28595
-3.71847
-2.20866
-0.732532
-12.4452
-19.2991
-20.7736
-20.0524
-18.3804
-16.3546
-14.2631
-12.2344
-10.3153
-8.51329
-6.8179
-5.21144
-3.67391
-2.18508
-0.725169
-15.0075
-17.5033
-18.4851
-18.0991
-16.8914
-15.2732
-13.4956
-11.6952
-9.9383
-8.25076
-6.63668
-5.08906
-3.59553
-2.14143
-0.711154
-15.6577
-16.759
-17.1463
-16.7165
-15.6875
-14.3027
-12.7438
-11.1258
-9.51313
-7.93722
-6.40933
-4.9291
-3.48978
-2.08122
-0.69161
-16.2672
-16.5104
-16.3751
-15.75
-14.7306
-13.4529
-12.0331
-10.5527
-9.06243
-7.59032
-6.14887
-4.74074
-3.36266
-2.00785
-0.66763
-16.659
-16.5246
-15.9439
-15.0575
-13.9529
-12.702
-11.3645
-9.98636
-8.59913
-7.22215
-5.86526
-4.53152
-3.21937
-1.92435
-0.640208
-17.6392
-16.8487
-15.725
-14.5166
-13.2769
-12.0111
-10.7242
-9.42635
-8.1287
-6.84002
-5.56559
-4.3073
-3.0642
-1.83329
-0.610199
-19.0718
-17.4043
-15.5648
-13.9973
-12.6191
-11.3348
-10.0914
-8.86623
-7.65206
-6.44798
-5.25471
-4.07253
-2.90056
-1.73679
-0.578323
-23.5555
-18.0793
-15.2158
-13.3466
-11.896
-10.63
-9.44598
-8.29849
-7.16841
-6.04843
-4.93614
-3.83066
-2.73122
-1.63662
-0.545178
-22.5112
-16.94
-14.1764
-12.405
-11.0448
-9.86842
-8.77518
-7.71864
-6.67773
-5.64355
-4.61284
-3.58459
-2.55852
-1.53427
-0.511275
-14.5541
-13.8509
-12.4479
-11.178
-10.066
-9.04904
-8.07889
-7.12794
-6.18238
-5.23627
-4.28781
-3.33702
-2.38454
-1.43105
-0.477063
-11.391
-11.2478
-10.6269
-9.84125
-9.02128
-8.19712
-7.36925
-6.53351
-5.68739
-4.83062
-3.96441
-3.09063
-2.21126
-1.32817
-0.44295
-8.23996
-8.97649
-8.92029
-8.52836
-7.97944
-7.34776
-6.66509
-5.94629
-5.1998
-4.43153
-3.64627
-2.8481
-2.04058
-1.22675
-0.409311
-6.71819
-7.25568
-7.44681
-7.3245
-6.99506
-6.53383
-5.986
-5.3783
-4.72734
-4.04424
-3.33708
-2.61208
-1.87427
-1.12785
-0.37649
-4.85036
-5.77538
-6.19102
-6.26447
-6.10221
-5.78003
-5.34848
-4.84036
-4.27719
-3.67366
-3.04028
-2.38495
-1.71394
-1.03239
-0.34479
-3.81638
-4.64881
-5.17286
-5.36811
-5.32041
-5.10218
-4.76414
-4.34064
-3.85507
-3.32382
-2.75871
-2.16872
-1.56092
-0.941139
-0.314464
-2.24446
-3.73638
-4.38304
-4.64047
-4.65703
-4.50753
-4.23914
-3.88401
-3.46469
-2.99747
-2.49443
-1.96486
-1.41621
-0.854674
-0.285703
-2.7538
-3.41094
-3.86352
-4.0801
-4.10898
-3.99544
-3.77439
-3.47194
-3.10757
-2.696
-2.24856
-1.77425
-1.28044
-0.773376
-0.258632
-2.86167
-3.22755
-3.50789
-3.65009
-3.65982
-3.558
-3.36617
-3.10288
-2.78324
-2.41943
-2.02136
-1.5972
-1.15386
-0.697413
-0.23331
-2.92016
-3.10357
-3.24818
-3.31205
-3.28814
-3.18306
-3.00758
-2.77295
-2.48957
-2.16666
-1.81228
-1.43345
-1.0364
-0.626765
-0.209734
-2.92675
-3.00653
-3.04454
-3.03497
-2.97282
-2.857
-2.69006
-2.47686
-2.22335
-1.93575
-1.62017
-1.28235
-0.927686
-0.56125
-0.187851
-2.96252
-2.93849
-2.87394
-2.7944
-2.69478
-2.56645
-2.40467
-2.20877
-1.98079
-1.72428
-1.44349
-1.14294
-0.827148
-0.50057
-0.167568
-3.08229
-2.8986
-2.71375
-2.56776
-2.43667
-2.29912
-2.14297
-1.96295
-1.75805
-1.52966
-1.28055
-1.01412
-0.734098
-0.444351
-0.148766
-3.56329
-2.8595
-2.52658
-2.33078
-2.18305
-2.04471
-1.89785
-1.73442
-1.5516
-1.34945
-1.12963
-0.894725
-0.647805
-0.392187
-0.131314
-3.29827
-2.56285
-2.24417
-2.06043
-1.92289
-1.79622
-1.66423
-1.51936
-1.35859
-1.18149
-0.989181
-0.78368
-0.567551
-0.34367
-0.115083
-1.94111
-1.9768
-1.86804
-1.75799
-1.65519
-1.55142
-1.43955
-1.31533
-1.1769
-1.0241
-0.857894
-0.680014
-0.492681
-0.298423
-0.0999462
-1.3929
-1.49106
-1.49282
-1.4505
-1.38815
-1.31226
-1.22344
-1.12117
-1.00521
-0.87602
-0.734713
-0.582912
-0.42262
-0.256104
-0.0857929
-0.848838
-1.07227
-1.14819
-1.15692
-1.13052
-1.08206
-1.01668
-0.936503
-0.842692
-0.736354
-0.618819
-0.491705
-0.356882
-0.216421
-0.0725246
-0.590822
-0.755929
-0.850217
-0.887745
-0.888208
-0.863601
-0.820205
-0.761305
-0.688875
-0.604463
-0.509578
-0.40585
-0.295059
-0.179122
-0.0600571
-0.300998
-0.488761
-0.591657
-0.644305
-0.663303
-0.65819
-0.634494
-0.5955
-0.543379
-0.479843
-0.406477
-0.324899
-0.236809
-0.143995
-0.0483182
-0.160001
-0.280527
-0.367992
-0.424231
-0.45514
-0.465683
-0.459405
-0.438809
-0.405811
-0.362048
-0.309079
-0.24847
-0.181838
-0.110857
-0.0372455
-0.0186967
-0.0952506
-0.16601
-0.221745
-0.261117
-0.284858
-0.294256
-0.290731
-0.275715
-0.250647
-0.216985
-0.176223
-0.129887
-0.079544
-0.0267839
0.149803
0.0860029
0.0255408
-0.0306202
-0.0779497
-0.113989
-0.138082
-0.150632
-0.1526
-0.145212
-0.129823
-0.107845
-0.0807202
-0.0499095
-0.0168829
0.278852
0.26494
0.214106
0.154373
0.0973794
0.0485831
0.0100788
-0.0178812
-0.0359799
-0.0453333
-0.0472353
-0.0430399
-0.0341125
-0.0218135
-0.00749529
0.513037
0.469518
0.408854
0.337464
0.267018
0.20401
0.150918
0.108023
0.0745677
0.0493717
0.0311186
0.0184793
0.0101542
0.00488053
0.00142546
0.693637
0.686003
0.611051
0.519903
0.431491
0.352552
0.284678
0.227372
0.179381
0.139256
0.105575
0.0770028
0.052302
0.0303118
0.00992675
1.04656
0.949239
0.824498
0.700443
0.589388
0.49341
0.4111
0.340254
0.278731
0.224667
0.176483
0.132839
0.0925678
0.0546286
0.018059
1.37306
1.23152
1.03747
0.871957
0.736817
0.624777
0.529562
0.446663
0.372903
0.305994
0.24424
0.186332
0.131215
0.0779946
0.0258775
2.1573
1.55026
1.23063
1.02238
0.868206
0.744462
0.639471
0.546728
0.462317
0.383742
0.309326
0.237888
0.168544
0.100595
0.0334447
2.26149
1.66941
1.34644
1.13526
0.978464
0.851126
0.740874
0.641006
0.547681
0.458602
0.372345
0.287989
0.204906
0.12264
0.0408309
1.81995
1.60168
1.38462
1.21036
1.06827
0.945927
0.835068
0.730742
0.630096
0.531502
0.434044
0.337207
0.240701
0.144368
0.0481148
1.66469
1.53312
1.39307
1.26314
1.14435
1.03276
0.924725
0.817925
0.711085
0.603614
0.495313
0.386194
0.276377
0.16604
0.0553825
1.5199
1.47045
1.3945
1.30819
1.21544
1.11711
1.01353
0.905136
0.792513
0.676304
0.557151
0.435665
0.312415
0.187934
0.062725
1.44342
1.42619
1.40311
1.3577
1.29041
1.20511
1.10567
0.995285
0.876433
0.751037
0.620608
0.486361
0.349309
0.210334
0.0702347
1.30666
1.386
1.42724
1.42241
1.37789
1.30292
1.20542
1.09131
0.964896
0.829267
0.686718
0.539005
0.387538
0.233515
0.0780015
1.1948
1.37225
1.48336
1.51468
1.48651
1.41639
1.3167
1.19589
1.05976
0.912302
0.756414
0.594255
0.427544
0.25773
0.0861083
0.884314
1.40458
1.59489
1.64827
1.62426
1.55039
1.44264
1.31112
1.16247
1.00119
0.830465
0.652666
0.469704
0.283201
0.094628
1.44075
1.66605
1.80151
1.83559
1.79664
1.70792
1.58509
1.43825
1.27397
1.09665
0.909424
0.714664
0.514321
0.310111
0.103622
1.76696
1.98992
2.07853
2.07365
2.00357
1.88915
1.74421
1.57748
1.39451
1.19899
0.993616
0.780538
0.561624
0.338604
0.113139
2.31768
2.40709
2.42047
2.35697
2.24129
2.09157
1.91846
1.728
1.52376
1.30817
1.08316
0.850465
0.611779
0.368794
0.12322
2.74153
2.87706
2.81579
2.67653
2.50265
2.31023
2.10477
1.88808
1.66089
1.42389
1.17804
0.924554
0.66492
0.400782
0.133901
3.59514
3.48368
3.26528
3.02013
2.7769
2.53793
2.29889
2.05545
1.80483
1.54577
1.27821
1.00291
0.721188
0.434676
0.145222
4.44049
4.16458
3.73333
3.36239
3.04818
2.76568
2.49606
2.22781
1.95462
1.67354
1.38375
1.08574
0.78078
0.470611
0.157231
6.56588
4.95336
4.1595
3.66526
3.29745
2.98448
2.69228
2.40361
2.10989
1.80737
1.49501
1.17339
0.84399
0.508776
0.169993
6.75416
5.17362
4.3776
3.88032
3.50862
3.18887
2.88605
2.5829
2.27128
1.94801
1.6127
1.26645
0.911234
0.549419
0.183589
5.24461
4.84908
4.38822
4.00818
3.68372
3.38149
3.08005
2.76808
2.44076
2.09703
1.73797
1.36574
0.983059
0.592851
0.198119
4.71448
4.5699
4.34274
4.09743
3.84338
3.57356
3.28135
2.96393
2.62163
2.2567
1.87238
1.47229
1.06011
0.639424
0.213697
4.25319
4.34806
4.30984
4.19275
4.014
3.78117
3.50016
3.17705
2.8182
2.42983
2.01774
1.58724
1.14307
0.689496
0.230433
4.03416
4.21863
4.33173
4.33089
4.22217
4.02225
3.74819
3.415
3.03529
2.61942
2.17589
1.71168
1.23255
0.74338
0.248423
3.69095
4.13877
4.43274
4.54393
4.49368
4.31481
4.03728
3.68526
3.27748
2.82821
2.34841
1.84648
1.32901
0.801281
0.267724
3.42084
4.16575
4.66067
4.86909
4.85452
4.67587
4.37809
3.99425
3.54846
3.05822
2.53629
1.99208
1.43259
0.863229
0.288336
2.6424
4.36633
5.08756
5.34909
5.3293
5.11966
4.77865
4.34627
3.85032
3.31023
2.73966
2.14828
1.54303
0.929018
0.310186
4.33677
5.26323
5.83369
6.02445
5.93592
5.65468
5.24267
4.74243
4.18282
3.5834
2.95747
2.3141
1.65955
0.998157
0.333103
5.41906
6.40736
6.84348
6.89376
6.67637
6.2805
5.76797
5.17983
4.54297
3.87498
3.18738
2.4877
1.78081
1.06984
0.356819
7.34951
7.93496
8.12121
7.94895
7.54076
6.98732
6.34576
5.65106
4.92473
4.18017
3.42569
2.66631
1.90491
1.14294
0.380965
8.94665
9.73976
9.64791
9.16797
8.50603
7.75534
6.96046
6.14424
5.31915
4.49226
3.6674
2.84632
2.0294
1.21606
0.405076
12.2846
12.1591
11.4441
10.5134
9.53293
8.55403
7.58999
6.64357
5.71483
4.80294
3.90647
3.02345
2.15142
1.28752
0.428613
15.7342
14.9879
13.3901
11.8933
10.5587
9.34241
8.20728
7.13062
6.09881
5.1029
4.13619
3.19294
2.26779
1.35552
0.450982
24.518
18.4079
15.2661
13.1606
11.5024
10.0744
8.78395
7.58654
6.45785
5.38259
4.34963
3.34986
2.3752
1.41816
0.471564
25.8133
19.7666
16.4223
14.1173
12.2862
10.7108
9.29603
7.99472
6.77978
5.6329
4.54003
3.48934
2.47038
1.47353
0.489738
21.3752
19.2488
16.8567
14.7448
12.8925
11.2357
9.72928
8.34293
7.05445
5.84571
4.70112
3.6068
2.55021
1.51984
0.504915
20.1851
18.9155
17.0964
15.1922
13.363
11.6563
10.0791
8.62319
7.27372
6.01398
4.8273
3.69804
2.61182
1.55543
0.516551
19.9951
18.9638
17.3951
15.5875
13.7486
11.9867
10.3448
8.8295
7.4307
6.1315
4.91361
3.7594
2.65273
1.57885
0.524176
20.2653
19.3853
17.8597
16.0045
14.0806
12.2339
10.5224
8.95495
7.51849
6.19257
4.95568
3.78776
2.67086
1.58893
0.527411
21.2661
20.2552
18.553
16.4694
14.3588
12.3873
10.6001
8.98939
7.52951
6.19182
4.94985
3.78069
2.66469
1.58485
0.525992
21.8096
21.605
19.5113
16.953
14.5405
12.4127
10.5552
8.91907
7.45569
6.12458
4.89347
3.73669
2.63342
1.5662
0.519799
22.0909
24.2668
20.7923
17.3352
14.5246
12.2505
10.3566
8.72878
7.29001
5.98789
4.78547
3.65554
2.5771
1.5331
0.50888
51.5428
30.8524
22.0612
17.2684
14.1361
11.8241
9.97321
8.4072
7.02945
5.78197
4.62712
3.53863
2.49688
1.48625
0.493477
50.3503
29.1747
20.5535
16.0483
13.1781
11.0775
9.392
7.95489
6.6784
5.51172
4.4227
3.38925
2.39504
1.42701
0.474032
17.1941
18.7785
16.1876
13.693
11.6854
10.0426
8.63832
7.39102
6.25111
5.18755
4.17967
3.21264
2.27502
1.35731
0.451174
6.81832
11.282
11.7547
10.9994
9.93955
8.84213
7.77561
6.75256
5.7708
4.82471
3.90826
3.0156
2.14116
1.27959
0.425681
2.81269
6.55684
8.17457
8.51735
8.21975
7.62016
6.88271
6.08545
5.26571
4.4413
3.62034
2.80592
1.99837
1.19654
0.398421
0.113448
3.30841
5.47985
6.47999
6.70965
6.49394
6.03134
5.43394
4.76385
4.05549
3.32788
2.59145
1.85161
1.11092
0.370272
-4.64695
0.770764
3.59851
4.9777
5.50882
5.53917
5.27358
4.83291
4.28859
3.68303
3.04156
2.37934
1.70545
1.02526
0.342052
-0.440727
-1.32883
-2.23726
-3.18101
-4.17741
-5.24777
-6.41982
-7.73181
-9.23996
-11.0329
-13.2619
-16.212
-20.4868
-27.5611
-41.689
-0.444252
-1.34
-2.25796
-3.21457
-4.229
-5.325
-6.53369
-7.89811
-9.48127
-11.3807
-13.7561
-16.884
-21.2647
-27.8155
-38.0718
-0.44053
-1.32898
-2.24002
-3.1903
-4.19901
-5.28955
-6.49181
-7.84566
-9.40633
-11.2525
-13.4979
-16.3032
-19.8727
-24.3643
-29.4623
-0.429422
-1.29534
-2.18286
-3.1076
-4.0872
-5.14239
-6.29834
-7.5864
-9.04586
-10.7252
-12.6797
-14.9581
-17.5584
-20.3069
-22.5816
-0.411238
-1.24012
-2.08846
-2.97003
-3.8998
-4.89446
-5.97278
-7.15572
-8.46553
-9.92269
-11.5375
-13.2912
-15.0959
-16.7231
-17.7053
-0.386645
-1.16544
-1.96084
-2.78426
-3.64752
-4.56286
-5.5426
-6.59815
-7.73787
-8.9625
-10.2566
-11.5733
-12.8111
-13.7842
-14.2094
-0.356551
-1.07415
-1.8052
-2.55864
-3.34315
-4.16687
-5.03659
-5.95643
-6.9253
-7.93286
-8.95293
-9.93442
-10.7908
-11.3935
-11.5838
-0.321966
-0.969388
-1.62719
-2.30195
-2.99959
-3.72487
-4.48048
-5.26566
-6.07406
-6.89069
-7.68786
-8.42069
-9.02406
-9.415
-9.50717
-0.283889
-0.854251
-1.43222
-2.02237
-2.62839
-3.25254
-3.89479
-4.55166
-5.21459
-5.868
-6.48713
-7.03641
-7.4698
-7.7353
-7.78616
-0.24323
-0.731506
-1.22508
-1.72691
-2.23906
-2.76211
-3.2945
-3.83159
-4.36463
-4.87959
-5.35624
-5.76801
-6.08342
-6.27026
-6.30299
-0.200752
-0.603468
-1.00967
-1.42114
-1.83882
-2.26235
-2.68949
-3.11558
-3.53276
-3.92949
-4.29025
-4.59597
-4.82562
-4.95932
-4.98296
-0.157062
-0.471947
-0.788985
-1.10916
-1.43275
-1.75896
-2.08556
-2.40846
-2.72134
-3.01537
-3.27929
-3.49999
-3.66376
-3.75845
-3.77618
-0.11261
-0.338273
-0.565166
-0.793771
-1.02404
-1.25517
-1.48532
-1.71138
-1.92877
-2.13134
-2.31156
-2.46094
-2.57099
-2.63453
-2.64722
-0.0677144
-0.203368
-0.339635
-0.476714
-0.614486
-0.752368
-0.889171
-1.02297
-1.151
-1.26967
-1.37466
-1.46122
-1.52475
-1.56144
-1.56915
-32289.4
-32268.1
-32246.7
-32225.1
-32203.1
-32180.8
-32157.9
-32134.4
-32110.3
-32085.4
-32059.6
-32033
-32005.3
-31976.6
-31946.9
-92.1705
-131.589
53.1366
-0.420951
35.4637
2.5026
20.4158
-1.60183
-22.4626
-6.11185
-31.8771
-7.93724
-40.1891
-7.14128
-50.8588
47.5411
4.10909
36.2499
4.8377
27.23
2.87822
17.1899
-1.53396
-20.2567
-6.00355
-30.35
-8.1073
-39.4948
-7.64847
-51.0237
46.982
3.36013
36.2623
4.31783
27.3914
2.41952
17.251
-2.06768
-21.4447
-6.67018
-31.9741
-8.83926
-41.5665
-8.31435
-53.6567
48.9759
3.31125
37.8817
4.4013
28.6837
2.48542
18.1281
-2.15795
-22.5251
-6.89663
-33.5465
-9.02439
-43.542
-8.21956
-56.0549
52.4727
4.3612
40.6664
5.45082
31.0512
3.47666
20.0381
-1.37193
-22.9431
-6.26977
-34.7375
-8.30392
-45.5898
-7.01413
-59.4014
61.0327
7.62625
49.8688
9.67429
42.3119
9.09863
35.6001
7.11139
-26.0517
75.649
46.8131
29.6162
16.9416
5.30625
-8.30487
-52.0499
-50.4367
-7.65466
-1.80178
7.18554
3.38348
3.77645
-3.26773
-10.4289
-11.0832
-16.2904
-14.1832
-18.405
-12.4148
-12.6007
8.87165
8.65532
14.3953
10.1051
11.7956
6.54476
5.41912
-1.53555
-8.50014
-9.66203
-14.9603
-13.3578
-17.7353
-12.1457
-12.4835
8.79713
8.48698
14.3201
9.9545
11.7143
6.33517
5.19468
-1.98365
-9.18789
-10.3922
-15.8964
-14.2273
-18.7831
-12.9319
-13.2607
9.0441
8.74682
14.9008
10.3558
12.2431
6.62928
5.47064
-2.04113
-9.58012
-10.7943
-16.5398
-14.7015
-19.4347
-13.1491
-13.4134
10.2289
9.97775
16.4798
11.7336
13.7654
7.9005
6.73761
-1.13982
-9.04752
-10.2343
-16.245
-14.0983
-18.9972
-11.8605
-11.7612
14.86
15.1274
23.3425
18.9175
23.0158
17.9
19.9955
13.8426
11.4229
31.9432
30.0529
23.1041
15.445
8.15144
2.14434
-32.5507
-28.568
-15.2679
-7.69619
-2.67588
-1.77649
-2.15343
-4.76513
-7.76521
-9.49835
-11.2365
-11.3154
-11.326
-8.795
-5.53037
1.43394
4.62449
6.98402
6.7603
6.35662
4.27106
2.04213
-1.52284
-5.09946
-7.3641
-9.5079
-9.99686
-10.3284
-8.10763
-5.074
1.70304
4.76759
7.06383
6.7706
6.31741
4.14714
1.83287
-1.8623
-5.571
-7.92225
-10.1483
-10.6516
-10.9858
-8.65013
-5.45693
1.65924
4.89252
7.32667
7.04785
6.60391
4.35775
1.96175
-1.8851
-5.74298
-8.16667
-10.4536
-10.9158
-11.1946
-8.6469
-5.19736
2.39161
5.86969
8.4909
8.25589
7.85082
5.55349
3.10605
-0.864094
-4.83002
-7.25227
-9.49912
-9.74715
-9.73605
-6.57279
-2.31242
6.63672
11.1839
15.0179
15.8873
16.9878
16.3171
16.2685
15.1979
15.8641
20.5087
20.5771
17.6147
13.4222
9.14414
5.68238
-22.8295
-20.1162
-14.6324
-9.91656
-6.60316
-5.09855
-4.86526
-5.70326
-6.92589
-7.90636
-8.57163
-8.54624
-7.90671
-6.23164
-3.78759
-0.569527
1.79031
3.29266
3.67463
3.33959
2.20382
0.589027
-1.49333
-3.58805
-5.24015
-6.43845
-6.86263
-6.59686
-5.24004
-3.05494
-0.0450742
2.15458
3.53645
3.81703
3.39309
2.16648
0.459567
-1.72146
-3.90884
-5.63267
-6.88086
-7.31921
-7.03327
-5.6032
-3.30228
-0.134243
2.18898
3.65914
3.97769
3.55996
2.30198
0.542088
-1.71318
-3.97107
-5.7361
-6.99487
-7.39415
-7.02455
-5.44334
-2.94205
0.474009
2.99553
4.61494
5.0231
4.66112
3.42262
1.6672
-0.594454
-2.8354
-4.52283
-5.63154
-5.7691
-5.01396
-2.86498
0.384498
4.75224
8.26748
10.9625
12.5242
13.5105
13.8384
14.0134
14.0521
14.5763
15.664
15.4656
13.8967
11.5224
8.9614
6.74565
-17.3402
-15.6537
-12.8911
-10.1174
-7.92578
-6.5899
-6.03445
-6.0875
-6.43528
-6.76823
-6.90139
-6.66138
-5.97863
-4.7756
-3.1594
-1.33715
0.19092
1.21464
1.62149
1.47557
0.826398
-0.190789
-1.44601
-2.714
-3.76969
-4.4837
-4.72196
-4.43639
-3.56517
-2.22357
-0.626469
0.719158
1.59493
1.87796
1.62462
0.877438
-0.231017
-1.57147
-2.91418
-4.02801
-4.77963
-5.02982
-4.72828
-3.8103
-2.39626
-0.711214
0.713864
1.64994
1.96775
1.72599
0.968943
-0.164227
-1.5375
-2.90885
-4.03456
-4.77384
-4.9797
-4.59925
-3.56468
-2.00403
-0.155458
1.42043
2.48319
2.8993
2.73362
2.03614
0.957313
-0.354633
-1.63785
-2.62674
-3.16241
-3.07654
-2.29903
-0.741855
1.4711
4.09538
6.53217
8.53895
9.98975
10.981
11.5802
11.9543
12.2074
12.4768
12.6714
12.3275
11.3385
9.89161
8.28147
6.79044
-13.8013
-12.741
-11.1656
-9.4802
-8.0161
-6.95743
-6.32739
-6.04732
-5.96604
-5.91781
-5.76849
-5.41408
-4.79977
-3.91451
-2.8279
-1.68117
-0.682195
0.0248899
0.364344
0.336249
-0.0210879
-0.627832
-1.38032
-2.14567
-2.79123
-3.21406
-3.33557
-3.11927
-2.56767
-1.76009
-0.845747
-0.0396652
0.506954
0.711255
0.56729
0.108629
-0.587529
-1.41822
-2.24909
-2.94495
-3.40047
-3.53492
-3.31096
-2.73171
-1.8805
-0.91383
-0.057099
0.53106
0.763573
0.634021
0.177532
-0.524794
-1.3646
-2.20034
-2.8895
-3.32095
-3.40952
-3.1159
-2.44356
-1.48063
-0.392251
0.584206
1.28263
1.61326
1.57192
1.19879
0.583121
-0.156192
-0.864109
-1.3833
-1.58831
-1.37993
-0.706808
0.436931
1.96543
3.70847
5.41609
6.91604
8.11702
9.01622
9.64592
10.0695
10.3394
10.4851
10.4543
10.1183
9.43956
8.49593
7.43001
6.39063
-11.2552
-10.5699
-9.59848
-8.52432
-7.52261
-6.70773
-6.11638
-5.72086
-5.44923
-5.21296
-4.9309
-4.54105
-4.01107
-3.34336
-2.58299
-1.8124
-1.13499
-0.635466
-0.36353
-0.328965
-0.509426
-0.855006
-1.2961
-1.74982
-2.13351
-2.37833
-2.43563
-2.28497
-1.93878
-1.45034
-0.909134
-0.424861
-0.0880837
0.0460569
-0.0368778
-0.318183
-0.750311
-1.26472
-1.77843
-2.20799
-2.48363
-2.55614
-2.40525
-2.04476
-1.53101
-0.958132
-0.441319
-0.0756955
0.0807714
0.0128424
-0.259875
-0.68739
-1.19755
-1.70292
-2.11553
-2.36179
-2.38972
-2.17792
-1.74087
-1.13788
-0.467877
0.148351
0.611703
0.862839
0.887998
0.710678
0.386981
-0.00296128
-0.362143
-0.592257
-0.609512
-0.352536
0.207719
1.06167
2.1508
3.37256
4.59905
5.72365
6.67886
7.43949
8.00856
8.40579
8.65022
8.74739
8.67662
8.40287
7.92201
7.27635
6.54034
5.79542
-9.26564
-8.81088
-8.1793
-7.46413
-6.76006
-6.13617
-5.62336
-5.216
-4.88147
-4.57407
-4.24851
-3.86983
-3.42069
-2.90564
-2.35279
-1.80945
-1.33165
-0.968087
-0.749588
-0.684541
-0.759992
-0.94464
-1.1937
-1.4548
-1.67579
-1.8126
-1.83515
-1.73225
-1.51473
-1.21657
-0.890538
-0.597664
-0.391324
-0.306553
-0.355393
-0.527811
-0.794601
-1.11225
-1.42894
-1.69265
-1.85932
-1.89905
-1.80137
-1.57849
-1.26668
-0.921696
-0.607829
-0.381266
-0.278901
-0.313443
-0.474374
-0.730972
-1.03741
-1.33908
-1.58113
-1.71701
-1.71513
-1.56428
-1.27715
-0.89165
-0.466059
-0.0673658
0.246366
0.437831
0.495647
0.433353
0.286235
0.105974
-0.0460382
-0.107735
-0.0256032
0.238131
0.699324
1.34776
2.14516
3.02987
3.92871
4.77521
5.52088
6.1386
6.61865
6.96219
7.17309
7.25156
7.19126
6.98562
6.64177
6.18687
5.6635
5.11882
-7.61476
-7.30647
-6.8805
-6.38796
-5.88206
-5.40465
-4.9785
-4.60628
-4.27465
-3.96132
-3.64261
-3.30006
-2.92521
-2.52237
-2.10887
-1.71215
-1.36378
-1.09182
-0.914673
-0.8378
-0.853312
-0.941519
-1.07397
-1.21753
-1.33928
-1.41141
-1.4153
-1.34459
-1.2068
-1.02293
-0.824194
-0.645859
-0.519503
-0.466765
-0.495954
-0.601542
-0.76566
-0.961149
-1.15573
-1.31706
-1.41778
-1.43985
-1.37776
-1.2403
-1.05012
-0.840448
-0.64862
-0.507994
-0.441428
-0.457729
-0.551113
-0.702784
-0.884129
-1.06112
-1.19958
-1.27062
-1.25505
-1.14688
-0.955082
-0.703146
-0.425511
-0.160738
0.0570915
0.205275
0.276254
0.278172
0.233217
0.174227
0.140013
0.169674
0.296798
0.544456
0.921304
1.41932
2.01382
2.66681
3.33374
3.97197
4.54714
5.03595
5.42533
5.70957
5.88669
5.95554
5.91517
5.76741
5.52144
5.196
4.81736
4.41444
-6.18345
-5.97151
-5.67754
-5.33104
-4.96303
-4.59932
-4.25596
-3.93808
-3.64151
-3.3563
-3.07105
-2.7768
-2.47005
-2.15445
-1.84079
-1.54521
-1.28589
-1.07903
-0.935362
-0.858023
-0.841952
-0.874689
-0.938229
-1.01166
-1.07424
-1.1085
-1.10286
-1.05352
-0.965234
-0.850714
-0.728465
-0.619206
-0.541671
-0.509002
-0.526502
-0.590992
-0.691543
-0.811351
-0.930423
-1.02875
-1.0895
-1.10181
-1.06272
-0.978002
-0.861638
-0.733505
-0.615683
-0.528074
-0.48463
-0.491015
-0.543923
-0.631864
-0.737128
-0.838611
-0.915158
-0.948929
-0.928301
-0.849928
-0.71961
-0.55165
-0.36644
-0.186513
-0.0318937
0.0838955
0.156308
0.190485
0.20041
0.206804
0.234083
0.306735
0.445627
0.66475
0.968798
1.35195
1.79824
2.28369
2.78011
3.25952
3.69776
4.07649
4.3834
4.61123
4.75618
4.81681
4.79374
4.69061
4.51555
4.28172
4.00618
3.70747
-4.90083
-4.75469
-4.55024
-4.30507
-4.03782
-3.76467
-3.49674
-3.23922
-2.99198
-2.75135
-2.51246
-2.27152
-2.02763
-1.78375
-1.54668
-1.32605
-1.13245
-0.975227
-0.860543
-0.79002
-0.760309
-0.763502
-0.788249
-0.821409
-0.849983
-0.863036
-0.85335
-0.81854
-0.761439
-0.689623
-0.614031
-0.546869
-0.499233
-0.478993
-0.489387
-0.528512
-0.589695
-0.662616
-0.734988
-0.794534
-0.830989
-0.837811
-0.813353
-0.761285
-0.690104
-0.611713
-0.539239
-0.484556
-0.456081
-0.457309
-0.486285
-0.535999
-0.595571
-0.652017
-0.692328
-0.705576
-0.684709
-0.627773
-0.538345
-0.424995
-0.299763
-0.175847
-0.0649636
0.0249769
0.0914219
0.137722
0.172688
0.209306
0.262814
0.348411
0.478924
0.662751
0.902375
1.19368
1.52627
1.88477
2.25098
2.60635
2.93406
3.22043
3.45537
3.6322
3.7471
3.79862
3.78759
3.71739
3.5943
3.42751
3.22835
3.00905
-3.72111
-3.62186
-3.48156
-3.31087
-3.12113
-2.9225
-2.72253
-2.52556
-2.33293
-2.14389
-1.9568
-1.77048
-1.5852
-1.40323
-1.22891
-1.06798
-0.926607
-0.810175
-0.722134
-0.663244
-0.631285
-0.621277
-0.626152
-0.637765
-0.648073
-0.650316
-0.640021
-0.615656
-0.578833
-0.533971
-0.487456
-0.446416
-0.417345
-0.404871
-0.4109
-0.43427
-0.470943
-0.514673
-0.558021
-0.593572
-0.615148
-0.618851
-0.60375
-0.572089
-0.528955
-0.481401
-0.437178
-0.403298
-0.384759
-0.383646
-0.398784
-0.425938
-0.458519
-0.488656
-0.508469
-0.511352
-0.493056
-0.452409
-0.391528
-0.315449
-0.231193
-0.146413
-0.0678763
-0.000108726
0.0555443
0.101277
0.142586
0.187487
0.245336
0.325408
0.435449
0.580406
0.761527
0.975965
1.21698
1.47473
1.73748
1.99301
2.22991
2.43843
2.61103
2.74237
2.82927
2.87048
2.86665
2.82032
2.73598
2.61989
2.47955
2.32301
-2.61221
-2.54812
-2.45666
-2.34412
-2.21725
-2.08225
-1.94399
-1.80564
-1.66874
-1.53361
-1.40005
-1.26796
-1.13797
-1.01172
-0.891851
-0.781728
-0.684859
-0.604241
-0.541747
-0.497688
-0.470652
-0.457617
-0.454353
-0.456002
-0.457776
-0.455651
-0.44695
-0.430713
-0.407803
-0.380698
-0.352998
-0.328726
-0.311556
-0.304106
-0.307442
-0.32087
-0.34203
-0.367279
-0.392284
-0.412733
-0.425044
-0.426971
-0.417991
-0.399414
-0.374169
-0.346296
-0.320221
-0.299952
-0.288343
-0.286584
-0.293981
-0.308063
-0.324987
-0.340162
-0.348992
-0.347626
-0.333587
-0.306181
-0.266597
-0.217678
-0.163378
-0.107988
-0.0552826
-0.00774965
0.0339511
0.0712048
0.107309
0.147022
0.195858
0.259251
0.341693
0.445984
0.572702
0.719976
0.883602
1.05749
1.23436
1.40651
1.5666
1.70818
1.82608
1.91654
1.97724
2.00722
2.0069
1.97797
1.92339
1.84718
1.75409
1.64921
-1.54976
-1.5138
-1.4621
-1.398
-1.32508
-1.24669
-1.16557
-1.08363
-1.00197
-0.921092
-0.841171
-0.762425
-0.685375
-0.611004
-0.540758
-0.476395
-0.419708
-0.372208
-0.33481
-0.307622
-0.289854
-0.279889
-0.27548
-0.274057
-0.273092
-0.270457
-0.264729
-0.255378
-0.242814
-0.228283
-0.213602
-0.200811
-0.19177
-0.187807
-0.189453
-0.196337
-0.207229
-0.220235
-0.233108
-0.243612
-0.249894
-0.250797
-0.246054
-0.236342
-0.223167
-0.2086
-0.194906
-0.184134
-0.177743
-0.176338
-0.17955
-0.186095
-0.193976
-0.200805
-0.204196
-0.202147
-0.193369
-0.177492
-0.155108
-0.127656
-0.0971324
-0.065697
-0.035241
-0.00699241
0.0187612
0.0427867
0.0668377
0.0934185
0.125417
0.165662
0.216474
0.279268
0.354278
0.440438
0.535441
0.635967
0.738032
0.837394
0.929943
1.01202
1.08064
1.13357
1.16942
1.18761
1.18834
1.17257
1.14196
1.09876
1.0456
0.985296
-31918.7
-31892.4
-31865.3
-31837.6
-31809.2
-31780.2
-31750.6
-31720.5
-31689.9
-31658.8
-31627.3
-31595.4
-31563.1
-31530.6
-31497.7
-31464.6
-31431.3
-31397.8
-31364.1
-31330.3
-31296.3
-31262.2
-31227.9
-31193.6
-31159.1
-31124.4
-31089.7
-31054.8
-31019.8
-30984.7
-30949.5
-30914.2
-30878.8
-30843.3
-30807.8
-30772.1
-30736.3
-30700.5
-30664.5
-30628.5
-30592.3
-30556
-30519.6
-30483.1
-30446.5
-30409.8
-30372.9
-30336
-30299
-30261.9
-30224.8
-30187.5
-30150.2
-30112.8
-30075.2
-30037.6
-29999.9
-29962.1
-29924.3
-29886.3
-29848.3
-29810.2
-29772.1
-29734
-29695.9
-29657.8
-29619.8
-29581.7
-29543.7
-29505.8
-29467.9
-29430.1
-29392.5
-29355
-29317.7
-29280.7
-29244
-29207.6
-29171.6
-29136
-29100.9
-29066.3
-29032.2
-28998.7
-28965.7
-28933.3
-28901.4
-28870
-28839.2
-28808.8
-4.59834
0.295844
2.76716
4.04028
4.60929
4.73835
4.58801
4.25965
3.81789
3.304
2.74441
2.15612
1.55012
0.93369
0.311794
0.815877
1.83184
2.91489
3.64835
4.02555
4.11866
4.0026
3.73819
3.37073
2.93268
2.44681
1.92902
1.3904
0.838887
0.280368
3.76491
3.30074
3.41222
3.61268
3.72591
3.70813
3.56555
3.31977
2.99417
2.60917
2.18114
1.72274
1.24359
0.751088
0.251158
5.08633
4.19397
3.82059
3.66423
3.55728
3.42241
3.2317
2.98117
2.67701
2.32868
1.94586
1.53721
1.11011
0.670722
0.224332
5.48995
4.56823
4.01192
3.66639
3.41657
3.19251
2.95766
2.69622
2.40401
2.08267
1.73639
1.37014
0.988916
0.59736
0.199779
5.39655
4.57708
3.99247
3.57282
3.25009
2.97342
2.7102
2.44204
2.16014
1.86162
1.54688
1.21806
0.878049
0.530023
0.177205
5.03819
4.35105
3.80808
3.38234
3.03754
2.74088
2.46769
2.20158
1.93291
1.65678
1.37146
1.07716
0.775197
0.467479
0.156223
4.5409
3.98085
3.50646
3.11092
2.77686
2.48488
2.21808
1.9637
1.71312
1.46112
1.20502
0.943936
0.678097
0.408471
0.136432
3.9732
3.52499
3.12599
2.77801
2.4741
2.20369
1.95605
1.72203
1.49475
1.26955
1.04358
0.815457
0.584785
0.351875
0.117466
3.37235
3.01991
2.69452
2.40103
2.13783
1.89975
1.68039
1.47361
1.27432
1.07874
0.884306
0.689524
0.493711
0.296778
0.0990248
2.75836
2.48778
2.23113
1.99375
1.77645
1.5771
1.39214
1.21769
1.05019
0.886778
0.725377
0.564621
0.403758
0.2425
0.0808802
2.14148
1.94173
1.74848
1.5664
1.3971
1.24005
1.0934
0.954813
0.821959
0.692813
0.565802
0.439824
0.314199
0.188583
0.0628765
1.52629
1.38918
1.25467
1.12626
1.00553
0.892585
0.786585
0.68621
0.590024
0.496711
0.405194
0.314676
0.224631
0.134758
0.044919
0.914124
0.834032
0.754755
0.678437
0.606165
0.538181
0.474149
0.413416
0.355217
0.298814
0.243586
0.189055
0.134893
0.0808967
0.0269611
-28775.9
-28740.7
-28706
-28671.7
-28638
-28604.6
-28571.6
-28538.9
-28506.5
-28474.4
-28442.4
-28410.6
-28378.9
-28347.3
-28315.8
)
;

boundaryField
{
    hot
    {
        type            calculated;
        value           nonuniform List<scalar> 
120
(
32284.1
0.0533742
0.0895133
0.126441
0.16439
0.203502
0.243793
0.285117
0.327129
0.369251
0.41065
0.450251
0.48677
0.518804
0.544965
0.563039
0.573468
0.578176
0.57719
0.57081
0.559575
0.544195
0.525478
0.504247
0.481272
0.457228
0.432667
0.408018
0.383604
0.359662
0.336371
0.313877
0.292302
0.271759
0.252347
0.234149
0.217223
0.201598
0.187268
0.17419
0.162291
0.151473
0.141623
0.132623
0.124358
0.116729
0.109652
0.103066
0.0969267
0.091205
0.0858802
0.0809342
0.0763458
0.072087
0.0681206
0.0644002
0.0608724
0.0574797
0.0541651
0.0508753
0.047565
0.0441979
0.0407482
0.0371987
0.0335386
0.029761
0.025859
0.021823
0.0176387
0.0132857
0.00873715
0.00395994
-0.00108407
-0.00643697
-0.0121433
-0.0182486
-0.0247982
-0.0318355
-0.0394004
-0.0475281
-0.0562468
-0.0655763
-0.075527
-0.0860994
-0.0972851
-0.10907
-0.121439
-0.13438
-0.147895
-0.162
-0.176734
-0.192156
-0.208339
-0.22536
-0.243281
-0.26213
-0.28187
-0.302379
-0.323421
-0.344634
-0.365516
-0.385438
-0.403667
-0.41941
-0.43188
-0.440727
-0.444252
-0.44053
-0.429422
-0.411238
-0.386645
-0.356551
-0.321966
-0.283889
-0.24323
-0.200752
-0.157062
-0.11261
-0.0677144
-32289.4
)
;
    }
    cold
    {
        type            calculated;
        value           nonuniform List<scalar> 
120
(
28318.1
-0.0204085
-0.0354268
-0.0525881
-0.0727863
-0.0969262
-0.125887
-0.160454
-0.20122
-0.248445
-0.3019
-0.360708
-0.423235
-0.487082
-0.549227
-0.602089
-0.644122
-0.67902
-0.705646
-0.723393
-0.73221
-0.732532
-0.725169
-0.711154
-0.69161
-0.66763
-0.640208
-0.610199
-0.578323
-0.545178
-0.511275
-0.477063
-0.44295
-0.409311
-0.37649
-0.34479
-0.314464
-0.285703
-0.258632
-0.23331
-0.209734
-0.187851
-0.167568
-0.148766
-0.131314
-0.115083
-0.0999462
-0.0857929
-0.0725246
-0.0600571
-0.0483182
-0.0372455
-0.0267839
-0.0168829
-0.00749529
0.00142546
0.00992675
0.018059
0.0258775
0.0334447
0.0408309
0.0481148
0.0553825
0.062725
0.0702347
0.0780015
0.0861083
0.094628
0.103622
0.113139
0.12322
0.133901
0.145222
0.157231
0.169993
0.183589
0.198119
0.213697
0.230433
0.248423
0.267724
0.288336
0.310186
0.333103
0.356819
0.380965
0.405076
0.428613
0.450982
0.471564
0.489738
0.504915
0.516551
0.524176
0.527411
0.525992
0.519799
0.50888
0.493477
0.474032
0.451174
0.425681
0.398421
0.370272
0.342052
0.311794
0.280368
0.251158
0.224332
0.199779
0.177205
0.156223
0.136432
0.117466
0.0990248
0.0808802
0.0628765
0.044919
0.0269611
-28315.8
)
;
    }
    interface_left
    {
        type            calculated;
        value           nonuniform List<scalar> 
90
(
24.257
59.8077
62.2749
35.8951
26.0496
16.915
12.6187
7.08683
8.49381
8.83866
9.16707
9.39427
9.99855
10.8709
13.5855
13.057
8.59901
6.83859
5.10913
4.26768
3.21966
2.61558
1.62565
2.16752
2.37673
2.66118
2.84894
3.23298
3.65101
4.8014
4.70834
3.25475
2.67926
2.09648
1.80482
1.41537
1.17752
0.746799
1.05513
1.18629
1.3692
1.48927
1.72344
1.96442
2.60724
2.56362
1.77815
1.46303
1.13364
0.965171
0.73412
0.593063
0.345022
0.463044
0.491158
0.502815
0.488383
0.443787
0.397378
0.300501
0.193775
-0.0631025
-0.189528
-0.352011
-0.4377
-0.539346
-0.575462
-0.534573
-0.977668
-1.28708
-1.86088
-2.3271
-3.28844
-4.24246
-6.62755
-6.95486
-5.662
-5.24129
-4.93643
-4.79144
-4.55105
-4.29011
-3.45089
-6.39733
-6.43068
-3.37974
-3.20288
-4.9025
-10.3322
-27.5584
)
;
    }
    interface_right
    {
        type            calculated;
        value           nonuniform List<scalar> 
90
(
-11.2607
-111.029
-123.449
-67.8079
-47.8595
-30.3835
-22.4081
-12.4452
-15.0075
-15.6577
-16.2672
-16.659
-17.6392
-19.0718
-23.5555
-22.5112
-14.5541
-11.391
-8.23996
-6.71819
-4.85036
-3.81638
-2.24446
-2.7538
-2.86167
-2.92016
-2.92675
-2.96252
-3.08229
-3.56329
-3.29827
-1.94111
-1.3929
-0.848838
-0.590822
-0.300998
-0.160001
-0.0186967
0.149803
0.278852
0.513037
0.693637
1.04656
1.37306
2.1573
2.26149
1.81995
1.66469
1.5199
1.44342
1.30666
1.1948
0.884314
1.44075
1.76696
2.31768
2.74153
3.59514
4.44049
6.56588
6.75416
5.24461
4.71448
4.25319
4.03416
3.69095
3.42084
2.6424
4.33677
5.41906
7.34951
8.94665
12.2846
15.7342
24.518
25.8133
21.3752
20.1851
19.9951
20.2653
21.2661
21.8096
22.0909
51.5428
50.3503
17.1941
6.81832
2.81269
0.113448
-4.64695
)
;
    }
    interface_top
    {
        type            calculated;
        value           nonuniform List<scalar> 
90
(
-119.115
-196.56
106.519
-3.11605
56.729
-1.32197
32.9753
-0.812173
-32.4061
-0.484271
-44.067
-0.452101
-57.1035
0.115804
-83.3615
80.2472
-2.66499
53.0658
-1.9527
39.0915
-1.84051
26.5392
-1.53006
-29.5885
-1.28818
-42.1701
-1.3327
-56.2298
-0.923392
-83.6256
79.401
-3.80946
53.2334
-2.7508
39.4948
-2.50382
26.8667
-2.09754
-31.1447
-1.80991
-44.3007
-1.82442
-59.07
-1.33419
-87.8112
82.8937
-4.24052
55.6676
-3.03838
41.3855
-2.70325
28.2321
-2.20267
-32.7616
-1.7855
-46.5818
-1.62251
-62.0669
-0.807055
-92.1191
88.3405
-3.51681
59.3765
-2.39169
44.4132
-2.02284
30.6808
-1.46856
-33.8863
-0.913041
-48.8485
-0.494357
-65.9337
0.772839
-99.5471
100.427
-1.97846
70.6522
-0.701725
57.6241
-0.018069
48.6692
2.0059
-58.8393
111.015
57.3317
32.8671
17.4329
3.3634
-16.1028
)
;
    }
    interface_bottom
    {
        type            calculated;
        value           nonuniform List<scalar> 
90
(
38.0312
114.16
-84.9617
2.49666
-51.8602
0.890011
-33.0967
-0.0831468
31.766
-0.8769
44.227
-1.34082
58.0057
-2.38988
85.4291
-87.0919
0.0787683
-58.5046
-0.88767
-43.8236
-1.1952
-30.7243
-1.69776
27.1839
-2.21526
39.6175
-2.57116
53.1475
-3.67308
79.1593
-83.4358
-1.14589
-56.2641
-1.80677
-42.2777
-1.91557
-29.8108
-2.27524
25.1461
-2.72643
36.982
-3.0311
49.814
-4.13081
74.2414
-79.2247
-1.48705
-53.3475
-1.91473
-40.0654
-1.91108
-28.2449
-2.186
23.7772
-2.56196
35.039
-2.78778
47.2625
-3.70545
70.5989
-74.9503
-1.16374
-50.4605
-1.57741
-37.8692
-1.57887
-26.6138
-1.8175
22.8856
-2.08676
33.6934
-2.15665
45.5409
-2.69227
68.5285
-71.4972
-0.364609
-48.4751
-0.952596
-36.9548
-1.20633
-27.3462
-2.19194
24.8325
-28.7332
-4.61414
10.6771
25.8941
48.2124
93.8049
)
;
    }
    defaultFaces
    {
        type            empty;
    }
}


// ************************************************************************* //
