/*--------------------------------*- C++ -*----------------------------------*\
| =========                 |                                                 |
| \\      /  F ield         | OpenFOAM: The Open Source CFD Toolbox           |
|  \\    /   O peration     | Version:  5.x                                   |
|   \\  /    A nd           | Web:      www.OpenFOAM.org                      |
|    \\/     M anipulation  |                                                 |
\*---------------------------------------------------------------------------*/
FoamFile
{
    version     2.0;
    format      ascii;
    class       volScalarField;
    location    "8.7";
    object      gradTx;
}
// * * * * * * * * * * * * * * * * * * * * * * * * * * * * * * * * * * * * * //

dimensions      [0 -1 0 1 0 0 0];

internalField   nonuniform List<scalar> 
6300
(
-31.8658
-31.9367
-32.0779
-32.2879
-32.5644
-32.9042
-33.3032
-33.7558
-34.2553
-34.7936
-35.3614
-35.9481
-36.5426
-37.1339
-37.711
-31.7949
-31.8665
-32.0091
-32.2213
-32.501
-32.8451
-33.2496
-33.7089
-34.2165
-34.7642
-35.3424
-35.9402
-36.546
-37.1479
-37.7344
-31.6524
-31.7253
-31.8707
-32.0873
-32.3732
-32.7257
-33.141
-33.6138
-34.1377
-34.7043
-35.3037
-35.9243
-36.5533
-37.1773
-37.7832
-31.4369
-31.5118
-31.6611
-31.8839
-32.1789
-32.5436
-32.9748
-33.4677
-34.0161
-34.6117
-35.2439
-35.9001
-36.5657
-37.2248
-37.8616
-31.1466
-31.2238
-31.3779
-31.6085
-31.9148
-32.295
-32.7468
-33.2662
-33.8474
-34.4824
-35.1601
-35.8665
-36.5845
-37.2947
-37.9765
-30.7792
-30.8588
-31.0183
-31.2575
-31.5766
-31.9749
-32.4512
-33.0028
-33.625
-34.3103
-35.0476
-35.8213
-36.6113
-37.3928
-38.1385
-30.332
-30.4141
-30.5788
-30.8268
-31.1592
-31.5769
-32.0804
-32.6689
-33.3395
-34.0863
-34.8986
-35.76
-36.6464
-37.5267
-38.3629
-29.8028
-29.8869
-30.0559
-30.3116
-30.6564
-31.0931
-31.6246
-32.2527
-32.9778
-33.7967
-34.7007
-35.6734
-36.6879
-37.7046
-38.6712
-29.1895
-29.2747
-29.4464
-29.7074
-30.0618
-30.5147
-31.072
-31.7397
-32.5224
-33.422
-34.4341
-35.5451
-36.727
-37.9328
-39.0914
-28.4911
-28.5759
-28.7475
-29.0098
-29.3686
-29.8318
-30.4091
-31.1115
-31.9502
-32.9347
-34.0687
-35.3458
-36.7423
-38.2082
-39.6554
-27.7078
-27.7904
-27.958
-28.2157
-28.571
-29.0348
-29.621
-30.347
-31.2324
-32.2977
-33.5602
-35.0273
-36.688
-38.5024
-40.384
-26.8419
-26.9198
-27.0786
-27.3239
-27.665
-28.1154
-28.6933
-29.423
-30.3346
-31.4637
-32.8473
-34.5154
-36.4804
-38.7298
-41.2342
-25.898
-25.9685
-26.1125
-26.3362
-26.6498
-27.0684
-27.6139
-28.317
-29.2194
-30.3754
-31.8498
-33.7073
-35.9895
-38.7036
-41.9391
-24.8836
-24.9437
-25.0668
-25.2587
-25.5295
-25.8944
-26.3769
-27.0117
-27.8505
-28.9688
-30.47
-32.476
-35.0703
-38.163
-41.5862
-23.809
-23.856
-23.9522
-24.1025
-24.315
-24.603
-24.9875
-25.5023
-26.2024
-27.1797
-28.5868
-30.6604
-33.6636
-37.3173
-37.954
-38.2208
-38.6612
-39.0775
-39.4676
-39.8307
-40.1667
-40.4759
-40.7591
-41.0163
-41.2474
-41.452
-41.6289
-41.7773
-41.8963
-41.986
-42.0471
-42.0816
-42.0924
-42.0834
-42.0588
-42.0229
-41.9795
-41.9314
-41.8805
-41.8273
-41.7711
-41.7105
-41.6436
-41.5685
-41.4835
-41.3882
-41.2829
-41.1689
-41.0485
-40.9246
-40.8
-40.6773
-40.5583
-40.4438
-40.3336
-40.2265
-40.1205
-40.0132
-39.9024
-39.7864
-39.6641
-39.5357
-39.4022
-39.2655
-39.1282
-38.9928
-38.8614
-38.7359
-38.6167
-38.5036
-38.3952
-38.2898
-38.1848
-38.0782
-37.9681
-37.8537
-37.735
-37.6129
-37.4893
-37.3666
-37.247
-37.1329
-37.0259
-36.9265
-36.8347
-36.7494
-36.669
-36.5917
-36.5159
-36.4406
-36.3656
-36.292
-36.222
-36.1589
-36.1062
-36.0683
-36.0486
-36.0503
-36.0749
-36.1227
-36.192
-36.2794
-36.38
-36.4875
-36.5951
-38.2511
-38.6961
-39.1151
-39.5065
-39.8697
-40.2051
-40.5137
-40.7964
-41.0538
-41.2858
-41.4917
-41.6701
-41.8195
-41.9387
-42.0271
-42.0854
-42.1156
-42.121
-42.1059
-42.0752
-42.0338
-41.9862
-41.9355
-41.8839
-41.8315
-41.7775
-41.7197
-41.6555
-41.5825
-41.4985
-41.4027
-41.2953
-41.178
-41.0537
-40.9256
-40.7974
-40.672
-40.5518
-40.4376
-40.3292
-40.2249
-40.1222
-40.0182
-39.91
-39.7953
-39.673
-39.543
-39.4067
-39.2665
-39.1255
-38.9868
-38.8532
-38.7266
-38.6079
-38.4966
-38.3911
-38.289
-38.1872
-38.0831
-37.9744
-37.86
-37.7398
-37.6151
-37.4882
-37.3619
-37.2392
-37.1228
-37.0147
-36.9157
-36.8253
-36.7423
-36.6646
-36.5896
-36.5153
-36.44
-36.3635
-36.2868
-36.2123
-36.1436
-36.0852
-36.0418
-36.0179
-36.0171
-36.0416
-36.0917
-36.1659
-36.2605
-36.3699
-36.4873
-36.605
-38.3142
-38.7682
-39.1927
-39.5861
-39.9487
-40.2822
-40.5887
-40.8701
-41.1278
-41.3619
-41.571
-41.7531
-41.9053
-42.0253
-42.1116
-42.1643
-42.1855
-42.1791
-42.1508
-42.1068
-42.0537
-41.9971
-41.9412
-41.8882
-41.8381
-41.7892
-41.738
-41.6803
-41.6122
-41.5306
-41.4337
-41.3219
-41.1975
-41.0642
-40.9269
-40.7905
-40.6593
-40.5365
-40.4232
-40.3188
-40.221
-40.126
-40.0293
-39.9269
-39.8153
-39.6928
-39.5593
-39.4168
-39.2688
-39.1194
-38.9734
-38.8347
-38.7061
-38.5885
-38.4814
-38.3823
-38.2876
-38.193
-38.0946
-37.989
-37.8745
-37.7511
-37.6205
-37.4861
-37.3519
-37.2222
-37.1009
-36.9905
-36.8922
-36.8053
-36.7277
-36.656
-36.5866
-36.5159
-36.4412
-36.3618
-36.2784
-36.1941
-36.1135
-36.0425
-35.9873
-35.954
-35.9476
-35.9713
-36.0261
-36.1104
-36.2201
-36.3484
-36.4869
-36.6258
-38.4151
-38.883
-39.3149
-39.7099
-40.0698
-40.3982
-40.6997
-40.9781
-41.236
-41.4738
-41.6894
-41.8789
-42.0375
-42.1604
-42.2444
-42.2885
-42.2949
-42.2689
-42.2182
-42.1517
-42.0786
-42.0071
-41.9427
-41.8882
-41.8432
-41.8042
-41.7654
-41.7201
-41.6616
-41.5845
-41.4862
-41.3668
-41.2296
-41.0805
-40.9268
-40.776
-40.6347
-40.5074
-40.3959
-40.2991
-40.213
-40.1319
-40.0488
-39.957
-39.8511
-39.7283
-39.5887
-39.435
-39.2727
-39.1086
-38.9496
-38.8018
-38.6695
-38.5541
-38.4546
-38.367
-38.2859
-38.2044
-38.1163
-38.0163
-37.9018
-37.7726
-37.6315
-37.4837
-37.3353
-37.1933
-37.0632
-36.949
-36.8523
-36.772
-36.7044
-36.6443
-36.5855
-36.522
-36.4494
-36.3656
-36.2714
-36.1707
-36.0697
-35.9769
-35.9012
-35.8514
-35.8347
-35.8562
-35.918
-36.0185
-36.1528
-36.3123
-36.4857
-36.6601
-38.5626
-39.0496
-39.4902
-39.8843
-40.2362
-40.5532
-40.8438
-41.1156
-41.3733
-41.6177
-41.8453
-42.0494
-42.2211
-42.3518
-42.4346
-42.467
-42.4512
-42.3945
-42.3082
-42.2059
-42.1014
-42.0067
-41.9299
-41.8747
-41.8397
-41.8188
-41.8024
-41.779
-41.7376
-41.6692
-41.569
-41.4371
-41.2789
-41.1035
-40.9225
-40.7479
-40.5899
-40.4555
-40.3474
-40.2637
-40.198
-40.1408
-40.0808
-40.0072
-39.9113
-39.7882
-39.6381
-39.4656
-39.2794
-39.0903
-38.9096
-38.7467
-38.6084
-38.4969
-38.4104
-38.3427
-38.2846
-38.2255
-38.155
-38.0647
-37.9502
-37.8112
-37.6524
-37.4818
-37.3099
-37.147
-37.0024
-36.8823
-36.7889
-36.7202
-36.6704
-36.6308
-36.591
-36.5413
-36.4738
-36.3845
-36.2739
-36.1474
-36.0142
-35.8867
-35.778
-35.701
-35.6668
-35.6832
-35.754
-35.878
-36.0492
-36.2561
-36.4832
-36.712
-38.7706
-39.2831
-39.7324
-40.1196
-40.4529
-40.7462
-41.0151
-41.2734
-41.5297
-41.7856
-42.0351
-42.2665
-42.464
-42.6119
-42.6975
-42.7149
-42.6663
-42.5626
-42.4212
-42.2633
-42.1103
-41.9804
-41.886
-41.8322
-41.8159
-41.827
-41.8493
-41.864
-41.8524
-41.7996
-41.6973
-41.5456
-41.353
-41.1345
-40.9091
-40.6958
-40.511
-40.3657
-40.264
-40.2025
-40.1708
-40.1536
-40.1325
-40.0895
-40.0104
-39.8872
-39.7197
-39.516
-39.2902
-39.0601
-38.8437
-38.6564
-38.5085
-38.4039
-38.3391
-38.3044
-38.2848
-38.2631
-38.2221
-38.1481
-38.0336
-37.8784
-37.6901
-37.4821
-37.2712
-37.0745
-36.9065
-36.7771
-36.6898
-36.6412
-36.6219
-36.6174
-36.611
-36.5861
-36.5296
-36.4339
-36.2993
-36.1335
-35.9507
-35.7692
-35.609
-35.4891
-35.4261
-35.4319
-35.5132
-35.6697
-35.894
-36.171
-36.4781
-36.7886
-39.0606
-39.6077
-40.0642
-40.4323
-40.7272
-40.9743
-41.2017
-41.4342
-41.6869
-41.9626
-42.2513
-42.5322
-42.7783
-42.9616
-43.0588
-43.0578
-42.9609
-42.7849
-42.558
-42.3138
-42.0859
-41.9029
-41.7836
-41.7355
-41.7529
-41.8189
-41.9072
-41.9867
-42.0265
-42.0013
-41.8967
-41.7129
-41.4642
-41.1757
-40.8782
-40.6027
-40.3752
-40.2131
-40.1226
-40.0981
-40.123
-40.172
-40.2155
-40.2239
-40.1732
-40.0497
-39.8535
-39.598
-39.3072
-39.0101
-38.7359
-38.5093
-38.3465
-38.2534
-38.2246
-38.2442
-38.2881
-38.3283
-38.3365
-38.29
-38.1756
-37.9934
-37.7562
-37.4865
-37.212
-36.9604
-36.7551
-36.6114
-36.5349
-36.5202
-36.5518
-36.6067
-36.6574
-36.6766
-36.6416
-36.5395
-36.3697
-36.1442
-35.8854
-35.6212
-35.3818
-35.1954
-35.0861
-35.0721
-35.1639
-35.3637
-35.6632
-36.0422
-36.4684
-36.9008
-39.4657
-40.0627
-40.5235
-40.8502
-41.0707
-41.2306
-41.381
-41.5657
-41.811
-42.1211
-42.4785
-42.848
-43.1833
-43.4351
-43.5615
-43.5389
-43.3693
-43.0807
-42.7196
-42.3406
-41.9972
-41.7335
-41.5789
-41.5443
-41.6201
-41.7787
-41.9777
-42.1667
-42.2943
-42.3172
-42.2103
-41.9738
-41.6327
-41.2297
-40.8158
-40.4405
-40.1453
-39.9573
-39.8862
-39.9228
-40.0402
-40.1983
-40.349
-40.4435
-40.4407
-40.317
-40.0726
-39.7311
-39.3332
-38.9271
-38.5597
-38.2701
-38.084
-38.0104
-38.0405
-38.1487
-38.297
-38.4395
-38.53
-38.5294
-38.4153
-38.1876
-37.8689
-37.4978
-37.1199
-36.7799
-36.5147
-36.3489
-36.291
-36.3323
-36.4483
-36.6021
-36.7494
-36.845
-36.8503
-36.7425
-36.5201
-36.2031
-35.8276
-35.4376
-35.0782
-34.7906
-34.6091
-34.5597
-34.6592
-34.9142
-35.318
-35.8453
-36.4496
-37.0667
-40.0367
-40.7137
-41.1758
-41.4213
-41.5012
-41.5004
-41.5112
-41.6101
-41.8417
-42.2114
-42.6883
-43.2133
-43.7086
-44.0891
-44.2789
-44.2317
-43.949
-43.4808
-42.9068
-42.3164
-41.7936
-41.4069
-41.2015
-41.194
-41.3683
-41.68
-42.0626
-42.4353
-42.7128
-42.8199
-42.7107
-42.3854
-41.8901
-41.2995
-40.6975
-40.1632
-39.7609
-39.5331
-39.4949
-39.631
-39.8989
-40.2353
-40.5636
-40.803
-40.8823
-40.7583
-40.4313
-39.9453
-39.3711
-38.7883
-38.2716
-37.8819
-37.6593
-37.6182
-37.7438
-37.9957
-38.314
-38.6258
-38.8544
-38.9323
-38.8184
-38.5128
-38.0573
-37.5189
-36.9733
-36.4915
-36.1313
-35.9311
-35.9043
-36.037
-36.2903
-36.6067
-36.9159
-37.1432
-37.222
-37.1107
-36.8066
-36.3461
-35.7906
-35.2099
-34.6712
-34.2329
-33.9419
-33.833
-33.9304
-34.2503
-34.7949
-35.5376
-36.4124
-37.3155
-40.8505
-41.6744
-42.1401
-42.231
-42.0481
-41.7536
-41.5144
-41.4633
-41.6738
-42.1475
-42.8289
-43.6212
-44.399
-45.0179
-45.3377
-45.2633
-44.7961
-44.0334
-43.1176
-42.195
-41.3942
-40.8189
-40.5393
-40.5818
-40.9186
-41.4794
-42.1618
-42.841
-43.3766
-43.634
-43.5222
-43.0419
-42.2848
-41.3855
-40.482
-39.6959
-39.1251
-38.8357
-38.8526
-39.1494
-39.6589
-40.284
-40.9063
-41.393
-41.6166
-41.4917
-41.0192
-40.2866
-39.4213
-38.5543
-37.8007
-37.2528
-36.9735
-36.9859
-37.2651
-37.7472
-38.3402
-38.9318
-39.3959
-39.6115
-39.4973
-39.0542
-38.3648
-37.5502
-36.7348
-36.0279
-35.5175
-35.2635
-35.2881
-35.5677
-36.0416
-36.6218
-37.2003
-37.655
-37.8676
-37.7566
-37.3181
-36.6261
-35.7899
-34.9218
-34.1196
-33.463
-33.0124
-32.8091
-32.8813
-33.2631
-33.9863
-35.0398
-36.3346
-37.697
-42.0166
-43.1506
-43.6444
-43.4351
-42.7558
-41.9268
-41.247
-40.9398
-41.1267
-41.7847
-42.8097
-44.0502
-45.3183
-46.3775
-46.964
-46.8607
-46.0686
-44.8066
-43.3382
-41.8979
-40.6703
-39.8053
-39.4134
-39.5455
-40.1466
-41.1034
-42.2658
-43.4534
-44.4412
-44.9798
-44.8644
-44.0967
-42.8846
-41.4774
-40.0972
-38.9187
-38.0839
-37.6974
-37.8074
-38.3616
-39.2522
-40.3369
-41.4443
-42.3616
-42.853
-42.7255
-41.9816
-40.8189
-39.474
-38.157
-37.0333
-36.2372
-35.8675
-35.9697
-36.4941
-37.3388
-38.3686
-39.4214
-40.2951
-40.7658
-40.65
-39.9499
-38.8527
-37.5828
-36.34
-35.2813
-34.5346
-34.1945
-34.3047
-34.8187
-35.6397
-36.6395
-37.6629
-38.5154
-38.9793
-38.8739
-38.1948
-37.1135
-35.8353
-34.5388
-33.3583
-32.3966
-31.7268
-31.3886
-31.3865
-31.784
-32.7022
-34.1944
-36.1593
-38.2991
-43.6609
-45.5474
-46.1609
-45.3169
-43.6802
-41.8851
-40.4426
-39.7047
-39.9013
-40.8933
-42.4802
-44.4396
-46.5385
-48.4177
-49.5838
-49.45
-48.0178
-45.877
-43.5184
-41.2946
-39.4241
-38.1102
-37.5331
-37.8339
-38.8625
-40.4312
-42.3336
-44.3534
-46.1526
-47.2672
-47.1457
-45.7918
-43.765
-41.5306
-39.4221
-37.6466
-36.397
-35.8442
-36.1225
-37.0893
-38.5661
-40.3568
-42.2561
-43.9436
-44.9806
-44.8467
-43.5472
-41.6135
-39.4864
-37.4815
-35.7944
-34.6073
-34.0819
-34.3453
-35.2621
-36.6636
-38.364
-40.1689
-41.7746
-42.7645
-42.6441
-41.4176
-39.5891
-37.5766
-35.68
-34.0853
-32.9662
-32.4772
-32.74
-33.6274
-34.9802
-36.6232
-38.3717
-39.9351
-40.9109
-40.8174
-39.6508
-37.8842
-35.907
-33.9889
-32.2817
-30.9102
-29.9634
-29.4842
-29.3163
-29.5551
-30.5913
-32.6686
-35.7322
-39.2862
-45.7705
-49.7712
-50.7707
-48.3415
-44.8368
-41.3365
-38.6235
-37.1235
-37.5306
-39.1451
-41.6144
-44.628
-48.075
-51.485
-54.0751
-53.9094
-50.9872
-47.2609
-43.5046
-40.1826
-37.3763
-35.3544
-34.3884
-35.0743
-36.8007
-39.2784
-42.2324
-45.5712
-48.8499
-51.3348
-51.2017
-48.4556
-44.9447
-41.4024
-38.2674
-35.6173
-33.7066
-32.7941
-33.4464
-35.0825
-37.4278
-40.2205
-43.373
-46.4623
-48.7943
-48.6465
-46.0261
-42.6865
-39.3227
-36.3482
-33.8356
-32.0246
-31.1604
-31.7799
-33.3323
-35.5579
-38.209
-41.2033
-44.1406
-46.3621
-46.2307
-43.7524
-40.5902
-37.4036
-34.5851
-32.2045
-30.4906
-29.6771
-30.2759
-31.766
-33.9028
-36.4548
-39.3472
-42.201
-44.3824
-44.3062
-41.9705
-38.9584
-35.8937
-33.1351
-30.7218
-28.812
-27.5267
-27.1313
-26.6607
-26.1778
-26.9812
-29.7226
-34.5986
-40.9905
-47.2981
-58.3037
-60.284
-52.9012
-45.9972
-39.66
-35.0589
-31.7965
-33.4213
-36.1659
-39.9651
-44.1921
-49.6651
-55.7326
-62.5351
-62.3379
-55.1144
-48.6883
-42.8655
-38.328
-34.199
-31.0783
-28.8648
-30.8164
-33.6571
-37.4396
-41.5772
-46.8755
-52.6903
-59.1722
-59.0203
-52.2209
-46.1693
-40.688
-36.4143
-32.5233
-29.579
-27.4906
-29.3536
-32.0545
-35.6451
-39.5662
-44.5808
-50.0714
-56.179
-56.0068
-49.5405
-43.7944
-38.5986
-34.5499
-30.8662
-28.0788
-26.1023
-27.8709
-30.4333
-33.8393
-37.5598
-42.3198
-47.5375
-53.3478
-53.1969
-47.072
-41.6266
-36.7002
-32.8599
-29.3636
-26.7183
-24.8435
-26.5284
-28.9731
-32.2277
-35.7963
-40.3781
-45.4353
-51.1047
-51.0484
-45.2645
-40.1081
-35.4397
-31.7841
-28.4369
-25.8144
-23.8086
-24.8868
-24.0228
-20.9482
-20.5804
-23.7028
-31.2823
-44.1275
-41.1938
-79.8678
-83.1592
-56.6486
-46.3241
-35.4856
-29.5669
-19.432
-27.6995
-31.6681
-37.6999
-41.9621
-50.399
-58.9221
-81.0745
-80.8846
-58.0935
-49.2466
-40.3757
-35.885
-29.5697
-25.4958
-17.3434
-25.2782
-29.1573
-35.0896
-39.2506
-47.4358
-55.5702
-76.5622
-76.4114
-54.9095
-46.5725
-38.2346
-34.0101
-28.0661
-24.2187
-16.4972
-24.0541
-27.7456
-33.3866
-37.3369
-45.1034
-52.7918
-72.6066
-72.4308
-52.0178
-44.1099
-36.2224
-32.226
-26.6063
-22.965
-15.6515
-22.8187
-26.3195
-31.6678
-35.4136
-42.7773
-50.0811
-68.9175
-68.7656
-49.4133
-41.9154
-34.433
-30.6392
-25.2972
-21.8364
-14.8838
-21.6867
-25.0141
-30.1004
-33.6785
-40.7246
-47.788
-66.0722
-66.0383
-47.655
-40.5549
-33.5273
-29.9892
-25.1082
-21.929
-15.6495
-25.4392
-24.568
-11.821
-9.15369
-11.2646
-20.3833
-50.2432
-36.7048
-36.8059
-36.8783
-36.9168
-36.9195
-36.8883
-36.8279
-36.7452
-36.6485
-36.5462
-36.4466
-36.3573
-36.2845
-36.2333
-36.2068
-36.7247
-36.8345
-36.9123
-36.9525
-36.9534
-36.9174
-36.8501
-36.7593
-36.654
-36.5434
-36.4363
-36.3407
-36.2631
-36.2085
-36.1803
-36.7668
-36.895
-36.984
-37.0275
-37.0242
-36.9779
-36.8959
-36.788
-36.6648
-36.5371
-36.4147
-36.3061
-36.2186
-36.1572
-36.1257
-36.8363
-36.9945
-37.1014
-37.1492
-37.1381
-37.074
-36.9676
-36.8319
-36.6802
-36.5254
-36.3791
-36.2506
-36.1478
-36.0762
-36.0395
-36.942
-37.1454
-37.2776
-37.33
-37.3047
-37.2124
-37.0688
-36.8917
-36.6986
-36.5054
-36.3255
-36.1695
-36.0458
-35.9602
-35.9165
-37.0986
-37.3673
-37.5338
-37.5885
-37.5385
-37.4021
-37.2034
-36.9674
-36.7172
-36.4722
-36.2479
-36.0562
-35.9058
-35.8024
-35.7499
-37.3292
-37.6913
-37.9017
-37.9518
-37.8586
-37.6541
-37.3753
-37.0575
-36.7306
-36.4181
-36.1377
-35.9017
-35.7185
-35.5938
-35.5307
-37.6719
-38.1671
-38.4299
-38.4584
-38.29
-37.9803
-37.5862
-37.1566
-36.7295
-36.3321
-35.9831
-35.6942
-35.4729
-35.3235
-35.2483
-38.1907
-38.8754
-39.1924
-39.1617
-38.8627
-38.391
-37.8325
-37.2532
-36.6986
-36.1979
-35.7683
-35.4192
-35.1555
-34.9791
-34.8908
-38.9979
-39.9515
-40.3025
-40.1335
-39.6081
-38.8884
-38.0996
-37.325
-36.6139
-35.9925
-35.4729
-35.0589
-34.7506
-34.5465
-34.4449
-40.3025
-41.6302
-41.9327
-41.4617
-40.5477
-39.455
-38.3527
-37.3333
-36.4393
-35.6854
-35.0718
-34.593
-34.2417
-34.0114
-33.8975
-42.5262
-44.3342
-44.3362
-43.233
-41.666
-40.031
-38.5229
-37.216
-36.1248
-35.238
-34.536
-33.9995
-33.6116
-33.3599
-33.2361
-46.609
-48.8442
-47.8448
-45.4683
-42.8521
-40.4803
-38.4918
-36.8832
-35.6059
-34.6055
-33.8349
-33.2573
-32.8454
-32.5806
-32.451
-54.933
-56.5889
-52.7306
-47.9431
-43.7939
-40.5463
-38.0808
-36.219
-34.8101
-33.7433
-32.9409
-32.3492
-31.9322
-31.6659
-31.5362
-74.5331
-69.8479
-58.5454
-49.7797
-43.834
-39.8301
-37.0662
-35.1018
-33.6722
-32.6168
-31.836
-31.2666
-30.8681
-30.6148
-30.4917
-22.7809
-22.8138
-22.881
-22.9855
-23.1325
-23.3307
-23.5946
-23.9488
-24.4376
-25.1462
-26.2513
-28.1517
-31.8032
-39.3785
-53.3061
-21.8233
-21.8425
-21.8812
-21.9405
-22.0219
-22.1285
-22.2656
-22.4429
-22.6806
-23.0226
-23.5781
-24.6668
-27.4341
-36.9451
-79.2684
-20.8525
-20.8576
-20.8672
-20.88
-20.8939
-20.9052
-20.9085
-20.8952
-20.8511
-20.7505
-20.536
-20.0291
-18.4607
-11.7347
25.4798
-19.8782
-19.8696
-19.851
-19.8189
-19.7675
-19.6874
-19.563
-19.3689
-19.0607
-18.557
-17.696
-16.1334
-13.14
-7.70554
-3.84523
-18.9098
-18.8886
-18.8441
-18.7712
-18.6612
-18.5003
-18.266
-17.9218
-17.4061
-16.6112
-15.3412
-13.2249
-9.52637
-2.59129
13.4814
-17.956
-17.9239
-17.857
-17.7491
-17.5903
-17.3641
-17.0454
-16.5939
-15.9454
-14.9956
-13.5736
-11.4115
-8.15957
-3.82563
-1.99169
-17.0246
-16.9834
-16.8982
-16.7625
-16.566
-16.2923
-15.9169
-15.4027
-14.6941
-13.7078
-12.3204
-10.3539
-7.54365
-3.32458
4.94339
-16.1217
-16.0735
-15.9744
-15.8182
-15.5954
-15.2912
-14.8847
-14.3464
-13.6357
-12.6987
-11.4695
-9.88206
-7.90592
-5.6354
-3.51485
-15.2523
-15.1991
-15.0902
-14.9203
-14.6812
-14.3611
-13.9441
-13.4099
-12.7344
-11.8924
-10.8676
-9.68009
-8.47254
-7.8421
-10.5005
-14.4198
-14.3633
-14.2483
-14.0704
-13.8233
-13.4983
-13.0848
-12.5716
-11.9488
-11.2131
-10.3785
-9.49207
-8.63839
-7.7649
-5.05155
-13.6266
-13.5683
-13.4501
-13.2687
-13.0195
-12.6968
-12.2949
-11.8095
-11.2414
-10.6025
-9.9255
-9.28131
-8.81797
-8.96537
-11.9989
-12.8738
-12.8148
-12.6957
-12.514
-12.2667
-11.9505
-11.5629
-11.1048
-10.5833
-10.0182
-9.44975
-8.94494
-8.57344
-8.16159
-5.49199
-12.162
-12.1032
-11.9847
-11.8049
-11.5618
-11.2536
-10.88
-10.444
-9.95549
-9.43639
-8.92977
-8.51601
-8.35693
-8.92568
-12.6918
-11.4911
-11.433
-11.3164
-11.1399
-10.9022
-10.6022
-10.2404
-9.81978
-9.34892
-8.84587
-8.34533
-7.91022
-7.63497
-7.46934
-5.29981
-10.8604
-10.8036
-10.6896
-10.5173
-10.2857
-9.99385
-9.64161
-9.23045
-8.76471
-8.2536
-7.71547
-7.19342
-6.83691
-7.40455
-13.6082
-10.2692
-10.214
-10.1032
-9.93594
-9.71109
-9.42743
-9.08376
-8.67902
-8.21203
-7.68012
-7.07446
-6.36168
-5.3971
-3.42585
4.13955
-9.71634
-9.66306
-9.55609
-9.39459
-9.17735
-8.90269
-8.56833
-8.17085
-7.70444
-7.15788
-6.50784
-5.70483
-4.65637
-3.33196
-3.22277
-9.20049
-9.14941
-9.04684
-8.89197
-8.68349
-8.41943
-8.09675
-7.71058
-7.25253
-6.70752
-6.04747
-5.21844
-4.10729
-2.39412
1.48412
-8.72014
-8.67153
-8.57394
-8.42661
-8.22826
-7.97689
-7.66929
-7.30023
-6.86102
-6.33707
-5.70448
-4.92799
-3.97632
-2.95975
-3.1087
-8.27357
-8.22768
-8.13559
-7.99669
-7.80988
-7.57343
-7.28452
-6.93862
-6.52839
-6.04208
-5.46144
-4.75921
-3.89046
-2.71595
-0.325161
-7.85889
-7.81592
-7.72979
-7.60006
-7.426
-7.20641
-6.93935
-6.62172
-6.24863
-5.81261
-5.30287
-4.70611
-4.01694
-3.31674
-3.36063
-7.47408
-7.43417
-7.35427
-7.23423
-7.07376
-6.87238
-6.62932
-6.34335
-6.01259
-5.63435
-5.20476
-4.7172
-4.15113
-3.40075
-1.81745
-7.11701
-7.08021
-7.00667
-6.89651
-6.74996
-6.56733
-6.34912
-6.0961
-5.80956
-5.49177
-5.14695
-4.78283
-4.41334
-4.06314
-3.78332
-6.78552
-6.75179
-6.68451
-6.58409
-6.45123
-6.28701
-6.09312
-5.87215
-5.62824
-5.36801
-5.10257
-4.85221
-4.66219
-4.67658
-5.5546
-6.47749
-6.44669
-6.38538
-6.29423
-6.1743
-6.02733
-5.85594
-5.66418
-5.45828
-5.24788
-5.04775
-4.87973
-4.76912
-4.69021
-4.11574
-6.19086
-6.16279
-6.10702
-6.02437
-5.91619
-5.78462
-5.63293
-5.46604
-5.29149
-5.12064
-4.97066
-4.86741
-4.85407
-5.04791
-6.09724
-5.92376
-5.89815
-5.84735
-5.77226
-5.67434
-5.55593
-5.42049
-5.27327
-5.12214
-4.97894
-4.86114
-4.79269
-4.79517
-4.81147
-4.15363
-5.67447
-5.65104
-5.60459
-5.53601
-5.44677
-5.33908
-5.21626
-5.08323
-4.94732
-4.81962
-4.71739
-4.66874
-4.7267
-5.04311
-6.40641
-5.44147
-5.41993
-5.37722
-5.31415
-5.23202
-5.13276
-5.01915
-4.89523
-4.76681
-4.64265
-4.53647
-4.47078
-4.47878
-4.5477
-3.98015
-5.22347
-5.20355
-5.16402
-5.10556
-5.0292
-4.93642
-4.82925
-4.71037
-4.58339
-4.45322
-4.32744
-4.22169
-4.18858
-4.49421
-6.78492
-5.01932
-5.0008
-4.964
-4.90942
-4.8378
-4.75011
-4.64749
-4.53117
-4.4022
-4.26078
-4.10454
-3.92218
-3.66318
-3.06214
-0.495779
-4.82807
-4.81077
-4.77635
-4.72515
-4.6576
-4.57419
-4.47527
-4.3608
-4.22968
-4.07865
-3.89982
-3.67591
-3.37534
-2.99479
-3.10852
-4.64885
-4.63266
-4.6004
-4.55225
-4.48844
-4.40906
-4.3139
-4.202
-4.07101
-3.91585
-3.72644
-3.48291
-3.14308
-2.58414
-1.19133
-4.4809
-4.46574
-4.43549
-4.39026
-4.33011
-4.25492
-4.16416
-4.0565
-3.92915
-3.77688
-3.59066
-3.35681
-3.063
-2.75251
-2.91521
-4.3235
-4.30932
-4.28102
-4.23866
-4.18225
-4.11162
-4.0262
-3.9247
-3.80463
-3.66152
-3.48798
-3.27238
-2.99455
-2.59221
-1.67589
-4.17597
-4.16275
-4.13634
-4.09685
-4.0443
-3.97861
-3.89942
-3.80584
-3.69614
-3.56731
-3.41454
-3.23119
-3.0126
-2.78876
-2.87583
-4.03765
-4.02534
-4.00079
-3.96412
-3.91549
-3.85501
-3.78266
-3.69819
-3.60097
-3.48975
-3.36235
-3.21451
-3.03432
-2.76933
-2.12291
-3.90791
-3.89647
-3.87367
-3.83974
-3.79495
-3.73967
-3.67433
-3.59943
-3.51555
-3.42347
-3.32438
-3.22034
-3.11495
-3.01473
-2.93381
-3.78615
-3.77549
-3.75432
-3.72291
-3.68171
-3.63135
-3.57268
-3.50693
-3.43585
-3.36207
-3.28989
-3.22712
-3.19202
-3.24668
-3.68822
-3.67181
-3.66185
-3.6421
-3.61292
-3.57487
-3.52882
-3.47598
-3.41817
-3.35804
-3.2996
-3.2489
-3.21473
-3.20677
-3.20989
-2.97317
-3.56442
-3.55503
-3.53646
-3.5091
-3.47362
-3.43102
-3.38276
-3.33103
-3.27908
-3.23178
-3.19644
-3.18416
-3.21386
-3.33958
-3.86924
-3.46356
-3.45462
-3.43695
-3.41095
-3.37734
-3.33717
-3.29198
-3.24409
-3.19693
-3.15568
-3.12801
-3.12447
-3.15431
-3.1887
-2.89374
-3.36894
-3.36031
-3.34323
-3.31812
-3.28565
-3.24682
-3.2031
-3.15665
-3.1107
-3.07018
-3.04284
-3.04163
-3.09162
-3.26648
-3.95221
-3.28034
-3.27188
-3.25512
-3.23043
-3.19841
-3.1599
-3.11614
-3.0689
-3.02073
-2.97554
-2.93956
-2.92325
-2.94224
-2.98944
-2.72019
-3.19765
-3.18923
-3.17254
-3.14787
-3.11569
-3.07665
-3.03163
-2.98181
-2.92872
-2.87454
-2.82265
-2.78039
-2.7733
-2.93208
-4.06734
-3.12082
-3.11235
-3.09552
-3.07054
-3.03775
-2.99757
-2.95048
-2.897
-2.83751
-2.77197
-2.69908
-2.61313
-2.4892
-2.19656
-0.935006
-3.04991
-3.04131
-3.02418
-2.99867
-2.96498
-2.92331
-2.87381
-2.8164
-2.75051
-2.67453
-2.5846
-2.47228
-2.32229
-2.13383
-2.19391
-2.98499
-2.9762
-2.95868
-2.9325
-2.89776
-2.85452
-2.80265
-2.7417
-2.67055
-2.58681
-2.48568
-2.35762
-2.18211
-1.89845
-1.20091
-2.9262
-2.9172
-2.89921
-2.87229
-2.83649
-2.79174
-2.73781
-2.6741
-2.59936
-2.51119
-2.40548
-2.27595
-2.11705
-1.95044
-2.01662
-2.8737
-2.86444
-2.84596
-2.81829
-2.78144
-2.73536
-2.67979
-2.6142
-2.53751
-2.44778
-2.34185
-2.21468
-2.05736
-1.84071
-1.37692
-2.82764
-2.81812
-2.79912
-2.77068
-2.73284
-2.68558
-2.62876
-2.56204
-2.48473
-2.39565
-2.29299
-2.17438
-2.03891
-1.90255
-1.91602
-2.7882
-2.77841
-2.75886
-2.72963
-2.6908
-2.64245
-2.58462
-2.51725
-2.44015
-2.35298
-2.25522
-2.14582
-2.02108
-1.86031
-1.53408
-2.7556
-2.74549
-2.72534
-2.69526
-2.65539
-2.60594
-2.54713
-2.47923
-2.40257
-2.3177
-2.22555
-2.12795
-2.0283
-1.9329
-1.85551
-2.73003
-2.71958
-2.69875
-2.6677
-2.62666
-2.57595
-2.51598
-2.44731
-2.37073
-2.28748
-2.19969
-2.11151
-2.03258
-1.99295
-2.12296
-2.71174
-2.70088
-2.67927
-2.6471
-2.60467
-2.55241
-2.4909
-2.42091
-2.34355
-2.26043
-2.17413
-2.08868
-2.00958
-1.93514
-1.77776
-2.70101
-2.68968
-2.66715
-2.63364
-2.58953
-2.53532
-2.47172
-2.39965
-2.32037
-2.23563
-2.14799
-2.06145
-1.98337
-1.93489
-2.02574
-2.69816
-2.68629
-2.66266
-2.62756
-2.58141
-2.52478
-2.45845
-2.38342
-2.301
-2.21285
-2.12111
-2.02838
-1.93663
-1.83784
-1.64261
-2.70359
-2.69107
-2.66617
-2.62919
-2.58058
-2.52099
-2.45123
-2.37235
-2.28564
-2.19259
-2.09494
-1.99465
-1.89479
-1.80772
-1.81767
-2.71773
-2.70446
-2.67808
-2.6389
-2.58741
-2.52427
-2.45036
-2.36674
-2.27468
-2.17555
-2.07063
-1.96064
-1.84411
-1.71017
-1.49375
-2.74109
-2.72698
-2.6989
-2.65719
-2.60234
-2.53506
-2.45625
-2.36702
-2.26866
-2.16254
-2.04987
-1.93118
-1.80553
-1.66984
-1.52503
-2.77429
-2.7592
-2.7292
-2.68461
-2.62593
-2.55388
-2.46939
-2.37365
-2.26804
-2.15411
-2.0333
-1.90658
-1.77394
-1.63582
-1.51192
-2.81797
-2.80181
-2.76966
-2.72183
-2.65882
-2.58134
-2.49037
-2.38715
-2.27323
-2.15046
-2.02085
-1.88611
-1.74617
-1.59188
-1.35621
-2.87288
-2.85555
-2.82102
-2.7696
-2.70177
-2.6182
-2.51988
-2.40809
-2.28457
-2.15159
-2.01198
-1.86925
-1.7284
-1.6044
-1.59109
-2.93985
-2.92124
-2.88413
-2.82879
-2.75565
-2.66533
-2.55874
-2.43718
-2.30251
-2.15733
-2.0053
-1.8511
-1.69894
-1.54001
-1.26215
-3.01976
-2.99978
-2.95991
-2.90037
-2.82148
-2.72377
-2.60802
-2.47541
-2.32774
-2.16785
-2.00013
-1.83156
-1.67418
-1.55817
-1.62937
-3.11357
-3.09215
-3.04938
-2.98538
-2.9004
-2.79476
-2.66903
-2.5241
-2.36149
-2.18381
-1.99556
-1.80427
-1.62071
-1.4463
-1.15662
-3.22226
-3.19936
-3.15359
-3.085
-2.99366
-2.87971
-2.74337
-2.58508
-2.40572
-2.20713
-1.99312
-1.77161
-1.56091
-1.41443
-1.54769
-3.34687
-3.32247
-3.27367
-3.20042
-3.10265
-2.98023
-2.83298
-2.6607
-2.46331
-2.24119
-1.99589
-1.73145
-1.45653
-1.18825
-0.966042
-3.48843
-3.46255
-3.41073
-3.33288
-3.22876
-3.09801
-2.93999
-2.75377
-2.53808
-2.29134
-2.01198
-1.69859
-1.34754
-0.930057
-0.229946
-3.64798
-3.62064
-3.56589
-3.48359
-3.37339
-3.23472
-3.06658
-2.86733
-2.63442
-2.36417
-2.0517
-1.69189
-1.28471
-0.868101
-0.750717
-3.82652
-3.79777
-3.74021
-3.65367
-3.5378
-3.39192
-3.2148
-3.00427
-2.75671
-2.46632
-2.12431
-1.7181
-1.22843
-0.598324
0.553338
-4.02504
-3.99493
-3.93467
-3.84413
-3.72306
-3.57083
-3.38623
-3.16694
-2.90875
-2.60433
-2.24152
-1.80228
-1.26968
-0.690712
-0.620703
-4.24449
-4.21304
-4.15015
-4.05582
-3.92996
-3.77223
-3.58175
-3.35663
-3.09291
-2.7829
-2.41182
-1.9513
-1.34314
-0.429632
1.53197
-4.48578
-4.45298
-4.38748
-4.28942
-4.15901
-3.99637
-3.80136
-3.57312
-3.30923
-3.0039
-2.64424
-2.20287
-1.62867
-0.896367
-0.720347
-4.74986
-4.71565
-4.64741
-4.54549
-4.41044
-4.243
-4.04404
-3.81439
-3.55435
-3.26262
-2.93341
-2.54669
-2.024
-0.97677
2.91699
-5.0377
-5.00197
-4.93075
-4.82459
-4.68438
-4.51152
-4.30805
-4.07676
-3.82147
-3.54738
-3.26252
-2.98494
-2.78359
-3.03391
-6.12029
-5.35037
-5.31294
-5.23837
-5.12733
-4.981
-4.80133
-4.59137
-4.35581
-4.10166
-3.83963
-3.58659
-3.37025
-3.22955
-3.12154
-1.92211
-5.68904
-5.6497
-5.57132
-5.45458
-5.30077
-5.11216
-4.8925
-4.64777
-4.38734
-4.12563
-3.88517
-3.70304
-3.6528
-3.96707
-5.9347
-6.05503
-6.01359
-5.93092
-5.80758
-5.64473
-5.44457
-5.21103
-4.95065
-4.6739
-4.3969
-4.14326
-3.94425
-3.82292
-3.66443
-2.26986
-6.44981
-6.40611
-6.31877
-6.18802
-6.01459
-5.80018
-5.54821
-5.26489
-4.96065
-4.65193
-4.36341
-4.13153
-4.01886
-4.22014
-5.90467
-6.87494
-6.82895
-6.73677
-6.59811
-6.41292
-6.18187
-5.90716
-5.59367
-5.25052
-4.89295
-4.54423
-4.23602
-3.99677
-3.74582
-2.44108
-7.33201
-7.28388
-7.18705
-7.04052
-6.8431
-6.59388
-6.29305
-5.94306
-5.55041
-5.12781
-4.69694
-4.29261
-3.98281
-4.00327
-5.62347
-7.82251
-7.77263
-7.67186
-7.51828
-7.30925
-7.04174
-6.71308
-6.32209
-5.87108
-5.36844
-4.83121
-4.28356
-3.73952
-3.14977
-2.37885
-8.34766
-8.29672
-8.19333
-8.03456
-7.81601
-7.53208
-7.17639
-6.74282
-6.22761
-5.63308
-4.97273
-4.272
-3.52797
-2.42207
1.40117
-8.9082
-8.85722
-8.75329
-8.59235
-8.36819
-8.07226
-7.69378
-7.22023
-6.63923
-5.94344
-5.14229
-4.29052
-3.56772
-3.58141
-6.95896
-9.50414
-9.45451
-9.35282
-9.19405
-8.9702
-8.66978
-8.2772
-7.77226
-7.13058
-6.32697
-5.34701
-4.21948
-3.09602
-2.40472
-2.86935
-10.1345
-10.088
-9.99201
-9.84095
-9.62538
-9.3313
-8.93865
-8.41925
-7.73438
-6.83297
-5.65421
-4.14562
-2.32421
-0.425291
0.897628
-10.7973
-10.7557
-10.6695
-10.5327
-10.3351
-10.0613
-9.68813
-9.18115
-8.48855
-7.53159
-6.19045
-4.28898
-1.60624
1.95415
5.58334
-11.489
-11.4543
-11.3821
-11.2665
-11.0977
-10.8603
-10.5305
-10.072
-9.42631
-8.49699
-7.11582
-4.97491
-1.49775
4.28582
12.7894
-12.2048
-12.179
-12.1249
-12.0374
-11.9081
-11.7233
-11.4624
-11.0927
-10.5611
-9.77617
-8.56879
-6.58877
-2.99094
4.72862
25.9006
-146.59
-88.0677
-61.5501
-48.8783
-42.0908
-38.037
-35.4032
-33.5875
-32.2861
-31.3325
-30.6295
-30.1176
-29.7595
-29.532
-29.4214
-182.393
-82.4056
-54.6666
-43.9725
-38.6077
-35.4207
-33.3233
-31.8538
-30.7845
-29.9909
-29.3999
-28.9662
-28.6611
-28.4665
-28.3716
47.0977
-26.571
-35.9464
-35.3658
-33.6122
-32.0476
-30.8075
-29.8422
-29.0913
-28.5086
-28.0611
-27.7255
-27.4859
-27.3316
-27.256
-6.9817
-15.3846
-24.1401
-27.5738
-28.4854
-28.4492
-28.1008
-27.6816
-27.2814
-26.9326
-26.6445
-26.4181
-26.2514
-26.142
-26.0879
26.0477
-3.95321
-16.0295
-21.5332
-24.0167
-25.0676
-25.4434
-25.5076
-25.436
-25.3143
-25.185
-25.0692
-24.9773
-24.9141
-24.8822
-1.36235
-4.96948
-12.4833
-17.5899
-20.543
-22.1548
-23.0023
-23.4281
-23.6253
-23.7013
-23.7162
-23.7038
-23.683
-23.6646
-23.6542
11.5774
-3.27279
-10.6086
-15.1422
-18.0008
-19.7726
-20.8542
-21.5074
-21.8986
-22.1306
-22.2663
-22.3441
-22.3872
-22.4096
-22.4191
-3.01507
-6.7944
-10.6799
-13.8577
-16.2132
-17.8699
-19.0034
-19.7687
-20.2826
-20.6269
-20.8567
-21.0085
-21.1058
-21.1636
-21.1905
-14.9829
-10.2423
-11.2425
-13.1444
-14.9108
-16.3305
-17.4083
-18.2046
-18.7844
-19.2027
-19.5013
-19.7107
-19.8519
-19.939
-19.9805
-4.88115
-9.70349
-11.179
-12.5252
-13.8493
-15.0285
-16.0088
-16.7907
-17.3984
-17.8616
-18.208
-18.4602
-18.6355
-18.746
-18.7994
-16.7922
-11.4889
-11.2052
-11.9213
-12.8884
-13.8646
-14.747
-15.4979
-16.1126
-16.6015
-16.98
-17.2632
-17.4642
-17.5928
-17.6554
-5.01194
-9.78845
-10.5371
-11.1431
-11.9213
-12.7657
-13.5765
-14.2997
-14.9143
-15.4182
-15.8181
-16.1233
-16.3431
-16.4852
-16.555
-17.2887
-10.8851
-9.96804
-10.2453
-10.9081
-11.6903
-12.467
-13.1768
-13.7928
-14.3073
-14.722
-15.0426
-15.276
-15.428
-15.5029
-4.21849
-8.1717
-8.56955
-9.07992
-9.81197
-10.6186
-11.404
-12.119
-12.7418
-13.2656
-13.6911
-14.0226
-14.2655
-14.4244
-14.5029
-18.1968
-7.92725
-7.09294
-7.76055
-8.66405
-9.56176
-10.3898
-11.1252
-11.7597
-12.2922
-12.7255
-13.0642
-13.3132
-13.4765
-13.5574
11.7534
-1.13053
-4.57333
-6.27739
-7.52017
-8.55327
-9.43997
-10.2016
-10.8484
-11.3876
-11.8257
-12.1682
-12.4203
-12.586
-12.6681
-0.409131
-0.890126
-3.26118
-5.11457
-6.52189
-7.64648
-8.57702
-9.35763
-10.0117
-10.5534
-10.9921
-11.335
-11.5874
-11.7535
-11.8359
7.15511
0.662845
-2.30852
-4.26154
-5.71998
-6.87445
-7.8182
-8.60156
-9.25323
-9.79063
-10.2251
-10.5646
-10.8146
-10.9791
-11.0608
-0.164681
-0.229222
-2.06305
-3.75199
-5.12916
-6.24876
-7.17078
-7.93696
-8.57408
-9.09936
-9.52417
-9.85628
-10.1011
-10.2624
-10.3424
3.96568
0.107416
-1.91819
-3.45896
-4.71722
-5.76028
-6.63161
-7.36198
-7.9726
-8.47786
-8.88759
-9.20861
-9.44567
-9.60202
-9.6797
-0.629682
-0.828593
-2.11003
-3.36213
-4.45475
-5.39107
-6.19033
-6.87019
-7.44431
-7.92272
-8.31263
-8.61925
-8.84629
-8.9963
-9.07091
1.40995
-1.01281
-2.32225
-3.37607
-4.30085
-5.11706
-5.83197
-6.45183
-6.98251
-7.42904
-7.79552
-8.08517
-8.30041
-8.44296
-8.51396
-1.36454
-1.97011
-2.71201
-3.47962
-4.22235
-4.91341
-5.53964
-6.09543
-6.57915
-6.99096
-7.33179
-7.60279
-7.80501
-7.93932
-8.00632
-3.71835
-2.8327
-3.08391
-3.60047
-4.17973
-4.75481
-5.29623
-5.78911
-6.22573
-6.60217
-6.91658
-7.16819
-7.3568
-7.48244
-7.54523
-1.9701
-2.90576
-3.27155
-3.6778
-4.14004
-4.6196
-5.08653
-5.52187
-5.91413
-6.25649
-6.54499
-6.77735
-6.95232
-7.06923
-7.12775
-4.28887
-3.37452
-3.43109
-3.71627
-4.08834
-4.49317
-4.8988
-5.28456
-5.63719
-5.94823
-6.21239
-6.42638
-6.58818
-6.69659
-6.75094
-2.19362
-3.16898
-3.43189
-3.6944
-4.0139
-4.36622
-4.72487
-5.07029
-5.38914
-5.67255
-5.91466
-6.11167
-6.26113
-6.3615
-6.41188
-4.46969
-3.45814
-3.43297
-3.63299
-3.91668
-4.23488
-4.56014
-4.87449
-5.16573
-5.42555
-5.64827
-5.83001
-5.96819
-6.06113
-6.10784
-2.22211
-3.06225
-3.27767
-3.51349
-3.7955
-4.09867
-4.40302
-4.69474
-4.96416
-5.20435
-5.41035
-5.57861
-5.70668
-5.7929
-5.83625
-4.61685
-3.10014
-3.10822
-3.36194
-3.65963
-3.96167
-4.25468
-4.5305
-4.7829
-5.00691
-5.19865
-5.35515
-5.47426
-5.55445
-5.59478
0.114149
-2.07909
-2.7682
-3.17988
-3.52077
-3.83097
-4.11828
-4.38255
-4.62138
-4.83191
-5.01143
-5.15768
-5.26888
-5.34371
-5.38133
-1.8104
-2.10252
-2.62083
-3.04701
-3.40323
-3.71619
-3.99791
-4.25229
-4.47954
-4.67845
-4.84734
-4.98458
-5.08877
-5.15883
-5.19404
-0.94064
-1.9688
-2.53746
-2.96274
-3.31576
-3.62312
-3.89656
-4.14087
-4.3574
-4.54585
-4.70525
-4.83446
-4.93238
-4.99817
-5.03121
-1.94789
-2.15413
-2.55366
-2.92868
-3.26002
-3.55363
-3.81546
-4.04878
-4.25478
-4.43345
-4.58416
-4.70607
-4.79834
-4.86027
-4.89136
-1.6727
-2.20517
-2.58688
-2.92499
-3.23051
-3.50622
-3.75418
-3.97568
-4.17117
-4.34049
-4.48309
-4.59829
-4.68538
-4.7438
-4.77312
-2.16651
-2.36084
-2.6504
-2.94394
-3.22173
-3.47811
-3.7113
-3.92066
-4.10576
-4.26611
-4.40108
-4.51004
-4.59237
-4.64757
-4.67526
-2.18492
-2.45031
-2.71118
-2.97385
-3.22785
-3.46613
-3.68499
-3.88251
-4.05758
-4.20936
-4.33715
-4.4403
-4.51823
-4.57046
-4.59666
-2.359
-2.54284
-2.77072
-3.00981
-3.24491
-3.46767
-3.67352
-3.85998
-4.02558
-4.1693
-4.29037
-4.38811
-4.46195
-4.51145
-4.53627
-2.40517
-2.60473
-2.82248
-3.04855
-3.27057
-3.48097
-3.67555
-3.85197
-4.00879
-4.145
-4.25981
-4.35253
-4.42261
-4.46959
-4.49316
-2.50441
-2.65392
-2.86846
-3.09015
-3.30432
-3.50527
-3.69022
-3.8576
-4.00634
-4.13559
-4.2446
-4.33271
-4.39933
-4.44401
-4.46643
-2.30768
-2.65786
-2.9095
-3.13698
-3.34729
-3.54071
-3.71712
-3.87619
-4.01745
-4.14026
-4.24394
-4.32783
-4.39131
-4.43392
-4.45531
-2.62345
-2.73017
-2.96732
-3.19577
-3.402
-3.58801
-3.75607
-3.90718
-4.04139
-4.15824
-4.25706
-4.33714
-4.39782
-4.43859
-4.45906
-2.10892
-2.71184
-3.0312
-3.27002
-3.47077
-3.64779
-3.80683
-3.94993
-4.07741
-4.18877
-4.28322
-4.35995
-4.41819
-4.45737
-4.47706
-2.79185
-2.89034
-3.15103
-3.37073
-3.55607
-3.72008
-3.86867
-4.00357
-4.12465
-4.23106
-4.32172
-4.39561
-4.45184
-4.48971
-4.50876
-1.7897
-2.95612
-3.29933
-3.49532
-3.65619
-3.80312
-3.94006
-4.06683
-4.18211
-4.28431
-4.3719
-4.44357
-4.49825
-4.53514
-4.55372
-4.47388
-3.59351
-3.54988
-3.64434
-3.76602
-3.89312
-4.01853
-4.1381
-4.24869
-4.34773
-4.43317
-4.50335
-4.55704
-4.59332
-4.61161
-3.27254
-3.64974
-3.70453
-3.77449
-3.87212
-3.98433
-4.10108
-4.21564
-4.32331
-4.42064
-4.50505
-4.57462
-4.62795
-4.66403
-4.68222
-4.51637
-3.92979
-3.84867
-3.88545
-3.96813
-4.07241
-4.18517
-4.29801
-4.40514
-4.50253
-4.58726
-4.6572
-4.71086
-4.74718
-4.7655
-3.45986
-3.85875
-3.91095
-3.96457
-4.04918
-4.15462
-4.26925
-4.38435
-4.49378
-4.59326
-4.67975
-4.75112
-4.80584
-4.84286
-4.86153
-4.53337
-4.02837
-3.97226
-4.02221
-4.11579
-4.23048
-4.35304
-4.47466
-4.58935
-4.69302
-4.78279
-4.85664
-4.91314
-4.95132
-4.97055
-3.54997
-3.88619
-3.95994
-4.04957
-4.16777
-4.30091
-4.43752
-4.5698
-4.69262
-4.80246
-4.89691
-4.97423
-5.03319
-5.07295
-5.09296
-4.3837
-3.92621
-3.93659
-4.05713
-4.2094
-4.36898
-4.52501
-4.67156
-4.80492
-4.92263
-5.02295
-5.10459
-5.16661
-5.20833
-5.2293
-3.48392
-3.64124
-3.83676
-4.04267
-4.24601
-4.43952
-4.61914
-4.7825
-4.92812
-5.05491
-5.16198
-5.24861
-5.31416
-5.35815
-5.38022
-2.47459
-3.32965
-3.72974
-4.03004
-4.28946
-4.51975
-4.72458
-4.9058
-5.06442
-5.2009
-5.31525
-5.4073
-5.47672
-5.5232
-5.54651
-3.37687
-3.33393
-3.69204
-4.04582
-4.35318
-4.61769
-4.84645
-5.04482
-5.21614
-5.36227
-5.48405
-5.58172
-5.65523
-5.70439
-5.72901
-1.80297
-3.05962
-3.65735
-4.09387
-4.4467
-4.74048
-4.98946
-5.20265
-5.38539
-5.54059
-5.66961
-5.77296
-5.85068
-5.90263
-5.92865
-3.37565
-3.2428
-3.73465
-4.20007
-4.58127
-4.89442
-5.15735
-5.38165
-5.5738
-5.73712
-5.87304
-5.98202
-6.06404
-6.1189
-6.14639
-1.02074
-2.99208
-3.83031
-4.36478
-4.76312
-5.08326
-5.35212
-5.583
-5.78227
-5.95269
-6.0952
-6.20984
-6.2963
-6.35421
-6.38324
-3.58007
-3.52815
-4.13694
-4.62407
-4.9993
-5.30774
-5.57328
-5.80632
-6.01079
-6.18769
-6.33675
-6.45725
-6.54842
-6.60959
-6.6403
0.10835
-3.60532
-4.52807
-4.96111
-5.28189
-5.56205
-5.81705
-6.04952
-6.2585
-6.44204
-6.59815
-6.72506
-6.8214
-6.88616
-6.9187
-8.80551
-5.62055
-5.2593
-5.37613
-5.59272
-5.83386
-6.0765
-6.30906
-6.52389
-6.71548
-6.87985
-7.01413
-7.11634
-7.18514
-7.21972
-4.74936
-5.67478
-5.65854
-5.7219
-5.88654
-6.10465
-6.34298
-6.58095
-6.80545
-7.00786
-7.18247
-7.3255
-7.43449
-7.50789
-7.5448
-8.30503
-6.38287
-6.00252
-5.99737
-6.14326
-6.36143
-6.60974
-6.86223
-7.10237
-7.31957
-7.50705
-7.66054
-7.7774
-7.85602
-7.89553
-4.94052
-6.02017
-6.08597
-6.16799
-6.3498
-6.59732
-6.87362
-7.1521
-7.41525
-7.65193
-7.85526
-8.02106
-8.14688
-8.23134
-8.27372
-7.87591
-6.36148
-6.15817
-6.26934
-6.51072
-6.81326
-7.13602
-7.45265
-7.74653
-8.0075
-8.22956
-8.40936
-8.5451
-8.6359
-8.68137
-4.8128
-5.7922
-6.01199
-6.28028
-6.62922
-7.01518
-7.40269
-7.76903
-8.1007
-8.3901
-8.63324
-8.82828
-8.97456
-9.07197
-9.12062
-7.04691
-5.75038
-5.83215
-6.23525
-6.72202
-7.21607
-7.68408
-8.10951
-8.48425
-8.80484
-9.07034
-9.2811
-9.43797
-9.54192
-9.59368
-4.20353
-4.75133
-5.42916
-6.13214
-6.8098
-7.43507
-7.99507
-8.48521
-8.90544
-9.25788
-9.54549
-9.77135
-9.93817
-10.0481
-10.1027
-0.979487
-3.66191
-5.00874
-6.04665
-6.93397
-7.69943
-8.35459
-8.90948
-9.37372
-9.75594
-10.0636
-10.3026
-10.4779
-10.5928
-10.6497
-3.42662
-3.49993
-4.80285
-6.06576
-7.1428
-8.0404
-8.78376
-9.39675
-9.89898
-10.3058
-10.6293
-10.8782
-11.0595
-11.1778
-11.2362
1.71157
-2.48398
-4.62477
-6.21398
-7.47626
-8.48853
-9.30348
-9.96095
-10.4905
-10.9137
-11.2467
-11.5009
-11.6848
-11.8044
-11.8633
-2.91582
-2.8949
-4.82973
-6.58925
-7.98335
-9.0737
-9.93259
-10.614
-11.1558
-11.5844
-11.9187
-12.1724
-12.3549
-12.4732
-12.5313
5.12186
-1.9476
-5.15647
-7.2183
-8.70142
-9.81962
-10.685
-11.3641
-11.8997
-12.3205
-12.6469
-12.8932
-13.0697
-13.1838
-13.2397
-3.09071
-3.6812
-6.27977
-8.24926
-9.67292
-10.7412
-11.5666
-12.2139
-12.7233
-13.1224
-13.4306
-13.6624
-13.828
-13.9347
-13.9869
10.2668
-4.02027
-7.83994
-9.65928
-10.8913
-11.8313
-12.5721
-13.1594
-13.6236
-13.9872
-14.2675
-14.4776
-14.6273
-14.7234
-14.7704
-22.7745
-11.6283
-10.7892
-11.4772
-12.3124
-13.0599
-13.6841
-14.1904
-14.5938
-14.91
-15.1531
-15.3348
-15.4637
-15.5463
-15.5866
-7.23564
-12.0785
-12.6781
-13.1929
-13.7943
-14.3742
-14.878
-15.293
-15.6245
-15.8835
-16.0815
-16.2286
-16.3323
-16.3985
-16.4308
-22.3405
-15.4754
-14.6259
-14.8484
-15.2913
-15.7413
-16.1335
-16.4535
-16.7055
-16.8994
-17.0454
-17.1524
-17.2271
-17.2744
-17.2973
-8.20576
-14.6946
-15.8293
-16.3509
-16.7833
-17.1485
-17.4392
-17.6614
-17.827
-17.9484
-18.0363
-18.0986
-18.1409
-18.1672
-18.1798
-23.402
-17.6321
-17.4584
-17.9153
-18.3221
-18.6073
-18.7927
-18.9085
-18.979
-19.0209
-19.0451
-19.0587
-19.066
-19.0696
-19.071
-8.76776
-16.6832
-18.6496
-19.5144
-19.9453
-20.1356
-20.1943
-20.1871
-20.1509
-20.1056
-20.0613
-20.0232
-19.9935
-19.9734
-19.9633
-25.5697
-19.8657
-20.6058
-21.415
-21.7355
-21.7552
-21.6419
-21.4859
-21.3292
-21.1896
-21.0733
-20.9818
-20.9144
-20.8703
-20.8485
-9.39948
-18.573
-22.5138
-23.6551
-23.7345
-23.4671
-23.1191
-22.7851
-22.4957
-22.2574
-22.0681
-21.9235
-21.8193
-21.7518
-21.7187
13.1413
-20.9142
-26.3661
-26.6326
-25.9744
-25.2351
-24.5865
-24.0534
-23.6268
-23.2911
-23.0318
-22.8373
-22.6986
-22.6094
-22.5658
-80.637
-43.119
-33.8192
-30.2523
-28.2706
-26.94
-25.9737
-25.2479
-24.6947
-24.2717
-23.9507
-23.7123
-23.5435
-23.4354
-23.3826
-60.5004
-45.7278
-37.2913
-32.7713
-30.1145
-28.3921
-27.1939
-26.3224
-25.6721
-25.1815
-24.8121
-24.5391
-24.3463
-24.223
-24.1629
-50.6226
-43.9364
-38.0435
-33.9963
-31.3095
-29.4802
-28.1873
-27.2434
-26.5388
-26.007
-25.6065
-25.3103
-25.1008
-24.9667
-24.9013
-45.3878
-41.5941
-37.514
-34.2766
-31.9092
-30.1957
-28.9382
-27.9982
-27.2854
-26.7415
-26.3285
-26.0212
-25.803
-25.6628
-25.5943
-42.7875
-39.4507
-36.3992
-33.9527
-32.0547
-30.5947
-29.4687
-28.5952
-27.9147
-27.3851
-26.9771
-26.6704
-26.4509
-26.3092
-26.2398
-42.5042
-37.1093
-34.8641
-33.248
-31.8962
-30.7616
-29.8239
-29.0583
-28.4392
-27.9442
-27.5554
-27.259
-27.0447
-26.9055
-26.837
-13.012
-12.9977
-12.9674
-12.9174
-12.8417
-12.7309
-12.5706
-12.3393
-12.0027
-11.506
-10.7573
-9.59986
-7.782
-5.06048
-2.47895
-13.9068
-13.9069
-13.9062
-13.9031
-13.8954
-13.8794
-13.8507
-13.8043
-13.7356
-13.6452
-13.5534
-13.5451
-13.9123
-15.5995
-21.5446
-14.8016
-14.8168
-14.8472
-14.8937
-14.9572
-15.0405
-15.1486
-15.2916
-15.4901
-15.7858
-16.266
-17.115
-18.7224
-21.8807
-28.0016
-15.6813
-15.7113
-15.7724
-15.867
-15.9994
-16.1769
-16.4116
-16.7235
-17.1473
-17.7419
-18.6097
-19.9266
-21.9816
-25.1992
-30.0226
-16.531
-16.5748
-16.664
-16.8025
-16.9965
-17.2562
-17.5971
-18.0437
-18.6336
-19.4247
-20.5045
-22
-24.0783
-26.912
-30.5551
-17.3368
-17.3927
-17.5065
-17.6825
-17.928
-18.2541
-18.6771
-19.2207
-19.9188
-20.8187
-21.9835
-23.4907
-25.4197
-27.8152
-30.6132
-18.0869
-18.1528
-18.2867
-18.493
-18.779
-19.1551
-19.6364
-20.2431
-21.0022
-21.9478
-23.12
-24.5596
-26.2946
-28.3159
-30.5407
-18.771
-18.8448
-18.9944
-19.2239
-19.5398
-19.9511
-20.4702
-21.1131
-21.8991
-22.8503
-23.9893
-25.333
-26.8834
-28.613
-30.4498
-19.3813
-19.461
-19.6223
-19.8685
-20.205
-20.6392
-21.1804
-21.84
-22.6306
-23.5652
-24.6537
-25.8996
-27.2929
-28.803
-30.3734
-19.9118
-19.9958
-20.1652
-20.4228
-20.7727
-21.2203
-21.7722
-22.4358
-23.2184
-24.1259
-25.1609
-26.3189
-27.5856
-28.9328
-30.317
-20.3583
-20.4452
-20.62
-20.8848
-21.2426
-21.697
-22.2523
-22.9126
-23.6812
-24.5594
-25.5448
-26.6295
-27.7979
-29.0254
-30.2784
-20.7179
-20.8066
-20.9848
-21.2538
-21.6158
-22.0729
-22.6274
-23.2811
-24.0344
-24.8856
-25.8295
-26.8565
-27.9512
-29.0923
-30.2533
-20.9887
-21.0785
-21.2587
-21.53
-21.8939
-22.3513
-22.9033
-23.5499
-24.2897
-25.119
-26.0311
-27.0157
-28.0581
-29.1395
-30.2377
-21.1698
-21.2602
-21.4413
-21.7138
-22.0783
-22.5352
-23.0847
-23.7256
-24.4555
-25.2695
-26.1603
-27.1171
-28.126
-29.1698
-30.2289
-21.2604
-21.3511
-21.5326
-21.8055
-22.1701
-22.6267
-23.1746
-23.8124
-24.5371
-25.3433
-26.2234
-27.1665
-28.1591
-29.1846
-30.225
-23.9731
-100.577
-110.238
-68.0018
-52.5294
-38.0009
-30.7262
-19.6108
-27.2416
-30.8423
-36.3212
-40.2487
-48.1185
-56.181
-77.2586
-77.0964
-55.4721
-47.0984
-38.7367
-34.5073
-28.5491
-24.6856
-16.8787
-24.6785
-28.5413
-34.4896
-38.7133
-47.0512
-55.4231
-77.058
-77.2034
-56.066
-47.8641
-39.5867
-35.3785
-29.3787
-25.4581
-17.4503
-25.5849
-29.6311
-35.8743
-40.3129
-49.075
-57.8578
-80.5315
-80.7111
-58.6495
-50.0903
-41.4502
-37.0565
-30.7872
-26.687
-18.3008
-26.8659
-31.134
-37.7312
-42.4193
-51.6742
-60.9207
-84.7631
-84.9209
-61.6103
-52.5907
-43.5463
-38.9538
-32.4151
-28.1344
-19.3524
-28.5432
-33.1898
-40.4634
-45.7027
-56.1287
-66.5817
-93.5267
-94.1573
-69.3701
-60.0703
-51.4153
-47.3106
-42.1598
-38.8724
-32.2449
-63.8279
-61.6801
-23.4401
-11.9637
-8.84242
-10.0451
-18.1417
-37.1204
-61.5907
-68.9054
-59.3387
-50.1022
-41.81
-35.9621
-31.8379
-32.8548
-35.1494
-38.5347
-42.4064
-47.5077
-53.2316
-59.6966
-59.5307
-52.704
-46.6465
-41.1758
-36.9274
-33.0714
-30.1763
-28.1621
-30.1966
-33.1124
-36.9859
-41.2496
-46.7295
-52.795
-59.6211
-59.7598
-53.2216
-47.3518
-41.9965
-37.8111
-33.9815
-31.0997
-29.106
-31.2888
-34.3768
-38.4622
-42.9536
-48.7194
-55.095
-62.268
-62.4427
-55.6338
-49.5163
-43.932
-39.5666
-35.5711
-32.5659
-30.4926
-32.8047
-36.0676
-40.3819
-45.121
-51.1999
-57.9093
-65.4458
-65.6081
-58.4126
-51.9684
-46.1105
-41.5462
-37.3858
-34.2777
-32.1765
-34.7453
-38.3583
-43.1587
-48.4789
-55.3545
-63.0039
-71.6939
-72.2949
-64.9074
-58.381
-52.6628
-48.408
-44.8336
-42.4643
-41.7117
-46.976
-43.9331
-31.7809
-23.8598
-20.3007
-20.2083
-23.1592
-37.2949
-47.308
-51.8817
-50.2002
-46.3153
-42.0993
-38.7158
-36.662
-36.6279
-37.8859
-40.0477
-42.7936
-46.0006
-49.2147
-51.6833
-51.5565
-48.8281
-45.3497
-41.8549
-38.7822
-36.2102
-34.3983
-33.6152
-34.4457
-36.3042
-38.9206
-42.0343
-45.5647
-49.0713
-51.8143
-51.9311
-49.4145
-46.0988
-42.7215
-39.7313
-37.2196
-35.4623
-34.7478
-35.6889
-37.6862
-40.4656
-43.7592
-47.4855
-51.184
-54.082
-54.2307
-51.6225
-48.1744
-44.6584
-41.5442
-38.929
-37.1027
-36.3697
-37.3741
-39.487
-42.421
-45.8934
-49.8176
-53.7068
-56.7474
-56.8907
-54.1331
-50.5016
-46.8119
-43.5572
-40.841
-38.9712
-38.2758
-39.4435
-41.8172
-45.1054
-49.0153
-53.466
-57.9275
-61.5095
-61.9359
-59.2048
-55.5279
-51.8031
-48.5256
-45.7722
-43.7282
-42.5141
-42.0864
-39.3036
-34.0289
-29.4749
-26.7667
-25.989
-26.7971
-35.7189
-40.8581
-43.8655
-44.2347
-43.0053
-41.1896
-39.5548
-38.5776
-38.5405
-39.3208
-40.7198
-42.5169
-44.4831
-46.2713
-47.4074
-47.3285
-46.0322
-44.0764
-41.9262
-39.916
-38.2546
-37.1387
-36.745
-37.2142
-38.4048
-40.139
-42.2191
-44.4342
-46.4473
-47.789
-47.8943
-46.7581
-44.9343
-42.8891
-40.9624
-39.3715
-38.3232
-38.0053
-38.5682
-39.8695
-41.7285
-43.9418
-46.2913
-48.4259
-49.8552
-49.9885
-48.8206
-46.9305
-44.8061
-42.8035
-41.1507
-40.0653
-39.7448
-40.3475
-41.7241
-43.6847
-46.0152
-48.4857
-50.7262
-52.2211
-52.3507
-51.112
-49.1187
-46.8869
-44.7926
-43.0776
-41.9734
-41.6922
-42.4053
-43.9591
-46.1569
-48.7732
-51.5618
-54.1174
-55.8694
-56.1238
-54.8642
-52.7437
-50.2993
-47.8884
-45.6892
-43.7972
-42.1841
-40.5883
-38.2624
-35.2392
-32.4318
-30.4526
-29.4864
-29.4016
-34.3168
-37.4781
-39.6483
-40.5711
-40.5395
-40.0193
-39.4467
-39.1396
-39.2761
-39.8647
-40.8184
-41.9969
-43.2218
-44.2672
-44.8807
-44.8539
-44.1857
-43.0832
-41.7961
-40.5473
-39.5134
-38.8391
-38.6323
-38.9439
-39.7224
-40.8594
-42.2094
-43.5946
-44.7903
-45.5439
-45.6454
-45.0919
-44.0886
-42.886
-41.71
-40.7419
-40.1322
-39.9946
-40.3841
-41.2498
-42.481
-43.9281
-45.4069
-46.6834
-47.4943
-47.6203
-47.0585
-46.0239
-44.7784
-43.5589
-42.5555
-41.9263
-41.7906
-42.2064
-43.1202
-44.4157
-45.9353
-47.4852
-48.8193
-49.661
-49.7808
-49.1775
-48.0793
-46.7639
-45.4819
-44.4348
-43.7905
-43.6768
-44.1564
-45.1737
-46.6057
-48.2828
-49.9934
-51.4646
-52.3858
-52.4916
-51.7634
-50.4259
-48.7472
-46.9466
-45.1637
-43.4644
-41.8293
-40.1415
-38.2252
-36.1387
-34.1963
-32.68
-31.7144
-31.2625
-33.3032
-35.5252
-37.2275
-38.2816
-38.7773
-38.9247
-38.9563
-39.0626
-39.3609
-39.8828
-40.5933
-41.41
-42.2188
-42.885
-43.2763
-43.3026
-42.9649
-42.3558
-41.6106
-40.8691
-40.2544
-39.8664
-39.7732
-40.0011
-40.5238
-41.2731
-42.149
-43.0279
-43.7696
-44.2379
-44.3397
-44.0734
-43.53
-42.8447
-42.1582
-41.5963
-41.2615
-41.2249
-41.5142
-42.1035
-42.9228
-43.8689
-44.8136
-45.6112
-46.1198
-46.2424
-45.9776
-45.4207
-44.7134
-44.0031
-43.4216
-43.0765
-43.0423
-43.3482
-43.9667
-44.8241
-45.8119
-46.7954
-47.6212
-48.1406
-48.2522
-47.9557
-47.3526
-46.5929
-45.8328
-45.2117
-44.8436
-44.8072
-45.1331
-45.7913
-46.7015
-47.7442
-48.7695
-49.6041
-50.076
-50.0608
-49.5398
-48.5995
-47.3707
-45.9791
-44.518
-43.0393
-41.5504
-40.0238
-38.4333
-36.8305
-35.3472
-34.1144
-33.2026
-32.6062
-32.6046
-34.3204
-35.7403
-36.7963
-37.5165
-37.9969
-38.3582
-38.7092
-39.1234
-39.6296
-40.2151
-40.8345
-41.4212
-41.8987
-42.1975
-42.2753
-42.1349
-41.8242
-41.42
-41.0081
-40.6691
-40.469
-40.4519
-40.6336
-40.9989
-41.5043
-42.0843
-42.6588
-43.1426
-43.4599
-43.5638
-43.4538
-43.1757
-42.8049
-42.4271
-42.1236
-41.9615
-41.9856
-42.2125
-42.6262
-43.1818
-43.8116
-44.4322
-44.9551
-45.3013
-45.4222
-45.3171
-45.0342
-44.6526
-44.2619
-43.9473
-43.7791
-43.8042
-44.0398
-44.469
-45.0445
-45.6949
-46.3326
-46.8644
-47.2076
-47.3113
-47.1754
-46.8513
-46.4224
-45.9836
-45.6246
-45.419
-45.4157
-45.6315
-46.0462
-46.6062
-47.2309
-47.8203
-48.2658
-48.4679
-48.3581
-47.92
-47.1886
-46.2288
-45.1116
-43.8978
-42.6287
-41.3258
-39.998
-38.6592
-37.3502
-36.1374
-35.0864
-34.2367
-33.5913
-32.127
-33.5416
-34.7771
-35.7946
-36.6011
-37.2407
-37.7751
-38.2646
-38.7535
-39.2624
-39.7878
-40.3062
-40.7808
-41.1697
-41.4369
-41.5624
-41.5499
-41.4275
-41.2405
-41.0421
-40.8837
-40.8082
-40.8441
-41.0019
-41.2724
-41.6281
-42.0274
-42.4203
-42.7553
-42.989
-43.0961
-43.0763
-42.9549
-42.7751
-42.5889
-42.4474
-42.3931
-42.4545
-42.6417
-42.9445
-43.3342
-43.7673
-44.1916
-44.5534
-44.8074
-44.9273
-44.9127
-44.79
-44.6047
-44.411
-44.2623
-44.2032
-44.2632
-44.4526
-44.7608
-45.1572
-45.5961
-46.0222
-46.3792
-46.6194
-46.7152
-46.6664
-46.5008
-46.2662
-46.0195
-45.8164
-45.703
-45.709
-45.8433
-46.0917
-46.418
-46.7685
-47.078
-47.2783
-47.3088
-47.1281
-46.7227
-46.1067
-45.3132
-44.3835
-43.3572
-42.2668
-41.1371
-39.988
-38.8423
-37.7315
-36.6947
-35.7685
-34.9765
-34.3237
-31.7993
-33.0205
-34.1278
-35.0966
-35.9261
-36.6357
-37.2566
-37.8211
-38.3548
-38.8713
-39.3706
-39.8412
-40.2636
-40.6161
-40.8805
-41.048
-41.1231
-41.1236
-41.0776
-41.0184
-40.9789
-40.9868
-41.0608
-41.208
-41.423
-41.6889
-41.98
-42.2652
-42.5138
-42.7005
-42.811
-42.8453
-42.8179
-42.7545
-42.6864
-42.6454
-42.6581
-42.7424
-42.9044
-43.1376
-43.4239
-43.7359
-44.041
-44.3068
-44.5068
-44.6259
-44.6639
-44.6361
-44.569
-44.4954
-44.4484
-44.4556
-44.5356
-44.6946
-44.9254
-45.2088
-45.5156
-45.8115
-46.0621
-46.2394
-46.3273
-46.3255
-46.2497
-46.1275
-45.9927
-45.8792
-45.8149
-45.8174
-45.891
-46.025
-46.1949
-46.3651
-46.4931
-46.5353
-46.4537
-46.2217
-45.8288
-45.2803
-44.5939
-43.7945
-42.9087
-41.9617
-40.9761
-39.9733
-38.9751
-38.0063
-37.0927
-36.2573
-35.5158
-34.8734
-31.5733
-32.6636
-33.6779
-34.5993
-35.4237
-36.1587
-36.8191
-37.4218
-37.9809
-38.5049
-38.9948
-39.4454
-39.8471
-40.1893
-40.4634
-40.6667
-40.8038
-40.8867
-40.9337
-40.9663
-41.0058
-41.0702
-41.1721
-41.3164
-41.5003
-41.7137
-41.9407
-42.1628
-42.3615
-42.5218
-42.6356
-42.7031
-42.733
-42.7406
-42.7451
-42.766
-42.8201
-42.9183
-43.0644
-43.2544
-43.4767
-43.7142
-43.9469
-44.155
-44.3227
-44.4411
-44.5101
-44.5386
-44.5425
-44.5417
-44.5562
-44.6033
-44.6944
-44.833
-45.0145
-45.2266
-45.4508
-45.6658
-45.8506
-45.988
-46.0684
-46.0913
-46.0655
-46.0068
-45.9354
-45.8711
-45.8306
-45.8236
-45.8516
-45.9065
-45.9714
-46.0224
-46.0316
-45.9707
-45.8151
-45.5471
-45.1589
-44.6524
-44.0374
-43.3299
-42.5483
-41.712
-40.8402
-39.9517
-39.0657
-38.2015
-37.378
-36.6111
-35.9124
-35.287
-31.4173
-32.416
-33.3617
-34.2415
-35.0502
-35.7892
-36.4647
-37.0851
-37.6577
-38.1875
-38.6756
-39.12
-39.5165
-39.8603
-40.1484
-40.3809
-40.5623
-40.7014
-40.8107
-40.9044
-40.9967
-41.0998
-41.2222
-41.3677
-41.5352
-41.7186
-41.9087
-42.0943
-42.2643
-42.4101
-42.5269
-42.6151
-42.68
-42.731
-42.78
-42.839
-42.9184
-43.0251
-43.1613
-43.3246
-43.5076
-43.6996
-43.8883
-44.0615
-44.2096
-44.3273
-44.4145
-44.4766
-44.5229
-44.5657
-44.6171
-44.6878
-44.7846
-44.9096
-45.0596
-45.2268
-45.3993
-45.5639
-45.7072
-45.8188
-45.8924
-45.9273
-45.9284
-45.9047
-45.8677
-45.829
-45.7979
-45.7795
-45.7736
-45.7737
-45.7679
-45.74
-45.6712
-45.5426
-45.3381
-45.0457
-44.6596
-44.1804
-43.6143
-42.9719
-42.2667
-41.5135
-40.7282
-39.9267
-39.1248
-38.3383
-37.5815
-36.8669
-36.2034
-35.5962
-31.3105
-32.2449
-33.1403
-33.9862
-34.7769
-35.5109
-36.1899
-36.8171
-37.3963
-37.93
-38.4193
-38.8637
-39.2616
-39.6117
-39.9135
-40.1687
-40.3817
-40.5591
-40.71
-40.8444
-40.9721
-41.1016
-41.2391
-41.3876
-41.5469
-41.7139
-41.8832
-42.048
-42.202
-42.34
-42.4594
-42.5606
-42.6469
-42.7245
-42.8005
-42.8827
-42.9775
-43.0892
-43.2194
-43.3663
-43.5253
-43.6898
-43.8519
-44.004
-44.1403
-44.2574
-44.3553
-44.437
-44.5086
-44.5771
-44.6504
-44.7347
-44.8342
-44.9501
-45.0802
-45.2191
-45.3594
-45.4924
-45.6096
-45.7042
-45.772
-45.8121
-45.827
-45.8216
-45.8024
-45.7759
-45.7468
-45.7176
-45.6868
-45.6493
-45.5963
-45.5164
-45.3966
-45.2241
-44.9876
-44.6791
-44.2944
-43.8337
-43.3012
-42.7045
-42.054
-41.3614
-40.6397
-39.9021
-39.1619
-38.4322
-37.7245
-37.049
-36.4134
-35.8227
-31.2397
-32.1301
-32.99
-33.8104
-34.5854
-35.312
-35.9894
-36.6184
-37.2004
-37.7366
-38.2278
-38.6741
-39.0756
-39.4324
-39.7456
-40.0175
-40.2521
-40.455
-40.6332
-40.794
-40.9448
-41.0919
-41.24
-41.3918
-41.5476
-41.706
-41.8639
-42.0174
-42.1627
-42.2967
-42.4181
-42.5273
-42.6267
-42.72
-42.8122
-42.9081
-43.0121
-43.1269
-43.2534
-43.3905
-43.5353
-43.6834
-43.8297
-43.9694
-44.0986
-44.2152
-44.3192
-44.4123
-44.4984
-44.5819
-44.6676
-44.7596
-44.8603
-44.9703
-45.0879
-45.2095
-45.3301
-45.4437
-45.5446
-45.6282
-45.6914
-45.7333
-45.7547
-45.7584
-45.7478
-45.7263
-45.6961
-45.6579
-45.6097
-45.5472
-45.4635
-45.3503
-45.1981
-44.9976
-44.741
-44.4223
-44.0387
-43.5903
-43.0803
-42.5148
-41.9019
-41.2513
-40.5739
-39.8811
-39.1842
-38.4942
-37.8211
-37.1737
-36.5589
-35.9814
-31.1966
-32.0594
-32.8965
-33.6999
-34.4636
-35.1838
-35.8586
-36.4874
-37.0703
-37.6079
-38.1007
-38.5492
-38.954
-39.3161
-39.6371
-39.9198
-40.1681
-40.3867
-40.5813
-40.7581
-40.9229
-41.0808
-41.2357
-41.39
-41.5446
-41.6989
-41.851
-41.9987
-42.1395
-42.2717
-42.3945
-42.5083
-42.615
-42.7172
-42.8184
-42.9221
-43.0311
-43.1476
-43.2721
-43.4038
-43.5406
-43.6796
-43.8171
-43.9498
-44.0751
-44.1913
-44.2985
-44.3979
-44.4918
-44.5835
-44.676
-44.772
-44.873
-44.9794
-45.0898
-45.2015
-45.3107
-45.4132
-45.5047
-45.5816
-45.6417
-45.6837
-45.708
-45.7158
-45.709
-45.6891
-45.6571
-45.6125
-45.5533
-45.4755
-45.3734
-45.2403
-45.0689
-44.8521
-44.5836
-44.259
-43.8763
-43.4355
-42.9395
-42.3933
-41.8039
-41.1798
-40.5305
-39.866
-39.1965
-38.5318
-37.8808
-37.2516
-36.6505
-36.0822
-31.1761
-32.0256
-32.8516
-33.6465
-34.4043
-35.121
-35.7941
-36.4224
-37.0056
-37.5438
-38.0375
-38.4872
-38.8938
-39.2587
-39.5838
-39.8719
-40.1267
-40.3527
-40.5552
-40.7395
-40.9109
-41.0739
-41.2321
-41.3879
-41.5422
-41.6948
-41.8445
-41.9897
-42.1287
-42.2602
-42.3837
-42.4996
-42.6096
-42.7158
-42.8211
-42.9282
-43.0396
-43.1568
-43.2803
-43.4096
-43.5429
-43.6777
-43.8113
-43.941
-44.0644
-44.1805
-44.2891
-44.3912
-44.4886
-44.5838
-44.6793
-44.777
-44.8781
-44.9829
-45.0899
-45.1971
-45.3011
-45.3984
-45.4856
-45.5594
-45.6179
-45.6598
-45.6851
-45.6944
-45.6888
-45.6693
-45.6361
-45.5883
-45.5237
-45.4386
-45.3279
-45.1856
-45.0053
-44.7808
-44.5069
-44.1797
-43.7974
-43.3603
-42.871
-42.334
-41.756
-41.1446
-40.5089
-39.8581
-39.2019
-38.5495
-37.9094
-37.289
-36.6947
-36.1311
-28.0446
-32.1276
-32.6951
-32.271
-31.5558
-30.7949
-30.0832
-29.4557
-28.9213
-28.4782
-28.1211
-27.8436
-27.6405
-27.5074
-27.4416
-27.3498
-30.2084
-31.3205
-31.4961
-31.2303
-30.7818
-30.2819
-29.7962
-29.3559
-28.9749
-28.6584
-28.4071
-28.2204
-28.0969
-28.0354
-28.4874
-30.0356
-30.8826
-31.1627
-31.0875
-30.8201
-30.4666
-30.0912
-29.7312
-29.4072
-29.1304
-28.9062
-28.7371
-28.6242
-28.5677
-29.9076
-30.5642
-31.0113
-31.1847
-31.137
-30.9445
-30.6731
-30.3709
-30.0704
-29.7924
-29.5497
-29.35
-29.1977
-29.0952
-29.0436
-31.1892
-31.3024
-31.4138
-31.4278
-31.3313
-31.1479
-30.9104
-30.6489
-30.3872
-30.1423
-29.9262
-29.7466
-29.6085
-29.5151
-29.468
-32.2466
-32.0422
-31.9139
-31.7812
-31.6124
-31.4053
-31.1716
-30.9272
-30.687
-30.4635
-30.266
-30.1016
-29.9748
-29.8887
-29.8453
-33.0915
-32.7059
-32.4183
-32.1709
-31.9319
-31.6893
-31.4437
-31.2013
-30.9702
-30.7585
-30.573
-30.4189
-30.3003
-30.2198
-30.1791
-33.7582
-33.2715
-32.8825
-32.5523
-32.2548
-31.9765
-31.7126
-31.464
-31.2341
-31.0275
-30.8484
-30.7008
-30.5876
-30.511
-30.4723
-34.2806
-33.7396
-33.288
-32.9008
-32.5586
-32.2492
-31.9663
-31.7079
-31.4747
-31.2688
-31.0925
-30.9484
-30.8384
-30.7642
-30.7268
-34.6866
-34.1181
-33.6293
-33.2043
-32.8296
-32.4954
-32.1954
-31.9266
-31.6882
-31.4804
-31.3045
-31.1618
-31.0534
-30.9806
-30.944
-34.9977
-34.4168
-33.9067
-33.4576
-33.0603
-32.7073
-32.3933
-32.1151
-31.8709
-31.6603
-31.4834
-31.3407
-31.233
-31.1608
-31.1245
-35.2299
-34.6448
-34.1231
-33.6591
-33.2466
-32.8802
-32.5555
-32.2695
-32.0201
-31.8064
-31.628
-31.4848
-31.377
-31.305
-31.2689
-35.395
-34.8095
-34.2819
-33.809
-33.3869
-33.0114
-32.6791
-32.3872
-32.1337
-31.9174
-31.7374
-31.5934
-31.4853
-31.4132
-31.3772
-35.5008
-34.9162
-34.3859
-33.9082
-33.4804
-33.0994
-32.7623
-32.4665
-32.2102
-31.9919
-31.8107
-31.6661
-31.5577
-31.4855
-31.4494
-35.5525
-34.9687
-34.4374
-33.9576
-33.5272
-33.1436
-32.8041
-32.5064
-32.2487
-32.0294
-31.8475
-31.7025
-31.594
-31.5217
-31.4855
)
;

boundaryField
{
    hot
    {
        type            calculated;
        value           nonuniform List<scalar> 
120
(
-31.8481
-31.777
-31.6341
-31.4182
-31.1273
-30.7592
-30.3115
-29.7818
-29.1683
-28.47
-27.6873
-26.8225
-25.8805
-24.8687
-23.7974
-22.7727
-21.8186
-20.8512
-19.8802
-18.9149
-17.9639
-17.0347
-16.1336
-15.2654
-14.4338
-13.641
-12.8885
-12.1767
-11.5055
-10.8746
-10.283
-9.72963
-9.21324
-8.73227
-8.28503
-7.86963
-7.48406
-7.12622
-6.79397
-6.4852
-6.1979
-5.93019
-5.68035
-5.44688
-5.22847
-5.02397
-4.8324
-4.6529
-4.48469
-4.32704
-4.17928
-4.04074
-3.91078
-3.78882
-3.67431
-3.56677
-3.46581
-3.37111
-3.28247
-3.19976
-3.12295
-3.05206
-2.98719
-2.92846
-2.87601
-2.83002
-2.79066
-2.75813
-2.73265
-2.71446
-2.70385
-2.70114
-2.70673
-2.72105
-2.74463
-2.77806
-2.82201
-2.87722
-2.94451
-3.02476
-3.11893
-3.22799
-3.35296
-3.4949
-3.65481
-3.83371
-4.03257
-4.25235
-4.49398
-4.75842
-5.04665
-5.35974
-5.69889
-6.0654
-6.46073
-6.88642
-7.34401
-7.83492
-8.36031
-8.92082
-9.5164
-10.146
-10.8076
-11.4975
-12.2112
-13.0155
-13.9068
-14.7979
-15.6739
-16.5201
-17.323
-18.0705
-18.7526
-19.3614
-19.8909
-20.3366
-20.6957
-20.9663
-21.1472
-21.2378
)
;
    }
    cold
    {
        type            calculated;
        value           nonuniform List<scalar> 
120
(
-36.2001
-36.1732
-36.1177
-36.0302
-35.9055
-35.7366
-35.5148
-35.2295
-34.8687
-34.4196
-33.8692
-33.2054
-32.4189
-31.5042
-30.4614
-29.3942
-28.3482
-27.2373
-26.0744
-24.8741
-23.6515
-22.4212
-21.1969
-19.9907
-18.8126
-17.6709
-16.5722
-15.5215
-14.5224
-13.5775
-12.6886
-11.8564
-11.0811
-10.3624
-9.69905
-9.08952
-8.53167
-8.02305
-7.56092
-7.14239
-6.76454
-6.4245
-6.11954
-5.84711
-5.60488
-5.39076
-5.20286
-5.03949
-4.89914
-4.78046
-4.68219
-4.60321
-4.54249
-4.49906
-4.47205
-4.46066
-4.46419
-4.48199
-4.51353
-4.55838
-4.61619
-4.68679
-4.7701
-4.86621
-4.97538
-5.09798
-5.23455
-5.38575
-5.55234
-5.73517
-5.93516
-6.15327
-6.39051
-6.64798
-6.92685
-7.22839
-7.55404
-7.90542
-8.28433
-8.69274
-9.13277
-9.60659
-10.1163
-10.6638
-11.2507
-11.8779
-12.5457
-13.2535
-13.9998
-14.782
-15.5965
-16.4387
-17.3029
-18.1829
-19.0714
-19.9608
-20.8431
-21.7105
-22.555
-23.3696
-24.148
-24.8851
-25.5774
-26.2226
-26.82
-27.4252
-28.0201
-28.5536
-29.0307
-29.4562
-29.8343
-30.1689
-30.4626
-30.7174
-30.9348
-31.1155
-31.2599
-31.3682
-31.4404
-31.4765
)
;
    }
    interface_left
    {
        type            calculated;
        value           nonuniform List<scalar> 
90
(
-62.091
-114.11
57.1757
-3.44164
24.9868
-2.54656
10.6483
-2.57969
-13.21
-2.80565
-14.7237
-3.08903
-15.9008
-3.21182
-19.1369
10.3085
-3.83769
4.29466
-3.7519
1.3743
-3.73745
-0.677824
-3.66986
-6.3463
-3.58234
-6.97543
-3.50048
-7.51778
-3.37088
-8.78203
1.62852
-3.42839
-0.156204
-3.22543
-1.00419
-3.06839
-1.64102
-2.90065
-4.06775
-2.73704
-4.30158
-2.58845
-4.50511
-2.42433
-5.05414
0.11046
-2.35563
-0.683853
-2.16216
-1.04212
-1.99396
-1.30167
-1.82373
-2.25716
-1.6576
-2.12937
-1.50067
-1.86539
-1.35098
-1.45109
-1.45826
-1.20339
-1.6326
-1.06805
-1.74263
-0.953047
-1.72803
-0.873483
0.238366
-0.835103
1.34358
-0.838422
2.93093
-0.948181
6.0746
-8.88873
-0.784657
-7.60847
-0.993972
-7.3716
-1.2876
-7.10359
-1.92677
4.50589
-10.0276
-3.49471
1.30118
7.21809
17.676
41.708
)
;
    }
    interface_right
    {
        type            calculated;
        value           nonuniform List<scalar> 
90
(
-186.962
-261.915
111.696
-4.70846
47.748
-2.06387
21.8652
-1.31789
-19.7866
-0.875024
-21.5588
-0.734947
-22.7787
-0.4845
-27.4057
22.2128
-1.23501
11.8086
-1.00666
6.64985
-1.04785
3.08651
-1.11526
-4.62439
-1.21622
-5.14759
-1.36647
-5.38508
-1.4943
-6.0335
1.85011
-1.80154
-0.245816
-1.94218
-1.34435
-2.11212
-2.04804
-2.28384
-2.31052
-2.4577
-2.09102
-2.63396
-1.69389
-2.83343
-0.855302
-5.27446
-2.92384
-5.01897
-3.09502
-4.97182
-3.25151
-4.80358
-3.41969
-1.85695
-3.5895
-0.900888
-3.74517
0.423618
-3.96207
3.15857
-11.6106
-3.80814
-9.90029
-3.91385
-9.17505
-3.94476
-8.25808
-3.98022
0.918269
-3.97976
4.65444
-3.8952
10.1937
-3.94807
21.8484
-32.8246
-2.77337
-28.3407
-2.56113
-28.7765
-2.24619
-31.4666
-3.20072
42.284
-111.217
-69.7246
-53.8547
-46.9629
-44.4464
-46.5377
)
;
    }
    interface_top
    {
        type            calculated;
        value           nonuniform List<scalar> 
90
(
-23.9731
-100.577
-110.238
-68.0018
-52.5294
-38.0009
-30.7262
-19.6108
-27.2416
-30.8423
-36.3212
-40.2487
-48.1185
-56.181
-77.2586
-77.0964
-55.4721
-47.0984
-38.7367
-34.5073
-28.5491
-24.6856
-16.8787
-24.6785
-28.5413
-34.4896
-38.7133
-47.0512
-55.4231
-77.058
-77.2034
-56.066
-47.8641
-39.5867
-35.3785
-29.3787
-25.4581
-17.4503
-25.5849
-29.6311
-35.8743
-40.3129
-49.075
-57.8578
-80.5315
-80.7111
-58.6495
-50.0903
-41.4502
-37.0565
-30.7872
-26.687
-18.3008
-26.8659
-31.134
-37.7312
-42.4193
-51.6742
-60.9207
-84.7631
-84.9209
-61.6103
-52.5907
-43.5463
-38.9538
-32.4151
-28.1344
-19.3524
-28.5432
-33.1898
-40.4634
-45.7027
-56.1287
-66.5817
-93.5267
-94.1573
-69.3701
-60.0703
-51.4153
-47.3106
-42.1598
-38.8724
-32.2449
-63.8279
-61.6801
-23.4401
-11.9637
-8.84242
-10.0451
-18.1417
)
;
    }
    interface_bottom
    {
        type            calculated;
        value           nonuniform List<scalar> 
90
(
-41.1938
-79.8678
-83.1592
-56.6486
-46.3241
-35.4856
-29.5669
-19.432
-27.6995
-31.6681
-37.6999
-41.9621
-50.399
-58.9221
-81.0745
-80.8846
-58.0935
-49.2466
-40.3757
-35.885
-29.5697
-25.4958
-17.3434
-25.2782
-29.1573
-35.0896
-39.2506
-47.4358
-55.5702
-76.5622
-76.4114
-54.9095
-46.5725
-38.2346
-34.0101
-28.0661
-24.2187
-16.4972
-24.0541
-27.7456
-33.3866
-37.3369
-45.1034
-52.7918
-72.6066
-72.4308
-52.0178
-44.1099
-36.2224
-32.226
-26.6063
-22.965
-15.6515
-22.8187
-26.3195
-31.6678
-35.4136
-42.7773
-50.0811
-68.9175
-68.7656
-49.4133
-41.9154
-34.433
-30.6392
-25.2972
-21.8364
-14.8838
-21.6867
-25.0141
-30.1004
-33.6785
-40.7246
-47.788
-66.0722
-66.0383
-47.655
-40.5549
-33.5273
-29.9892
-25.1082
-21.929
-15.6495
-25.4392
-24.568
-11.821
-9.15369
-11.2646
-20.3833
-50.2432
)
;
    }
    defaultFaces
    {
        type            empty;
    }
}


// ************************************************************************* //
