/*--------------------------------*- C++ -*----------------------------------*\
| =========                 |                                                 |
| \\      /  F ield         | OpenFOAM: The Open Source CFD Toolbox           |
|  \\    /   O peration     | Version:  5.x                                   |
|   \\  /    A nd           | Web:      www.OpenFOAM.org                      |
|    \\/     M anipulation  |                                                 |
\*---------------------------------------------------------------------------*/
FoamFile
{
    version     2.0;
    format      ascii;
    class       volScalarField;
    location    "7.5999";
    object      gradTy;
}
// * * * * * * * * * * * * * * * * * * * * * * * * * * * * * * * * * * * * * //

dimensions      [0 -1 0 1 0 0 0];

internalField   nonuniform List<scalar> 
6300
(
32284.1
32252.4
32220.5
32188.5
32156.2
32123.6
32090.7
32057.3
32023.4
31989
31954.1
31918.5
31882.4
31845.6
31808.3
0.053469
0.159905
0.264804
0.367031
0.465292
0.558092
0.643717
0.720251
0.785643
0.837829
0.874921
0.895457
0.898688
0.884851
0.855366
0.0896659
0.268202
0.44429
0.616101
0.781526
0.938091
1.08292
1.21274
1.32401
1.41307
1.4765
1.51154
1.51665
1.49201
1.43996
0.12666
0.378949
0.628057
0.871564
1.10663
1.32983
1.53713
1.72381
1.8846
2.01395
2.10647
2.15759
2.16439
2.12659
2.04735
0.164684
0.492878
0.817422
1.13547
1.44358
1.73749
2.01197
2.26075
2.47662
2.65167
2.77785
2.84794
2.85672
2.80259
2.68914
0.203884
0.610456
1.01328
1.40932
1.79473
2.16457
2.51249
2.83062
3.10947
3.33824
3.50533
3.59958
3.61195
3.53792
3.38038
0.244278
0.731781
1.21592
1.69379
2.16146
2.61355
3.0428
3.43974
3.79241
4.08646
4.30566
4.43312
4.45356
4.35677
4.14227
0.285726
0.856465
1.42484
1.98847
2.54377
3.08536
3.60543
4.09313
4.53397
4.90955
5.19771
5.37365
5.41242
5.2933
5.00696
0.327886
0.983518
1.63848
2.29147
2.9398
3.5787
4.20044
4.79336
5.34079
5.82005
6.20197
6.45137
6.52917
6.39707
6.02626
0.370184
1.11124
1.8541
2.59913
3.34525
4.08918
4.82426
5.5391
6.21577
6.82787
7.33876
7.70069
7.85584
7.7396
7.28683
0.411796
1.23715
2.06756
2.90569
3.75291
4.60849
5.46831
6.32299
7.15533
7.93693
8.62451
9.15685
9.45401
9.41884
8.9335
0.451651
1.35799
2.27331
3.20315
4.15221
5.12358
6.1175
7.12923
8.14561
9.14001
10.0656
10.8483
11.3848
11.549
11.189
0.488472
1.46985
2.46453
3.48139
4.52918
5.61611
6.74889
7.93081
9.15788
10.412
11.6495
12.7863
13.689
14.2055
14.2819
0.520863
1.5684
2.63357
3.72871
4.86702
6.06278
7.33115
8.68723
10.1431
11.7006
13.3343
14.9591
16.3814
17.3083
17.8628
0.547439
1.64933
2.77263
3.93284
5.14742
6.43684
7.82568
9.34383
11.0268
12.9129
15.0281
17.3353
19.573
20.7981
18.3966
31773.6
31741.6
31709.3
31676.6
31643.6
31610.3
31576.8
31543
31509
31474.8
31440.4
31405.8
31371.1
31336.3
31301.4
31266.4
31231.4
31196.4
31161.4
31126.4
31091.4
31056.5
31021.6
30986.7
30951.9
30917.1
30882.3
30847.7
30813
30778.4
30743.9
30709.5
30675.2
30641
30606.8
30572.8
30538.9
30505
30471.3
30437.6
30404.1
30370.6
30337.2
30303.9
30270.7
30237.5
30204.5
30171.6
30138.8
30106.1
30073.5
30041
30008.7
29976.4
29944.2
29912.1
29880.1
29848.2
29816.4
29784.6
29753
29721.4
29690
29658.6
29627.3
29596.2
29565.1
29534.2
29503.3
29472.5
29441.8
29411.1
29380.5
29350
29319.5
29289.1
29258.8
29228.5
29198.3
29168.1
29138
29107.9
29077.8
29047.7
29017.6
28987.4
28957.1
28926.8
28896.4
28865.9
0.816387
0.774161
0.727423
0.67839
0.628916
0.580245
0.532876
0.48659
0.440621
0.393946
0.345631
0.295153
0.242642
0.188972
0.135702
0.0848579
0.0385948
-0.00117553
-0.0331343
-0.056802
-0.072641
-0.0819978
-0.0868993
-0.0897388
-0.092904
-0.0984062
-0.107572
-0.120843
-0.13773
-0.156916
-0.17651
-0.194405
-0.208662
-0.217867
-0.221384
-0.219461
-0.213186
-0.204297
-0.194893
-0.187073
-0.182595
-0.182579
-0.187316
-0.196229
-0.207966
-0.220646
-0.232192
-0.240701
-0.244778
-0.243774
-0.237889
-0.228123
-0.216103
-0.203796
-0.193175
-0.18589
-0.182983
-0.184713
-0.190511
-0.199073
-0.208591
-0.217072
-0.222684
-0.22408
-0.220616
-0.212452
-0.200503
-0.186267
-0.171551
-0.158147
-0.147508
-0.140477
-0.137103
-0.136597
-0.137419
-0.137497
-0.134543
-0.12641
-0.111438
-0.0887273
-0.0583108
-0.0212097
0.0206267
0.0644846
0.107134
0.145145
0.175247
0.194694
0.201608
0.195221
1.37138
1.29737
1.21594
1.13126
1.04682
0.964895
0.886282
0.81034
0.735332
0.659007
0.579295
0.494951
0.40603
0.314095
0.222093
0.133923
0.0537797
-0.0146018
-0.0686309
-0.107346
-0.131609
-0.143987
-0.148358
-0.149301
-0.151383
-0.15845
-0.173024
-0.195925
-0.226161
-0.261139
-0.297146
-0.330048
-0.356056
-0.372412
-0.377881
-0.37295
-0.35973
-0.341589
-0.322578
-0.306756
-0.297516
-0.297022
-0.305838
-0.322835
-0.345383
-0.369813
-0.392076
-0.408472
-0.416297
-0.414306
-0.402903
-0.384044
-0.360885
-0.337235
-0.316914
-0.303113
-0.297852
-0.301638
-0.313365
-0.330501
-0.349527
-0.366562
-0.378054
-0.381397
-0.375367
-0.360303
-0.338007
-0.311407
-0.284031
-0.259379
-0.240311
-0.228508
-0.224136
-0.225736
-0.230394
-0.234155
-0.232635
-0.221712
-0.198181
-0.160267
-0.107938
-0.042991
0.0310652
0.109311
0.185861
0.254426
0.308965
0.344372
0.357122
0.345761
1.94319
1.83128
1.70915
1.58383
1.46114
1.3448
1.23587
1.13278
1.03197
0.928981
0.819666
0.701373
0.573795
0.439355
0.303005
0.171471
0.052069
-0.0486524
-0.126136
-0.178656
-0.207644
-0.21746
-0.214704
-0.207172
-0.202636
-0.207632
-0.226435
-0.260389
-0.307713
-0.363826
-0.422198
-0.475566
-0.517292
-0.542579
-0.549298
-0.538318
-0.513306
-0.480077
-0.445613
-0.416902
-0.399787
-0.398
-0.412521
-0.441391
-0.480032
-0.522041
-0.560354
-0.588529
-0.601893
-0.598334
-0.578598
-0.546104
-0.50632
-0.465825
-0.43121
-0.407983
-0.399642
-0.407075
-0.428379
-0.459156
-0.493279
-0.523987
-0.545111
-0.552163
-0.543082
-0.518521
-0.481664
-0.437623
-0.392542
-0.352532
-0.322609
-0.305799
-0.302529
-0.310435
-0.324623
-0.338381
-0.344233
-0.335136
-0.305602
-0.252533
-0.175704
-0.0778605
0.0354991
0.156607
0.27611
0.383927
0.470257
0.526701
0.547375
0.529815
2.5398
2.37988
2.20699
2.03258
1.86629
1.71404
1.57705
1.45192
1.33174
1.20806
1.07297
0.921161
0.751439
0.567362
0.376979
0.191548
0.0234562
-0.116168
-0.219588
-0.283856
-0.311287
-0.309039
-0.287929
-0.260729
-0.240165
-0.236934
-0.258028
-0.305605
-0.376608
-0.463261
-0.554457
-0.637848
-0.702204
-0.739486
-0.746205
-0.723894
-0.678715
-0.620347
-0.560368
-0.510351
-0.479989
-0.475498
-0.498543
-0.545882
-0.609833
-0.679595
-0.743234
-0.789914
-0.811863
-0.805658
-0.772666
-0.718664
-0.65278
-0.58595
-0.529112
-0.491418
-0.478719
-0.492542
-0.529752
-0.582994
-0.641949
-0.695213
-0.732433
-0.746161
-0.733087
-0.694446
-0.635664
-0.565337
-0.493752
-0.431156
-0.386025
-0.363589
-0.364827
-0.386087
-0.41947
-0.453991
-0.477352
-0.477989
-0.44691
-0.379012
-0.273727
-0.135071
0.0287777
0.206216
0.38319
0.544373
0.674588
0.760538
0.792688
0.766915
3.1712
2.94715
2.70699
2.46966
2.25122
2.0613
1.90116
1.7639
1.63657
1.50357
1.35032
1.16675
0.94975
0.704443
0.44382
0.186648
-0.0461548
-0.235823
-0.369424
-0.442104
-0.457676
-0.427783
-0.36993
-0.304738
-0.25274
-0.231213
-0.25149
-0.317092
-0.422974
-0.556161
-0.697962
-0.827547
-0.92611
-0.98041
-0.984923
-0.942409
-0.863122
-0.762947
-0.660783
-0.575504
-0.522946
-0.51335
-0.54959
-0.626459
-0.731272
-0.845976
-0.950542
-1.02692
-1.06238
-1.05156
-0.996997
-0.90834
-0.80061
-0.691693
-0.599453
-0.538869
-0.519608
-0.544337
-0.608045
-0.698613
-0.798816
-0.889549
-0.953585
-0.978759
-0.959909
-0.899379
-0.806292
-0.694864
-0.58202
-0.484633
-0.416759
-0.387292
-0.398295
-0.44428
-0.512679
-0.58567
-0.643196
-0.666509
-0.641235
-0.559327
-0.419805
-0.228557
0.00248832
0.256493
0.513012
0.749412
0.942659
1.07185
1.12141
1.08427
3.85141
3.53759
3.2029
2.87951
2.59508
2.36568
2.19231
2.06155
1.94959
1.82821
1.67133
1.46046
1.18882
0.863572
0.505684
0.146652
-0.177886
-0.436222
-0.606994
-0.682594
-0.669543
-0.586794
-0.462506
-0.329752
-0.221443
-0.165301
-0.179692
-0.270582
-0.430028
-0.636665
-0.859067
-1.06193
-1.21376
-1.29304
-1.29137
-1.21388
-1.07762
-0.90842
-0.736892
-0.59355
-0.504047
-0.485209
-0.542142
-0.666805
-0.838477
-1.02696
-1.19845
-1.32285
-1.37955
-1.36048
-1.27043
-1.12549
-0.95016
-0.773429
-0.624217
-0.526821
-0.497159
-0.540011
-0.647667
-0.800364
-0.969325
-1.12234
-1.2307
-1.27476
-1.24676
-1.15119
-1.00333
-0.826431
-0.648035
-0.495612
-0.392189
-0.352721
-0.381388
-0.470197
-0.599274
-0.73962
-0.858305
-0.924995
-0.917113
-0.822603
-0.640369
-0.379347
-0.0568621
0.303152
0.671807
1.01659
1.30297
1.49782
1.575
1.52166
4.60274
4.15808
3.68254
3.23327
2.85968
2.58938
2.42208
2.33215
2.27614
2.20398
2.07009
1.84166
1.50508
1.0697
0.56919
0.0569746
-0.404957
-0.76272
-0.981617
-1.05075
-0.981782
-0.805628
-0.567281
-0.319573
-0.115035
0.00217228
0.00225604
-0.12536
-0.369137
-0.694476
-1.04832
-1.36978
-1.60592
-1.72223
-1.707
-1.57002
-1.33954
-1.05726
-0.772423
-0.534081
-0.383402
-0.34797
-0.437174
-0.639467
-0.921484
-1.23243
-1.51419
-1.71628
-1.80583
-1.77162
-1.6229
-1.38642
-1.10174
-0.815549
-0.574376
-0.417248
-0.370298
-0.442376
-0.622438
-0.878702
-1.16281
-1.41941
-1.60044
-1.67452
-1.6309
-1.47832
-1.2422
-0.960152
-0.676651
-0.436033
-0.275527
-0.220037
-0.277878
-0.43813
-0.66964
-0.924762
-1.14829
-1.29086
-1.31773
-1.2122
-0.974383
-0.618643
-0.170252
0.337368
0.864977
1.36788
1.7951
2.09325
2.21652
2.13992
5.46523
4.82298
4.12435
3.47806
2.97556
2.66474
2.54042
2.55388
2.62595
2.66864
2.60495
2.37859
1.96363
1.36958
0.649552
-0.10512
-0.782038
-1.2892
-1.57191
-1.61779
-1.44837
-1.11403
-0.685545
-0.247239
0.11712
0.338295
0.368083
0.187125
-0.190805
-0.711244
-1.28424
-1.80051
-2.17063
-2.34088
-2.29794
-2.06082
-1.67608
-1.20979
-0.741015
-0.348389
-0.0968139
-0.0312679
-0.169373
-0.497342
-0.962837
-1.47996
-1.94465
-2.2718
-2.41036
-2.34766
-2.10174
-1.71679
-1.25549
-0.792862
-0.403519
-0.14903
-0.072049
-0.189254
-0.487489
-0.916952
-1.39591
-1.82533
-2.12417
-2.24377
-2.17194
-1.92576
-1.54721
-1.09597
-0.643518
-0.261098
-0.00764321
0.0758412
-0.0268948
-0.303455
-0.706004
-1.1554
-1.55484
-1.82334
-1.909
-1.79229
-1.4782
-0.991353
-0.36893
0.342803
1.09373
1.82814
2.47308
2.94052
3.14584
3.03643
6.51811
5.56901
4.4907
3.51577
2.81546
2.47154
2.46036
2.69119
3.01806
3.28648
3.37407
3.1871
2.68007
1.85085
0.779796
-0.379188
-1.40358
-2.13889
-2.50323
-2.49487
-2.15247
-1.55801
-0.817961
-0.0684314
0.55545
0.950005
1.03737
0.783238
0.19273
-0.652347
-1.60183
-2.44173
-3.02315
-3.26653
-3.1685
-2.76421
-2.13006
-1.36592
-0.599969
0.0404031
0.457641
0.578676
0.371818
-0.157193
-0.929857
-1.80302
-2.57317
-3.09889
-3.30471
-3.18754
-2.78082
-2.15711
-1.41117
-0.664661
-0.0384871
0.374785
0.505817
0.324538
-0.163584
-0.883934
-1.70037
-2.41928
-2.90604
-3.08868
-2.96406
-2.56383
-1.95692
-1.23351
-0.509548
0.0995418
0.504995
0.639874
0.474392
0.0126456
-0.674909
-1.45798
-2.14993
-2.61911
-2.79169
-2.6566
-2.2308
-1.55928
-0.696213
0.291802
1.34627
2.41723
3.40665
4.16523
4.52836
4.3763
7.93164
6.50101
4.70779
3.1577
2.1423
1.79931
2.03184
2.69017
3.49434
4.1647
4.53853
4.45647
3.86048
2.68034
1.03665
-0.847071
-2.44143
-3.52277
-3.97127
-3.85299
-3.21954
-2.21165
-0.964037
0.291298
1.324
2.00405
2.19842
1.86372
0.942832
-0.443112
-2.07726
-3.45516
-4.36246
-4.68384
-4.48012
-3.79858
-2.77126
-1.52466
-0.278107
0.750491
1.43861
1.66077
1.37689
0.533801
-0.752173
-2.27444
-3.55371
-4.38663
-4.66418
-4.4444
-3.77238
-2.77345
-1.56767
-0.363198
0.633107
1.30501
1.53339
1.28017
0.494717
-0.712563
-2.14527
-3.34756
-4.12583
-4.37603
-4.15308
-3.4995
-2.53438
-1.37186
-0.210165
0.753414
1.40726
1.63642
1.4023
0.653908
-0.506273
-1.89176
-3.06581
-3.84198
-4.11742
-3.93952
-3.33721
-2.40305
-1.20342
0.145112
1.57507
3.12374
4.67264
5.95941
6.65274
6.46188
10.0957
7.95615
4.57397
2.0279
0.500574
0.298509
0.990289
2.47918
4.16335
5.46989
6.35949
6.4659
5.88205
4.17733
1.63916
-1.73164
-4.21806
-5.81793
-6.25548
-5.95298
-4.8258
-3.21052
-1.12125
0.971608
2.60036
3.75746
4.12134
3.78828
2.36261
0.123522
-2.9217
-5.14626
-6.5455
-6.85731
-6.4798
-5.33092
-3.72823
-1.68337
0.357596
1.95085
3.09053
3.47155
3.18721
1.86253
-0.234251
-3.09578
-5.17699
-6.47415
-6.7398
-6.35253
-5.23468
-3.68769
-1.7223
0.238006
1.77182
2.87389
3.25446
3.0022
1.76044
-0.21659
-2.92199
-4.88642
-6.10604
-6.34475
-5.96219
-4.88381
-3.39609
-1.50904
0.374502
1.8533
2.92104
3.30011
3.07075
1.88815
-0.0131946
-2.63002
-4.55461
-5.7859
-6.09595
-5.83358
-4.92149
-3.62908
-1.92503
-0.118833
1.63291
3.82994
6.31609
8.60815
10.0504
9.91044
13.9189
11.2113
3.24017
-0.574232
-3.05251
-2.49021
-1.19927
1.98697
5.37611
7.37551
9.30823
9.4693
9.51765
6.8745
3.44064
-3.88974
-7.27133
-9.78687
-9.60536
-9.24052
-7.13494
-4.89193
-1.28363
2.32021
4.5559
6.65309
7.04784
7.28618
4.9537
1.85098
-4.94792
-8.02583
-10.2945
-10.0234
-9.59027
-7.51678
-5.32194
-1.83649
1.63798
3.80435
5.83492
6.2404
6.49562
4.30305
1.3849
-5.04082
-7.92932
-10.0471
-9.75566
-9.31271
-7.31496
-5.20446
-1.86961
1.45334
3.53221
5.48172
5.8868
6.14907
4.08492
1.32823
-4.76573
-7.49781
-9.49877
-9.20811
-8.77328
-6.85758
-4.83284
-1.64116
1.54199
3.54511
5.42652
5.83991
6.11185
4.15737
1.51019
-4.3651
-7.04177
-9.0564
-8.89875
-8.66323
-7.05342
-5.44786
-2.79371
-0.304367
1.04955
4.11979
8.23902
12.4807
15.7263
16.1954
21.2048
22.1104
-4.02088
-5.09055
-10.9847
-6.32864
-6.11822
1.20254
8.59009
9.37712
14.8081
12.635
17.029
10.7103
10.8531
-11.7341
-11.5717
-17.6396
-13.2193
-15.0347
-9.64202
-8.5394
-1.43959
5.63891
6.71089
12.0002
10.1996
14.486
8.65396
8.90089
-12.3323
-12.0708
-17.7006
-13.4231
-15.0628
-9.87739
-8.77416
-1.9738
4.80198
5.85337
10.9194
9.22559
13.3288
7.78837
8.05491
-12.0795
-11.7916
-17.0891
-12.9898
-14.5118
-9.55764
-8.4843
-1.99981
4.46011
5.47888
10.3135
8.72477
12.646
7.40661
7.6787
-11.4506
-11.162
-16.1914
-12.2791
-13.7168
-8.98837
-7.95
-1.761
4.4087
5.41215
10.046
8.58339
12.359
7.42408
7.68203
-10.7062
-10.4823
-15.4549
-11.8137
-13.4718
-9.17921
-8.77659
-3.42508
1.14512
-2.00532
2.89912
9.98566
17.7875
25.4002
29.658
31.6468
71.9501
-47.3635
-2.65276
-34.1067
-3.76456
-21.2757
0.322111
21.309
4.69157
31.2582
6.34419
39.967
5.24169
50.9971
-52.3377
-6.90036
-40.5949
-7.85348
-31.2084
-5.97112
-20.8226
-1.56459
17.6073
2.79317
27.5572
4.5861
36.2569
3.60074
46.8825
-50.669
-7.63202
-39.3727
-8.30169
-30.3633
-6.35932
-20.4299
-2.07539
16.2095
2.12158
25.7385
3.86331
34.0493
2.91196
44.1026
-48.5258
-7.61036
-37.6625
-8.12873
-29.0363
-6.21158
-19.5559
-2.09432
15.3025
1.93107
24.3952
3.62873
32.3345
2.79209
41.9674
-46.0968
-7.16816
-35.7599
-7.6456
-27.5395
-5.80515
-18.4838
-1.8528
14.7151
2.05172
23.4444
3.78413
31.1495
3.21328
40.7046
-43.8485
-6.43951
-34.2574
-7.09726
-26.8494
-5.70322
-19.2316
-2.93121
13.7125
-16.6591
-1.46364
10.7024
23.3666
39.9055
66.5177
28832.2
28795.3
28758.4
28721.4
28684.4
28647.4
28610.4
28573.5
28536.8
28500.1
28463.5
28427.1
28390.7
28354.4
28318.1
0.174066
0.135062
0.0848504
0.0292029
-0.0260109
-0.0756196
-0.115664
-0.143605
-0.158284
-0.15973
-0.148899
-0.127408
-0.0973131
-0.0609341
-0.0207381
0.307678
0.237462
0.147403
0.0481675
-0.049578
-0.136645
-0.206203
-0.254059
-0.278496
-0.279851
-0.260005
-0.221905
-0.169168
-0.105795
-0.0359829
0.469978
0.359721
0.219146
0.0656559
-0.0838109
-0.21517
-0.318434
-0.387924
-0.421784
-0.421166
-0.38936
-0.331036
-0.251657
-0.157093
-0.0533817
0.677261
0.512298
0.303807
0.0791226
-0.13615
-0.321787
-0.464437
-0.557417
-0.599548
-0.593667
-0.545234
-0.46122
-0.349331
-0.217537
-0.0738327
0.951704
0.708405
0.404661
0.0831787
-0.218123
-0.47139
-0.660109
-0.777759
-0.825322
-0.808718
-0.736687
-0.619277
-0.466909
-0.28989
-0.0982449
1.32483
0.964958
0.523255
0.0670557
-0.34813
-0.685538
-0.926849
-1.06819
-1.11526
-1.0792
-0.973518
-0.812291
-0.609138
-0.376869
-0.127501
1.84312
1.30334
0.656345
0.00992069
-0.555911
-0.995782
-1.29356
-1.45287
-1.48834
-1.41929
-1.2659
-1.04723
-0.780481
-0.480947
-0.162392
2.5774
1.74893
0.788867
-0.127805
-0.889651
-1.44811
-1.79874
-1.9614
-1.96593
-1.84371
-1.62355
-1.33025
-0.984609
-0.604044
-0.203512
3.6394
2.32613
0.877993
-0.420353
-1.42677
-2.10828
-2.49188
-2.62804
-2.57027
-2.36607
-2.05433
-1.66561
-1.22366
-0.747108
-0.251123
5.21076
3.0382
0.817331
-1.00483
-2.28879
-3.06635
-3.43246
-3.48862
-3.32103
-2.99598
-2.56208
-2.0542
-1.49731
-0.909603
-0.304995
7.58982
3.79859
0.357958
-2.1275
-3.65721
-4.43587
-4.68299
-4.57295
-4.22923
-3.73473
-3.14382
-2.49181
-1.80176
-1.089
-0.364248
11.2285
4.20837
-1.05659
-4.2059
-5.77667
-6.33691
-6.29067
-5.89096
-5.28819
-4.5699
-3.78665
-2.96746
-2.12891
-1.28039
-0.427243
16.4689
2.86294
-4.58677
-7.86282
-8.90668
-8.84441
-8.25182
-7.41203
-6.46265
-5.47003
-4.4654
-3.46246
-2.46604
-1.47641
-0.491572
20.9274
-4.63878
-12.2906
-13.7519
-13.1428
-11.8822
-10.4602
-9.04268
-7.68035
-6.38215
-5.14245
-3.95095
-2.79637
-1.66765
-0.554202
0.565945
1.70565
2.86932
4.07465
5.34219
6.69715
8.17191
9.80978
11.6707
13.8388
16.4301
19.5815
23.3245
26.8272
24.1609
0.576812
1.73861
2.92551
4.15621
5.45277
6.84281
8.36295
10.0647
12.0245
14.364
17.2923
21.2095
27.0057
37.11
59.8864
0.582
1.75414
2.95128
4.19205
5.49845
6.89811
8.42792
10.1403
12.1146
14.4803
17.4673
21.5302
27.6899
38.6067
62.3983
0.581532
1.75232
2.94675
4.18231
5.47936
6.86302
8.36612
10.034
11.933
14.1651
16.8951
20.3926
25.057
31.1149
35.946
0.575703
1.73407
2.91366
4.12988
5.40012
6.74498
8.18988
9.76733
11.52
13.5043
15.7903
18.4453
21.4511
24.4264
26.0985
0.565041
1.70107
2.85514
4.03993
5.26906
6.55748
7.92158
9.37891
10.9463
12.6339
14.4295
16.256
17.8705
18.6359
16.9932
0.550248
1.65555
2.7753
3.91919
5.09684
6.31741
7.58855
8.91408
10.2889
11.6886
13.0472
14.2143
14.8817
14.5185
12.7091
0.532117
1.59999
2.67869
3.77499
4.89481
6.04223
7.21776
8.41499
9.61438
10.7718
11.7977
12.5195
12.6093
11.4057
7.17978
0.511456
1.53692
2.56985
3.61447
4.67361
5.74752
6.83189
7.9144
8.96896
9.94633
10.7595
11.2635
11.235
10.3916
8.68781
0.48902
1.46867
2.4529
3.44387
4.44215
5.44556
6.44732
7.43322
8.37715
9.23488
9.93599
10.3771
10.4268
9.97494
9.08974
0.465466
1.39723
2.33127
3.26819
4.20713
5.14474
6.07378
6.98117
7.8452
8.63219
9.29306
9.76244
9.96699
9.85922
9.51225
0.441329
1.32423
2.20763
3.09111
3.97304
4.84985
5.71527
6.55922
7.36676
8.11709
8.78309
9.33171
9.72404
9.90959
9.79469
0.417026
1.25087
2.08393
2.91512
3.74249
4.56289
5.37166
6.16255
6.92804
7.66053
8.35465
9.0095
9.62466
10.1686
10.4905
0.392865
1.17806
1.96153
2.74177
3.51678
4.284
5.04048
5.78352
6.51222
7.23062
7.95346
8.71486
9.57473
10.5818
11.4469
0.369077
1.10644
1.84138
2.57206
3.29649
4.01257
4.71862
5.41444
6.10355
6.79763
7.52548
8.35181
9.42255
11.0936
14.3695
0.345837
1.03651
1.72417
2.4067
3.08198
3.74809
4.40386
5.05003
5.69142
6.34119
7.02909
7.81903
8.85348
10.4909
13.8343
0.32329
0.968686
1.61051
2.24636
2.87384
3.49079
4.09578
4.68892
5.27345
5.85828
6.46182
7.11642
7.86565
8.70358
9.14491
0.301563
0.903334
1.50102
2.09183
2.673
3.24181
3.79592
4.33378
4.85527
5.36236
5.85908
6.3481
6.81619
7.19164
7.29024
0.280779
0.84082
1.39628
1.94401
2.48073
3.00302
3.50734
3.99001
4.44708
4.87364
5.26169
5.59431
5.83105
5.87195
5.45632
0.261046
0.781485
1.29692
1.80384
2.29849
2.77671
3.23378
3.664
4.06007
4.41166
4.70276
4.90709
4.98189
4.86928
4.56188
0.242461
0.725627
1.20346
1.67218
2.12764
2.5651
2.97886
3.36171
3.70395
3.99166
4.2041
4.30982
4.26285
4.00187
3.43981
0.225095
0.673471
1.11633
1.54973
1.96929
2.36993
2.74539
3.08763
3.38568
3.62394
3.77953
3.81857
3.69242
3.34353
2.79241
0.208989
0.625145
1.03576
1.43688
1.82409
2.19224
2.535
2.84423
3.10892
3.31361
3.4359
3.44202
3.27666
2.82563
1.72813
0.194146
0.580665
0.961793
1.33369
1.69212
2.03217
2.34789
2.63175
2.87381
3.06051
3.17292
3.18455
3.05927
2.75665
2.30188
0.180535
0.539926
0.894229
1.23986
1.57291
1.88899
2.18289
2.44829
2.67715
2.85898
2.97993
3.02216
2.96503
2.79331
2.51934
0.168088
0.502721
0.832687
1.15475
1.4655
1.76119
2.03769
2.29021
2.51314
2.69971
2.8416
2.92875
2.95036
2.90098
2.80808
0.156713
0.468755
0.776627
1.07751
1.36853
1.64673
1.90912
2.15267
2.37439
2.57147
2.74126
2.88086
2.98497
3.03888
2.99583
0.1463
0.437682
0.72542
1.00712
1.28045
1.54325
1.79364
2.03027
2.25274
2.46216
2.66189
2.85761
3.05442
3.24409
3.37798
0.136732
0.40914
0.678405
0.942528
1.19969
1.44839
1.68771
1.91771
2.14014
2.35959
2.5853
2.83358
3.12884
3.48803
3.79766
0.127898
0.382779
0.634959
0.882772
1.1248
1.36004
1.58824
1.81039
2.0296
2.25267
2.49301
2.77693
3.15884
3.76638
4.95977
0.119697
0.358294
0.594545
0.827035
1.05461
1.27657
1.49297
1.70512
1.91639
2.13374
2.37047
2.65221
3.03214
3.63789
4.84936
0.112049
0.335438
0.556742
0.774708
0.988321
1.19696
1.40065
1.60044
1.79895
2.00135
2.21665
2.45931
2.74861
3.08876
3.32566
0.104892
0.31403
0.521256
0.725404
0.925482
1.12079
1.31105
1.49664
1.67881
1.86
2.04382
2.23402
2.42975
2.61131
2.72127
0.098185
0.293948
0.487907
0.678923
0.865957
1.04811
1.22469
1.3952
1.55935
1.71682
1.86656
2.00489
2.12074
2.18356
2.10859
0.0918994
0.275118
0.4566
0.635207
0.809817
0.979314
1.14254
1.29818
1.44454
1.57901
1.6972
1.79138
1.84853
1.85151
1.80312
0.0860167
0.257493
0.42729
0.594266
0.757227
0.914867
1.06565
1.20761
1.33797
1.45249
1.54453
1.60356
1.61396
1.55512
1.39906
0.0805212
0.241033
0.399938
0.556113
0.708333
0.85518
0.994892
1.1251
1.24239
1.3416
1.41476
1.44952
1.42746
1.32625
1.15563
0.0753942
0.225689
0.374482
0.520707
0.663169
0.800448
0.930733
1.05156
1.15936
1.2488
1.31168
1.33492
1.29592
1.14557
0.724593
0.0706103
0.211386
0.350811
0.487914
0.621603
0.750572
0.873147
0.987057
1.08907
1.17445
1.23611
1.26356
1.2417
1.15284
1.00759
0.066135
0.198023
0.328751
0.457491
0.583317
0.705137
0.821578
0.930821
1.03035
1.11656
1.18431
1.22645
1.23402
1.19925
1.12329
0.0619248
0.185466
0.308073
0.429093
0.547815
0.663438
0.775008
0.881335
0.980865
1.07149
1.1503
1.21334
1.25573
1.27428
1.28049
0.0579289
0.173558
0.288499
0.40229
0.514466
0.624555
0.732081
0.836573
0.93757
1.03463
1.12726
1.21456
1.29402
1.35786
1.38127
0.0540922
0.162128
0.269723
0.376611
0.482569
0.587454
0.691264
0.794239
0.897013
1.00085
1.10792
1.22122
1.34317
1.46954
1.57755
0.0503591
0.151004
0.25144
0.35158
0.451418
0.551101
0.651032
0.752048
0.855718
0.964843
1.08425
1.2219
1.38924
1.59397
1.78186
0.0466774
0.140024
0.233365
0.32676
0.420377
0.514579
0.610049
0.708017
0.810639
0.921695
1.04793
1.20195
1.40937
1.7301
2.33344
0.0430014
0.12905
0.215255
0.301787
0.388933
0.477179
0.567336
0.66076
0.75971
0.868011
0.992323
1.14492
1.35083
1.66997
2.28113
0.039294
0.117968
0.196919
0.27639
0.356729
0.438455
0.52236
0.60967
0.702294
0.803214
0.917077
1.05089
1.21367
1.40708
1.55768
0.0355269
0.106696
0.178223
0.250393
0.323565
0.398221
0.475024
0.554896
0.639123
0.729438
0.827985
0.936749
1.05525
1.17392
1.26604
0.0316804
0.0951759
0.159083
0.223702
0.289375
0.356502
0.425561
0.497104
0.571732
0.649955
0.731807
0.815852
0.896741
0.959207
0.96056
0.0277409
0.0833715
0.13945
0.196282
0.254178
0.313447
0.374377
0.437177
0.501852
0.567959
0.634115
0.697159
0.751031
0.786949
0.805034
0.0236986
0.0712573
0.119297
0.168127
0.218031
0.269244
0.321903
0.375954
0.430987
0.485938
0.538595
0.584845
0.617802
0.627086
0.595076
0.0195447
0.0588104
0.0985977
0.139229
0.180979
0.224043
0.268468
0.314056
0.360186
0.405521
0.447533
0.481774
0.501025
0.495911
0.469906
0.0152689
0.0460028
0.0773149
0.109557
0.143021
0.177902
0.214232
0.251789
0.289946
0.327422
0.361878
0.389125
0.40118
0.379254
0.259849
0.0108575
0.0327951
0.0553893
0.0790401
0.104085
0.13076
0.15915
0.189115
0.220188
0.251432
0.281239
0.307038
0.324946
0.330302
0.327779
0.00629218
0.0191332
0.0327328
0.0475593
0.064021
0.0824336
0.102983
0.125681
0.150321
0.176451
0.203397
0.230442
0.257442
0.286832
0.329756
0.0015493
0.00494612
0.00922713
0.0149474
0.0226078
0.0326302
0.0453318
0.0609068
0.0794295
0.100914
0.125499
0.153892
0.188293
0.233979
0.300087
-0.00340001
-0.00985315
-0.0152749
-0.0190075
-0.0204398
-0.0190268
-0.0143064
-0.00590442
0.00649253
0.0232368
0.0449717
0.0731847
0.111323
0.166961
0.256784
-0.00858952
-0.0253668
-0.0409466
-0.0545552
-0.0654574
-0.0729732
-0.0764925
-0.0754797
-0.0694515
-0.0578928
-0.0400396
-0.0143986
0.0222202
0.0762247
0.156178
-0.0140573
-0.0417102
-0.067984
-0.0919778
-0.112821
-0.129687
-0.141817
-0.148527
-0.149224
-0.143379
-0.130443
-0.109587
-0.0789356
-0.0325089
0.0560576
-0.0198449
-0.0590093
-0.0966014
-0.131584
-0.162939
-0.189684
-0.210895
-0.22574
-0.233526
-0.233776
-0.226329
-0.211557
-0.191024
-0.170479
-0.176649
-0.0259965
-0.0773984
-0.127028
-0.173704
-0.216252
-0.253516
-0.284385
-0.307842
-0.323049
-0.329502
-0.327283
-0.317507
-0.303094
-0.289868
-0.284678
-0.0325578
-0.0970166
-0.159501
-0.218685
-0.273227
-0.321781
-0.363014
-0.395662
-0.418639
-0.431235
-0.433468
-0.426657
-0.414315
-0.403643
-0.410181
-0.0395745
-0.118003
-0.194264
-0.266885
-0.334356
-0.395122
-0.447594
-0.490187
-0.521425
-0.54015
-0.545915
-0.539625
-0.524351
-0.505435
-0.484591
-0.0470904
-0.140494
-0.231552
-0.318657
-0.400133
-0.474214
-0.539024
-0.592586
-0.632887
-0.658049
-0.666717
-0.658814
-0.636894
-0.608539
-0.592241
-0.0551454
-0.164611
-0.271581
-0.374332
-0.471041
-0.559738
-0.638256
-0.704185
-0.75485
-0.787387
-0.79901
-0.787718
-0.753886
-0.703248
-0.64933
-0.063773
-0.190458
-0.314537
-0.434199
-0.547505
-0.652322
-0.746223
-0.826372
-0.88939
-0.931236
-0.9472
-0.932258
-0.88253
-0.800216
-0.709027
-0.0729981
-0.218112
-0.360558
-0.498474
-0.629859
-0.752479
-0.86373
-0.960446
-1.03862
-1.09305
-1.11684
-1.10094
-1.03379
-0.903333
-0.718309
-0.0828348
-0.247618
-0.409721
-0.56728
-0.718294
-0.860523
-0.991323
-1.10738
-1.20433
-1.27611
-1.31403
-1.3052
-1.22899
-1.04433
-0.624907
-0.0932865
-0.278983
-0.462036
-0.640626
-0.812825
-0.976498
-1.12914
-1.26759
-1.38752
-1.48268
-1.54368
-1.55623
-1.4995
-1.34834
-1.10816
-0.104346
-0.312182
-0.517448
-0.718407
-0.913269
-1.10013
-1.27681
-1.44063
-1.58789
-1.71297
-1.80695
-1.85536
-1.83556
-1.71417
-1.43509
-0.115999
-0.347165
-0.575848
-0.800416
-1.01927
-1.23081
-1.43341
-1.62518
-1.80364
-1.96486
-2.10187
-2.20185
-2.24214
-2.18951
-2.03273
-0.128227
-0.383871
-0.637102
-0.886391
-1.13033
-1.36771
-1.59751
-1.81896
-2.03136
-2.23354
-2.42248
-2.58977
-2.71325
-2.73716
-2.51671
-0.141019
-0.422249
-0.701089
-0.976075
-1.24596
-1.50985
-1.7674
-2.01902
-2.26616
-2.5114
-2.75812
-3.00812
-3.25349
-3.45449
-3.51497
-0.154373
-0.462286
-0.767751
-1.0693
-1.36574
-1.6564
-1.9414
-2.22219
-2.50226
-2.78823
-3.09147
-3.42965
-3.82452
-4.26938
-4.50476
-0.168302
-0.504022
-0.837132
-1.16606
-1.48953
-1.80686
-2.11832
-2.42586
-2.73425
-3.05306
-3.40053
-3.81182
-4.36082
-5.22973
-6.98222
-0.182846
-0.547569
-0.909416
-1.2666
-1.61759
-1.96139
-2.29795
-2.62893
-2.95899
-3.29799
-3.66524
-4.09834
-4.67496
-5.57645
-7.30462
-0.198063
-0.593112
-0.984935
-1.37143
-1.75064
-2.12095
-2.48145
-2.83264
-3.1775
-3.52329
-3.88423
-4.28518
-4.76346
-5.34908
-5.90289
-0.214028
-0.640892
-1.06415
-1.48132
-1.88987
-2.2873
-2.67141
-3.04073
-3.39537
-3.73805
-4.07541
-4.4183
-4.77742
-5.14378
-5.43982
-0.230821
-0.691175
-1.14759
-1.5972
-2.03682
-2.46291
-2.87162
-3.25902
-3.62153
-3.95651
-4.26276
-4.54013
-4.78634
-4.98729
-5.09329
-0.248509
-0.744193
-1.23575
-1.72001
-2.19316
-2.65058
-3.08662
-3.49458
-3.8668
-4.1949
-4.47014
-4.68358
-4.82668
-4.89673
-4.92656
-0.267121
-0.800075
-1.32898
-1.85052
-2.36043
-2.8531
-3.32112
-3.75496
-4.14269
-4.47
-4.72043
-4.87587
-4.91773
-4.8341
-4.65521
-0.286628
-0.858767
-1.42732
-1.9891
-2.53967
-3.07272
-3.57934
-4.04734
-4.46054
-4.79848
-5.03667
-5.14704
-5.09591
-4.83761
-4.37657
-0.30691
-0.919947
-1.53036
-2.13547
-2.73108
-3.31068
-3.86439
-4.37778
-4.83065
-5.19622
-5.44166
-5.53034
-5.41796
-4.98191
-3.50773
-0.327737
-0.982947
-1.63708
-2.28843
-2.93361
-3.56662
-4.17743
-4.75025
-5.26138
-5.67736
-5.95552
-6.05325
-5.96477
-5.84713
-6.48698
-0.348746
-1.04669
-1.74574
-2.44566
-3.14459
-3.83796
-4.51684
-5.16554
-5.75817
-6.25421
-6.59467
-6.70548
-6.53183
-6.1863
-6.51523
-0.369439
-1.10968
-1.85379
-2.60356
-3.35943
-4.11936
-4.87721
-5.61977
-6.32203
-6.93908
-7.3933
-7.55523
-7.21824
-6.05708
-3.41578
-0.389185
-1.16997
-1.9579
-2.75724
-3.57144
-4.40222
-5.24817
-6.10198
-6.94505
-7.73704
-8.3949
-8.75145
-8.47697
-6.95574
-3.22623
-0.407251
-1.22531
-2.05407
-2.90061
-3.77193
-4.67453
-5.61368
-6.59164
-7.60355
-8.62812
-9.60573
-10.3859
-10.6015
-9.38793
-4.92762
-0.422843
-1.27323
-2.13788
-3.02678
-3.95068
-4.92144
-5.95224
-7.05773
-8.25325
-9.55181
-10.9537
-12.4123
-13.7185
-14.0748
-10.3755
-0.435168
-1.31125
-2.20484
-3.12863
-4.09691
-5.12665
-6.23894
-7.46128
-8.83137
-10.4038
-12.2622
-14.5445
-17.4953
-21.578
-27.6648
-11.383
-25.9235
-24.498
-20.9246
-17.606
-14.8237
-12.4933
-10.4987
-8.74735
-7.17207
-5.72447
-4.36891
-3.07819
-1.83053
-0.607503
-111.567
-58.191
-37.5681
-27.3807
-21.3064
-17.1759
-14.0966
-11.6427
-9.58638
-7.79477
-6.18458
-4.70018
-3.302
-1.96006
-0.649921
-124.036
-67.7136
-43.3913
-30.9804
-23.6571
-18.798
-15.2656
-12.5106
-10.2416
-8.29148
-6.55735
-4.97156
-3.48676
-2.0675
-0.685186
-68.159
-55.0135
-40.9426
-31.047
-24.2966
-19.4988
-15.8948
-13.0408
-10.6753
-8.6382
-6.82708
-5.1728
-3.62601
-2.14929
-0.712156
-48.1268
-42.9561
-35.5945
-28.9294
-23.58
-19.3705
-16.0031
-13.232
-10.8809
-8.82799
-6.9879
-5.29938
-3.71661
-2.20357
-0.730224
-30.5795
-32.4202
-29.7625
-25.8982
-22.0718
-18.6573
-15.6974
-13.1313
-10.8795
-8.86996
-7.04345
-5.35252
-3.75878
-2.23028
-0.739338
-22.5676
-25.0082
-24.7685
-22.8406
-20.2775
-17.6285
-15.1182
-12.8124
-10.7099
-8.78481
-7.00485
-5.33817
-3.75563
-2.2309
-0.739934
-12.5472
-19.4573
-20.9469
-20.2241
-18.5428
-16.5035
-14.3969
-12.3522
-10.417
-8.59888
-6.88758
-5.26539
-3.71232
-2.20807
-0.732823
-15.1548
-17.6708
-18.6614
-18.2734
-17.0565
-15.4253
-13.6325
-11.816
-10.0427
-8.33879
-6.7084
-5.14462
-3.63509
-2.16511
-0.719041
-15.829
-16.9436
-17.3334
-16.8981
-15.8581
-14.4592
-12.8845
-11.2499
-9.62037
-8.02759
-6.48296
-4.98616
-3.53041
-2.10554
-0.69971
-16.4794
-16.7197
-16.5785
-15.9426
-14.9089
-13.6151
-12.1781
-10.6802
-9.17245
-7.68296
-6.2243
-4.79918
-3.40426
-2.03276
-0.675925
-16.8981
-16.7609
-16.167
-15.2635
-14.1403
-12.8704
-11.5141
-10.1173
-8.71183
-7.3169
-5.94236
-4.59121
-3.26186
-1.94978
-0.648677
-17.9288
-17.1192
-15.9704
-14.7368
-13.4736
-12.1857
-10.8781
-9.56054
-8.24385
-6.93666
-5.64415
-4.3681
-3.10746
-1.85918
-0.618821
-19.4135
-17.7129
-15.8327
-14.2308
-12.8239
-11.5147
-10.249
-9.00312
-7.76926
-6.54623
-5.33452
-4.13426
-2.94448
-1.76308
-0.587075
-24.0329
-18.4315
-15.5017
-13.5892
-12.1063
-10.8136
-9.60618
-8.43732
-7.28714
-6.14791
-5.01693
-3.89315
-2.77568
-1.66323
-0.554037
-22.9911
-17.2947
-14.4643
-12.6494
-11.2565
-10.0533
-8.93653
-7.85852
-6.79741
-5.74386
-4.69432
-3.64764
-2.60338
-1.56113
-0.520217
-14.9074
-14.1674
-12.7218
-11.4164
-10.2751
-9.2328
-8.23997
-7.26798
-6.30242
-5.33701
-4.36973
-3.40044
-2.42969
-1.45808
-0.486065
-11.6962
-11.5302
-10.8818
-10.0694
-9.22481
-8.37801
-7.52893
-6.67296
-5.8073
-4.93146
-4.04652
-3.15426
-2.25659
-1.35532
-0.451992
-8.4989
-9.22801
-9.15559
-8.74469
-8.1761
-7.52477
-6.82265
-6.08467
-5.31923
-4.53221
-3.72839
-2.91181
-2.086
-1.25397
-0.418377
-6.95237
-7.48243
-7.66446
-7.5295
-7.18483
-6.70679
-6.14127
-5.51543
-4.84613
-4.14464
-3.4191
-2.67578
-1.91971
-1.1551
-0.385566
-5.04688
-5.9785
-6.39343
-6.45992
-6.28617
-5.94954
-5.50175
-4.97636
-4.39537
-3.77375
-3.12215
-2.44859
-1.75936
-1.05963
-0.353868
-3.98655
-4.83338
-5.36436
-5.55716
-5.50059
-5.26947
-4.91612
-4.47589
-3.97283
-3.42366
-2.84045
-2.23229
-1.6063
-0.968358
-0.323535
-2.35761
-3.90758
-4.57011
-4.82757
-4.83621
-4.67426
-4.39079
-4.01905
-3.58229
-3.09719
-2.57607
-2.02835
-1.46153
-0.881859
-0.294762
-2.92676
-3.59805
-4.05713
-4.27076
-4.29027
-4.16343
-3.92675
-3.60735
-3.22532
-2.79574
-2.33015
-1.83767
-1.32569
-0.800512
-0.267674
-3.06335
-3.43587
-3.71458
-3.84874
-3.84596
-3.72885
-3.52014
-3.23912
-2.90135
-2.51927
-2.10291
-1.66051
-1.19902
-0.724478
-0.242326
-3.16459
-3.3388
-3.47241
-3.52178
-3.48104
-3.35787
-3.16374
-2.91029
-2.60814
-2.2666
-1.89375
-1.49661
-1.08141
-0.653725
-0.218713
-3.19971
-3.26992
-3.2887
-3.25739
-3.17333
-3.03614
-2.84852
-2.61528
-2.34228
-2.03566
-1.70143
-1.34526
-0.972467
-0.588057
-0.196777
-3.28975
-3.23673
-3.13976
-3.02961
-2.9025
-2.74942
-2.56495
-2.34786
-2.09975
-1.8239
-1.52434
-1.20544
-0.871588
-0.527157
-0.176417
-3.46241
-3.23404
-2.99994
-2.81359
-2.64969
-2.48448
-2.30404
-2.10195
-1.87649
-1.62859
-1.36069
-1.07598
-0.778055
-0.470635
-0.157512
-4.07925
-3.23528
-2.82694
-2.58194
-2.39778
-2.2301
-2.05813
-1.87228
-1.66879
-1.44716
-1.20869
-0.955709
-0.691109
-0.418071
-0.139927
-3.80972
-2.93399
-2.54049
-2.30802
-2.13441
-1.97869
-1.82186
-1.65484
-1.47368
-1.27741
-1.06676
-0.8435
-0.61002
-0.369051
-0.123527
-2.30153
-2.29777
-2.14219
-1.99319
-1.8586
-1.72802
-1.59266
-1.44719
-1.28907
-1.11764
-0.933576
-0.738386
-0.534126
-0.323193
-0.108187
-1.69336
-1.76698
-1.73929
-1.66834
-1.57999
-1.48066
-1.37046
-1.24833
-1.11367
-0.966638
-0.808115
-0.639566
-0.462862
-0.280162
-0.0937978
-1.08685
-1.30651
-1.36642
-1.35556
-1.30899
-1.24083
-1.15652
-1.05817
-0.946865
-0.823605
-0.689611
-0.546402
-0.395761
-0.239672
-0.0802628
-0.796986
-0.956964
-1.04268
-1.06755
-1.05296
-1.01221
-0.952326
-0.87699
-0.788353
-0.688019
-0.577501
-0.458396
-0.332438
-0.201487
-0.0675019
-0.462636
-0.658973
-0.761182
-0.806942
-0.815091
-0.796852
-0.758853
-0.70504
-0.637954
-0.559499
-0.471349
-0.375146
-0.27258
-0.165408
-0.0554475
-0.294106
-0.426335
-0.518869
-0.572436
-0.595534
-0.595209
-0.576353
-0.542297
-0.495443
-0.437705
-0.370783
-0.29631
-0.215917
-0.131264
-0.0440412
-0.101846
-0.221254
-0.303604
-0.359078
-0.392233
-0.406425
-0.404399
-0.388435
-0.360483
-0.322282
-0.275458
-0.221581
-0.162209
-0.0989032
-0.033231
0.0318883
-0.0418978
-0.106995
-0.16121
-0.202091
-0.228896
-0.242116
-0.242891
-0.232634
-0.212844
-0.185025
-0.150664
-0.111232
-0.0681841
-0.0229688
0.147219
0.131432
0.0820681
0.0274074
-0.0217153
-0.060791
-0.0884675
-0.105001
-0.1114
-0.108976
-0.0991302
-0.083267
-0.0627638
-0.0389687
-0.0132076
0.364051
0.328088
0.274818
0.212187
0.151691
0.0994048
0.0574494
0.0258565
0.00371183
-0.0102573
-0.017411
-0.0190891
-0.0165793
-0.0111174
-0.00390004
0.534605
0.536771
0.474075
0.395493
0.319404
0.252433
0.196176
0.150159
0.113151
0.0837325
0.0605091
0.042183
0.0275569
0.0155159
0.00500331
0.869284
0.790503
0.684373
0.577075
0.480792
0.398027
0.327798
0.268208
0.217324
0.173423
0.135031
0.100888
0.0698995
0.0410886
0.0135557
1.17775
1.06324
0.895489
0.751014
0.632798
0.534921
0.452035
0.380217
0.316652
0.259292
0.206605
0.157404
0.110731
0.0657747
0.0218158
1.91323
1.37295
1.09045
0.906725
0.770684
0.661409
0.568592
0.486499
0.411674
0.341918
0.275761
0.212167
0.150372
0.0897688
0.0298488
2.02809
1.50365
1.21683
1.02933
0.889988
0.776471
0.677706
0.587735
0.503179
0.422049
0.343137
0.265683
0.189185
0.113289
0.0377275
1.67087
1.46935
1.27423
1.11849
0.991365
0.881291
0.780716
0.685214
0.592306
0.50064
0.409502
0.318536
0.22758
0.136579
0.0455321
1.55097
1.43062
1.30429
1.18779
1.0809
0.979519
0.880204
0.780894
0.680573
0.578865
0.47575
0.371384
0.266008
0.1599
0.0533491
1.44551
1.39605
1.32752
1.25041
1.16662
1.07631
0.979691
0.877278
0.769803
0.65807
0.542867
0.424933
0.304945
0.183528
0.0612687
1.38889
1.37473
1.35671
1.31767
1.25686
1.17749
1.0832
0.977178
0.861991
0.739683
0.611882
0.479909
0.344874
0.207741
0.0693814
1.27799
1.3561
1.40049
1.40006
1.36
1.28902
1.19486
1.08344
0.959125
0.825112
0.683792
0.537012
0.386261
0.232805
0.0777743
1.17986
1.36087
1.47538
1.50997
1.4846
1.41666
1.31851
1.19866
1.06299
0.915615
0.759495
0.596871
0.429526
0.258964
0.0865266
0.886743
1.41184
1.60578
1.66152
1.63877
1.56528
1.45722
1.32486
1.17499
1.01219
0.839713
0.660009
0.475024
0.286423
0.0957068
1.46057
1.69276
1.83215
1.86757
1.82818
1.73789
1.61279
1.46324
1.29596
1.11547
0.924952
0.726812
0.523034
0.315352
0.105371
1.80272
2.03812
2.13073
2.12558
2.05291
1.93469
1.78534
1.61391
1.42611
1.22573
1.01548
0.79753
0.573753
0.345877
0.115563
2.38622
2.48263
2.49718
2.43046
2.30929
2.1531
1.97322
1.77595
1.565
1.34283
1.11135
0.872293
0.627317
0.378096
0.126317
2.83747
2.98399
2.92008
2.77315
2.58997
2.38796
2.17316
1.94749
1.71168
1.46639
1.21249
0.951163
0.683829
0.412089
0.137664
3.74844
3.63149
3.4006
3.141
2.88371
2.63171
2.38065
2.12606
1.86495
1.59592
1.31878
1.0342
0.743398
0.447948
0.149637
4.64837
4.35808
3.90107
3.50724
3.17378
2.87478
2.5906
2.30914
2.02371
1.73108
1.43025
1.12156
0.806193
0.48579
0.16228
6.90755
5.20045
4.35764
3.83153
3.43991
3.10756
2.79865
2.49499
2.18745
1.87193
1.54716
1.21356
0.87248
0.525791
0.175651
7.11744
5.44259
4.59428
4.06243
3.66487
3.32405
3.00304
2.68352
2.35675
2.01919
1.67021
1.31076
0.942658
0.568187
0.18983
5.54716
5.11075
4.61113
4.20006
3.85041
3.52678
3.20638
2.87707
2.53352
2.17439
1.80052
1.41395
1.01726
0.61328
0.204914
4.99641
4.82278
4.56646
4.29502
4.01788
3.72727
3.4159
3.08051
2.72112
2.33981
1.93965
1.52417
1.09692
0.661417
0.221012
4.51775
4.59222
4.53229
4.39393
4.1947
3.94215
3.6421
3.30061
2.92395
2.5183
2.08943
1.64255
1.18233
0.712952
0.238236
4.28779
4.45499
4.55257
4.5351
4.40853
4.19001
3.89708
3.54511
3.1469
2.71292
2.2517
1.77018
1.27409
0.768196
0.256677
3.92274
4.36609
4.65274
4.75202
4.6862
4.48952
4.19306
3.82173
3.39468
2.92645
2.42806
1.90795
1.37264
0.827347
0.276393
3.63121
4.386
4.88303
5.08357
5.05475
4.85831
4.54101
4.13702
3.67105
3.16091
2.61951
2.05626
1.47813
0.890427
0.297381
2.792
4.58491
5.31918
5.5744
5.53969
5.31102
4.94917
4.49536
3.97808
3.41708
2.82613
2.2149
1.59026
0.957216
0.31956
4.58551
5.51897
6.08801
6.26655
6.15932
5.85621
5.42116
4.89778
4.31547
3.69404
3.04682
2.38285
1.70824
1.0272
0.342756
5.71949
6.70609
7.12801
7.15713
6.91496
6.49302
5.95449
5.3411
4.68002
3.98889
3.27915
2.55818
1.83067
1.09956
0.366693
7.73203
8.28534
8.44077
8.23608
7.79544
7.21078
6.53978
5.81753
5.06544
4.29667
3.51928
2.73805
1.95559
1.17313
0.39099
9.38168
10.1409
10.0036
9.47887
8.77593
7.98848
7.16066
6.31468
5.46243
4.61043
3.76207
2.91876
2.08052
1.24648
0.415176
12.8166
12.6189
11.8355
10.8454
9.8151
8.79421
7.79415
6.81618
5.85923
4.92164
4.00137
3.09594
2.20252
1.31792
0.438703
16.3487
15.5037
13.8108
12.2398
10.8477
9.58546
8.41228
7.30306
6.24258
5.22083
4.23034
3.26479
2.31841
1.38562
0.460972
25.333
18.9774
15.7016
13.51
11.7902
10.3148
8.98598
7.75609
6.59904
5.49832
4.44198
3.42033
2.42484
1.44767
0.481359
26.6032
20.3123
16.8393
14.4525
12.5629
10.9424
9.49094
8.15855
6.91636
5.74497
4.62953
3.55769
2.51856
1.50219
0.499249
21.8787
19.6901
17.2228
15.0496
13.1488
11.4526
9.9132
8.49834
7.18452
5.95276
4.7868
3.67233
2.59646
1.54737
0.514056
20.5659
19.2617
17.4019
15.4577
13.5925
11.854
10.2489
8.76797
7.39569
6.11484
4.90832
3.76018
2.65575
1.58161
0.525248
20.2274
19.219
17.6396
15.8109
13.9482
12.1628
10.4985
8.9621
7.54338
6.22528
4.9893
3.81765
2.69401
1.60349
0.532368
20.4327
19.5727
18.0505
16.1876
14.2502
12.3875
10.6591
9.07453
7.62118
6.2787
5.0256
3.84179
2.70926
1.6119
0.535053
21.3642
20.3864
18.6978
16.6161
14.5002
12.5191
10.7199
9.09581
7.62198
6.27006
5.01378
3.83033
2.70009
1.60606
0.533058
21.8721
21.6937
19.6183
17.0683
14.6566
12.5243
10.6589
9.01278
7.53813
6.19498
4.9514
3.78189
2.66577
1.58563
0.526278
22.1068
24.3184
20.8683
17.4245
14.619
12.3442
10.4457
8.81066
7.36295
6.05076
4.83756
3.6964
2.60645
1.55076
0.514778
51.5097
30.8748
22.1138
17.3375
14.213
11.9027
10.0496
8.47845
7.09364
5.8378
4.67369
3.57534
2.52334
1.50222
0.498812
50.3113
29.1854
20.5923
16.1033
13.2414
11.1439
9.45756
8.01684
6.73478
5.56113
4.46416
3.42208
2.41878
1.44136
0.478833
17.188
18.7927
16.2207
13.7391
11.7391
10.0995
8.69499
7.44504
6.30064
5.23122
4.21649
3.24191
2.29624
1.37017
0.455478
6.82247
11.3004
11.7863
11.0406
9.98653
8.89169
7.82513
6.79995
5.81442
4.86334
3.94095
3.04166
2.16009
1.29107
0.429529
2.82298
6.58038
8.20715
8.55612
8.26229
7.6643
6.92652
6.12732
5.30429
4.47552
3.64936
2.82909
2.01524
1.20678
0.401855
0.134973
3.33998
5.51538
6.51807
6.74927
6.53398
6.07058
5.47122
4.79814
4.08589
3.35368
2.61207
1.86663
1.12005
0.373333
-4.59127
0.814573
3.638
5.01578
5.54632
5.57595
5.30905
4.86633
4.31919
3.71011
3.06453
2.3977
1.71882
1.03339
0.34478
-0.443862
-1.33823
-2.25293
-3.20293
-4.20558
-5.2822
-6.46054
-7.7789
-9.29361
-11.0934
-13.3302
-16.2896
-20.5773
-27.6731
-41.8459
-0.447222
-1.34892
-2.27283
-3.23541
-4.25585
-5.35794
-6.57283
-7.94367
-9.53363
-11.4405
-13.8245
-16.963
-21.358
-27.9298
-38.2186
-0.443331
-1.33739
-2.25407
-3.21002
-4.22447
-5.32087
-6.52916
-7.88932
-9.45675
-11.3104
-13.5643
-16.3797
-19.9619
-24.4695
-29.586
-0.432047
-1.30323
-2.19603
-3.12611
-4.11115
-5.1719
-6.33361
-7.62771
-9.09364
-10.78
-12.7424
-15.0298
-17.6404
-20.4001
-22.6858
-0.413676
-1.24745
-2.10071
-2.98726
-3.9221
-4.92196
-6.00567
-7.19425
-8.51006
-9.97366
-11.5955
-13.3568
-15.1696
-16.8049
-17.7941
-0.388887
-1.17217
-1.9721
-2.8001
-3.66803
-4.58816
-5.57284
-6.63356
-7.7787
-9.00904
-10.3092
-11.6322
-12.8764
-13.8556
-14.2859
-0.358584
-1.08025
-1.81542
-2.57301
-3.36176
-4.1898
-5.06399
-5.98844
-6.96211
-7.97464
-8.99985
-9.98657
-10.848
-11.4554
-11.6497
-0.32378
-0.974841
-1.63631
-2.31477
-3.01618
-3.7453
-4.50486
-5.29408
-6.10665
-6.92755
-7.72904
-8.46616
-9.07365
-9.46834
-9.56366
-0.285477
-0.859021
-1.44019
-2.03358
-2.64288
-3.27038
-3.91604
-4.57639
-5.24286
-5.89987
-6.52258
-7.07537
-7.51209
-7.78061
-7.83403
-0.244583
-0.735572
-1.23187
-1.73646
-2.25139
-2.77728
-3.31254
-3.85255
-4.38854
-4.90646
-5.38604
-5.80064
-6.11872
-6.30798
-6.34278
-0.201866
-0.606813
-1.01526
-1.42899
-1.84896
-2.27479
-2.70429
-3.13273
-3.55229
-3.95139
-4.31447
-4.62243
-4.85418
-4.98978
-5.01506
-0.157931
-0.474559
-0.793347
-1.11529
-1.44065
-1.76866
-2.09707
-2.4218
-2.7365
-3.03234
-3.29803
-3.52042
-3.68577
-3.78189
-3.80087
-0.113233
-0.340143
-0.568288
-0.798154
-1.0297
-1.26211
-1.49354
-1.7209
-1.93957
-2.14342
-2.32488
-2.47544
-2.5866
-2.65113
-2.6647
-0.0680885
-0.204491
-0.341509
-0.479344
-0.617877
-0.756525
-0.894098
-1.02867
-1.15747
-1.27689
-1.38261
-1.46988
-1.53405
-1.57133
-1.57956
-32289.4
-32268.1
-32246.7
-32225.1
-32203.2
-32180.8
-32157.9
-32134.5
-32110.3
-32085.4
-32059.6
-32032.9
-32005.3
-31976.6
-31946.8
-92.4703
-131.931
53.1348
-0.50298
35.4144
2.40586
20.3278
-1.7286
-22.6332
-6.25747
-32.0914
-8.08557
-40.4402
-7.29921
-51.18
47.6238
4.01019
36.3244
4.76818
27.2825
2.81246
17.2078
-1.61254
-20.4369
-6.08975
-30.581
-8.17415
-39.7596
-7.65696
-51.3048
47.3644
3.48962
36.5375
4.43206
27.6119
2.52412
17.4223
-1.98025
-21.4401
-6.58131
-31.9908
-8.72037
-41.5735
-8.13723
-53.621
49.3327
3.57027
38.1182
4.6065
28.8693
2.66466
18.2856
-1.99449
-22.3491
-6.73705
-33.3554
-8.86694
-43.3253
-8.07679
-55.8072
52.438
4.44354
40.6346
5.50902
31.0296
3.52552
20.0496
-1.30474
-22.8171
-6.18
-34.5589
-8.2294
-45.3852
-6.98629
-59.1917
60.8216
7.5913
49.6989
9.6265
42.1744
9.05125
35.4981
7.07638
-26.0177
75.5328
46.7562
29.6007
16.9627
5.36774
-8.18803
-52.2382
-50.6207
-7.75964
-1.89505
7.10055
3.28862
3.67434
-3.3869
-10.5658
-11.2261
-16.4491
-14.3375
-18.5741
-12.5669
-12.7515
8.81137
8.59863
14.3744
10.0707
11.7769
6.50555
5.3804
-1.60605
-8.60276
-9.7623
-15.0828
-13.4553
-17.8466
-12.1987
-12.5231
8.91118
8.60904
14.472
10.0856
11.8546
6.4524
5.30929
-1.89686
-9.12663
-10.3253
-15.8422
-14.1482
-18.7077
-12.813
-13.1322
9.2471
8.95155
15.0978
10.5399
12.4158
6.79384
5.62699
-1.88619
-9.42402
-10.6404
-16.382
-14.549
-19.278
-13.0105
-13.2813
10.2941
10.0364
16.5124
11.7725
13.7928
7.94045
6.78056
-1.07641
-8.96277
-10.145
-16.14
-14.0083
-18.898
-11.8007
-11.7086
14.8156
15.0784
23.2654
18.8534
22.9415
17.8421
19.938
13.805
11.4003
31.8985
30.0222
23.0959
15.4612
8.19157
2.2035
-32.6881
-28.7014
-15.3791
-7.79572
-2.77034
-1.87315
-2.25537
-4.87572
-7.88486
-9.62443
-11.3684
-11.4482
-11.4586
-8.91841
-5.63932
1.35605
4.56377
6.939
6.71932
6.31908
4.22837
1.9935
-1.58456
-5.17388
-7.44285
-9.58935
-10.0691
-10.3897
-8.13993
-5.07365
1.75864
4.85107
7.1657
6.87575
6.4243
4.24785
1.92734
-1.77913
-5.49765
-7.85074
-10.0767
-10.5708
-10.8956
-8.54029
-5.3289
1.81361
5.05693
7.49188
7.20895
6.75946
4.50803
2.10741
-1.74207
-5.60151
-8.02709
-10.3155
-10.7816
-11.0652
-8.52876
-5.09367
2.47004
5.9331
8.54125
8.30151
7.89293
5.59849
3.15561
-0.805488
-4.76213
-7.1794
-9.42314
-9.67619
-9.67182
-6.52733
-2.28758
6.62634
11.155
14.9746
15.8405
16.9386
16.272
16.2277
15.1652
15.8381
20.4835
20.5603
17.6113
13.4339
9.17011
5.71847
-22.9398
-20.2252
-14.7344
-10.0129
-6.69663
-5.19254
-4.96214
-5.80466
-7.03211
-8.01641
-8.6841
-8.65851
-8.01613
-6.33384
-3.87852
-0.645015
1.72773
3.24029
3.62794
3.29557
2.15878
0.540808
-1.54682
-3.64625
-5.29976
-6.49593
-6.91234
-6.63384
-5.25701
-3.04721
-0.00845959
2.21314
3.61007
3.89845
3.47798
2.25077
0.541225
-1.64403
-3.83487
-5.55921
-6.80513
-7.23732
-6.94263
-5.5004
-3.1864
-0.00500087
2.32639
3.79969
4.11789
3.69795
2.43707
0.674234
-1.58356
-3.84375
-5.61132
-6.87314
-7.27681
-6.91331
-5.34105
-2.85121
0.550984
3.0609
4.67113
5.0737
4.70874
3.4703
1.71695
-0.540961
-2.77817
-4.46367
-5.57286
-5.71478
-4.96743
-2.83112
0.402647
4.75185
8.25259
10.9371
12.4932
13.477
13.8058
13.9834
14.0265
14.5553
15.6474
15.4557
13.8957
11.5311
8.97912
6.77008
-17.4328
-15.7468
-12.9822
-10.2063
-8.01343
-6.67781
-6.12389
-6.17928
-6.52951
-6.86428
-6.9981
-6.75702
-6.07111
-4.86242
-3.23829
-1.4066
0.13037
1.16144
1.57338
1.4304
0.782117
-0.235597
-1.49207
-2.76075
-3.81523
-4.52535
-4.75622
-4.45962
-3.57357
-2.21446
-0.598892
0.762729
1.65072
1.94189
1.69335
0.948236
-0.159892
-1.5009
-2.84387
-3.95661
-4.70534
-4.95053
-4.64218
-3.71585
-2.29296
-0.59962
0.831467
1.77086
2.0897
1.8474
1.08889
-0.0462141
-1.42164
-2.79536
-3.92385
-4.66654
-4.8768
-4.50204
-3.47467
-1.92254
-0.0831956
1.48423
2.54003
2.95113
2.78236
2.08359
1.00483
-0.306247
-1.58868
-2.57784
-3.11549
-3.0339
-2.26314
-0.715252
1.48664
4.09913
6.52561
8.52444
9.97007
10.9587
11.5574
11.9328
12.1886
12.4614
12.6601
12.3214
11.3386
9.8983
8.29424
6.80805
-13.8807
-12.8215
-11.2461
-9.56017
-8.0958
-7.03742
-6.40822
-6.12931
-6.04914
-6.00152
-5.85194
-5.49608
-4.87888
-3.98923
-2.89694
-1.74378
-0.738497
-0.0258839
0.317899
0.292857
-0.0625755
-0.668189
-1.41977
-2.18371
-2.8266
-3.24492
-3.35965
-3.13423
-2.57135
-1.75104
-0.823655
-0.00567763
0.550776
0.762512
0.623743
0.168425
-0.525678
-1.35497
-2.18441
-2.8782
-3.33065
-3.46087
-3.23164
-2.64638
-1.78898
-0.81662
0.0445623
0.635617
0.869537
0.740183
0.283007
-0.420624
-1.26219
-2.10012
-2.79194
-3.22666
-3.31926
-3.03053
-2.36396
-1.40749
-0.325821
0.644307
1.33727
1.66358
1.61915
1.24405
0.627241
-0.112785
-0.821522
-1.34219
-1.54981
-1.34546
-0.677913
0.458833
1.97938
3.71426
5.41446
6.90839
8.10507
9.00173
9.63052
10.0545
10.3261
10.4742
10.4467
10.1146
9.44028
8.50126
7.43966
6.40387
-11.3236
-10.6397
-9.66892
-8.59504
-7.59353
-6.779
-6.18813
-5.79315
-5.52188
-5.28557
-5.00282
-4.61144
-4.07897
-3.40783
-2.64325
-1.868
-1.18592
-0.682092
-0.406476
-0.368927
-0.547013
-0.890589
-1.32969
-1.78098
-2.16137
-2.40163
-2.45293
-2.29479
-1.93983
-1.44181
-0.890887
-0.397506
-0.0527919
0.08784
0.00995242
-0.267555
-0.696804
-1.20886
-1.72031
-2.14735
-2.41997
-2.48885
-2.3338
-1.9688
-1.45055
-0.873546
-0.353377
0.0146286
0.172471
0.105008
-0.168001
-0.596423
-1.10801
-1.61528
-2.03027
-2.27943
-2.31085
-2.10314
-1.67072
-1.07273
-0.407839
0.203494
0.662462
0.909907
0.93212
0.752538
0.427081
0.0356131
-0.325189
-0.557351
-0.577361
-0.324029
0.231657
1.08023
2.16349
3.37933
4.60035
5.72037
6.67212
7.43051
7.99854
8.3958
8.64118
8.74007
8.67166
8.40077
7.92311
7.28076
6.54788
5.80568
-9.32429
-8.87093
-8.24026
-7.52568
-6.82202
-6.19847
-5.68597
-5.27881
-4.94427
-4.63651
-4.3101
-3.92998
-3.47875
-2.96099
-2.40492
-1.85807
-1.37667
-1.00967
-0.788037
-0.7202
-0.793152
-0.97544
-1.22205
-1.48035
-1.69791
-1.83047
-1.84781
-1.73877
-1.51433
-1.20878
-0.875269
-0.57527
-0.362495
-0.272179
-0.316401
-0.48504
-0.748704
-1.06364
-1.37777
-1.63887
-1.8027
-1.83932
-1.73828
-1.51193
-1.19673
-0.848651
-0.532215
-0.303741
-0.200172
-0.234196
-0.39523
-0.652479
-0.960059
-1.26333
-1.50741
-1.64577
-1.64682
-1.49932
-1.2159
-0.834333
-0.412743
-0.0179203
0.292242
0.480552
0.535666
0.471081
0.32197
0.139844
-0.0141051
-0.0780146
0.00146362
0.262005
0.719458
1.3637
2.15666
3.03694
3.93168
4.77467
5.51759
6.13343
6.61246
6.9558
7.16724
7.24686
7.18823
6.98465
6.64312
6.19062
5.66955
5.12692
-7.66448
-7.35747
-6.93244
-6.44057
-5.93513
-5.45805
-5.03209
-4.65991
-4.3281
-4.01429
-3.69473
-3.35089
-2.97432
-2.56932
-2.15332
-1.75387
-1.40268
-1.12794
-0.948129
-0.868741
-0.88185
-0.967669
-1.09761
-1.23837
-1.35689
-1.42521
-1.42468
-1.34895
-1.20566
-1.01599
-0.811411
-0.627441
-0.49587
-0.438475
-0.463608
-0.565704
-0.726792
-0.919575
-1.11163
-1.27046
-1.36862
-1.38804
-1.32323
-1.18304
-0.990247
-0.778212
-0.5844
-0.442259
-0.374695
-0.390518
-0.483922
-0.636074
-0.818329
-0.996624
-1.13678
-1.20987
-1.1967
-1.09125
-0.902404
-0.653584
-0.379112
-0.117432
0.0974809
0.242994
0.311571
0.311332
0.264396
0.203494
0.167315
0.194837
0.319552
0.56448
0.93828
1.433
2.02409
2.67373
3.33754
3.97306
4.54607
5.03333
5.42179
5.70574
5.88312
5.95272
5.91351
5.76721
5.52291
5.1992
4.82226
4.42089
-6.22478
-6.01397
-5.72085
-5.37498
-5.00742
-4.64399
-4.30076
-3.98285
-3.68602
-3.40033
-3.1143
-2.81896
-2.5108
-2.1935
-1.87788
-1.58017
-1.31862
-1.1095
-0.963614
-0.884088
-0.865848
-0.896372
-0.957571
-1.02844
-1.08814
-1.11913
-1.10982
-1.05642
-0.963772
-0.844704
-0.717877
-0.604167
-0.522444
-0.48594
-0.5
-0.56143
-0.65925
-0.776578
-0.893329
-0.989415
-1.04796
-1.05805
-1.01675
-0.929883
-0.811495
-0.681544
-0.562191
-0.473397
-0.429153
-0.435134
-0.488028
-0.576331
-0.682312
-0.784845
-0.862756
-0.898185
-0.879482
-0.803267
-0.675287
-0.509782
-0.327069
-0.149606
0.00264891
0.116216
0.186565
0.218821
0.226927
0.231539
0.256999
0.327725
0.464529
0.681376
0.982969
1.36354
1.8072
2.29009
2.78415
3.26148
3.69802
4.07551
4.38164
4.60913
4.75419
4.81529
4.79301
4.69091
4.51703
4.28446
4.01016
3.7126
-4.93417
-4.78896
-4.58523
-4.34061
-4.07375
-3.80083
-3.53299
-3.2754
-3.02792
-2.78684
-2.54729
-2.30547
-2.06046
-1.81525
-1.57667
-1.35439
-1.15904
-1.00003
-0.883535
-0.811189
-0.779627
-0.780905
-0.803622
-0.83458
-0.860727
-0.871094
-0.858452
-0.820435
-0.759931
-0.684595
-0.605463
-0.53484
-0.48391
-0.460603
-0.468188
-0.504763
-0.563628
-0.634421
-0.704802
-0.762448
-0.797062
-0.802084
-0.775877
-0.722136
-0.649402
-0.569627
-0.495986
-0.440395
-0.411297
-0.412203
-0.441156
-0.491142
-0.551267
-0.608532
-0.649911
-0.664457
-0.645092
-0.589832
-0.502216
-0.390766
-0.267473
-0.145485
-0.0364786
0.0516657
0.116405
0.161083
0.194484
0.229557
0.281495
0.365458
0.494242
0.676233
0.913923
1.20324
1.53382
1.89039
2.25482
2.60862
2.93504
3.22042
3.45472
3.63124
3.74614
3.79795
3.78745
3.71795
3.5957
3.4298
3.23154
3.01308
-3.74675
-3.64822
-3.5085
-3.33825
-3.14881
-2.95036
-2.75044
-2.5534
-2.36057
-2.17117
-1.98356
-1.79655
-1.61041
-1.42745
-1.25199
-1.08982
-0.947131
-0.829332
-0.739886
-0.679559
-0.646121
-0.634569
-0.637807
-0.647657
-0.656044
-0.656194
-0.643627
-0.616831
-0.577451
-0.529958
-0.4808
-0.437165
-0.405604
-0.390786
-0.39464
-0.416007
-0.450839
-0.492865
-0.534619
-0.568658
-0.588787
-0.591098
-0.574664
-0.541747
-0.497458
-0.448882
-0.403799
-0.369248
-0.350246
-0.34889
-0.364007
-0.391359
-0.424351
-0.4551
-0.475713
-0.479567
-0.462395
-0.422999
-0.36347
-0.288809
-0.206004
-0.122677
-0.0455692
0.0208135
0.0751321
0.119577
0.159629
0.203284
0.259873
0.338646
0.447333
0.590879
0.770539
0.983491
1.22303
1.47937
1.74081
1.99519
2.23112
2.43891
2.61101
2.74209
2.82895
2.87033
2.86683
2.82097
2.7372
2.62173
2.48202
2.32608
-2.63036
-2.56678
-2.47573
-2.36351
-2.23686
-2.10198
-1.96376
-1.82535
-1.68828
-1.5529
-1.41896
-1.28638
-1.15579
-1.02883
-0.908172
-0.797184
-0.699391
-0.617806
-0.554308
-0.509213
-0.481099
-0.466937
-0.462476
-0.46284
-0.463229
-0.459607
-0.449298
-0.431353
-0.406659
-0.377725
-0.348187
-0.322108
-0.303194
-0.29409
-0.295878
-0.307868
-0.327695
-0.351706
-0.375551
-0.394906
-0.406176
-0.407112
-0.397193
-0.377739
-0.351694
-0.323116
-0.29645
-0.275719
-0.26379
-0.261862
-0.269243
-0.283462
-0.30067
-0.316269
-0.325654
-0.324962
-0.311704
-0.285165
-0.246517
-0.198582
-0.145292
-0.0909185
-0.0392191
0.00732979
0.0480732
0.0843944
0.119583
0.158385
0.206302
0.268754
0.350226
0.453518
0.579212
0.725454
0.888066
1.06099
1.23696
1.40832
1.56774
1.70881
1.82635
1.91661
1.97726
2.00733
2.00721
1.97859
1.92437
1.84855
1.75587
1.65139
-1.56057
-1.52491
-1.47345
-1.40954
-1.33675
-1.25843
-1.17733
-1.09534
-1.01358
-0.932538
-0.852387
-0.773346
-0.695936
-0.621147
-0.55043
-0.485551
-0.428314
-0.380233
-0.34223
-0.314413
-0.29599
-0.285336
-0.280196
-0.277993
-0.276189
-0.272654
-0.265965
-0.255597
-0.241977
-0.226364
-0.210597
-0.196736
-0.186661
-0.181711
-0.18243
-0.188448
-0.198533
-0.210788
-0.222957
-0.232798
-0.238453
-0.238761
-0.233459
-0.223227
-0.209581
-0.1946
-0.180559
-0.169517
-0.162939
-0.161434
-0.164638
-0.171263
-0.179311
-0.18639
-0.190108
-0.188457
-0.180139
-0.164773
-0.142941
-0.11607
-0.0861438
-0.0553115
-0.0254552
0.00220344
0.0273797
0.0508396
0.0743331
0.100358
0.131797
0.171472
0.221699
0.283894
0.358295
0.443846
0.538251
0.638208
0.739748
0.838645
0.930803
1.01257
1.08097
1.13378
1.16959
1.18782
1.18865
1.17305
1.14264
1.09966
1.04672
0.98664
-31918.6
-31892.2
-31865.1
-31837.3
-31808.8
-31779.8
-31750.1
-31719.9
-31689.2
-31658.1
-31626.5
-31594.5
-31562.1
-31529.5
-31496.5
-31463.3
-31429.9
-31396.2
-31362.4
-31328.5
-31294.4
-31260.1
-31225.7
-31191.2
-31156.6
-31121.9
-31087
-31052
-31016.8
-30981.6
-30946.3
-30910.8
-30875.3
-30839.7
-30804
-30768.2
-30732.3
-30696.4
-30660.3
-30624.2
-30587.9
-30551.5
-30515
-30478.5
-30441.8
-30405
-30368.1
-30331.1
-30294.1
-30257
-30219.8
-30182.5
-30145.2
-30107.7
-30070.2
-30032.6
-29994.9
-29957.2
-29919.3
-29881.4
-29843.4
-29805.4
-29767.4
-29729.4
-29691.3
-29653.3
-29615.3
-29577.3
-29539.4
-29501.5
-29463.8
-29426.1
-29388.5
-29351.1
-29314
-29277
-29240.4
-29204.1
-29168.2
-29132.7
-29097.7
-29063.2
-29029.3
-28995.9
-28963
-28930.7
-28898.9
-28867.6
-28836.9
-28806.7
-4.52606
0.345715
2.80827
4.07754
4.64451
4.772
4.61993
4.28943
3.84501
3.32793
2.76467
2.1723
1.56191
0.940854
0.314198
0.869635
1.87644
2.95335
3.68307
4.05783
4.14899
4.03102
3.76446
3.39452
2.95359
2.46448
1.94311
1.40066
0.84512
0.282458
3.80342
3.33705
3.44562
3.64357
3.75475
3.73512
3.59069
3.34289
3.01501
2.62743
2.19654
1.735
1.25251
0.756506
0.252974
5.11444
4.22273
3.84852
3.69085
3.58245
3.44607
3.25373
3.00139
2.69519
2.34458
1.95924
1.54787
1.11785
0.675422
0.225908
5.511
4.59091
4.03486
3.68885
3.43815
3.21297
2.97676
2.71377
2.41978
2.09646
1.74798
1.37936
0.995613
0.601424
0.201142
5.4127
4.59503
4.01117
3.59154
3.26834
2.99088
2.72659
2.45712
2.17372
1.87349
1.55686
1.22599
0.883811
0.533519
0.178377
5.0508
4.36533
3.82326
3.39779
3.05281
2.75561
2.48159
2.21442
1.94448
1.66691
1.37998
1.08394
0.780119
0.470465
0.157224
4.55086
3.99225
3.51873
3.12357
2.78949
2.49715
2.22973
1.9745
1.72288
1.46967
1.21223
0.949666
0.68226
0.410996
0.137279
3.9811
3.53408
3.13586
2.78827
2.48441
2.21378
1.96567
1.73098
1.50287
1.27667
1.04959
0.820235
0.588258
0.353983
0.118173
3.3786
3.0271
2.70235
2.40922
2.14612
1.9079
1.68819
1.48089
1.28093
1.08455
0.889211
0.693432
0.496553
0.298503
0.0996033
2.76322
2.49337
2.23723
2.00015
1.78294
1.58351
1.3983
1.22345
1.05543
0.891394
0.729275
0.567729
0.406019
0.243873
0.0813407
2.14513
1.94592
1.75305
1.5712
1.40199
1.24488
1.09805
0.959179
0.825937
0.696319
0.568767
0.44219
0.315921
0.189629
0.0632273
1.52886
1.39211
1.25786
1.12962
1.00895
0.895974
0.789853
0.689277
0.592822
0.499179
0.407282
0.316343
0.225846
0.135496
0.0451667
0.915688
0.835798
0.756673
0.68045
0.608215
0.540211
0.476107
0.415255
0.356894
0.300294
0.244839
0.190056
0.135622
0.0813408
0.0271108
-28773.9
-28738.7
-28704.2
-28670.1
-28636.5
-28603.2
-28570.4
-28537.8
-28505.6
-28473.6
-28441.7
-28410.1
-28378.5
-28347.1
-28315.7
)
;

boundaryField
{
    hot
    {
        type            calculated;
        value           nonuniform List<scalar> 
120
(
32284.1
0.053469
0.0896659
0.12666
0.164684
0.203884
0.244278
0.285726
0.327886
0.370184
0.411796
0.451651
0.488472
0.520863
0.547439
0.565945
0.576812
0.582
0.581532
0.575703
0.565041
0.550248
0.532117
0.511456
0.48902
0.465466
0.441329
0.417026
0.392865
0.369077
0.345837
0.32329
0.301563
0.280779
0.261046
0.242461
0.225095
0.208989
0.194146
0.180535
0.168088
0.156713
0.1463
0.136732
0.127898
0.119697
0.112049
0.104892
0.098185
0.0918994
0.0860167
0.0805212
0.0753942
0.0706103
0.066135
0.0619248
0.0579289
0.0540922
0.0503591
0.0466774
0.0430014
0.039294
0.0355269
0.0316804
0.0277409
0.0236986
0.0195447
0.0152689
0.0108575
0.00629218
0.0015493
-0.00340001
-0.00858952
-0.0140573
-0.0198449
-0.0259965
-0.0325578
-0.0395745
-0.0470904
-0.0551454
-0.063773
-0.0729981
-0.0828348
-0.0932865
-0.104346
-0.115999
-0.128227
-0.141019
-0.154373
-0.168302
-0.182846
-0.198063
-0.214028
-0.230821
-0.248509
-0.267121
-0.286628
-0.30691
-0.327737
-0.348746
-0.369439
-0.389185
-0.407251
-0.422843
-0.435168
-0.443862
-0.447222
-0.443331
-0.432047
-0.413676
-0.388887
-0.358584
-0.32378
-0.285477
-0.244583
-0.201866
-0.157931
-0.113233
-0.0680885
-32289.4
)
;
    }
    cold
    {
        type            calculated;
        value           nonuniform List<scalar> 
120
(
28318.1
-0.0207381
-0.0359829
-0.0533817
-0.0738327
-0.0982449
-0.127501
-0.162392
-0.203512
-0.251123
-0.304995
-0.364248
-0.427243
-0.491572
-0.554202
-0.607503
-0.649921
-0.685186
-0.712156
-0.730224
-0.739338
-0.739934
-0.732823
-0.719041
-0.69971
-0.675925
-0.648677
-0.618821
-0.587075
-0.554037
-0.520217
-0.486065
-0.451992
-0.418377
-0.385566
-0.353868
-0.323535
-0.294762
-0.267674
-0.242326
-0.218713
-0.196777
-0.176417
-0.157512
-0.139927
-0.123527
-0.108187
-0.0937978
-0.0802628
-0.0675019
-0.0554475
-0.0440412
-0.033231
-0.0229688
-0.0132076
-0.00390004
0.00500331
0.0135557
0.0218158
0.0298488
0.0377275
0.0455321
0.0533491
0.0612687
0.0693814
0.0777743
0.0865266
0.0957068
0.105371
0.115563
0.126317
0.137664
0.149637
0.16228
0.175651
0.18983
0.204914
0.221012
0.238236
0.256677
0.276393
0.297381
0.31956
0.342756
0.366693
0.39099
0.415176
0.438703
0.460972
0.481359
0.499249
0.514056
0.525248
0.532368
0.535053
0.533058
0.526278
0.514778
0.498812
0.478833
0.455478
0.429529
0.401855
0.373333
0.34478
0.314198
0.282458
0.252974
0.225908
0.201142
0.178377
0.157224
0.137279
0.118173
0.0996033
0.0813407
0.0632273
0.0451667
0.0271108
-28315.7
)
;
    }
    interface_left
    {
        type            calculated;
        value           nonuniform List<scalar> 
90
(
24.1609
59.8864
62.3983
35.946
26.0985
16.9932
12.7091
7.17978
8.68781
9.08974
9.51225
9.79469
10.4905
11.4469
14.3695
13.8343
9.14491
7.29024
5.45632
4.56188
3.43981
2.79241
1.72813
2.30188
2.51934
2.80808
2.99583
3.37798
3.79766
4.95977
4.84936
3.32566
2.72127
2.10859
1.80312
1.39906
1.15563
0.724593
1.00759
1.12329
1.28049
1.38127
1.57755
1.78186
2.33344
2.28113
1.55768
1.26604
0.96056
0.805034
0.595076
0.469906
0.259849
0.327779
0.329756
0.300087
0.256784
0.156178
0.0560576
-0.176649
-0.284678
-0.410181
-0.484591
-0.592241
-0.64933
-0.709027
-0.718309
-0.624907
-1.10816
-1.43509
-2.03273
-2.51671
-3.51497
-4.50476
-6.98222
-7.30462
-5.90289
-5.43982
-5.09329
-4.92656
-4.65521
-4.37657
-3.50773
-6.48698
-6.51523
-3.41578
-3.22623
-4.92762
-10.3755
-27.6648
)
;
    }
    interface_right
    {
        type            calculated;
        value           nonuniform List<scalar> 
90
(
-11.383
-111.567
-124.036
-68.159
-48.1268
-30.5795
-22.5676
-12.5472
-15.1548
-15.829
-16.4794
-16.8981
-17.9288
-19.4135
-24.0329
-22.9911
-14.9074
-11.6962
-8.4989
-6.95237
-5.04688
-3.98655
-2.35761
-2.92676
-3.06335
-3.16459
-3.19971
-3.28975
-3.46241
-4.07925
-3.80972
-2.30153
-1.69336
-1.08685
-0.796986
-0.462636
-0.294106
-0.101846
0.0318883
0.147219
0.364051
0.534605
0.869284
1.17775
1.91323
2.02809
1.67087
1.55097
1.44551
1.38889
1.27799
1.17986
0.886743
1.46057
1.80272
2.38622
2.83747
3.74844
4.64837
6.90755
7.11744
5.54716
4.99641
4.51775
4.28779
3.92274
3.63121
2.792
4.58551
5.71949
7.73203
9.38168
12.8166
16.3487
25.333
26.6032
21.8787
20.5659
20.2274
20.4327
21.3642
21.8721
22.1068
51.5097
50.3113
17.188
6.82247
2.82298
0.134973
-4.59127
)
;
    }
    interface_top
    {
        type            calculated;
        value           nonuniform List<scalar> 
90
(
-119.492
-197.024
106.611
-3.19317
56.7071
-1.42263
32.8997
-0.942417
-32.6004
-0.624348
-44.3211
-0.584033
-57.4138
-0.0317566
-83.8224
80.4556
-2.80798
53.2173
-2.05995
39.2012
-1.93424
26.6047
-1.61225
-29.8278
-1.34979
-42.4832
-1.3569
-56.6137
-0.876632
-84.1146
80.0066
-3.69547
53.5993
-2.66588
39.7747
-2.41942
27.0818
-2.0106
-31.1864
-1.69658
-44.375
-1.66574
-59.1465
-1.10478
-87.8631
83.3709
-3.95169
55.9257
-2.82393
41.5758
-2.51612
28.3866
-2.03608
-32.5734
-1.62696
-46.3684
-1.46936
-61.8072
-0.67159
-91.7764
88.2187
-3.40808
59.2936
-2.31104
44.3532
-1.96222
30.6665
-1.39986
-33.7297
-0.831357
-48.615
-0.444768
-65.6476
0.761548
-99.2029
100.076
-1.98821
70.412
-0.725067
57.4392
-0.0491394
48.533
1.97481
-58.754
110.841
57.2582
32.8476
17.4565
3.43729
-15.9439
)
;
    }
    interface_bottom
    {
        type            calculated;
        value           nonuniform List<scalar> 
90
(
37.2883
113.223
-84.5862
2.51986
-51.7113
0.860741
-32.9874
-0.0981966
31.6242
-0.874281
44.0422
-1.33929
57.7468
-2.33332
85.1012
-86.667
0.143852
-58.2303
-0.837319
-43.6006
-1.13908
-30.5315
-1.6151
27.1621
-2.11482
39.5722
-2.44341
53.0944
-3.48847
79.1303
-83.0933
-0.962862
-56.0276
-1.63289
-42.0924
-1.75184
-29.6485
-2.11391
25.3149
-2.55291
37.1868
-2.83981
50.0834
-3.87991
74.7186
-79.3427
-1.29933
-53.4682
-1.79644
-40.1697
-1.83155
-28.3126
-2.12955
23.9568
-2.51236
35.2736
-2.74195
47.5679
-3.64896
71.0865
-75.3947
-1.15415
-50.7962
-1.61543
-38.1363
-1.63892
-26.816
-1.88893
22.9387
-2.16743
33.7855
-2.25116
45.6641
-2.80402
68.7163
-71.9068
-0.514309
-48.7319
-1.0865
-37.1198
-1.30558
-27.4527
-2.25827
24.806
-28.7999
-4.64408
10.6777
25.9312
48.3089
94.0298
)
;
    }
    defaultFaces
    {
        type            empty;
    }
}


// ************************************************************************* //
