/*--------------------------------*- C++ -*----------------------------------*\
| =========                 |                                                 |
| \\      /  F ield         | OpenFOAM: The Open Source CFD Toolbox           |
|  \\    /   O peration     | Version:  5.x                                   |
|   \\  /    A nd           | Web:      www.OpenFOAM.org                      |
|    \\/     M anipulation  |                                                 |
\*---------------------------------------------------------------------------*/
FoamFile
{
    version     2.0;
    format      ascii;
    class       volScalarField;
    location    "15.0999";
    object      gradTx;
}
// * * * * * * * * * * * * * * * * * * * * * * * * * * * * * * * * * * * * * //

dimensions      [0 -1 0 1 0 0 0];

internalField   nonuniform List<scalar> 
6300
(
-31.9428
-32.0135
-32.1544
-32.3638
-32.6397
-32.9788
-33.3769
-33.8285
-34.327
-34.8641
-35.4307
-36.0163
-36.6097
-37.1998
-37.776
-31.872
-31.9435
-32.0857
-32.2974
-32.5765
-32.9198
-33.3233
-33.7817
-34.2882
-34.8348
-35.4118
-36.0084
-36.6131
-37.2138
-37.7993
-31.7299
-31.8026
-31.9476
-32.1637
-32.449
-32.8006
-33.2149
-33.6868
-34.2095
-34.775
-35.3732
-35.9925
-36.6203
-37.2431
-37.8479
-31.5149
-31.5896
-31.7385
-31.9608
-32.255
-32.6189
-33.0491
-33.5409
-34.0882
-34.6825
-35.3134
-35.9683
-36.6326
-37.2904
-37.926
-31.2253
-31.3023
-31.456
-31.686
-31.9915
-32.3708
-32.8216
-33.3398
-33.9197
-34.5533
-35.2297
-35.9347
-36.6513
-37.36
-38.0406
-30.8588
-30.9382
-31.0972
-31.3359
-31.6541
-32.0514
-32.5266
-33.0769
-33.6977
-34.3815
-35.1173
-35.8895
-36.6778
-37.4578
-38.2021
-30.4128
-30.4946
-30.6588
-30.9061
-31.2376
-31.6543
-32.1565
-32.7436
-33.4127
-34.1578
-34.9685
-35.8281
-36.7128
-37.5913
-38.426
-29.885
-29.9688
-30.1373
-30.3922
-30.7361
-31.1716
-31.7016
-32.3282
-33.0516
-33.8687
-34.7708
-35.7415
-36.7539
-37.7687
-38.7334
-29.2734
-29.3583
-29.5294
-29.7896
-30.1428
-30.5944
-31.1502
-31.8161
-32.597
-33.4945
-34.5044
-35.6131
-36.7927
-37.9962
-39.1526
-28.577
-28.6615
-28.8325
-29.0938
-29.4514
-29.9131
-30.4886
-31.1891
-32.0257
-33.0077
-34.1392
-35.4136
-36.8073
-38.2707
-39.7154
-27.7961
-27.8784
-28.0453
-28.3019
-28.6558
-29.1179
-29.7022
-30.4259
-31.3088
-32.3714
-33.6308
-35.0946
-36.7519
-38.5635
-40.4431
-26.933
-27.0106
-27.1685
-27.4126
-27.7522
-28.2007
-28.7764
-29.5034
-30.4121
-31.5379
-32.9176
-34.5813
-36.5415
-38.7874
-41.2927
-25.9925
-26.0626
-26.2056
-26.428
-26.7398
-27.1562
-27.6991
-28.3992
-29.2981
-30.4501
-31.9194
-33.7699
-36.0427
-38.7484
-41.9903
-24.9819
-25.0416
-25.1636
-25.354
-25.6227
-25.9851
-26.4646
-27.0959
-27.9307
-29.044
-30.5382
-32.5321
-35.1029
-38.158
-41.5693
-23.9118
-23.9582
-24.0533
-24.2018
-24.412
-24.6971
-25.0782
-25.5888
-26.2842
-27.2558
-28.6542
-30.7085
-33.6552
-37.1577
-37.5482
-38.2848
-38.7245
-39.14
-39.5295
-39.8919
-40.2273
-40.5361
-40.8186
-41.0752
-41.3057
-41.5095
-41.6856
-41.8329
-41.9509
-42.0392
-42.0989
-42.1317
-42.1407
-42.1296
-42.1028
-42.0644
-42.0183
-41.9674
-41.9135
-41.8571
-41.7975
-41.7334
-41.6627
-41.5836
-41.4947
-41.3952
-41.2855
-41.1671
-41.0422
-40.9138
-40.7845
-40.6572
-40.5335
-40.4144
-40.2997
-40.1882
-40.0778
-39.9664
-39.8517
-39.732
-39.6062
-39.4746
-39.3381
-39.1988
-39.059
-38.9214
-38.7882
-38.661
-38.5405
-38.4263
-38.3172
-38.2113
-38.1061
-37.9996
-37.8899
-37.7762
-37.6584
-37.5375
-37.4154
-37.2943
-37.1767
-37.0648
-36.96
-36.863
-36.7738
-36.6911
-36.6134
-36.5389
-36.4659
-36.3933
-36.3212
-36.2504
-36.1833
-36.1229
-36.073
-36.0377
-36.0207
-36.0248
-36.052
-36.1022
-36.1738
-36.2634
-36.3662
-36.4759
-36.5856
-38.3151
-38.7593
-39.1776
-39.5683
-39.9309
-40.2657
-40.5738
-40.8559
-41.1127
-41.3441
-41.5493
-41.7269
-41.8754
-41.9934
-42.0806
-42.1375
-42.166
-42.1695
-42.1524
-42.1194
-42.0756
-42.0253
-41.9718
-41.9171
-41.8615
-41.8041
-41.7427
-41.6749
-41.5979
-41.5098
-41.4098
-41.2981
-41.1764
-41.0475
-40.9148
-40.7819
-40.6518
-40.5269
-40.4081
-40.2951
-40.1864
-40.0794
-39.9712
-39.859
-39.7406
-39.6147
-39.4815
-39.3422
-39.1994
-39.0559
-38.9151
-38.7796
-38.6514
-38.5314
-38.419
-38.3127
-38.2101
-38.1081
-38.004
-37.8957
-37.782
-37.6628
-37.5393
-37.4139
-37.2893
-37.1686
-37.0545
-36.9486
-36.852
-36.7642
-36.6839
-36.6089
-36.5367
-36.4652
-36.3928
-36.3191
-36.2453
-36.1736
-36.1077
-36.052
-36.0113
-35.9901
-35.9918
-36.0188
-36.0713
-36.1478
-36.2446
-36.3562
-36.4758
-36.5955
-38.378
-38.8312
-39.2549
-39.6477
-40.0098
-40.3427
-40.6487
-40.9297
-41.1869
-41.4204
-41.6289
-41.8102
-41.9615
-42.0805
-42.1656
-42.2168
-42.2364
-42.2282
-42.1978
-42.1516
-42.096
-42.0368
-41.978
-41.922
-41.8687
-41.8163
-41.7615
-41.7001
-41.6281
-41.5423
-41.4412
-41.325
-41.1961
-41.0582
-40.9162
-40.775
-40.6391
-40.5115
-40.3935
-40.2845
-40.1821
-40.0826
-39.9818
-39.8753
-39.7599
-39.6338
-39.4971
-39.3516
-39.2008
-39.0491
-38.9009
-38.7604
-38.6301
-38.5112
-38.403
-38.3031
-38.2078
-38.1131
-38.0147
-37.9095
-37.7957
-37.6733
-37.544
-37.4112
-37.2788
-37.1512
-37.0321
-36.9241
-36.8283
-36.744
-36.6691
-36.6002
-36.5336
-36.4657
-36.394
-36.3174
-36.237
-36.1556
-36.0778
-36.0095
-35.957
-35.9264
-35.9225
-35.9487
-36.0059
-36.0925
-36.2044
-36.3349
-36.4755
-36.6165
-38.4786
-38.9457
-39.3768
-39.7712
-40.1306
-40.4585
-40.7596
-41.0376
-41.2952
-41.5325
-41.7476
-41.9365
-42.0944
-42.2164
-42.2992
-42.3419
-42.3467
-42.3189
-42.2661
-42.1973
-42.1218
-42.0475
-41.9803
-41.9228
-41.8746
-41.8321
-41.7897
-41.7406
-41.6781
-41.5969
-41.4942
-41.3703
-41.2286
-41.0748
-40.9163
-40.7607
-40.6144
-40.4823
-40.3659
-40.2643
-40.1736
-40.0879
-40.0004
-39.9044
-39.7946
-39.6682
-39.5252
-39.3686
-39.2036
-39.0371
-38.8759
-38.7263
-38.5924
-38.4757
-38.375
-38.2867
-38.2049
-38.1232
-38.0351
-37.9356
-37.8217
-37.6936
-37.5539
-37.4077
-37.2613
-37.1214
-36.9937
-36.882
-36.7879
-36.7103
-36.6455
-36.5883
-36.5323
-36.4718
-36.4022
-36.3213
-36.2301
-36.1322
-36.0342
-35.9442
-35.8713
-35.8241
-35.81
-35.834
-35.8981
-36.0009
-36.1374
-36.299
-36.4745
-36.651
-38.6257
-39.1118
-39.5516
-39.9451
-40.2965
-40.6131
-40.9035
-41.175
-41.4325
-41.6766
-41.904
-42.1076
-42.2788
-42.4086
-42.4904
-42.5215
-42.5041
-42.4456
-42.3572
-42.2527
-42.1457
-42.0482
-41.9686
-41.9103
-41.8721
-41.8477
-41.8277
-41.8005
-41.755
-41.6824
-41.5778
-41.4414
-41.2785
-41.0982
-40.9123
-40.7327
-40.5696
-40.4302
-40.3171
-40.2284
-40.1578
-40.0958
-40.0312
-39.9533
-39.8533
-39.7266
-39.5731
-39.3976
-39.2087
-39.0172
-38.8344
-38.6697
-38.5298
-38.417
-38.3293
-38.2607
-38.202
-38.1426
-38.0721
-37.9822
-37.8684
-37.7306
-37.5732
-37.4045
-37.2346
-37.0741
-36.9321
-36.8146
-36.7239
-36.6581
-36.6112
-36.5745
-36.5377
-36.491
-36.4265
-36.3402
-36.2327
-36.1092
-35.9791
-35.8544
-35.7485
-35.6742
-35.6426
-35.6615
-35.7345
-35.8608
-36.0342
-36.2432
-36.4723
-36.7032
-38.8331
-39.3447
-39.7932
-40.1797
-40.5126
-40.8056
-41.0744
-41.3327
-41.589
-41.8449
-42.0944
-42.3255
-42.5227
-42.67
-42.7548
-42.7709
-42.7208
-42.6152
-42.4717
-42.3115
-42.156
-42.0233
-41.926
-41.8691
-41.8496
-41.8572
-41.8759
-41.8867
-41.871
-41.8139
-41.7071
-41.5507
-41.3533
-41.1298
-40.8993
-40.6808
-40.4907
-40.3402
-40.2332
-40.1664
-40.1296
-40.1074
-40.0814
-40.0339
-39.9506
-39.8235
-39.6526
-39.4458
-39.2174
-38.985
-38.7666
-38.5776
-38.4282
-38.3221
-38.2562
-38.2204
-38.2001
-38.178
-38.1369
-38.0633
-37.9496
-37.7956
-37.609
-37.403
-37.1944
-37.0003
-36.8351
-36.7085
-36.6241
-36.5785
-36.5622
-36.5607
-36.5574
-36.5356
-36.4822
-36.3898
-36.2583
-36.0957
-35.916
-35.7375
-35.5801
-35.463
-35.4026
-35.4108
-35.4944
-35.6531
-35.8795
-36.1584
-36.4676
-36.78
-39.1223
-39.6683
-40.124
-40.4915
-40.786
-41.0329
-41.2604
-41.4931
-41.7461
-42.0222
-42.3112
-42.5923
-42.8384
-43.0213
-43.1178
-43.1157
-43.0173
-42.8395
-42.6103
-42.3637
-42.1332
-41.9474
-41.8252
-41.7739
-41.7882
-41.8507
-41.9354
-42.011
-42.0467
-42.0171
-41.9079
-41.7192
-41.4654
-41.1717
-40.8689
-40.588
-40.355
-40.1873
-40.0913
-40.0613
-40.0806
-40.1242
-40.1625
-40.1661
-40.1109
-39.9834
-39.7837
-39.5253
-39.2319
-38.9327
-38.6566
-38.4283
-38.264
-38.1696
-38.1395
-38.1579
-38.201
-38.2405
-38.2485
-38.2022
-38.0887
-37.9079
-37.6725
-37.4052
-37.1334
-36.8847
-36.6824
-36.5419
-36.4685
-36.4569
-36.4917
-36.5497
-36.6036
-36.6259
-36.5942
-36.4954
-36.3289
-36.1068
-35.8512
-35.5902
-35.3537
-35.1702
-35.0635
-35.0519
-35.1459
-35.3478
-35.6493
-36.0301
-36.4581
-36.8925
-39.5263
-40.1221
-40.582
-40.9082
-41.1282
-41.2881
-41.4389
-41.6241
-41.8701
-42.181
-42.5393
-42.9095
-43.2452
-43.4969
-43.6229
-43.5993
-43.4281
-43.1375
-42.7741
-42.3926
-42.0463
-41.7797
-41.6222
-41.5845
-41.6572
-41.8123
-42.0078
-42.193
-42.3164
-42.3347
-42.2231
-41.9815
-41.635
-41.2266
-40.8071
-40.4262
-40.1252
-39.9314
-39.8544
-39.885
-39.9965
-40.1487
-40.2938
-40.3829
-40.3753
-40.2474
-39.9994
-39.655
-39.2548
-38.8468
-38.4779
-38.1868
-37.9993
-37.9244
-37.953
-38.0599
-38.2069
-38.3485
-38.4384
-38.438
-38.3247
-38.0986
-37.7821
-37.4138
-37.0391
-36.7024
-36.4408
-36.2784
-36.2239
-36.2685
-36.3877
-36.5447
-36.6952
-36.794
-36.8028
-36.6985
-36.4796
-36.1662
-35.7942
-35.4075
-35.0513
-34.7665
-34.5877
-34.5407
-34.6422
-34.8991
-35.3047
-35.8337
-36.4397
-37.0585
-40.0961
-40.7717
-41.2327
-41.4776
-41.5572
-41.5565
-41.5678
-41.6676
-41.9005
-42.2717
-42.75
-43.2763
-43.7726
-44.1537
-44.3433
-44.2952
-44.0109
-43.5405
-42.9639
-42.3706
-41.8448
-41.455
-41.2467
-41.2361
-41.4074
-41.7159
-42.0951
-42.464
-42.7372
-42.8397
-42.7254
-42.3948
-41.8939
-41.2974
-40.6897
-40.1494
-39.741
-39.5071
-39.4627
-39.5924
-39.8537
-40.1836
-40.5055
-40.7389
-40.8128
-40.6843
-40.3538
-39.8651
-39.289
-38.7048
-38.187
-37.7963
-37.5725
-37.53
-37.6539
-37.904
-38.2205
-38.5308
-38.7585
-38.8362
-38.723
-38.4194
-37.9665
-37.4316
-36.8899
-36.4122
-36.0561
-35.8598
-35.8367
-35.9727
-36.2294
-36.5489
-36.8613
-37.0918
-37.1742
-37.0666
-36.7663
-36.3098
-35.7582
-35.1811
-34.6458
-34.2104
-33.9221
-33.8154
-33.9148
-34.2364
-34.7824
-35.5266
-36.4027
-37.3073
-40.9082
-41.7302
-42.1947
-42.2852
-42.1022
-41.8077
-41.5694
-41.5196
-41.7319
-42.2079
-42.8916
-43.6862
-44.4659
-45.0861
-45.4061
-45.3309
-44.8618
-44.0965
-43.1775
-42.2516
-41.4475
-40.869
-40.5863
-40.6259
-40.9599
-41.5178
-42.1971
-42.8726
-43.4041
-43.6566
-43.5394
-43.0533
-42.2902
-41.3847
-40.475
-39.6828
-39.1057
-38.8099
-38.8202
-39.1101
-39.6123
-40.23
-40.8449
-41.3245
-41.5419
-41.412
-40.936
-40.2012
-39.3347
-38.4672
-37.7133
-37.1651
-36.8849
-36.8959
-37.173
-37.6526
-38.2431
-38.8322
-39.2944
-39.5093
-39.3958
-38.9549
-38.2691
-37.4591
-36.6486
-35.9468
-35.4412
-35.1916
-35.2202
-35.5033
-35.9803
-36.5636
-37.1451
-37.603
-37.8192
-37.7122
-37.2781
-36.5905
-35.7588
-34.8947
-34.0962
-33.4427
-32.9947
-32.7936
-32.8675
-33.2505
-33.9748
-35.0292
-36.325
-37.6885
-42.0732
-43.2038
-43.6952
-43.4861
-42.8078
-41.9788
-41.2997
-40.9943
-41.1838
-41.8449
-42.8735
-44.1176
-45.389
-46.4505
-47.038
-46.9338
-46.1392
-44.8737
-43.4013
-41.9569
-40.7254
-39.8569
-39.462
-39.5915
-40.1903
-41.1447
-42.3045
-43.4888
-44.4725
-45.006
-44.8847
-44.1105
-42.8916
-41.4778
-40.0911
-38.9063
-38.0651
-37.6721
-37.7752
-38.3219
-39.2044
-40.2805
-41.379
-42.2876
-42.7713
-42.6381
-41.8909
-40.7268
-39.382
-38.066
-36.9434
-36.1478
-35.7779
-35.8787
-36.4006
-37.2417
-38.2675
-39.3162
-40.1865
-40.6553
-40.5401
-39.8431
-38.7508
-37.4871
-36.2509
-35.1986
-34.4579
-34.1229
-34.2373
-34.7546
-35.5784
-36.5808
-37.6068
-38.4622
-38.9297
-38.8288
-38.1548
-37.0788
-35.8059
-34.5141
-33.3375
-32.3792
-31.7119
-31.3757
-31.375
-31.7732
-32.6919
-34.1844
-36.1495
-38.2898
-43.7202
-45.6012
-46.2054
-45.3607
-43.7292
-41.9349
-40.4927
-39.7567
-39.9567
-40.953
-42.545
-44.5098
-46.614
-48.4975
-49.6657
-49.531
-48.0947
-45.9487
-43.5847
-41.3557
-39.4805
-38.1628
-37.5825
-37.8813
-38.9085
-40.476
-42.3767
-44.394
-46.1892
-47.2983
-47.1699
-45.8082
-43.7737
-41.5319
-39.4167
-37.6349
-36.3792
-35.82
-36.0914
-37.0502
-38.518
-40.2985
-42.1866
-43.8625
-44.8891
-44.7482
-43.446
-41.5126
-39.3879
-37.3863
-35.7025
-34.5178
-33.9931
-34.255
-35.1684
-36.5648
-38.259
-40.0572
-41.6566
-42.6424
-42.5221
-41.3003
-39.4793
-37.4757
-35.5881
-34.002
-32.8903
-32.4072
-32.6742
-33.5645
-34.9193
-36.5639
-38.3142
-39.8798
-40.8589
-40.7705
-39.6104
-37.8508
-35.8801
-33.9674
-32.2647
-30.8966
-29.9523
-29.4748
-29.3078
-29.5467
-30.5825
-32.659
-35.7217
-39.2753
-45.843
-49.8498
-50.8144
-48.366
-44.8769
-41.3827
-38.6703
-37.1719
-37.5832
-39.2034
-41.6797
-44.7012
-48.1569
-51.5745
-54.1695
-54.0022
-51.0724
-47.3376
-43.5736
-40.245
-37.4331
-35.4066
-34.4372
-35.1222
-36.8489
-39.3272
-42.2812
-45.6187
-48.894
-51.3727
-51.2311
-48.4748
-44.9543
-41.4039
-38.262
-35.6061
-33.6901
-32.772
-33.4176
-35.0456
-37.381
-40.1618
-43.2998
-46.3724
-48.6879
-48.5309
-45.9098
-42.5741
-39.2166
-36.2489
-33.7429
-31.9372
-31.0756
-31.6932
-33.2407
-35.4589
-38.1009
-41.0844
-44.0103
-46.2223
-46.0903
-43.6206
-40.4706
-37.2972
-34.4913
-32.1221
-30.4176
-29.6112
-30.2137
-31.7054
-33.8428
-36.395
-39.2875
-42.1419
-44.3255
-44.2553
-41.9294
-38.9269
-35.8707
-33.1186
-30.71
-28.8035
-27.5205
-27.1267
-26.6564
-26.1725
-26.9743
-29.7137
-34.5872
-40.9765
-47.371
-58.5073
-60.4096
-52.8992
-46.011
-39.6933
-35.0974
-31.837
-33.469
-36.2212
-40.0294
-44.2672
-49.7547
-55.8358
-62.6512
-62.4512
-55.2091
-48.7686
-42.9354
-38.3902
-34.2547
-31.1282
-28.9094
-30.8632
-33.707
-37.4933
-41.6334
-46.9332
-52.7456
-59.2204
-59.0574
-52.2419
-46.178
-40.6874
-36.4074
-32.5119
-29.564
-27.4722
-29.329
-32.0223
-35.6027
-39.5108
-44.5072
-49.9726
-56.0469
-55.862
-49.4027
-43.6668
-38.4838
-34.4467
-30.7751
-27.9971
-26.0281
-27.7922
-30.3472
-33.7428
-37.4511
-42.1946
-47.392
-53.1775
-53.0246
-46.9206
-41.4955
-36.5895
-32.7657
-29.2849
-26.6516
-24.7866
-26.4726
-28.9165
-32.1692
-35.736
-40.3156
-45.3702
-51.0373
-50.9885
-45.2225
-40.0803
-35.4232
-31.775
-28.4325
-25.8127
-23.8083
-24.8888
-24.0244
-20.9468
-20.5761
-23.6952
-31.2699
-44.1081
-40.9125
-80.3881
-83.8134
-56.7959
-46.3607
-35.5212
-29.6008
-19.4576
-27.742
-31.7185
-37.7606
-42.0337
-50.4974
-59.0399
-81.2349
-81.0406
-58.1913
-49.3249
-40.4423
-35.9457
-29.6232
-25.5425
-17.3733
-25.3225
-29.208
-35.1499
-39.3158
-47.5095
-55.6434
-76.6266
-76.4633
-54.9265
-46.5763
-38.2278
-33.9992
-28.0531
-24.2053
-16.4863
-24.036
-27.7218
-33.3522
-37.2928
-45.0391
-52.6959
-72.4193
-72.2284
-51.8538
-43.9632
-36.1011
-32.1182
-26.5202
-22.8922
-15.6048
-22.7523
-26.2433
-31.5763
-35.3107
-42.6513
-49.9266
-68.684
-68.5287
-49.2429
-41.7729
-34.3235
-30.5462
-25.2272
-21.7794
-14.8487
-21.6399
-24.9629
-30.0434
-33.6185
-40.6596
-47.7164
-65.9803
-65.9542
-47.6174
-40.5351
-33.5232
-29.9912
-25.1141
-21.9357
-15.654
-25.4513
-24.5796
-11.8233
-9.15253
-11.2605
-20.3731
-50.2143
-36.6976
-36.801
-36.8758
-36.9165
-36.9214
-36.8922
-36.8338
-36.7529
-36.6578
-36.5569
-36.4586
-36.3703
-36.2983
-36.2475
-36.2213
-36.7175
-36.8297
-36.9099
-36.9523
-36.9554
-36.9215
-36.8562
-36.7672
-36.6635
-36.5544
-36.4486
-36.3539
-36.2771
-36.223
-36.1951
-36.7597
-36.8903
-36.9817
-37.0275
-37.0265
-36.9823
-36.9023
-36.7962
-36.6747
-36.5485
-36.4273
-36.3199
-36.2331
-36.1723
-36.141
-36.8294
-36.99
-37.0993
-37.1495
-37.1406
-37.0788
-36.9745
-36.8406
-36.6907
-36.5375
-36.3924
-36.2651
-36.1631
-36.092
-36.0556
-36.9354
-37.1411
-37.2758
-37.3306
-37.3077
-37.2177
-37.0762
-36.9012
-36.7099
-36.5184
-36.3398
-36.185
-36.0622
-35.9772
-35.9337
-37.0921
-37.3633
-37.5323
-37.5895
-37.5419
-37.408
-37.2116
-36.9778
-36.7295
-36.4862
-36.2634
-36.073
-35.9234
-35.8207
-35.7685
-37.3229
-37.6875
-37.9004
-37.9532
-37.8626
-37.6607
-37.3844
-37.0689
-36.7442
-36.4336
-36.1547
-35.92
-35.7379
-35.6138
-35.551
-37.6657
-38.1634
-38.4288
-38.4601
-38.2946
-37.9878
-37.5964
-37.1693
-36.7446
-36.3493
-36.0019
-35.7145
-35.4942
-35.3455
-35.2707
-38.1844
-38.8716
-39.1914
-39.1638
-38.868
-38.3994
-37.844
-37.2675
-36.7155
-36.217
-35.7892
-35.4417
-35.1791
-35.0034
-34.9155
-38.9911
-39.9472
-40.3013
-40.1358
-39.614
-38.898
-38.1127
-37.3412
-36.6329
-36.0139
-35.4963
-35.084
-34.7769
-34.5736
-34.4724
-40.2945
-41.6248
-41.9308
-41.464
-40.5543
-39.4659
-38.3676
-37.3517
-36.4609
-35.7096
-35.0982
-34.6211
-34.271
-34.0416
-33.9281
-42.5159
-44.3266
-44.333
-43.2351
-41.6734
-40.0436
-38.54
-37.2371
-36.1493
-35.2653
-34.5658
-34.031
-33.6445
-33.3937
-33.2704
-46.5944
-48.8327
-47.8395
-45.4701
-42.8607
-40.495
-38.5117
-36.9075
-35.634
-34.6366
-33.8685
-33.2928
-32.8823
-32.6184
-32.4893
-54.9098
-56.5705
-52.7221
-47.9449
-43.8044
-40.564
-38.1044
-36.2473
-34.8424
-33.7788
-32.9789
-32.3892
-31.9736
-31.7083
-31.5791
-74.4913
-69.8175
-58.5337
-49.7829
-43.8481
-39.8522
-37.0945
-35.135
-33.7094
-32.6572
-31.879
-31.3116
-30.9145
-30.6622
-30.5396
-22.8884
-22.9206
-22.9865
-23.089
-23.2334
-23.4284
-23.6883
-24.0378
-24.5213
-25.2238
-26.3211
-28.2022
-31.7651
-38.944
-51.7139
-21.9357
-21.9541
-21.9914
-22.0485
-22.127
-22.2299
-22.3625
-22.5345
-22.766
-23.1012
-23.6505
-24.7306
-27.4359
-36.4685
-77.6276
-20.9703
-20.9746
-20.9826
-20.993
-21.0036
-21.0109
-21.0092
-20.9898
-20.9385
-20.8297
-20.6082
-20.1029
-18.5475
-11.6648
25.2963
-20.0019
-19.9925
-19.9722
-19.9375
-19.8826
-19.798
-19.6681
-19.4672
-19.1507
-18.637
-17.7647
-16.1937
-13.2087
-7.73152
-3.92298
-19.0401
-19.0181
-18.9717
-18.896
-18.7823
-18.6166
-18.3762
-18.0245
-17.4997
-16.6938
-15.4104
-13.2797
-9.57533
-2.62269
13.4564
-18.0937
-18.0606
-17.9918
-17.8811
-17.7182
-17.4869
-17.1616
-16.7019
-16.0435
-15.0816
-13.6451
-11.4659
-8.19931
-3.8456
-1.97413
-17.1702
-17.1281
-17.0409
-16.9023
-16.7017
-16.4226
-16.0402
-15.5173
-14.7979
-13.7983
-12.3948
-10.4091
-7.57932
-3.34344
4.91494
-16.276
-16.2269
-16.1259
-15.9667
-15.7397
-15.43
-15.0164
-14.469
-13.7468
-12.7954
-11.5483
-9.93866
-7.93615
-5.63447
-3.48068
-15.416
-15.3619
-15.2511
-15.0784
-14.8352
-14.5096
-14.0855
-13.5422
-12.8549
-11.9977
-10.9535
-9.74106
-8.50088
-7.82278
-10.3805
-14.5936
-14.5363
-14.4195
-14.2389
-13.9879
-13.6577
-13.2375
-12.7154
-12.0808
-11.3299
-10.4754
-9.56272
-8.67532
-7.76397
-5.05216
-13.811
-13.7519
-13.6322
-13.4484
-13.1957
-12.8684
-12.4602
-11.9666
-11.3876
-10.7341
-10.0376
-9.36682
-8.86641
-8.95544
-11.8446
-13.0694
-13.0098
-12.8894
-12.7056
-12.4554
-12.1352
-11.7424
-11.2771
-10.7462
-10.1682
-9.58198
-9.05261
-8.64819
-8.20232
-5.57436
-12.3693
-12.31
-12.1905
-12.0091
-11.7638
-11.4526
-11.0748
-10.6334
-10.1374
-9.60804
-9.08688
-8.65166
-8.45878
-8.96449
-12.5476
-11.7103
-11.6519
-11.5346
-11.3571
-11.1179
-10.8161
-10.4516
-10.0275
-9.55187
-9.04222
-8.53213
-8.08245
-7.78428
-7.58951
-5.46926
-11.0918
-11.0349
-10.9206
-10.7479
-10.5157
-10.223
-9.8698
-9.45736
-8.98999
-8.47671
-7.93547
-7.40804
-7.03799
-7.55163
-13.4579
-10.5129
-10.4577
-10.347
-10.1799
-9.95537
-9.67214
-9.32914
-8.92542
-8.46002
-7.93065
-7.32925
-6.62437
-5.67805
-3.76883
3.48819
-9.97221
-9.91916
-9.81267
-9.65194
-9.43583
-9.16277
-8.83065
-8.43634
-7.97448
-7.43464
-6.79491
-6.00838
-4.98682
-3.69973
-3.5621
-9.46839
-9.41771
-9.31597
-9.16242
-8.95584
-8.69441
-8.37536
-7.99418
-7.5431
-7.00802
-6.36253
-5.55562
-4.47999
-2.83236
0.867799
-8.99978
-8.95172
-8.85526
-8.70973
-8.51394
-8.26609
-7.96323
-7.60057
-7.17006
-6.65808
-6.04227
-5.28946
-4.3704
-3.39033
-3.51718
-8.56455
-8.51933
-8.42865
-8.29193
-8.10822
-7.87596
-7.59263
-7.25409
-6.8536
-6.38027
-5.81715
-5.13878
-4.30318
-3.1796
-0.908234
-8.16072
-8.11853
-8.034
-7.90677
-7.73622
-7.52131
-7.26037
-6.95064
-6.58772
-6.16482
-5.67207
-5.09728
-4.43594
-3.76594
-3.80383
-7.78618
-7.74714
-7.66901
-7.5517
-7.39502
-7.19864
-6.962
-6.68413
-6.36351
-5.99789
-5.58398
-5.11591
-4.57472
-3.86066
-2.35953
-7.43877
-7.40289
-7.33123
-7.22396
-7.08139
-6.90394
-6.69226
-6.4473
-6.17055
-5.8645
-5.5335
-5.18531
-4.83355
-4.50195
-4.23888
-7.11627
-7.0835
-7.01818
-6.92076
-6.79198
-6.63302
-6.44564
-6.23256
-5.99795
-5.74844
-5.49497
-5.25719
-5.0784
-5.09564
-5.93548
-6.81653
-6.78673
-6.72744
-6.63933
-6.52354
-6.38183
-6.21688
-6.03277
-5.8357
-5.63515
-5.44556
-5.2881
-5.18712
-5.11809
-4.57784
-6.53749
-6.51043
-6.4567
-6.37713
-6.2731
-6.14678
-6.00144
-5.84199
-5.67586
-5.51424
-5.37385
-5.27979
-5.27365
-5.46775
-6.48237
-6.27725
-6.25266
-6.20392
-6.13192
-6.03816
-5.92495
-5.79579
-5.65585
-5.51291
-5.37859
-5.26997
-5.21043
-5.22115
-5.24759
-4.6286
-6.03408
-6.01168
-5.96729
-5.90182
-5.81671
-5.71422
-5.59763
-5.47181
-5.34399
-5.22508
-5.13201
-5.0923
-5.15772
-5.47564
-6.80777
-5.80648
-5.78597
-5.74532
-5.68535
-5.60735
-5.51327
-5.40588
-5.28916
-5.16887
-5.05365
-4.95701
-4.90116
-4.91896
-4.99937
-4.46787
-5.59313
-5.57424
-5.53677
-5.4814
-5.40917
-5.32157
-5.22062
-5.10899
-4.99025
-4.86931
-4.75369
-4.65887
-4.63672
-4.94802
-7.20291
-5.39291
-5.37541
-5.34066
-5.28917
-5.22168
-5.13916
-5.04277
-4.93376
-4.81317
-4.6813
-4.53592
-4.36614
-4.12291
-3.54696
-1.04916
-5.20484
-5.18856
-5.15619
-5.10806
-5.04462
-4.96637
-4.8737
-4.76656
-4.64394
-4.50267
-4.33509
-4.12443
-3.84017
-3.4805
-3.61537
-5.02808
-5.0129
-4.98267
-4.93757
-4.87785
-4.80361
-4.71468
-4.61013
-4.48766
-4.34231
-4.16419
-3.93383
-3.60979
-3.0706
-1.70492
-4.86186
-4.84771
-4.81947
-4.77726
-4.72116
-4.65107
-4.5665
-4.46615
-4.34727
-4.20472
-4.02957
-3.80831
-3.52883
-3.23464
-3.41628
-4.70548
-4.69229
-4.66597
-4.62659
-4.57418
-4.5086
-4.4293
-4.33504
-4.22334
-4.08977
-3.92697
-3.72322
-3.45809
-3.06824
-2.1595
-4.55827
-4.54601
-4.52155
-4.48498
-4.43637
-4.37565
-4.30249
-4.21604
-4.1146
-3.99514
-3.8528
-3.68077
-3.47397
-3.26216
-3.3658
-4.41957
-4.4082
-4.38555
-4.35174
-4.30696
-4.25135
-4.18492
-4.10746
-4.01837
-3.91639
-3.79927
-3.66248
-3.49333
-3.23699
-2.58728
-4.28877
-4.27824
-4.25729
-4.22613
-4.18509
-4.13456
-4.075
-4.00697
-3.93109
-3.84817
-3.7594
-3.66667
-3.57326
-3.48497
-3.41425
-4.16529
-4.15552
-4.13612
-4.1074
-4.06982
-4.02404
-3.97099
-3.91193
-3.8487
-3.78403
-3.72228
-3.67133
-3.64963
-3.72075
-4.19205
-4.0486
-4.03949
-4.02143
-3.99482
-3.96024
-3.91858
-3.87114
-3.8198
-3.76733
-3.71787
-3.67766
-3.65567
-3.66156
-3.67861
-3.44275
-3.93825
-3.92966
-3.9127
-3.88777
-3.85557
-3.81714
-3.77401
-3.72845
-3.68386
-3.6453
-3.6204
-3.62067
-3.66575
-3.81209
-4.38392
-3.83386
-3.82567
-3.8095
-3.78579
-3.75525
-3.71897
-3.67857
-3.63645
-3.5962
-3.56325
-3.54566
-3.55454
-3.59962
-3.65007
-3.35052
-3.73516
-3.72722
-3.71154
-3.68855
-3.65891
-3.62366
-3.58433
-3.54315
-3.50349
-3.47054
-3.45253
-3.46329
-3.52978
-3.73111
-4.48065
-3.64198
-3.63415
-3.61868
-3.59592
-3.56647
-3.5312
-3.49137
-3.44879
-3.40613
-3.36746
-3.33944
-3.33335
-3.3663
-3.43143
-3.15839
-3.55424
-3.5464
-3.53087
-3.50795
-3.47808
-3.44192
-3.40034
-3.3545
-3.30599
-3.257
-3.21112
-3.1763
-3.18048
-3.36658
-4.61932
-3.47194
-3.464
-3.44821
-3.4248
-3.39406
-3.3564
-3.31226
-3.26208
-3.20618
-3.14438
-3.07513
-2.99217
-2.86833
-2.56098
-1.19514
-3.39517
-3.38704
-3.37085
-3.34674
-3.31486
-3.27538
-3.22837
-3.17365
-3.11047
-3.03693
-2.94868
-2.83643
-2.68361
-2.49046
-2.57741
-3.32405
-3.31569
-3.299
-3.27407
-3.24094
-3.1996
-3.14985
-3.09109
-3.02197
-2.93971
-2.83889
-2.70888
-2.52691
-2.2254
-1.46166
-3.25874
-3.25012
-3.23289
-3.20709
-3.17272
-3.12966
-3.07758
-3.01573
-2.94259
-2.85538
-2.74937
-2.61742
-2.45323
-2.28131
-2.37385
-3.19943
-3.19052
-3.17274
-3.14608
-3.11054
-3.06599
-3.01212
-2.94821
-2.87298
-2.78412
-2.67788
-2.54833
-2.38494
-2.15356
-1.63759
-3.1463
-3.1371
-3.11874
-3.09124
-3.05462
-3.00881
-2.95361
-2.88857
-2.81283
-2.72492
-2.62257
-2.50276
-2.36385
-2.22344
-2.25565
-3.09955
-3.09006
-3.0711
-3.04275
-3.00508
-2.95815
-2.90195
-2.83637
-2.76114
-2.67576
-2.5794
-2.47047
-2.3438
-2.17343
-1.80363
-3.05941
-3.04958
-3.02998
-3.00073
-2.96197
-2.91392
-2.8568
-2.79088
-2.71651
-2.63422
-2.54496
-2.45049
-2.35411
-2.2619
-2.18717
-3.0261
-3.0159
-2.99558
-2.96531
-2.92533
-2.876
-2.81776
-2.75125
-2.67738
-2.59754
-2.51415
-2.43184
-2.36152
-2.33822
-2.51877
-2.99987
-2.98924
-2.96809
-2.93663
-2.89519
-2.84426
-2.78447
-2.71675
-2.64239
-2.56332
-2.48258
-2.40487
-2.33628
-2.27299
-2.1017
-2.98103
-2.9699
-2.94776
-2.91488
-2.87166
-2.81867
-2.75671
-2.68686
-2.61066
-2.53028
-2.44892
-2.37158
-2.30736
-2.28274
-2.43965
-2.96992
-2.9582
-2.9349
-2.90032
-2.85491
-2.79931
-2.73441
-2.6614
-2.58185
-2.49791
-2.41246
-2.32917
-2.25094
-2.16643
-1.94874
-2.96695
-2.95454
-2.92988
-2.89328
-2.84523
-2.78641
-2.71776
-2.64047
-2.55609
-2.4666
-2.37451
-2.28326
-2.19889
-2.1426
-2.24439
-2.9726
-2.9594
-2.93316
-2.8942
-2.84303
-2.78036
-2.70711
-2.62446
-2.53388
-2.43708
-2.336
-2.23256
-2.12733
-2.009
-1.77079
-2.98742
-2.97332
-2.94527
-2.9036
-2.84882
-2.78164
-2.70298
-2.61398
-2.516
-2.41055
-2.29912
-2.18311
-2.06488
-1.95862
-1.97164
-3.01204
-2.99692
-2.96684
-2.92211
-2.86324
-2.79091
-2.70603
-2.60973
-2.50331
-2.38817
-2.26543
-2.1352
-1.99413
-1.82541
-1.54257
-3.04716
-3.03092
-2.99858
-2.95045
-2.887
-2.80889
-2.71702
-2.6125
-2.49669
-2.37106
-2.23695
-2.09482
-1.94257
-1.77143
-1.55599
-3.09356
-3.07609
-3.04129
-2.98942
-2.92093
-2.83644
-2.73679
-2.62313
-2.49689
-2.35985
-2.21403
-2.06146
-1.90415
-1.74822
-1.64232
-3.1521
-3.13331
-3.09585
-3.03995
-2.96598
-2.87451
-2.76631
-2.64249
-2.50459
-2.35473
-2.19581
-2.03141
-1.86476
-1.69025
-1.43253
-3.22369
-3.2035
-3.16322
-3.10302
-3.0232
-2.92419
-2.80667
-2.67162
-2.52058
-2.35593
-2.18139
-2.00292
-1.83082
-1.69006
-1.69536
-3.30929
-3.28765
-3.24443
-3.17973
-3.09373
-2.98674
-2.8592
-2.71187
-2.54604
-2.36398
-2.16969
-1.97002
-1.77513
-1.58842
-1.31024
-3.40993
-3.3868
-3.34055
-3.27122
-3.17886
-3.06356
-2.92548
-2.76497
-2.58277
-2.38054
-2.16174
-1.9338
-1.71376
-1.5503
-1.63417
-3.52663
-3.50199
-3.4527
-3.3787
-3.27992
-3.1562
-3.00735
-2.83312
-2.63342
-2.40859
-2.16014
-1.89209
-1.6131
-1.34042
-1.11406
-3.66045
-3.63432
-3.582
-3.5034
-3.39829
-3.2663
-3.10683
-2.91898
-2.70153
-2.45304
-2.17217
-1.85797
-1.50806
-1.09838
-0.436734
-3.81241
-3.78482
-3.72957
-3.64651
-3.53533
-3.39549
-3.22602
-3.02538
-2.79119
-2.51999
-2.20733
-1.84866
-1.44453
-1.0313
-0.896297
-3.98354
-3.95453
-3.89645
-3.80914
-3.69228
-3.54524
-3.36686
-3.1551
-2.90654
-2.61574
-2.27444
-1.8709
-1.38734
-0.771009
0.3343
-4.17482
-4.14444
-4.08363
-3.9923
-3.8702
-3.71677
-3.53088
-3.31036
-3.05124
-2.74656
-2.38478
-1.94873
-1.42233
-0.850281
-0.760072
-4.38721
-4.35547
-4.292
-4.19682
-4.06987
-3.91084
-3.71896
-3.49244
-3.22757
-2.91703
-2.54669
-2.08931
-1.48903
-0.594938
1.30078
-4.62164
-4.58853
-4.5224
-4.42342
-4.29181
-4.12773
-3.93109
-3.70114
-3.43563
-3.12904
-2.76903
-2.32914
-1.75975
-1.03517
-0.838615
-4.87907
-4.84452
-4.77561
-4.67268
-4.5363
-4.36722
-4.16635
-3.93455
-3.67221
-3.37815
-3.04685
-2.65891
-2.13826
-1.1087
2.67524
-5.16048
-5.12439
-5.05244
-4.94518
-4.8035
-4.6288
-4.42309
-4.18917
-3.93081
-3.65314
-3.36399
-3.08083
-2.87018
-3.09501
-6.06378
-5.46697
-5.42915
-5.3538
-5.24157
-5.09364
-4.91191
-4.69942
-4.46076
-4.20282
-3.93608
-3.67699
-3.45239
-3.29968
-3.17579
-1.9838
-5.79972
-5.75997
-5.68076
-5.56276
-5.40723
-5.2164
-4.99393
-4.74573
-4.48095
-4.21373
-3.96605
-3.77402
-3.70917
-3.99831
-5.90103
-6.16007
-6.11821
-6.03467
-5.91001
-5.74535
-5.54285
-5.30633
-5.04221
-4.76077
-4.4778
-4.21646
-4.00732
-3.87284
-3.70028
-2.31458
-6.5495
-6.50537
-6.41715
-6.28505
-6.10976
-5.89292
-5.63788
-5.35071
-5.04165
-4.72686
-4.43062
-4.18879
-4.06295
-4.24472
-5.88416
-6.96958
-6.92316
-6.83009
-6.69007
-6.50301
-6.26953
-5.99175
-5.67443
-5.32651
-4.96304
-4.607
-4.2897
-4.03944
-3.77687
-2.4739
-7.4219
-7.37334
-7.27563
-7.12777
-6.92851
-6.67691
-6.37308
-6.01939
-5.62218
-5.19405
-4.75647
-4.34407
-4.02446
-4.03154
-5.62249
-7.90795
-7.85764
-7.75602
-7.60115
-7.39035
-7.12056
-6.78904
-6.39456
-5.93932
-5.43163
-4.88846
-4.33399
-3.78263
-3.18629
-2.4122
-8.42893
-8.37758
-8.27339
-8.11338
-7.89315
-7.60707
-7.24872
-6.81193
-6.29289
-5.69386
-5.02829
-4.32175
-3.57204
-2.46447
1.33566
-8.98557
-8.93421
-8.82951
-8.66742
-8.44169
-8.14378
-7.76287
-7.28642
-6.70202
-6.00228
-5.19658
-4.33949
-3.60998
-3.61247
-6.95642
-9.57788
-9.5279
-9.4255
-9.26565
-9.04036
-8.73814
-8.34337
-7.83587
-7.19124
-6.38429
-5.40055
-4.26863
-3.13959
-2.44001
-2.89175
-10.2049
-10.158
-10.0614
-9.90933
-9.69245
-9.39675
-9.00217
-8.48054
-7.79319
-6.88908
-5.70743
-4.19576
-2.37096
-0.468015
0.85921
-10.8645
-10.8226
-10.7358
-10.598
-10.3993
-10.124
-9.74918
-9.24031
-8.54566
-7.58661
-6.24349
-4.34035
-1.65659
1.90378
5.53187
-11.5533
-11.5183
-11.4455
-11.3291
-11.1592
-10.9205
-10.5893
-10.1291
-9.48174
-8.55085
-7.16844
-5.02705
-1.55097
4.22856
12.724
-12.2663
-12.2402
-12.1856
-12.0974
-11.967
-11.7811
-11.5189
-11.1478
-10.6147
-9.82864
-8.62047
-6.64061
-3.04499
4.66727
25.8159
-146.473
-88.0197
-61.5389
-48.8865
-42.1107
-38.0648
-35.437
-33.6261
-32.3285
-31.378
-30.6775
-30.1676
-29.811
-29.5844
-29.4743
-182.187
-82.3637
-54.6679
-43.9907
-38.6354
-35.4551
-33.363
-31.8978
-30.8321
-30.0415
-29.4529
-29.0211
-28.7174
-28.5238
-28.4294
46.9205
-26.6196
-35.9783
-35.3991
-33.6497
-32.0896
-30.8537
-29.8921
-29.1446
-28.5647
-28.1194
-27.7857
-27.5475
-27.3941
-27.319
-7.04456
-15.4458
-24.19
-27.6202
-28.5326
-28.499
-28.1538
-27.7378
-27.3406
-26.9944
-26.7085
-26.4839
-26.3186
-26.2102
-26.1564
25.9107
-4.03394
-16.0921
-21.5897
-24.0724
-25.1248
-25.5032
-25.5703
-25.5014
-25.3822
-25.255
-25.141
-25.0504
-24.9881
-24.9566
-1.42528
-5.0432
-12.5501
-17.6529
-20.6055
-22.2187
-23.0687
-23.4973
-23.6971
-23.7755
-23.7925
-23.7818
-23.7623
-23.7448
-23.7348
11.4598
-3.35174
-10.6778
-15.2092
-18.0686
-19.8426
-20.9269
-21.5831
-21.977
-22.2114
-22.3492
-22.4286
-22.473
-22.4962
-22.5061
-3.07793
-6.85854
-10.7461
-13.9267
-16.2854
-17.9456
-19.0825
-19.851
-20.3677
-20.7145
-20.9464
-21.0998
-21.1984
-21.257
-21.2843
-14.9902
-10.2911
-11.3052
-13.215
-14.9874
-16.4119
-17.4939
-18.2937
-18.8765
-19.2974
-19.5981
-19.8091
-19.9515
-20.0394
-20.0814
-4.94292
-9.75609
-11.2424
-12.5988
-13.9308
-15.1161
-16.1012
-16.887
-17.4979
-17.9636
-18.3121
-18.566
-18.7425
-18.8538
-18.9076
-16.776
-11.5314
-11.2699
-11.9996
-12.9762
-13.9593
-14.847
-15.6019
-16.2199
-16.7114
-17.0918
-17.3766
-17.5788
-17.7081
-17.7712
-5.08721
-9.84609
-10.6091
-11.2288
-12.017
-12.8687
-13.6848
-14.412
-15.0298
-15.5362
-15.938
-16.2447
-16.4656
-16.6085
-16.6785
-17.2576
-10.9357
-10.0479
-10.341
-11.0138
-11.8028
-12.5845
-13.298
-13.9169
-14.4337
-14.8502
-15.1723
-15.4067
-15.5593
-15.6346
-4.31344
-8.25168
-8.66649
-9.18954
-9.92983
-10.7421
-11.5316
-12.2497
-12.8751
-13.4009
-13.828
-14.1607
-14.4045
-14.564
-14.6428
-18.1391
-8.01449
-7.20993
-7.88724
-8.79588
-9.6972
-10.5281
-11.2659
-11.9024
-12.4365
-12.8712
-13.2111
-13.4608
-13.6247
-13.7059
11.4401
-1.30505
-4.7243
-6.42429
-7.66703
-8.7012
-9.58932
-10.3524
-11.0007
-11.5412
-11.9804
-12.3239
-12.5767
-12.7429
-12.8253
-0.565601
-1.07195
-3.4326
-5.27887
-6.68301
-7.80663
-8.73735
-9.51869
-10.1738
-10.7164
-11.1561
-11.4997
-11.7528
-11.9193
-12.0019
6.86
0.448872
-2.49813
-4.44048
-5.89379
-7.04603
-7.98913
-8.77267
-9.42493
-9.96308
-10.3983
-10.7385
-10.989
-11.1539
-11.2358
-0.341885
-0.435944
-2.26133
-3.94169
-5.31367
-6.43067
-7.35171
-8.11781
-8.75534
-9.28122
-9.70668
-10.0394
-10.2847
-10.4463
-10.5265
3.6775
-0.118443
-2.12525
-3.65706
-4.91061
-5.95139
-6.82188
-7.55225
-8.16327
-8.66911
-9.07945
-9.40102
-9.63853
-9.79519
-9.87302
-0.822955
-1.04339
-2.31902
-3.56568
-4.6553
-5.59036
-6.38938
-7.06956
-7.64426
-8.12331
-8.51386
-8.82103
-9.04849
-9.1988
-9.27356
1.13563
-1.23554
-2.53293
-3.58335
-4.50735
-5.32381
-6.03941
-6.66012
-7.19166
-7.63899
-8.00617
-8.29639
-8.51205
-8.65488
-8.72602
-1.56504
-2.17338
-2.91834
-3.68881
-4.43407
-5.12729
-5.75533
-6.31262
-6.79755
-7.21033
-7.55194
-7.82353
-8.02617
-8.16076
-8.22789
-3.84323
-3.01632
-3.28602
-3.8118
-4.39692
-4.97606
-5.52038
-6.01537
-6.45353
-6.8311
-7.14634
-7.39854
-7.58756
-7.71347
-7.77638
-2.17876
-3.09773
-3.47589
-3.89358
-4.36393
-4.84901
-5.31969
-5.75758
-6.1516
-6.49517
-6.7845
-7.01744
-7.19279
-7.30993
-7.36857
-4.39297
-3.55468
-3.63829
-3.9388
-4.32071
-4.73197
-5.14178
-5.53028
-5.88469
-6.19691
-6.46184
-6.67633
-6.83844
-6.94703
-7.00147
-2.42282
-3.3714
-3.65008
-3.92748
-4.25712
-4.61593
-4.97866
-5.32664
-5.64709
-5.93148
-6.17421
-6.37159
-6.52126
-6.62175
-6.67219
-4.56037
-3.65332
-3.66277
-3.87989
-4.17326
-4.49717
-4.8258
-5.14213
-5.43453
-5.695
-5.91807
-6.09998
-6.23824
-6.33122
-6.37793
-2.48472
-3.29877
-3.53125
-3.77934
-4.06821
-4.37513
-4.68148
-4.97424
-5.24414
-5.48451
-5.69051
-5.8587
-5.98668
-6.07281
-6.11612
-4.68679
-3.34807
-3.3889
-3.65048
-3.95063
-4.25349
-4.54661
-4.82223
-5.07428
-5.29787
-5.4892
-5.64535
-5.76417
-5.84416
-5.88438
-0.426671
-2.43932
-3.09324
-3.49485
-3.83119
-4.1386
-4.4239
-4.6866
-4.92417
-5.13365
-5.31234
-5.45793
-5.56862
-5.64313
-5.68058
-2.16067
-2.47414
-2.9728
-3.38454
-3.73183
-4.03907
-4.31688
-4.56843
-4.79356
-4.99083
-5.15846
-5.29473
-5.39822
-5.46782
-5.5028
-1.45607
-2.38033
-2.91273
-3.31898
-3.6603
-3.95998
-4.22811
-4.46861
-4.6823
-4.8686
-5.02636
-5.15432
-5.25135
-5.31656
-5.34932
-2.33044
-2.55862
-2.94028
-3.29851
-3.6177
-3.90279
-4.15854
-4.38741
-4.59007
-4.76619
-4.91495
-5.03538
-5.1266
-5.18784
-5.21859
-2.1712
-2.63033
-2.9841
-3.30515
-3.5988
-3.86597
-4.10764
-4.32441
-4.51628
-4.68278
-4.82321
-4.93675
-5.02265
-5.08029
-5.10923
-2.5682
-2.77518
-3.05065
-3.33081
-3.5983
-3.84686
-4.07405
-4.27871
-4.4601
-4.6175
-4.75014
-4.85732
-4.93834
-4.99269
-5.01996
-2.66203
-2.87245
-3.11394
-3.36529
-3.61095
-3.84261
-4.05609
-4.24918
-4.4206
-4.56939
-4.69478
-4.79604
-4.87257
-4.92388
-4.94963
-2.76905
-2.94815
-3.17038
-3.40371
-3.63331
-3.851
-4.05229
-4.23472
-4.39681
-4.53756
-4.65616
-4.75194
-4.82432
-4.87284
-4.89718
-2.75166
-2.99388
-3.21911
-3.44474
-3.66396
-3.87077
-4.06159
-4.23437
-4.38785
-4.5211
-4.6334
-4.7241
-4.79264
-4.83859
-4.86165
-2.92312
-3.0514
-3.26756
-3.49023
-3.70324
-3.90166
-4.08343
-4.24744
-4.39293
-4.51921
-4.62565
-4.71164
-4.77666
-4.82025
-4.84213
-2.64833
-3.04787
-3.3115
-3.54243
-3.75265
-3.94411
-4.1176
-4.27339
-4.41135
-4.53111
-4.6321
-4.71376
-4.77555
-4.817
-4.83781
-3.0608
-3.13871
-3.37814
-3.60902
-3.81509
-3.99906
-4.16407
-4.31171
-4.44243
-4.55603
-4.65199
-4.72969
-4.78856
-4.82809
-4.84794
-2.45434
-3.11737
-3.45071
-3.69286
-3.89287
-4.06718
-4.2226
-4.36179
-4.4854
-4.59321
-4.68456
-4.75872
-4.815
-4.85285
-4.87187
-3.25596
-3.32496
-3.58661
-3.80597
-3.98851
-4.14843
-4.29242
-4.42268
-4.53937
-4.64182
-4.72906
-4.80016
-4.85425
-4.89069
-4.90902
-2.14104
-3.39874
-3.75189
-3.94465
-4.09987
-4.24075
-4.37177
-4.493
-4.60323
-4.70098
-4.7848
-4.85341
-4.90577
-4.9411
-4.9589
-5.09118
-4.10065
-4.02856
-4.10941
-4.22119
-4.33992
-4.45794
-4.57095
-4.67577
-4.76984
-4.8511
-4.91794
-4.96911
-5.00371
-5.02115
-3.7906
-4.16475
-4.19904
-4.25268
-4.3377
-4.43959
-4.54758
-4.6546
-4.75578
-4.84759
-4.92743
-4.99337
-5.04397
-5.07823
-5.09552
-5.11051
-4.46483
-4.35607
-4.37419
-4.44249
-4.53502
-4.63791
-4.74232
-4.8423
-4.93366
-5.01343
-5.07944
-5.13017
-5.16455
-5.1819
-3.99838
-4.39204
-4.425
-4.46085
-4.53046
-4.62327
-4.72718
-4.83313
-4.93481
-5.02779
-5.10897
-5.17614
-5.22774
-5.26269
-5.28033
-5.11031
-4.56972
-4.49193
-4.52406
-4.60233
-4.70383
-4.81503
-4.92692
-5.03336
-5.13013
-5.21426
-5.28366
-5.33687
-5.37287
-5.39102
-4.10008
-4.426
-4.48252
-4.55524
-4.65809
-4.77765
-4.90241
-5.0245
-5.13864
-5.24124
-5.32977
-5.40244
-5.45796
-5.49544
-5.51432
-4.94765
-4.46934
-4.46186
-4.56552
-4.70224
-4.84786
-4.99165
-5.1276
-5.25195
-5.36213
-5.4563
-5.53313
-5.59158
-5.63094
-5.65074
-4.04312
-4.18569
-4.36403
-4.55285
-4.74022
-4.91936
-5.08633
-5.23877
-5.3751
-5.49413
-5.5949
-5.67657
-5.73847
-5.78004
-5.80091
-3.03952
-3.87718
-4.25892
-4.54119
-4.78393
-4.99931
-5.19112
-5.36113
-5.51026
-5.63883
-5.74676
-5.83377
-5.89947
-5.9435
-5.96559
-3.94424
-3.88528
-4.22288
-4.55698
-4.84664
-5.09565
-5.31104
-5.49801
-5.65972
-5.79786
-5.91316
-6.00576
-6.07552
-6.12221
-6.14562
-2.39974
-3.61797
-4.18928
-4.60365
-4.9376
-5.21534
-5.45072
-5.65242
-5.82554
-5.97277
-6.09533
-6.19362
-6.26761
-6.3171
-6.3419
-3.94772
-3.79989
-4.26466
-4.70616
-5.06761
-5.36444
-5.61378
-5.8267
-6.00935
-6.16481
-6.29437
-6.39836
-6.47671
-6.52914
-6.55542
-1.65977
-3.55637
-4.35622
-4.86427
-5.24249
-5.54654
-5.80215
-6.02199
-6.21205
-6.37484
-6.51115
-6.62093
-6.7038
-6.75934
-6.7872
-4.14312
-4.07445
-4.65042
-5.11256
-5.46888
-5.76227
-6.01538
-6.23798
-6.43368
-6.60327
-6.74637
-6.86219
-6.94989
-7.00876
-7.03833
-0.585654
-4.14485
-5.02368
-5.43433
-5.73898
-6.00598
-6.2498
-6.47267
-6.67345
-6.8501
-7.00055
-7.12298
-7.21599
-7.27855
-7.30999
-9.14735
-6.07659
-5.72206
-5.82971
-6.03525
-6.26579
-6.49876
-6.7227
-6.92998
-7.11514
-7.27417
-7.40421
-7.50325
-7.56996
-7.6035
-5.25057
-6.12206
-6.09949
-6.15713
-6.31416
-6.52393
-6.75401
-6.98429
-7.20189
-7.39833
-7.56794
-7.70698
-7.81298
-7.88439
-7.9203
-8.63045
-6.78838
-6.42121
-6.41553
-6.55645
-6.76796
-7.00913
-7.2547
-7.4885
-7.70014
-7.88295
-8.03269
-8.14673
-8.22348
-8.26205
-5.40758
-6.43044
-6.49192
-6.57212
-6.74972
-6.99139
-7.26121
-7.53328
-7.79051
-8.02199
-8.22093
-8.3832
-8.50638
-8.58909
-8.63059
-8.18074
-6.74012
-6.54961
-6.66109
-6.89851
-7.19528
-7.51172
-7.82218
-8.11041
-8.36644
-8.58437
-8.76087
-8.89414
-8.98331
-9.02797
-5.24787
-6.18165
-6.3976
-6.66262
-7.00608
-7.38553
-7.76639
-8.12652
-8.45267
-8.73734
-8.97659
-9.16855
-9.31254
-9.40845
-9.45635
-7.34639
-6.12165
-6.21151
-6.60966
-7.08868
-7.57479
-8.03547
-8.45447
-8.82375
-9.1398
-9.40164
-9.60955
-9.76434
-9.86692
-9.91802
-4.61548
-5.14871
-5.81134
-6.50056
-7.16636
-7.7817
-8.3335
-8.81696
-9.23179
-9.57992
-9.86416
-10.0874
-10.2524
-10.3612
-10.4152
-1.51423
-4.0859
-5.39271
-6.40773
-7.2791
-8.03275
-8.67899
-9.2271
-9.68615
-10.0644
-10.369
-10.6058
-10.7795
-10.8934
-10.9498
-3.80468
-3.90144
-5.1767
-6.41467
-7.47358
-8.35838
-9.09264
-9.69911
-10.1966
-10.6
-10.9209
-11.1681
-11.3481
-11.4656
-11.5236
1.14974
-2.89857
-4.9866
-6.54596
-7.78899
-8.78855
-9.59503
-10.2468
-10.7724
-11.193
-11.5241
-11.777
-11.9601
-12.0791
-12.1378
-3.22657
-3.25698
-5.16363
-6.89691
-8.27349
-9.35282
-10.2049
-10.8821
-11.4212
-11.8481
-12.1814
-12.4344
-12.6166
-12.7346
-12.7926
4.56038
-2.31245
-5.46107
-7.49558
-8.96441
-10.0749
-10.9362
-11.6132
-12.1478
-12.5683
-12.8946
-13.141
-13.3177
-13.4318
-13.4878
-3.29767
-3.95417
-6.53219
-8.48709
-9.90418
-10.9701
-11.7953
-12.4433
-12.9538
-13.3539
-13.6632
-13.8959
-14.0622
-14.1693
-14.2218
9.71806
-4.2615
-8.03604
-9.85208
-11.0878
-12.0325
-12.7776
-13.3688
-13.8363
-14.2026
-14.4851
-14.6969
-14.8478
-14.9448
-14.9922
-22.4491
-11.6556
-10.9
-11.6201
-12.4735
-13.2335
-13.8669
-14.3803
-14.7891
-15.1096
-15.3561
-15.5402
-15.671
-15.7547
-15.7956
-7.22081
-12.079
-12.739
-13.2955
-13.9241
-14.5224
-15.0394
-15.4643
-15.8032
-16.068
-16.2703
-16.4206
-16.5267
-16.5944
-16.6273
-22.0978
-15.4179
-14.65
-14.9209
-15.3956
-15.8678
-16.276
-16.6079
-16.8689
-17.0696
-17.2208
-17.3317
-17.4091
-17.4582
-17.482
-8.13446
-14.6511
-15.8397
-16.4047
-16.869
-17.2575
-17.5656
-17.8009
-17.9765
-18.1056
-18.1993
-18.2659
-18.3113
-18.3396
-18.3531
-23.2668
-17.5842
-17.4625
-17.9583
-18.395
-18.703
-18.9059
-19.0353
-19.1162
-19.1662
-19.1967
-19.2149
-19.2254
-19.2312
-19.2337
-8.72421
-16.6557
-18.6565
-19.5531
-20.0102
-20.2216
-20.2972
-20.3033
-20.2775
-20.2404
-20.2025
-20.1691
-20.1429
-20.125
-20.116
-25.5025
-19.8457
-20.6173
-21.4531
-21.7961
-21.8346
-21.7368
-21.5933
-21.4468
-21.3152
-21.2052
-21.1184
-21.0545
-21.0127
-20.992
-9.38019
-18.5716
-22.5335
-23.6953
-23.7934
-23.5422
-23.208
-22.8856
-22.6056
-22.3749
-22.1917
-22.0518
-21.9509
-21.8857
-21.8536
13.125
-20.9292
-26.3942
-26.6763
-26.0332
-25.3076
-24.671
-24.1483
-23.7303
-23.4017
-23.1482
-22.9581
-22.8226
-22.7356
-22.693
-80.6381
-43.1404
-33.854
-30.2998
-28.3302
-27.0111
-26.0551
-25.3383
-24.7928
-24.3763
-24.0606
-23.8265
-23.6607
-23.5546
-23.5028
-60.5241
-45.7604
-37.3332
-32.8228
-30.1756
-28.4625
-27.273
-26.4093
-25.7658
-25.281
-24.9164
-24.6473
-24.4573
-24.3359
-24.2767
-50.6626
-43.9801
-38.0925
-34.0518
-31.3723
-29.5503
-28.2646
-27.3273
-26.6287
-26.1022
-25.706
-25.4132
-25.2063
-25.074
-25.0094
-45.4419
-41.6476
-37.5692
-34.3356
-31.9734
-30.2657
-29.0141
-28.0797
-27.3721
-26.8328
-26.4237
-26.1195
-25.9036
-25.765
-25.6973
-42.8559
-39.5126
-36.4592
-34.0144
-32.12
-30.6645
-29.5434
-28.6746
-27.9986
-27.473
-27.0685
-26.7645
-26.5471
-26.4069
-26.3382
-42.5918
-37.1762
-34.9265
-33.311
-31.9618
-30.8309
-29.8973
-29.1358
-28.5206
-28.0292
-27.6434
-27.3494
-27.137
-26.9991
-26.9313
-13.0706
-13.0561
-13.0253
-12.9746
-12.8981
-12.7862
-12.6247
-12.3921
-12.0544
-11.5566
-10.8072
-9.64979
-7.83305
-5.11401
-2.534
-13.9626
-13.9624
-13.9613
-13.9576
-13.949
-13.932
-13.9023
-13.8547
-13.7848
-13.6934
-13.6007
-13.5919
-13.9587
-15.6455
-21.5883
-14.8547
-14.8696
-14.8997
-14.9455
-15.0083
-15.0907
-15.1977
-15.3396
-15.5368
-15.8313
-16.3104
-17.1583
-18.7644
-21.9209
-28.0388
-15.7319
-15.7617
-15.8224
-15.9165
-16.0481
-16.2247
-16.4583
-16.7691
-17.1915
-17.7848
-18.6512
-19.9665
-22.0197
-25.2349
-30.0551
-16.5793
-16.6229
-16.7118
-16.8497
-17.043
-17.3017
-17.6416
-18.087
-18.6755
-19.465
-20.5432
-22.0368
-24.1129
-26.9439
-30.5838
-17.3832
-17.4388
-17.5522
-17.7277
-17.9724
-18.2976
-18.7194
-19.2617
-19.9584
-20.8566
-22.0196
-23.5247
-25.4513
-27.844
-30.6387
-18.1313
-18.197
-18.3305
-18.5363
-18.8215
-19.1967
-19.6768
-20.2821
-21.0397
-21.9836
-23.1538
-24.5912
-26.3237
-28.342
-30.5635
-18.8138
-18.8874
-19.0366
-19.2655
-19.5806
-19.9909
-20.5089
-21.1503
-21.9347
-22.8841
-24.021
-25.3624
-26.9102
-28.6369
-30.4704
-19.4226
-19.5021
-19.663
-19.9086
-20.2443
-20.6775
-21.2175
-21.8756
-22.6646
-23.5973
-24.6837
-25.9272
-27.3178
-28.825
-30.392
-19.9518
-20.0356
-20.2046
-20.4616
-20.8106
-21.2572
-21.8079
-22.47
-23.2509
-24.1566
-25.1893
-26.345
-27.609
-28.9531
-30.3341
-20.3972
-20.4839
-20.6583
-20.9225
-21.2794
-21.7328
-22.2869
-22.9457
-23.7125
-24.5888
-25.572
-26.6543
-27.82
-29.0444
-30.2942
-20.756
-20.8445
-21.0223
-21.2907
-21.6518
-22.1078
-22.6611
-23.3132
-24.0648
-24.914
-25.8557
-26.8802
-27.9722
-29.1104
-30.268
-21.0262
-21.1158
-21.2955
-21.5662
-21.9292
-22.3856
-22.9363
-23.5814
-24.3194
-25.1467
-26.0566
-27.0387
-28.0784
-29.1568
-30.2518
-21.2068
-21.297
-21.4777
-21.7495
-22.1132
-22.5691
-23.1172
-23.7566
-24.4847
-25.2967
-26.1853
-27.1396
-28.1458
-29.1865
-30.2425
-21.2973
-21.3877
-21.5688
-21.8411
-22.2048
-22.6603
-23.2069
-23.8432
-24.5661
-25.3703
-26.2481
-27.1888
-28.1786
-29.2011
-30.2383
-24.0151
-100.612
-110.269
-68.029
-52.5535
-38.0191
-30.7397
-19.6149
-27.2431
-30.8396
-36.3078
-40.2283
-48.0857
-56.133
-77.1697
-76.9998
-55.3899
-47.0219
-38.6676
-34.4418
-28.4896
-24.6309
-16.837
-24.6093
-28.4557
-34.3753
-38.5791
-46.8779
-55.2182
-76.7794
-76.932
-55.8944
-47.7278
-39.4767
-35.2815
-29.2988
-25.3888
-17.4014
-25.5083
-29.5407
-35.7616
-40.1874
-48.9267
-57.6954
-80.3389
-80.5368
-58.5694
-50.0424
-41.4214
-37.0367
-30.7762
-26.6802
-18.2977
-26.8653
-31.1365
-37.74
-42.4346
-51.7042
-60.9649
-84.8424
-85.0063
-61.6814
-52.6546
-43.5979
-38.998
-32.4455
-28.1593
-19.3708
-28.5709
-33.2266
-40.5227
-45.7743
-56.2201
-66.6846
-93.651
-94.2767
-69.4505
-60.1344
-51.4609
-47.3471
-42.1838
-38.8899
-32.253
-63.8304
-61.6817
-23.4446
-11.97
-8.85152
-10.0614
-18.1797
-37.1582
-61.623
-68.9332
-59.3622
-50.1214
-41.8241
-35.9707
-31.8403
-32.8517
-35.1402
-38.5175
-42.3806
-47.471
-53.1817
-59.6303
-59.4568
-52.6307
-46.5752
-41.107
-36.8604
-33.0062
-30.1114
-28.0954
-30.1175
-33.0184
-36.873
-41.1171
-46.5734
-52.6162
-59.4202
-59.5639
-53.0578
-47.2137
-41.8783
-37.7074
-33.89
-31.0167
-29.0281
-31.2035
-34.2822
-38.3561
-42.837
-48.5919
-54.9602
-62.13
-62.3202
-55.5466
-49.4551
-43.8892
-39.5364
-35.5504
-32.5523
-30.4848
-32.8019
-36.0702
-40.3911
-45.1382
-51.2277
-57.9491
-65.4997
-65.6677
-58.47
-52.0217
-46.158
-41.5882
-37.4218
-34.3105
-32.2085
-34.7819
-38.4028
-43.2147
-48.5456
-55.4323
-63.0902
-71.7865
-72.3836
-64.9818
-58.4426
-52.7125
-48.4482
-44.8652
-42.4891
-41.7306
-46.9911
-43.947
-31.7958
-23.8769
-20.3217
-20.2362
-23.198
-37.3279
-47.3367
-51.906
-50.2201
-46.3306
-42.1096
-38.7209
-36.6614
-36.6214
-37.873
-40.0276
-42.7654
-45.9634
-49.1677
-51.6267
-51.4934
-48.7621
-45.2825
-41.7873
-38.714
-36.141
-34.3267
-33.5389
-34.3604
-36.2074
-38.8102
-41.9093
-45.4245
-48.9178
-51.6522
-51.7715
-49.2678
-45.9669
-42.6033
-39.6243
-37.1216
-35.3705
-34.6587
-35.5979
-37.5907
-40.3642
-43.6522
-47.3739
-51.0707
-53.9718
-54.1316
-51.5415
-48.1111
-44.61
-41.5079
-38.9024
-37.0841
-36.358
-37.3688
-39.488
-42.4288
-45.9087
-49.8413
-53.7392
-56.7878
-56.9359
-54.1794
-50.5469
-46.8548
-43.5975
-40.879
-39.0081
-38.3135
-39.4847
-41.8639
-45.1592
-49.0765
-53.5339
-58.0004
-61.5848
-62.0088
-59.2709
-55.586
-51.8531
-48.5683
-45.8084
-43.7591
-42.5408
-42.1104
-39.3265
-34.0524
-29.5003
-26.7955
-26.023
-26.8376
-35.7477
-40.8831
-43.8863
-44.2512
-43.0173
-41.1968
-39.5568
-38.5742
-38.5314
-39.3055
-40.6978
-42.4878
-44.4464
-46.227
-47.3559
-47.2714
-45.971
-44.0124
-41.8599
-39.8474
-38.1833
-37.0637
-36.6648
-37.1267
-38.3083
-40.0325
-42.1021
-44.3073
-46.3124
-47.6497
-47.7561
-46.626
-44.8106
-42.7742
-40.8554
-39.271
-38.2275
-37.9121
-38.4751
-39.775
-41.6317
-43.8429
-46.1915
-48.3272
-49.7609
-49.9027
-48.7465
-46.8688
-44.7563
-42.7642
-41.1206
-40.0433
-39.7301
-40.3395
-41.7227
-43.69
-46.0273
-48.5049
-50.7521
-52.2529
-52.3866
-51.1502
-49.1577
-46.9257
-44.8309
-43.1156
-42.0117
-41.732
-42.4479
-44.0057
-46.2083
-48.8295
-51.6224
-54.1811
-55.9341
-56.187
-54.9237
-52.7983
-50.3485
-47.9325
-45.7285
-43.8325
-42.2164
-40.6186
-38.292
-35.2692
-32.4635
-30.487
-29.5244
-29.444
-34.3419
-37.4996
-39.666
-40.5846
-40.5486
-40.0238
-39.4462
-39.1339
-39.265
-39.8477
-40.7953
-41.9674
-43.1858
-44.2248
-44.8323
-44.8002
-44.1277
-43.0215
-41.731
-40.479
-39.4415
-38.7631
-38.5511
-38.8565
-39.6279
-40.7574
-42.0998
-43.4782
-44.6686
-45.4195
-45.5213
-44.9709
-43.9726
-42.7756
-41.605
-40.6417
-40.0358
-39.9006
-40.2913
-41.1573
-42.3885
-43.8358
-45.3156
-46.5947
-47.4103
-47.5432
-46.9901
-45.9649
-44.729
-43.5186
-42.5236
-41.9021
-41.7735
-42.1961
-43.1164
-44.4183
-45.9442
-47.5001
-48.8399
-49.6867
-49.8104
-49.2098
-48.1134
-46.7991
-45.5179
-44.4716
-43.8286
-43.7167
-44.1987
-45.2192
-46.6545
-48.335
-50.0485
-51.5217
-52.4435
-52.5486
-51.8182
-50.4776
-48.7954
-46.9912
-45.2051
-43.503
-41.8657
-40.1765
-38.2598
-36.1736
-34.2325
-32.7183
-31.7554
-31.3068
-33.3253
-35.5438
-37.2424
-38.2925
-38.7839
-38.9269
-38.9537
-39.0551
-39.3481
-39.8647
-40.5695
-41.3804
-42.1834
-42.8439
-43.2298
-43.2511
-42.9089
-42.2958
-41.5468
-40.8015
-40.1829
-39.7906
-39.6926
-39.9151
-40.4321
-41.1755
-42.0458
-42.9198
-43.6578
-44.1241
-44.2257
-43.961
-43.4206
-42.7389
-42.0562
-41.4979
-41.1661
-41.1319
-41.4231
-42.0137
-42.8342
-43.7818
-44.7288
-45.5297
-46.0429
-46.1713
-45.9136
-45.3645
-44.6652
-43.9627
-43.3888
-43.0509
-43.0235
-43.3358
-43.9606
-44.824
-45.8177
-46.8067
-47.6376
-48.1616
-48.277
-47.9835
-47.3828
-46.625
-45.8665
-45.247
-44.8805
-44.8461
-45.1743
-45.8351
-46.7478
-47.7931
-48.8205
-49.6565
-50.129
-50.1133
-49.5911
-48.649
-47.4179
-46.024
-44.5607
-43.08
-41.5897
-40.0622
-38.4715
-36.8691
-35.3868
-34.1556
-33.246
-32.6521
-32.6241
-34.3365
-35.7528
-36.8049
-37.5211
-37.9971
-38.3539
-38.7001
-39.1094
-39.6105
-40.1907
-40.8049
-41.3863
-41.8585
-42.1523
-42.2254
-42.0805
-41.7657
-41.3574
-40.9415
-40.5984
-40.3941
-40.3726
-40.5497
-40.9102
-41.4109
-41.9865
-42.5573
-43.0382
-43.3539
-43.4574
-43.3483
-43.0719
-42.7035
-42.3284
-42.0277
-41.8681
-41.8946
-42.1236
-42.5392
-43.0968
-43.7289
-44.3523
-44.8788
-45.2295
-45.3556
-45.2567
-44.9804
-44.6057
-44.2219
-43.9142
-43.7526
-43.7841
-44.0258
-44.461
-45.0422
-45.698
-46.3408
-46.8774
-47.2249
-47.3323
-47.1997
-46.8783
-46.4518
-46.0151
-45.658
-45.4544
-45.4532
-45.6711
-46.0881
-46.6503
-47.277
-47.868
-48.3147
-48.5174
-48.4075
-47.9688
-47.2363
-46.2751
-45.1565
-43.9412
-42.6709
-41.3671
-40.0388
-38.7
-37.3915
-36.1796
-35.1299
-34.282
-33.6386
-32.1442
-33.5555
-34.7875
-35.8012
-36.6038
-37.2392
-37.7693
-38.2543
-38.7385
-39.2426
-39.7631
-40.2766
-40.7462
-41.1302
-41.3927
-41.5135
-41.4967
-41.3701
-41.1791
-40.9766
-40.8142
-40.7346
-40.7664
-40.9201
-41.1865
-41.5383
-41.9341
-42.324
-42.6567
-42.889
-42.9956
-42.9762
-42.8558
-42.6777
-42.4935
-42.3542
-42.3022
-42.3658
-42.5552
-42.8602
-43.2523
-43.6882
-44.1156
-44.481
-44.7394
-44.8641
-44.855
-44.7383
-44.5591
-44.3716
-44.2291
-44.1761
-44.2421
-44.4373
-44.7511
-45.1529
-45.5969
-46.0279
-46.3894
-46.6338
-46.7333
-46.6878
-46.5252
-46.2933
-46.049
-45.8481
-45.7368
-45.7449
-45.8814
-46.1318
-46.46
-46.8122
-47.1232
-47.3246
-47.3557
-47.1752
-46.7697
-46.1531
-45.3589
-44.4283
-43.4011
-42.3101
-41.1799
-40.0306
-38.8851
-37.7748
-36.7388
-35.8138
-35.0233
-34.3722
-31.8147
-33.0327
-34.1365
-35.1017
-35.9273
-36.6329
-37.2495
-37.8097
-38.339
-38.8509
-39.3456
-39.8114
-40.2292
-40.577
-40.8369
-41
-41.0709
-41.0672
-41.0172
-40.954
-40.9106
-40.9147
-40.9848
-41.1283
-41.3397
-41.6023
-41.8903
-42.1731
-42.4198
-42.6052
-42.7151
-42.7495
-42.7229
-42.6606
-42.5942
-42.5549
-42.5696
-42.656
-42.8203
-43.0559
-43.3448
-43.6596
-43.968
-44.2375
-44.4417
-44.5653
-44.6084
-44.5859
-44.5244
-44.4566
-44.4153
-44.4282
-44.5138
-44.6782
-44.9144
-45.2029
-45.5146
-45.8151
-46.0701
-46.2514
-46.343
-46.3447
-46.2719
-46.1525
-46.0203
-45.9092
-45.8472
-45.8519
-45.9275
-46.0634
-46.2351
-46.4069
-46.5363
-46.5796
-46.4987
-46.2671
-45.8743
-45.3256
-44.639
-43.8392
-42.953
-42.0056
-41.02
-40.0171
-39.0193
-38.051
-37.1382
-36.304
-35.5637
-34.9228
-31.5872
-32.6742
-33.6851
-34.603
-35.4237
-36.1548
-36.8111
-37.4096
-37.9645
-38.484
-38.9695
-39.4156
-39.8129
-40.1506
-40.4204
-40.6194
-40.7523
-40.8312
-40.8743
-40.903
-40.9387
-40.9995
-41.0977
-41.2386
-41.4193
-41.6297
-41.8542
-42.0741
-42.271
-42.4302
-42.5434
-42.6108
-42.6412
-42.6497
-42.6555
-42.678
-42.7339
-42.8341
-42.9825
-43.1749
-43.3999
-43.6404
-43.8764
-44.0881
-44.2598
-44.3826
-44.4563
-44.4898
-44.4989
-44.5033
-44.5232
-44.5757
-44.672
-44.8158
-45.0024
-45.2194
-45.4483
-45.6678
-45.8568
-45.9982
-46.0823
-46.1086
-46.0859
-46.0302
-45.9614
-45.8996
-45.8614
-45.8567
-45.8867
-45.9435
-46.0101
-46.0627
-46.0732
-46.0134
-45.8586
-45.5912
-45.2034
-44.6969
-44.082
-43.3744
-42.5928
-41.7565
-40.8848
-39.9965
-39.1109
-38.2473
-37.4246
-36.6588
-35.9612
-35.3371
-31.4298
-32.4255
-33.3678
-34.2441
-35.0491
-35.7843
-36.456
-37.0723
-37.6408
-38.1663
-38.6501
-39.0902
-39.4824
-39.8219
-40.1058
-40.3341
-40.5115
-40.6466
-40.752
-40.842
-40.9307
-41.0303
-41.1493
-41.2916
-41.4561
-41.6368
-41.8245
-42.0081
-42.1766
-42.3213
-42.4376
-42.5256
-42.5909
-42.6426
-42.6927
-42.7532
-42.8342
-42.9429
-43.0813
-43.247
-43.4327
-43.6277
-43.8196
-43.9964
-44.1485
-44.2704
-44.3621
-44.4288
-44.4801
-44.5278
-44.5843
-44.6601
-44.7619
-44.8919
-45.0468
-45.2186
-45.3957
-45.5646
-45.712
-45.8275
-45.9047
-45.9431
-45.9473
-45.9266
-45.8923
-45.8562
-45.8275
-45.8114
-45.8075
-45.8094
-45.8054
-45.779
-45.7115
-45.5841
-45.3805
-45.0888
-44.7032
-44.2244
-43.6586
-43.0164
-42.3113
-41.5583
-40.7733
-39.9721
-39.1708
-38.3849
-37.629
-36.9153
-36.2529
-35.6469
-31.3221
-32.2534
-33.1455
-33.988
-34.7751
-35.5054
-36.1805
-36.8038
-37.3789
-37.9085
-38.3937
-38.8338
-39.2276
-39.5735
-39.8712
-40.1224
-40.3313
-40.5049
-40.652
-40.7828
-40.9069
-41.033
-41.1673
-41.3128
-41.4693
-41.6339
-41.8009
-41.9639
-42.1165
-42.2535
-42.3723
-42.4733
-42.5599
-42.638
-42.7151
-42.7986
-42.895
-43.0086
-43.1409
-43.2903
-43.452
-43.6194
-43.7847
-43.9404
-44.0805
-44.2017
-44.3038
-44.3901
-44.4663
-44.5396
-44.6177
-44.7069
-44.8113
-44.9319
-45.0667
-45.2102
-45.3549
-45.4921
-45.6134
-45.7118
-45.7832
-45.8267
-45.8448
-45.8424
-45.826
-45.802
-45.7754
-45.7484
-45.7197
-45.6841
-45.6328
-45.5545
-45.436
-45.2647
-45.0292
-44.7215
-44.3374
-43.8772
-43.3451
-42.7489
-42.0987
-41.4064
-40.6851
-39.948
-39.2084
-38.4793
-37.7725
-37.0979
-36.4634
-35.8738
-31.2506
-32.1379
-32.9945
-33.8115
-34.583
-35.3059
-35.9796
-36.6047
-37.1827
-37.7149
-38.202
-38.6442
-39.0416
-39.3944
-39.7035
-39.9714
-40.2021
-40.4013
-40.5757
-40.733
-40.8803
-41.0241
-41.1691
-41.318
-41.4712
-41.6272
-41.7831
-41.9348
-42.0787
-42.2118
-42.3326
-42.4416
-42.5411
-42.635
-42.7281
-42.8253
-42.9308
-43.0475
-43.1761
-43.3157
-43.4631
-43.6141
-43.7636
-43.9068
-44.0398
-44.1604
-44.2685
-44.366
-44.4565
-44.5447
-44.6351
-44.7318
-44.8372
-44.9518
-45.074
-45.2001
-45.3249
-45.4427
-45.5476
-45.635
-45.7018
-45.7471
-45.7717
-45.7784
-45.7706
-45.7517
-45.724
-45.688
-45.6419
-45.5812
-45.4993
-45.3876
-45.2368
-45.0375
-44.7819
-44.4641
-44.0813
-43.6335
-43.1241
-42.559
-41.9465
-41.2965
-40.6196
-39.9273
-39.231
-38.5417
-37.8695
-37.223
-36.6092
-36.0328
-31.2069
-32.0667
-32.9006
-33.7006
-34.4608
-35.1774
-35.8485
-36.4735
-37.0525
-37.5861
-38.0749
-38.5193
-38.92
-39.2781
-39.5952
-39.874
-40.1183
-40.3332
-40.5242
-40.6975
-40.8589
-41.0135
-41.1654
-41.3169
-41.469
-41.6209
-41.7711
-41.917
-42.0565
-42.1878
-42.31
-42.4236
-42.5304
-42.6332
-42.7353
-42.8401
-42.9507
-43.069
-43.1956
-43.3297
-43.4692
-43.611
-43.7517
-43.8879
-44.0168
-44.137
-44.2483
-44.3519
-44.4503
-44.5464
-44.6435
-44.7441
-44.8498
-44.9607
-45.0756
-45.1917
-45.3052
-45.4117
-45.5072
-45.5879
-45.6516
-45.697
-45.7245
-45.7353
-45.7312
-45.714
-45.6844
-45.6421
-45.585
-45.509
-45.4087
-45.2772
-45.1072
-44.8915
-44.6241
-44.3005
-43.9186
-43.4785
-42.9831
-42.4375
-41.8486
-41.225
-40.5763
-39.9124
-39.2435
-38.5796
-37.9295
-37.3011
-36.701
-36.1337
-31.1862
-32.0327
-32.8555
-33.6471
-34.4014
-35.1145
-35.7839
-36.4084
-36.9876
-37.5219
-38.0116
-38.4573
-38.8599
-39.2208
-39.542
-39.8261
-40.0771
-40.2994
-40.4982
-40.6791
-40.8471
-41.0069
-41.1622
-41.3152
-41.4669
-41.6172
-41.765
-41.9086
-42.0463
-42.1768
-42.2997
-42.4155
-42.5256
-42.6323
-42.7384
-42.8467
-42.9596
-43.0786
-43.2042
-43.3359
-43.4718
-43.6096
-43.7464
-43.8794
-44.0065
-44.1265
-44.2391
-44.3454
-44.4472
-44.5469
-44.6468
-44.7491
-44.8548
-44.9641
-45.0756
-45.1871
-45.2953
-45.3968
-45.4878
-45.5654
-45.6275
-45.6728
-45.7012
-45.7136
-45.7108
-45.694
-45.6632
-45.6177
-45.5552
-45.472
-45.363
-45.2222
-45.0433
-44.8201
-44.5472
-44.221
-43.8395
-43.4032
-42.9145
-42.3782
-41.8007
-41.1899
-40.5547
-39.9046
-39.2491
-38.5974
-37.9581
-37.3387
-36.7453
-36.1828
-28.1018
-32.1878
-32.7561
-32.3336
-31.6211
-30.8634
-30.1552
-29.5313
-29.0002
-28.5602
-28.2057
-27.9305
-27.729
-27.5971
-27.5319
-27.399
-30.2636
-31.3792
-31.5576
-31.2946
-30.8492
-30.3524
-29.8698
-29.4324
-29.0541
-28.7399
-28.4906
-28.3053
-28.1828
-28.1218
-28.5346
-30.0885
-30.9394
-31.2229
-31.1507
-30.8862
-30.5356
-30.163
-29.8055
-29.4839
-29.2091
-28.9866
-28.8189
-28.7069
-28.6508
-29.9549
-30.6161
-31.0671
-31.2438
-31.1991
-31.0094
-30.7407
-30.441
-30.1428
-29.8669
-29.6261
-29.4279
-29.2767
-29.175
-29.1238
-31.2372
-31.3541
-31.469
-31.4861
-31.3924
-31.2117
-30.9767
-30.7175
-30.4579
-30.2149
-30.0004
-29.8222
-29.6852
-29.5924
-29.5457
-32.2954
-32.0942
-31.9689
-31.8391
-31.6729
-31.4682
-31.2368
-30.9945
-30.7562
-30.5344
-30.3385
-30.1752
-30.0493
-29.9639
-29.9208
-33.1412
-32.7582
-32.4733
-32.2284
-31.9918
-31.7515
-31.508
-31.2675
-31.0382
-30.828
-30.6438
-30.4908
-30.373
-30.2931
-30.2527
-33.8087
-33.3243
-32.9376
-32.6096
-32.3143
-32.038
-31.7761
-31.5292
-31.3009
-31.0957
-30.9179
-30.7713
-30.6589
-30.5827
-30.5443
-34.3317
-33.7927
-33.3432
-32.958
-32.6178
-32.3102
-32.0291
-31.7723
-31.5407
-31.336
-31.1609
-31.0177
-30.9084
-30.8346
-30.7975
-34.7383
-34.1715
-33.6846
-33.2614
-32.8886
-32.556
-32.2577
-31.9904
-31.7534
-31.5468
-31.372
-31.23
-31.1224
-31.05
-31.0136
-35.0498
-34.4705
-33.9621
-33.5147
-33.119
-32.7676
-32.4552
-32.1784
-31.9355
-31.726
-31.55
-31.4082
-31.301
-31.2292
-31.1932
-35.2823
-34.6988
-34.1786
-33.7161
-33.3052
-32.9403
-32.6171
-32.3323
-32.0842
-31.8716
-31.6941
-31.5516
-31.4444
-31.3728
-31.3369
-35.4476
-34.8635
-34.3374
-33.866
-33.4454
-33.0713
-32.7404
-32.4498
-32.1974
-31.9821
-31.803
-31.6597
-31.5522
-31.4805
-31.4446
-35.5536
-34.9704
-34.4415
-33.9653
-33.5389
-33.1592
-32.8234
-32.5289
-32.2737
-32.0564
-31.8761
-31.7321
-31.6243
-31.5524
-31.5165
-35.6053
-35.0229
-34.493
-34.0146
-33.5856
-33.2033
-32.8651
-32.5687
-32.312
-32.0937
-31.9127
-31.7684
-31.6604
-31.5884
-31.5525
)
;

boundaryField
{
    hot
    {
        type            calculated;
        value           nonuniform List<scalar> 
120
(
-31.9251
-31.8541
-31.7116
-31.4962
-31.2061
-30.8389
-30.3923
-29.8641
-29.2523
-28.556
-27.7757
-26.9138
-25.9751
-24.9672
-23.9003
-22.8804
-21.9311
-20.9691
-20.0041
-19.0455
-18.1018
-17.1806
-16.2881
-15.4294
-14.6078
-13.8257
-13.0842
-12.384
-11.7248
-11.106
-10.5266
-9.98544
-9.48104
-9.01178
-8.57583
-8.17125
-7.79594
-7.44774
-7.12447
-6.824
-6.54428
-6.28342
-6.03971
-5.81163
-5.59787
-5.3973
-5.20892
-5.03188
-4.86541
-4.70878
-4.56133
-4.42242
-4.29141
-4.16774
-4.05089
-3.9404
-3.83592
-3.73716
-3.64395
-3.55621
-3.47394
-3.39721
-3.32614
-3.2609
-3.20165
-3.1486
-3.10193
-3.06187
-3.02865
-3.00253
-2.98382
-2.97286
-2.97006
-2.97591
-2.99096
-3.01583
-3.05123
-3.09794
-3.1568
-3.22874
-3.31471
-3.41571
-3.53279
-3.66698
-3.81931
-3.99079
-4.18242
-4.39515
-4.62992
-4.88771
-5.16952
-5.47644
-5.80967
-6.17055
-6.56054
-6.98117
-7.434
-7.92046
-8.44167
-8.99829
-9.59023
-10.2165
-10.8748
-11.5618
-12.2727
-13.0741
-13.9626
-14.851
-15.7245
-16.5685
-17.3694
-18.115
-18.7955
-19.4028
-19.9309
-20.3756
-20.7339
-21.0038
-21.1843
-21.2747
)
;
    }
    cold
    {
        type            calculated;
        value           nonuniform List<scalar> 
120
(
-36.2147
-36.188
-36.1331
-36.0464
-35.9228
-35.7553
-35.5352
-35.2519
-34.8935
-34.4472
-33.8999
-33.2398
-32.4574
-31.5472
-30.5093
-29.4472
-28.4061
-27.3004
-26.1431
-24.9487
-23.7322
-22.5084
-21.2908
-20.0916
-18.9208
-17.7867
-16.6959
-15.6532
-14.6624
-13.7261
-12.8458
-12.0224
-11.2562
-10.5465
-9.89242
-9.29221
-8.74377
-8.24465
-7.7921
-7.38323
-7.0151
-6.68482
-6.38963
-6.12697
-5.89447
-5.68997
-5.51157
-5.35753
-5.2263
-5.11647
-5.02679
-4.95607
-4.90328
-4.86742
-4.84761
-4.84302
-4.85292
-4.87664
-4.91362
-4.96337
-5.02553
-5.09986
-5.18625
-5.28476
-5.39558
-5.51906
-5.6557
-5.80614
-5.97112
-6.15148
-6.34811
-6.562
-6.79417
-7.04573
-7.31787
-7.61191
-7.92931
-8.27172
-8.64099
-9.03914
-9.46832
-9.93076
-10.4286
-10.9639
-11.5381
-12.1523
-12.807
-13.5016
-14.2347
-15.0039
-15.8057
-16.6355
-17.4878
-18.3564
-19.2342
-20.1137
-20.9868
-21.8457
-22.6825
-23.49
-24.262
-24.9935
-25.6806
-26.3211
-26.9144
-27.5157
-28.1066
-28.6368
-29.111
-29.5339
-29.9099
-30.2426
-30.5347
-30.7882
-31.0044
-31.1842
-31.3279
-31.4357
-31.5075
-31.5435
)
;
    }
    interface_left
    {
        type            calculated;
        value           nonuniform List<scalar> 
90
(
-59.6638
-111.727
56.5737
-3.62478
24.9494
-2.50561
10.6026
-2.52936
-13.0186
-2.82682
-14.4617
-3.2284
-15.6156
-3.44561
-18.7333
9.39772
-4.12795
3.5437
-4.1205
0.703364
-4.1599
-1.27982
-4.1328
-6.69105
-4.07323
-7.32844
-4.00807
-7.88961
-3.88802
-9.16382
1.02273
-3.9446
-0.685846
-3.73675
-1.48938
-3.56887
-2.09885
-3.38546
-4.59202
-3.20085
-4.84633
-3.03295
-5.08059
-2.84895
-5.70337
-0.0589458
-2.76839
-0.891533
-2.54764
-1.26111
-2.35404
-1.53542
-2.15651
-2.69239
-1.96249
-2.59385
-1.77792
-2.36302
-1.59778
-2.03169
-1.35446
-1.43254
-1.61277
-1.26575
-1.75863
-1.12399
-1.77645
-1.01961
-0.000371689
-0.961759
1.08782
-0.9546
2.64778
-1.04166
5.7384
-8.73403
-0.862496
-7.52619
-1.05424
-7.31795
-1.32778
-7.08134
-1.95984
4.41823
-9.99887
-3.5093
1.26486
7.16583
17.6056
41.6053
)
;
    }
    interface_right
    {
        type            calculated;
        value           nonuniform List<scalar> 
90
(
-186.801
-261.576
111.407
-4.76489
47.568
-2.1122
21.7167
-1.38031
-19.7616
-0.951166
-21.4982
-0.834432
-22.6853
-0.603613
-27.2262
21.7806
-1.36055
11.4495
-1.15111
6.3123
-1.21721
2.77003
-1.31455
-4.70329
-1.44734
-5.19332
-1.62949
-5.3949
-1.79225
-5.95217
1.1567
-2.11977
-0.840829
-2.29457
-1.89839
-2.49456
-2.56736
-2.6959
-2.62117
-2.89815
-2.39141
-3.10048
-1.99014
-3.32741
-1.12592
-5.98165
-3.43375
-5.65527
-3.62914
-5.57226
-3.8035
-5.37921
-3.9852
-2.43018
-4.16267
-1.52161
-4.31824
-0.266938
-4.52344
2.3406
-11.8486
-4.35919
-10.1575
-4.43366
-9.41723
-4.42258
-8.49515
-4.39889
0.299104
-4.32102
3.97986
-4.14193
9.47785
-4.07834
21.0327
-32.2087
-2.77815
-27.9649
-2.4912
-28.5838
-2.20382
-31.3693
-3.17394
42.2611
-111.205
-69.7439
-53.8935
-47.0177
-44.5194
-46.6417
)
;
    }
    interface_top
    {
        type            calculated;
        value           nonuniform List<scalar> 
90
(
-24.0151
-100.612
-110.269
-68.029
-52.5535
-38.0191
-30.7397
-19.6149
-27.2431
-30.8396
-36.3078
-40.2283
-48.0857
-56.133
-77.1697
-76.9998
-55.3899
-47.0219
-38.6676
-34.4418
-28.4896
-24.6309
-16.837
-24.6093
-28.4557
-34.3753
-38.5791
-46.8779
-55.2182
-76.7794
-76.932
-55.8944
-47.7278
-39.4767
-35.2815
-29.2988
-25.3888
-17.4014
-25.5083
-29.5407
-35.7616
-40.1874
-48.9267
-57.6954
-80.3389
-80.5368
-58.5694
-50.0424
-41.4214
-37.0367
-30.7762
-26.6802
-18.2977
-26.8653
-31.1365
-37.74
-42.4346
-51.7042
-60.9649
-84.8424
-85.0063
-61.6814
-52.6546
-43.5979
-38.998
-32.4455
-28.1593
-19.3708
-28.5709
-33.2266
-40.5227
-45.7743
-56.2201
-66.6846
-93.651
-94.2767
-69.4505
-60.1344
-51.4609
-47.3471
-42.1838
-38.8899
-32.253
-63.8304
-61.6817
-23.4446
-11.97
-8.85152
-10.0614
-18.1797
)
;
    }
    interface_bottom
    {
        type            calculated;
        value           nonuniform List<scalar> 
90
(
-40.9125
-80.3881
-83.8134
-56.7959
-46.3607
-35.5212
-29.6008
-19.4576
-27.742
-31.7185
-37.7606
-42.0337
-50.4974
-59.0399
-81.2349
-81.0406
-58.1913
-49.3249
-40.4423
-35.9457
-29.6232
-25.5425
-17.3733
-25.3225
-29.208
-35.1499
-39.3158
-47.5095
-55.6434
-76.6266
-76.4633
-54.9265
-46.5763
-38.2278
-33.9992
-28.0531
-24.2053
-16.4863
-24.036
-27.7218
-33.3522
-37.2928
-45.0391
-52.6959
-72.4193
-72.2284
-51.8538
-43.9632
-36.1011
-32.1182
-26.5202
-22.8922
-15.6048
-22.7523
-26.2433
-31.5763
-35.3107
-42.6513
-49.9266
-68.684
-68.5287
-49.2429
-41.7729
-34.3235
-30.5462
-25.2272
-21.7794
-14.8487
-21.6399
-24.9629
-30.0434
-33.6185
-40.6596
-47.7164
-65.9803
-65.9542
-47.6174
-40.5351
-33.5232
-29.9912
-25.1141
-21.9357
-15.654
-25.4513
-24.5796
-11.8233
-9.15253
-11.2605
-20.3731
-50.2143
)
;
    }
    defaultFaces
    {
        type            empty;
    }
}


// ************************************************************************* //
