/*--------------------------------*- C++ -*----------------------------------*\
| =========                 |                                                 |
| \\      /  F ield         | OpenFOAM: The Open Source CFD Toolbox           |
|  \\    /   O peration     | Version:  5.x                                   |
|   \\  /    A nd           | Web:      www.OpenFOAM.org                      |
|    \\/     M anipulation  |                                                 |
\*---------------------------------------------------------------------------*/
FoamFile
{
    version     2.0;
    format      ascii;
    class       volScalarField;
    location    "1.6";
    object      gradTy;
}
// * * * * * * * * * * * * * * * * * * * * * * * * * * * * * * * * * * * * * //

dimensions      [0 -1 0 1 0 0 0];

internalField   nonuniform List<scalar> 
6300
(
32285.4
32256
32226.6
32197
32167.1
32137
32106.5
32075.6
32044.2
32012.4
31980
31947
31913.4
31879.3
31844.6
0.0511092
0.152856
0.253161
0.35096
0.445039
0.533998
0.616231
0.689945
0.753224
0.804139
0.840931
0.862243
0.867388
0.856608
0.831253
0.0856989
0.256349
0.424703
0.589044
0.747394
0.897436
1.03647
1.16145
1.26904
1.35584
1.41865
1.45492
1.46322
1.44374
1.39873
0.121037
0.362143
0.600263
0.833128
1.05807
1.27189
1.47079
1.65036
1.80568
1.93155
2.02294
2.0756
2.08684
2.05643
1.9874
0.157343
0.470925
0.78108
1.08514
1.37986
1.66127
1.92444
2.16353
2.37176
2.54174
2.66598
2.7377
2.75211
2.70775
2.60805
0.194753
0.583135
0.967996
1.34648
1.71499
2.06887
2.40219
2.70756
2.9761
3.19769
3.36152
3.45714
3.47615
3.41441
3.27472
0.233286
0.698867
1.16129
1.61781
2.06475
2.49704
2.9079
3.28842
3.6274
3.91142
4.12527
4.25319
4.28094
4.19905
4.0072
0.272811
0.817763
1.36048
1.89874
2.42915
2.94666
3.44395
3.91081
4.33369
4.69531
4.97495
5.14942
5.1954
5.09363
4.83554
0.313009
0.938893
1.56414
2.1875
2.80646
3.41652
4.01042
4.57721
5.10123
5.56121
5.92983
6.17414
6.25762
6.14455
5.8082
0.353343
1.06067
1.76968
2.48069
3.19268
3.90255
4.60402
5.28639
5.93281
6.51848
7.00902
7.35971
7.51641
7.41879
7.00621
0.393038
1.18076
1.97322
2.77289
3.58104
4.39696
5.21674
6.03154
6.82515
7.57089
8.22809
8.73929
9.02957
9.00805
8.56487
0.431091
1.29612
2.16956
3.05661
3.96164
4.88754
5.83446
6.79788
7.76538
8.71186
9.59319
10.3398
10.8546
11.019
10.6915
0.4663
1.40306
2.3523
3.32235
4.32139
5.35709
6.43569
7.56017
8.72667
9.918
11.093
12.1724
13.0301
13.522
13.596
0.497352
1.49752
2.51424
3.55911
4.6445
5.78376
6.99105
8.28045
9.66314
11.1405
12.6885
14.2266
15.5713
16.4429
16.9437
0.522943
1.57543
2.64804
3.75535
4.91375
6.1424
7.46433
8.90746
10.505
12.2924
14.294
16.4742
18.5857
19.7341
17.4281
31812.3
31782.5
31752.4
31722
31691.2
31660.2
31628.9
31597.3
31565.5
31533.5
31501.3
31468.9
31436.3
31403.6
31370.8
31337.9
31305
31271.9
31238.9
31205.8
31172.7
31139.5
31106.4
31073.2
31040
31006.8
30973.6
30940.4
30907.2
30874
30840.7
30807.5
30774.3
30741.2
30708
30674.9
30641.8
30608.7
30575.7
30542.6
30509.6
30476.5
30443.5
30410.4
30377.4
30344.3
30311.3
30278.3
30245.4
30212.4
30179.5
30146.6
30113.8
30080.9
30048.1
30015.3
29982.4
29949.6
29916.8
29884
29851.2
29818.4
29785.7
29752.9
29720.3
29687.6
29655
29622.5
29589.9
29557.4
29524.9
29492.4
29459.9
29427.5
29395.1
29362.7
29330.3
29298
29265.7
29233.4
29201.1
29168.9
29136.6
29104.4
29072
29039.6
29007.1
28974.6
28941.9
28909.1
0.796913
0.759422
0.717806
0.674155
0.63022
0.587179
0.545513
0.505028
0.465017
0.424531
0.382697
0.339024
0.293623
0.247301
0.201497
0.158081
0.119042
0.086138
0.0605688
0.0427487
0.0322099
0.0276583
0.0271653
0.0284637
0.0292985
0.0277763
0.0226567
0.0135388
0.000908452
-0.0139661
-0.0292758
-0.0430096
-0.0533279
-0.0589011
-0.0591505
-0.0543533
-0.0455967
-0.0345942
-0.0233995
-0.0140638
-0.00829364
-0.00716394
-0.0109352
-0.0190065
-0.0300186
-0.0420918
-0.0531603
-0.0613409
-0.0652668
-0.064325
-0.0587587
-0.0496201
-0.0385871
-0.0276779
-0.0189091
-0.0139554
-0.0138633
-0.0188689
-0.0283507
-0.0409317
-0.0547163
-0.067622
-0.077746
-0.0836959
-0.0848245
-0.0813289
-0.0741998
-0.0650349
-0.0557481
-0.0482234
-0.0439677
-0.0438185
-0.0477543
-0.054842
-0.0633356
-0.0709142
-0.0750256
-0.0732762
-0.0638042
-0.0455793
-0.0185903
0.0160941
0.0563901
0.0993757
0.14156
0.179226
0.208816
0.227338
0.232721
0.224093
1.33808
1.27216
1.19947
1.12392
1.04881
0.976294
0.907139
0.840767
0.77557
0.709456
0.640491
0.567507
0.490543
0.411039
0.331718
0.256186
0.188321
0.131563
0.0882802
0.0593118
0.0437917
0.0392575
0.0420252
0.0477592
0.0521464
0.0515674
0.0436593
0.0276796
0.00460351
-0.0230714
-0.0517924
-0.077615
-0.096936
-0.107156
-0.107144
-0.0974355
-0.0801321
-0.0585456
-0.0366425
-0.018385
-0.00707236
-0.00478728
-0.0120374
-0.0276581
-0.0490054
-0.0724159
-0.0938619
-0.109675
-0.117199
-0.115251
-0.104309
-0.0864191
-0.0648312
-0.0434507
-0.0261805
-0.0162651
-0.015739
-0.0250694
-0.0430588
-0.0670361
-0.0933148
-0.117843
-0.136924
-0.147865
-0.149429
-0.142025
-0.127601
-0.109281
-0.0908047
-0.075864
-0.0674343
-0.0672125
-0.0752461
-0.0898234
-0.107655
-0.124327
-0.134968
-0.134995
-0.120827
-0.0904485
-0.0437445
0.0174011
0.0892343
0.166455
0.2427
0.311156
0.365257
0.399436
0.409822
0.394771
1.8948
1.7947
1.68527
1.57311
1.46372
1.36061
1.2648
1.17486
1.08749
0.998539
0.904128
0.801776
0.691181
0.574575
0.456544
0.343318
0.241673
0.157656
0.0954513
0.0565848
0.0396317
0.0404227
0.0526969
0.06908
0.0822341
0.086003
0.0763785
0.0521351
0.0150189
-0.0305697
-0.0783802
-0.121478
-0.153543
-0.170034
-0.16899
-0.15134
-0.120719
-0.0828351
-0.0445159
-0.0125835
0.00727227
0.0114454
-0.000958684
-0.0279352
-0.064891
-0.105438
-0.142543
-0.169811
-0.182637
-0.178991
-0.15973
-0.128406
-0.0906396
-0.0531672
-0.022723
-0.00491614
-0.00328319
-0.0186625
-0.0490061
-0.0896887
-0.134296
-0.175771
-0.207689
-0.2254
-0.226814
-0.212697
-0.18648
-0.153621
-0.120642
-0.094001
-0.0789555
-0.0785943
-0.0931921
-0.119998
-0.153522
-0.186309
-0.210079
-0.217037
-0.201079
-0.158715
-0.0895852
0.00342525
0.114425
0.235041
0.355159
0.463852
0.550478
0.605888
0.623636
0.600951
2.47447
2.33066
2.17502
2.01831
1.86957
1.73442
1.61403
1.50526
1.40171
1.29549
1.17921
1.04792
0.900483
0.740172
0.574456
0.413782
0.269645
0.152348
0.0690216
0.0223091
0.00992674
0.0250586
0.0574581
0.0950566
0.125842
0.139731
0.130154
0.0951321
0.0376386
-0.0348648
-0.111752
-0.181225
-0.232574
-0.258164
-0.254748
-0.223925
-0.171767
-0.107753
-0.0431947
0.0106052
0.0441959
0.0515446
0.0310985
-0.0138484
-0.0756131
-0.143425
-0.205398
-0.250756
-0.271806
-0.265229
-0.232535
-0.179685
-0.116038
-0.0527782
-0.00108324
0.0297072
0.0336539
0.00927594
-0.0400826
-0.106707
-0.179807
-0.24748
-0.29893
-0.326423
-0.32658
-0.300811
-0.254945
-0.198151
-0.141369
-0.0954583
-0.0693483
-0.0684511
-0.0935734
-0.140512
-0.200464
-0.261283
-0.309409
-0.332085
-0.319361
-0.265527
-0.169814
-0.0364549
0.125773
0.304349
0.484073
0.648331
0.780654
0.866579
0.89568
0.863359
3.08635
2.88368
2.66631
2.45202
2.25589
2.08698
1.94653
1.82815
1.7198
1.60691
1.4759
1.31735
1.12832
0.913557
0.685114
0.460439
0.258971
0.0981283
-0.0101281
-0.0613979
-0.0593948
-0.0151672
0.0547361
0.130847
0.193785
0.227251
0.220573
0.170489
0.0818725
-0.0328491
-0.155802
-0.267074
-0.348702
-0.388067
-0.379979
-0.327239
-0.239896
-0.133464
-0.0263923
0.0628835
0.118895
0.131654
0.0984218
0.0244391
-0.0776447
-0.189842
-0.292198
-0.366728
-0.400781
-0.389103
-0.334387
-0.246541
-0.140909
-0.0357641
0.0506295
0.102955
0.111348
0.0731553
-0.00632825
-0.114431
-0.233166
-0.342583
-0.4247
-0.466845
-0.463711
-0.4179
-0.339177
-0.242697
-0.146473
-0.0684345
-0.0234648
-0.0208688
-0.062567
-0.142311
-0.246179
-0.354557
-0.445406
-0.498121
-0.496856
-0.432654
-0.304262
-0.11791
0.113574
0.372006
0.635256
0.878798
1.07765
1.2091
1.25617
1.21104
3.74348
3.45787
3.15317
2.85957
2.603
2.39856
2.24725
2.1366
2.04443
1.94443
1.81227
1.63066
1.39324
1.10664
0.790355
0.473685
0.189802
-0.0318098
-0.171333
-0.221813
-0.189515
-0.0923614
0.0430796
0.18561
0.30417
0.372582
0.3735
0.301331
0.163698
-0.0189817
-0.216675
-0.395616
-0.525694
-0.586311
-0.569518
-0.48039
-0.335525
-0.160107
0.0160227
0.163048
0.255862
0.277974
0.224407
0.103172
-0.0651345
-0.250456
-0.419093
-0.541012
-0.595641
-0.574982
-0.483981
-0.339041
-0.165111
0.00821574
0.151364
0.239431
0.256086
0.196455
0.0685993
-0.106886
-0.299981
-0.477039
-0.608068
-0.672511
-0.662339
-0.582419
-0.449023
-0.286913
-0.12543
0.00616973
0.0833994
0.0904616
0.0231914
-0.109402
-0.285429
-0.473096
-0.636338
-0.741907
-0.764992
-0.692226
-0.522178
-0.264359
0.0625683
0.432724
0.814822
1.17363
1.4717
1.67312
1.74946
1.68663
4.46669
4.05954
3.62407
3.21381
2.87504
2.63364
2.48941
2.41847
2.38033
2.32829
2.21984
2.02433
1.729
1.34249
0.896152
0.439728
0.0309683
-0.279948
-0.460754
-0.501422
-0.413021
-0.224684
0.0212201
0.274897
0.486775
0.615108
0.631677
0.526445
0.310392
0.0165034
-0.304553
-0.594525
-0.802716
-0.896033
-0.863227
-0.713816
-0.475163
-0.187786
0.100333
0.341261
0.494624
0.533252
0.447814
0.249663
-0.0281484
-0.335122
-0.613295
-0.812225
-0.89895
-0.862189
-0.711285
-0.473325
-0.188485
0.0956114
0.33137
0.478698
0.51063
0.417956
0.212067
-0.0740283
-0.389935
-0.677825
-0.887369
-0.985671
-0.961451
-0.823994
-0.600266
-0.330271
-0.0614043
0.159022
0.291261
0.308789
0.202976
-0.013986
-0.307947
-0.626836
-0.910341
-1.10449
-1.17117
-1.09189
-0.866492
-0.510329
-0.0506874
0.476246
1.02793
1.55591
2.00497
2.31727
2.44316
2.3554
5.29333
4.70204
4.05867
3.46509
3.0069
2.72881
2.62603
2.6531
2.73624
2.79341
2.75278
2.56176
2.19608
1.6645
1.01648
0.337142
-0.268751
-0.715437
-0.951967
-0.966884
-0.780427
-0.439895
-0.0118261
0.424382
0.78969
1.01858
1.06525
0.911144
0.569172
0.0911083
-0.437195
-0.911208
-1.24516
-1.38738
-1.32486
-1.07576
-0.68498
-0.216549
0.252579
0.645549
0.898585
0.967164
0.833502
0.51084
0.0507999
-0.461294
-0.921642
-1.24505
-1.38012
-1.31381
-1.064
-0.675164
-0.210838
0.252563
0.638668
0.884084
0.944553
0.802432
0.470978
0.00170281
-0.520291
-0.991484
-1.32692
-1.47532
-1.42368
-1.18986
-0.818192
-0.372061
0.07232
0.438807
0.664253
0.704675
0.542769
0.192266
-0.294608
-0.83156
-1.31304
-1.65065
-1.78753
-1.702
-1.39911
-0.905316
-0.260848
0.48412
1.27517
2.05184
2.73515
3.22988
3.44453
3.32205
6.29748
5.41958
4.42164
3.52146
2.87941
2.57155
2.57565
2.807
3.12957
3.39938
3.50228
3.35071
2.90206
2.15418
1.18193
0.1288
-0.797724
-1.45355
-1.7623
-1.72232
-1.3697
-0.781158
-0.056588
0.675968
1.28905
1.68444
1.78796
1.56637
1.02392
0.238053
-0.648027
-1.42958
-1.96373
-2.17358
-2.05519
-1.64176
-1.00663
-0.246342
0.514469
1.15131
1.56813
1.69227
1.49132
0.969803
0.204664
-0.662028
-1.42723
-1.94915
-2.15134
-2.02971
-1.61697
-0.985779
-0.231924
0.520755
1.14849
1.55572
1.67014
1.45947
0.928281
0.153276
-0.723874
-1.50071
-2.03586
-2.25309
-2.14835
-1.75428
-1.14343
-0.411407
0.318137
0.92162
1.30361
1.39185
1.15408
0.594832
-0.209206
-1.1162
-1.92296
-2.48591
-2.72417
-2.62512
-2.20664
-1.5173
-0.615756
0.425596
1.54303
2.68213
3.73677
4.5457
4.93124
4.76406
7.63811
6.31005
4.64396
3.20621
2.27079
1.96508
2.19804
2.82953
3.59886
4.24572
4.6182
4.56749
4.03894
2.96695
1.46386
-0.261855
-1.71651
-2.69145
-3.0748
-2.92797
-2.29869
-1.31831
-0.112854
1.09959
2.10189
2.77061
2.97881
2.68362
1.82918
0.529291
-1.00939
-2.30425
-3.14933
-3.43245
-3.21043
-2.52703
-1.50857
-0.276925
0.954828
1.97387
2.6591
2.88547
2.61068
1.77953
0.504702
-1.00897
-2.28322
-3.11373
-3.38896
-3.16491
-2.48458
-1.47312
-0.25141
0.968773
1.97574
2.64893
2.86374
2.57798
1.73657
0.45184
-1.07201
-2.35808
-3.2027
-3.49463
-3.28974
-2.63097
-1.64325
-0.447293
0.745375
1.72328
2.36585
2.54837
2.22823
1.34981
0.0243787
-1.54525
-2.88403
-3.78875
-4.14658
-4.00823
-3.40428
-2.4349
-1.17208
0.257375
1.7795
3.43374
5.09184
6.47077
7.21339
7.00636
9.67797
7.68738
4.53754
2.16775
0.755592
0.583026
1.24661
2.65358
4.24451
5.48717
6.34351
6.47236
5.9584
4.40052
2.06635
-1.04284
-3.32608
-4.78124
-5.15078
-4.82837
-3.73329
-2.17956
-0.179201
1.82584
3.39505
4.51995
4.89451
4.60619
3.27588
1.16437
-1.72189
-3.82665
-5.1442
-5.41878
-5.0301
-3.89484
-2.31755
-0.307712
1.70144
3.27707
4.41078
4.80027
4.53115
3.22809
1.14861
-1.70078
-3.77827
-5.07801
-5.34566
-4.95724
-3.82915
-2.26335
-0.268798
1.72372
3.28351
4.40207
4.77806
4.49652
3.18313
1.09462
-1.76265
-3.85127
-5.16555
-5.45169
-5.08483
-3.98148
-2.44304
-0.47857
1.48174
3.00772
4.09045
4.4286
4.10618
2.7484
0.609518
-2.30681
-4.4702
-5.87918
-6.28355
-6.06186
-5.12818
-3.77515
-1.96852
-0.0445594
1.82535
4.1793
6.84834
9.31144
10.8623
10.7128
13.2573
10.7337
3.30739
-0.249977
-2.54462
-2.003
-0.775275
2.21278
5.39169
7.28495
9.11644
9.3029
9.38111
6.952
3.78486
-3.01316
-6.12807
-8.43432
-8.22318
-7.84141
-5.82834
-3.68394
-0.252279
3.17969
5.32807
7.34978
7.7648
8.02924
5.84751
2.91512
-3.55978
-6.48262
-8.64096
-8.36025
-7.92487
-5.89919
-3.74942
-0.33753
3.0723
5.21661
7.23411
7.66347
7.94049
5.79464
2.90116
-3.50418
-6.39333
-8.52857
-8.24718
-7.81475
-5.80408
-3.67105
-0.283324
3.10171
5.22657
7.22447
7.63916
7.90083
5.74579
2.84433
-3.56024
-6.45957
-8.60899
-8.34917
-7.94054
-5.95859
-3.85641
-0.503944
2.84348
4.93033
6.88717
7.25997
7.47496
5.27169
2.31413
-4.15264
-7.14273
-9.41626
-9.32203
-9.14079
-7.45596
-5.76873
-2.93411
-0.268963
1.17385
4.47084
8.9011
13.4654
16.9596
17.4686
20.0263
20.8388
-3.49445
-4.48636
-9.9292
-5.57705
-5.33204
1.49715
8.39018
9.17171
14.2582
12.2893
16.4144
10.5662
10.7319
-10.2872
-10.0945
-15.7125
-11.5413
-13.2035
-8.11256
-7.04199
-0.325817
6.38188
7.44349
12.4932
10.8519
14.9748
9.50007
9.76705
-10.5127
-10.2395
-15.65
-11.5245
-13.1098
-8.08232
-6.99881
-0.364454
6.26542
7.3387
12.3443
10.746
14.8387
9.43774
9.71068
-10.371
-10.0942
-15.4592
-11.3663
-12.9451
-7.95535
-6.88565
-0.294125
6.29423
7.35233
12.3265
10.7205
14.7851
9.38314
9.63836
-10.4055
-10.1479
-15.5219
-11.4611
-13.062
-8.10898
-7.07034
-0.52221
6.02028
7.03998
11.9647
10.3184
14.3259
8.88103
9.07186
-11.005
-10.8472
-16.363
-12.4858
-14.3849
-9.78729
-9.41469
-3.65596
1.26655
-2.14772
3.13071
10.7612
19.1607
27.3559
31.943
29.6672
67.1609
-43.9084
-2.31393
-31.419
-3.23727
-19.3706
0.689103
20.1888
4.85876
29.5592
6.49996
37.8084
5.52006
48.1842
-48.1069
-5.6946
-37.0879
-6.46025
-28.2912
-4.60836
-18.5307
-0.38815
17.7135
3.81497
27.2708
5.63761
35.7397
4.88337
46.205
-47.0633
-5.81358
-36.3926
-6.46696
-27.8186
-4.58792
-18.2432
-0.386693
17.4583
3.79642
26.9624
5.63156
35.4057
4.90842
45.8288
-46.5562
-5.67305
-36.0117
-6.32075
-27.5365
-4.4642
-18.0542
-0.302816
17.4479
3.83639
26.9018
5.63337
35.2987
4.87163
45.6605
-46.4876
-5.72917
-36.0235
-6.42265
-27.6237
-4.62517
-18.2204
-0.534862
17.1474
3.52387
26.5022
5.23303
34.7857
4.37267
45.0128
-46.9972
-6.38346
-36.8372
-7.3335
-28.9862
-6.03645
-20.8189
-3.17575
14.8052
-17.9835
-1.59306
11.5174
25.1534
42.9513
71.5796
28872.9
28833.2
28793.5
28753.7
28713.9
28674
28634.3
28594.6
28555
28515.5
28476.1
28436.9
28397.7
28358.6
28319.5
0.199684
0.156229
0.100956
0.040013
-0.0203349
-0.0745624
-0.118439
-0.149254
-0.165775
-0.168045
-0.157095
-0.134671
-0.102986
-0.0645356
-0.0219727
0.351156
0.273226
0.174331
0.0658466
-0.0408321
-0.135883
-0.212003
-0.264715
-0.292194
-0.294818
-0.274619
-0.234772
-0.179172
-0.112125
-0.0381481
0.533049
0.411255
0.257356
0.0899314
-0.0729054
-0.216088
-0.328933
-0.405373
-0.44344
-0.444389
-0.411771
-0.350613
-0.266798
-0.166641
-0.0566421
0.762666
0.581397
0.353911
0.109434
-0.124628
-0.326624
-0.482263
-0.584402
-0.6318
-0.627525
-0.577461
-0.48911
-0.370765
-0.231001
-0.0784212
1.0637
0.797755
0.467455
0.118524
-0.208416
-0.483516
-0.689091
-0.818169
-0.871829
-0.85645
-0.781437
-0.657601
-0.496151
-0.308176
-0.104463
1.46996
1.07847
0.599632
0.10562
-0.344045
-0.709936
-0.972417
-1.12735
-1.18089
-1.14501
-1.03424
-0.863704
-0.648061
-0.40109
-0.135718
2.03137
1.44654
0.747
0.0483747
-0.563447
-1.03977
-1.36329
-1.53793
-1.57939
-1.50845
-1.34679
-1.11492
-0.8313
-0.512404
-0.173036
2.82414
1.92938
0.893492
-0.0956377
-0.918323
-1.5224
-1.90306
-2.08167
-2.09029
-1.9626
-1.72957
-1.41786
-1.04982
-0.644187
-0.217059
3.96847
2.55337
0.993256
-0.406039
-1.49176
-2.22839
-2.64488
-2.79542
-2.73748
-2.5221
-2.19103
-1.77713
-1.30593
-0.797466
-0.26807
5.65967
3.32212
0.932072
-1.03005
-2.41424
-3.25447
-3.65261
-3.71764
-3.54212
-3.19728
-2.73532
-2.19371
-1.5993
-0.971676
-0.325827
8.21874
4.14291
0.442633
-2.23221
-3.88075
-4.72261
-4.99342
-4.88037
-4.51607
-3.98957
-3.35925
-2.66309
-1.92587
-1.16411
-0.389388
12.1325
4.5878
-1.07258
-4.46096
-6.15408
-6.76184
-6.71806
-6.29435
-5.65221
-4.88568
-4.04904
-3.17352
-2.27696
-1.36952
-0.456998
17.7701
3.14831
-4.85995
-8.38515
-9.51294
-9.45268
-8.82264
-7.92675
-6.91275
-5.85187
-4.77769
-3.70497
-2.63895
-1.58001
-0.526077
22.5685
-4.9045
-13.1304
-14.7069
-14.0599
-12.7133
-11.1931
-9.67727
-8.22015
-6.83137
-5.50489
-4.22972
-2.99386
-1.7855
-0.593378
0.540896
1.63005
2.74177
3.89269
5.10212
6.39372
7.79781
9.35495
11.1212
13.1752
15.6256
18.6004
22.1285
25.4205
22.8406
0.55161
1.66254
2.79714
3.97302
5.21091
6.53676
7.98494
9.60363
11.4646
13.6816
16.4505
20.1465
25.6067
35.1185
56.5359
0.55697
1.67861
2.82385
4.01029
5.25864
6.59488
8.05365
9.68411
11.5607
13.8047
16.6316
20.4676
26.2713
36.549
58.9634
0.556986
1.67827
2.82196
4.00458
5.24534
6.56791
8.00317
9.5937
11.4017
13.5229
16.1121
19.4223
23.8289
29.5519
34.1866
0.551924
1.66239
2.79305
3.9585
5.17523
6.46271
7.84487
9.3523
11.0251
12.9163
15.0919
17.6158
20.4729
23.3111
24.9655
0.542266
1.63249
2.73998
3.87682
5.05602
6.29176
7.59959
8.99607
10.497
12.1121
13.8297
15.5779
17.1301
17.8927
16.4233
0.528657
1.59061
2.66652
3.76574
4.89755
6.07077
7.29278
8.56731
9.88966
11.2367
12.5462
13.6761
14.3356
14.0242
12.3664
0.511824
1.53905
2.57689
3.63204
4.71033
5.81591
6.94953
8.10537
9.26519
10.3874
11.3874
12.101
12.2153
11.0909
7.02959
0.49251
1.48011
2.47525
3.48227
4.50418
5.54161
6.59086
7.64069
8.66685
9.62313
10.4274
10.9422
10.9552
10.197
8.63577
0.471408
1.41594
2.36537
3.32216
4.28727
5.25911
6.2318
7.19246
8.11707
8.96441
9.6685
10.1319
10.2306
9.86078
9.08923
0.449117
1.34836
2.2504
3.15629
4.0657
4.97604
5.88112
6.76931
7.62096
8.40522
9.07676
9.5749
9.83146
9.80358
9.56816
0.426128
1.27885
2.13276
2.98797
3.8435
4.69664
5.54218
6.37154
7.17169
7.92434
8.60549
9.1857
9.62987
9.89054
9.87427
0.402819
1.20851
2.01422
2.81945
3.62298
4.42252
5.21451
5.99408
6.75544
7.49314
8.20434
8.89102
9.55575
10.1699
10.5849
0.379475
1.13817
1.89601
2.65212
3.40524
4.15366
4.89549
5.62928
6.35564
7.08038
7.82025
8.61161
9.51682
10.5875
11.5389
0.356308
1.06843
1.77901
2.48689
3.19077
3.8894
4.58207
5.26967
5.957
6.65715
7.40044
8.25319
9.36305
11.0879
14.4335
0.333487
0.999758
1.6639
2.32444
2.97996
3.6293
4.27218
4.91027
5.54947
6.204
6.90464
7.71627
8.78226
10.4628
13.8688
0.311157
0.932574
1.55129
2.16549
2.77344
3.37372
3.96563
4.55013
5.13131
5.71886
6.3318
7.00274
7.77474
8.63959
9.10224
0.289453
0.867272
1.44182
2.01088
2.57227
3.12395
3.66425
4.19233
4.70876
5.21611
5.71873
6.21908
6.7028
7.09573
7.21136
0.268505
0.804248
1.33616
1.86161
2.37787
2.8821
3.37137
3.84263
4.29255
4.71668
5.10726
5.447
5.69396
5.74448
5.32896
0.248439
0.743887
1.235
1.71874
2.19183
2.65065
3.09101
3.50779
3.89426
4.24059
4.53111
4.73938
4.82156
4.71693
4.41333
0.229368
0.686542
1.13897
1.58327
2.01572
2.43204
2.82703
3.19402
3.52387
3.80329
4.01212
4.11937
4.07893
3.82757
3.27051
0.211384
0.632498
1.04858
1.45603
1.85083
2.22826
2.58253
2.90606
3.18851
3.41503
3.56371
3.60194
3.48281
3.15053
2.62235
0.194548
0.581951
0.964199
1.33759
1.698
2.04058
2.35937
2.64666
2.89203
3.08086
3.19202
3.19381
3.03473
2.60956
1.5887
0.178891
0.53499
0.88597
1.22818
1.55757
1.86944
2.15811
2.41638
2.63482
2.80065
2.89629
2.89744
2.77145
2.4823
2.05267
0.164403
0.491585
0.813839
1.12768
1.42932
1.71443
1.97798
2.21379
2.41417
2.56921
2.66622
2.68939
2.62151
2.45261
2.20436
0.151045
0.451608
0.747554
1.03567
1.31254
1.57442
1.81711
2.03584
2.22501
2.37809
2.48744
2.54458
2.54176
2.47804
2.38044
0.138747
0.41484
0.686712
0.951484
1.20619
1.44773
1.67291
1.87842
2.06095
2.21737
2.34494
2.44144
2.50434
2.52703
2.48556
0.127423
0.381008
0.630807
0.874298
1.10898
1.33243
1.54238
1.73697
1.91504
2.0767
2.22406
2.36167
2.49486
2.62059
2.70475
0.116977
0.349808
0.579287
0.803236
1.01959
1.2265
1.42255
1.60702
1.78054
1.94598
2.10997
2.28499
2.4906
2.74307
2.96881
0.107311
0.32094
0.531614
0.737457
0.936765
1.12815
1.31076
1.48469
1.65168
1.8163
1.98824
2.18709
2.45384
2.88415
3.74282
0.0983368
0.294128
0.487302
0.676224
0.859454
1.03589
1.205
1.3672
1.52449
1.68155
1.84784
2.04208
2.30354
2.7278
3.60464
0.0899763
0.269136
0.445948
0.618952
0.786871
0.948734
1.10406
1.25315
1.39748
1.54041
1.68808
1.8504
2.04023
2.25719
2.37497
0.0821674
0.245779
0.407243
0.565218
0.718502
0.866128
1.00747
1.1424
1.27146
1.39601
1.51815
1.63966
1.7581
1.85552
1.88497
0.0748623
0.223915
0.370968
0.514748
0.654073
0.787897
0.915347
1.03575
1.14859
1.25332
1.34867
1.43109
1.4906
1.50107
1.39274
0.0680249
0.203442
0.33697
0.467378
0.593473
0.714102
0.82813
0.934365
1.03138
1.11714
1.18821
1.23845
1.25717
1.22917
1.15172
0.0616278
0.184284
0.305144
0.423011
0.536678
0.644902
0.746335
0.839395
0.922011
0.99118
1.04222
1.06771
1.05623
0.991623
0.848619
0.0556477
0.166377
0.275401
0.381566
0.483671
0.580427
0.670368
0.75169
0.821991
0.877824
0.914011
0.922666
0.892187
0.808543
0.676324
0.0500619
0.149655
0.247649
0.342946
0.434385
0.520695
0.600396
0.671653
0.732033
0.778126
0.804932
0.804818
0.765084
0.659213
0.403023
0.0448452
0.134047
0.221775
0.30701
0.38867
0.465562
0.536298
0.59918
0.652012
0.691836
0.714564
0.7145
0.683926
0.614286
0.511576
0.0399684
0.119466
0.197635
0.273561
0.346274
0.414711
0.477665
0.533697
0.581035
0.617433
0.640039
0.645385
0.629913
0.592337
0.540563
0.0353977
0.105808
0.175057
0.242349
0.306852
0.367677
0.423847
0.474263
0.517669
0.552621
0.577514
0.590742
0.591264
0.580264
0.565616
0.0310952
0.0929595
0.153842
0.213079
0.269992
0.323884
0.374034
0.419709
0.460184
0.494806
0.523103
0.544938
0.560633
0.570741
0.574668
0.0270199
0.0807944
0.133773
0.185427
0.235236
0.282695
0.327337
0.368774
0.406775
0.441397
0.473193
0.503413
0.533896
0.565527
0.593194
0.0231297
0.069184
0.114626
0.159061
0.202117
0.24347
0.282875
0.320236
0.355722
0.389964
0.424391
0.46172
0.50638
0.563084
0.622847
0.0193826
0.0580006
0.0961819
0.133656
0.170187
0.205604
0.239839
0.27301
0.305543
0.338413
0.373587
0.414952
0.470517
0.558536
0.727101
0.0157384
0.0471219
0.0782317
0.108909
0.139036
0.168563
0.19755
0.226234
0.255139
0.285274
0.318497
0.358337
0.412133
0.498075
0.673843
0.0121596
0.0364348
0.0605842
0.0845482
0.108307
0.131903
0.155478
0.179312
0.203892
0.229999
0.258825
0.292046
0.331441
0.375258
0.394104
0.00861203
0.0258364
0.0430679
0.0603331
0.0776936
0.095264
0.113232
0.131878
0.151591
0.172848
0.196111
0.22148
0.247695
0.269802
0.277564
0.00506466
0.0152343
0.0255301
0.0360546
0.0469386
0.0583533
0.07052
0.083711
0.098226
0.114311
0.131945
0.150337
0.166814
0.174323
0.154659
0.0014897
0.00454568
0.00783541
0.011529
0.0158183
0.0209245
0.0271017
0.0346297
0.0437772
0.0547067
0.0672601
0.080534
0.0921709
0.097724
0.0935524
-0.00213805
-0.00630431
-0.0101382
-0.0134079
-0.0158663
-0.0172447
-0.0172503
-0.0155713
-0.0119035
-0.00601893
0.00208239
0.0118762
0.0217613
0.0278873
0.02013
-0.00584178
-0.0173843
-0.0285022
-0.0389065
-0.0482985
-0.0563643
-0.0627686
-0.0671494
-0.0691189
-0.0682787
-0.0642647
-0.0568388
-0.0460311
-0.0323014
-0.0167822
-0.00964319
-0.0287585
-0.0473606
-0.0651064
-0.0816497
-0.0966354
-0.109689
-0.120399
-0.128282
-0.132738
-0.132977
-0.127897
-0.115848
-0.0937279
-0.0522879
-0.0135632
-0.0404886
-0.0668127
-0.0921402
-0.116081
-0.138246
-0.158236
-0.175608
-0.189821
-0.200124
-0.205378
-0.203793
-0.192655
-0.168568
-0.131636
-0.0176226
-0.0526357
-0.0869564
-0.120136
-0.151744
-0.181366
-0.208598
-0.23301
-0.254075
-0.271015
-0.282526
-0.286319
-0.278451
-0.252326
-0.194898
-0.0218432
-0.0652634
-0.107892
-0.149224
-0.188785
-0.226146
-0.260918
-0.292736
-0.321191
-0.345674
-0.365033
-0.376943
-0.376925
-0.357822
-0.315706
-0.0262485
-0.0784407
-0.129728
-0.17954
-0.227355
-0.272723
-0.315289
-0.354796
-0.391066
-0.42389
-0.452713
-0.475849
-0.488653
-0.479299
-0.417289
-0.0308654
-0.0922463
-0.152589
-0.211243
-0.267623
-0.321248
-0.371784
-0.419104
-0.463335
-0.504887
-0.544344
-0.581931
-0.615771
-0.637342
-0.626922
-0.0357254
-0.106773
-0.176624
-0.244526
-0.309806
-0.371918
-0.430515
-0.485558
-0.537465
-0.587341
-0.637274
-0.690619
-0.751412
-0.817605
-0.835323
-0.0408656
-0.122131
-0.202012
-0.27963
-0.35419
-0.425029
-0.491716
-0.554191
-0.613009
-0.669757
-0.727838
-0.794137
-0.883306
-1.03154
-1.35148
-0.0463294
-0.138451
-0.228971
-0.316861
-0.401158
-0.481026
-0.555845
-0.625367
-0.689993
-0.751252
-0.812701
-0.881779
-0.97419
-1.12623
-1.43541
-0.0521664
-0.155884
-0.257759
-0.356587
-0.451204
-0.540532
-0.623653
-0.699946
-0.76932
-0.832619
-0.89227
-0.953223
-1.02367
-1.11181
-1.1962
-0.0584313
-0.174596
-0.288664
-0.399239
-0.504925
-0.604351
-0.696208
-0.779334
-0.852871
-0.916523
-0.97094
-1.01808
-1.06088
-1.10001
-1.1241
-0.0651814
-0.194764
-0.321998
-0.445287
-0.562996
-0.673429
-0.774829
-0.865386
-0.943292
-1.00685
-1.05467
-1.08596
-1.10063
-1.09868
-1.07708
-0.0724736
-0.216565
-0.358071
-0.495214
-0.626122
-0.748784
-0.860983
-0.96023
-1.04368
-1.1081
-1.14989
-1.16539
-1.15194
-1.11099
-1.05651
-0.0803606
-0.240161
-0.397177
-0.549473
-0.694979
-0.831408
-0.956138
-1.06605
-1.1573
-1.22508
-1.26337
-1.26493
-1.22236
-1.13272
-1.01102
-0.0888874
-0.265693
-0.439563
-0.608449
-0.770142
-0.922162
-1.06159
-1.18482
-1.28722
-1.36255
-1.40238
-1.39512
-1.32546
-1.17673
-0.959805
-0.0980879
-0.293263
-0.485412
-0.672424
-0.852027
-1.02166
-1.17829
-1.31808
-1.43593
-1.5247
-1.57408
-1.56867
-1.48349
-1.26811
-0.765625
-0.107984
-0.322937
-0.534829
-0.741547
-0.940838
-1.1302
-1.3067
-1.46659
-1.60484
-1.7142
-1.78386
-1.79761
-1.73196
-1.55886
-1.28588
-0.118584
-0.354738
-0.587844
-0.815829
-1.03655
-1.24769
-1.44663
-1.63014
-1.79383
-1.93127
-2.03247
-2.0817
-2.05506
-1.91899
-1.62137
-0.129888
-0.388659
-0.644415
-0.895162
-1.13891
-1.37365
-1.59729
-1.80745
-2.00106
-2.17353
-2.31719
-2.41848
-2.45418
-2.39132
-2.22095
-0.141892
-0.424673
-0.704469
-0.979358
-1.24753
-1.50733
-1.75733
-1.99627
-2.22297
-2.43582
-2.63135
-2.80081
-2.92178
-2.93832
-2.70574
-0.154591
-0.462762
-0.767933
-1.06822
-1.36197
-1.64783
-1.92504
-2.19359
-2.45452
-2.71014
-2.96364
-3.21684
-3.46191
-3.65835
-3.70587
-0.167994
-0.502937
-0.834788
-1.16164
-1.48187
-1.79436
-2.09879
-2.39621
-2.68977
-2.98594
-3.29614
-3.63855
-4.03583
-4.48184
-4.71109
-0.182123
-0.54526
-0.905116
-1.25966
-1.60717
-1.94647
-2.27741
-2.60151
-2.92323
-3.25201
-3.6063
-4.02219
-4.57594
-5.45589
-7.24375
-0.197022
-0.589864
-0.979134
-1.36257
-1.73816
-2.10441
-2.46078
-2.80849
-3.1518
-3.50039
-3.8737
-4.31011
-4.88954
-5.7995
-7.5611
-0.212755
-0.636951
-1.05721
-1.47093
-1.87565
-2.26922
-2.65019
-3.01852
-3.37671
-3.73162
-4.09731
-4.49875
-4.97366
-5.55173
-6.08567
-0.229402
-0.686774
-1.13982
-1.58555
-2.02089
-2.44277
-2.84838
-3.23561
-3.60391
-3.95539
-4.29611
-4.63638
-4.98616
-5.33464
-5.59975
-0.247043
-0.739605
-1.22751
-1.70738
-2.17548
-2.62764
-3.05933
-3.46585
-3.8428
-4.18664
-4.49525
-4.76744
-4.99959
-5.1755
-5.24176
-0.265743
-0.795671
-1.32078
-1.83739
-2.34114
-2.82674
-3.28777
-3.71665
-4.10469
-4.44238
-4.71969
-4.92631
-5.05211
-5.09253
-5.07804
-0.285527
-0.855083
-1.41995
-1.97634
-2.51942
-3.04289
-3.53854
-3.99581
-4.40156
-4.74005
-4.99325
-5.14133
-5.16391
-5.04769
-4.82512
-0.306349
-0.917752
-1.52502
-2.12453
-2.71131
-3.27838
-3.81597
-4.31075
-4.74514
-5.09697
-5.3398
-5.44349
-5.37209
-5.07667
-4.55709
-0.328072
-0.983296
-1.63547
-2.28155
-2.91689
-3.53434
-4.12313
-4.66764
-5.14606
-5.52957
-5.78298
-5.86721
-5.73579
-5.26124
-3.69543
-0.350434
-1.05096
-1.75015
-2.44604
-3.13491
-3.81019
-4.46104
-5.07043
-5.61289
-6.05253
-6.34363
-6.44065
-6.33772
-6.20355
-6.87897
-0.373035
-1.11955
-1.86711
-2.6154
-3.36236
-4.10301
-4.82773
-5.51969
-6.15113
-6.67863
-7.03901
-7.15287
-6.96128
-6.58367
-6.92014
-0.395326
-1.18741
-1.98357
-2.78569
-3.59419
-4.40689
-5.21718
-6.01099
-6.76153
-7.42077
-7.90556
-8.07713
-7.71398
-6.46798
-3.64075
-0.41662
-1.25244
-2.09589
-2.95155
-3.82309
-4.71242
-5.61808
-6.53232
-7.43534
-8.28404
-8.98955
-9.37266
-9.07973
-7.45039
-3.45462
-0.43612
-1.31218
-2.19972
-3.10637
-4.03965
-5.00661
-6.01302
-7.06144
-8.14685
-9.24673
-10.2974
-11.1376
-11.3735
-10.0762
-5.29172
-0.452965
-1.36395
-2.29027
-3.24269
-4.2328
-5.2734
-6.37878
-7.56484
-8.84833
-10.2436
-11.7513
-13.3222
-14.7319
-15.1235
-11.1559
-0.466297
-1.40507
-2.3627
-3.35283
-4.39089
-5.49519
-6.68851
-8.00058
-9.47219
-11.1623
-13.1615
-15.6186
-18.7975
-23.1979
-29.759
-12.152
-27.7663
-26.2385
-22.4073
-18.8511
-15.871
-13.3759
-11.2408
-9.36625
-7.68009
-6.13041
-4.67905
-3.29689
-1.96066
-0.650705
-119.77
-62.4203
-40.2712
-29.3375
-22.8232
-18.3962
-15.0977
-12.4698
-10.268
-8.34969
-6.62541
-5.03558
-3.53785
-2.10015
-0.696387
-133.137
-72.6297
-46.5155
-33.1986
-25.3456
-20.1379
-16.3536
-13.4029
-10.973
-8.88451
-7.02704
-5.32813
-3.73711
-2.21606
-0.734438
-73.0141
-58.9547
-43.8725
-33.2651
-26.0309
-20.8909
-17.0308
-13.9743
-11.4409
-9.25889
-7.31854
-5.54576
-3.88779
-2.30459
-0.763637
-51.4749
-45.9897
-38.1219
-30.9889
-25.2619
-20.7551
-17.1498
-14.1825
-11.6647
-9.46546
-7.49365
-5.68367
-3.98653
-2.36377
-0.78334
-32.6497
-34.6792
-31.8608
-27.7361
-23.6456
-19.9932
-16.8257
-14.0786
-11.6671
-9.51412
-7.55638
-5.7432
-4.03361
-2.39355
-0.793495
-24.072
-26.735
-26.5068
-24.4594
-21.725
-18.8945
-16.2096
-13.7417
-11.49
-9.42717
-7.51871
-5.7308
-4.03241
-2.39554
-0.794578
-13.3882
-20.7987
-22.4159
-21.6597
-19.8712
-17.6948
-15.4428
-13.2547
-11.1818
-9.23297
-7.39732
-5.65623
-3.98849
-2.37259
-0.787463
-16.153
-18.8853
-19.9733
-19.5769
-18.2866
-16.5475
-14.6316
-12.6876
-10.7876
-8.96015
-7.21025
-5.53071
-3.90856
-2.32826
-0.773266
-16.8747
-18.1139
-18.5613
-18.1149
-17.0138
-15.523
-13.84
-12.0898
-10.3428
-8.63348
-6.97432
-5.36534
-3.79957
-2.26635
-0.753193
-17.5924
-17.8925
-17.77
-17.1075
-16.0116
-14.6318
-13.095
-11.4899
-9.87201
-8.27194
-6.70353
-5.16996
-3.66797
-2.1905
-0.728422
-18.0658
-17.9644
-17.3539
-16.4011
-15.2064
-13.8499
-12.3973
-10.8988
-9.38879
-7.88841
-6.40853
-4.95265
-3.51933
-2.10396
-0.700015
-19.2313
-18.3898
-17.1753
-15.8627
-14.5135
-13.1345
-11.7316
-10.3157
-8.89888
-7.49065
-6.09686
-4.71967
-3.35823
-2.00948
-0.66889
-20.875
-19.0743
-17.0649
-15.3498
-13.8414
-12.4359
-11.0749
-9.73329
-8.40298
-7.08285
-5.77365
-4.47574
-3.18831
-1.90933
-0.635815
-25.946
-19.9037
-16.7501
-14.6931
-13.0979
-11.7062
-10.4046
-9.14302
-7.90002
-6.66745
-5.44259
-4.22453
-3.01252
-1.80539
-0.601428
-24.8702
-18.7272
-15.6737
-13.7159
-12.2131
-10.9139
-9.70667
-8.53981
-7.3898
-6.24669
-5.10682
-3.96912
-2.83335
-1.69923
-0.566273
-16.2238
-15.405
-13.8364
-12.4227
-11.187
-10.0577
-8.98068
-7.9249
-6.87478
-5.82367
-4.76952
-3.71238
-2.65302
-1.59228
-0.53083
-12.7988
-12.6036
-11.8914
-11.0059
-10.0869
-9.16514
-8.23994
-7.30605
-6.36045
-5.40275
-4.43429
-3.45717
-2.47364
-1.48581
-0.495535
-9.40543
-10.1612
-10.0669
-9.61234
-8.98866
-8.275
-7.50523
-6.69533
-5.85451
-4.98931
-4.10508
-3.20641
-2.29725
-1.38105
-0.460788
-7.75946
-8.30915
-8.49247
-8.33623
-7.95292
-7.42383
-6.79837
-6.10609
-5.3655
-4.58908
-3.78589
-2.96292
-2.12576
-1.27909
-0.426957
-5.71797
-6.71152
-7.15387
-7.2178
-7.01841
-6.63958
-6.13791
-5.55038
-4.90136
-4.20743
-3.48045
-2.72927
-1.96087
-1.18093
-0.394362
-4.56656
-5.49667
-6.07803
-6.28224
-6.20852
-5.94062
-5.53706
-5.03738
-4.46839
-3.84873
-3.19179
-2.5076
-1.80398
-1.08736
-0.363268
-2.7501
-4.52399
-5.26411
-5.53968
-5.53346
-5.33586
-5.00297
-4.5725
-4.07061
-3.51592
-2.92206
-2.2994
-1.65613
-0.998989
-0.333866
-3.52136
-4.26922
-4.77278
-4.9928
-4.99131
-4.82504
-4.53664
-4.15721
-3.7095
-3.2103
-2.67234
-2.10553
-1.51789
-0.916161
-0.306277
-3.75962
-4.18408
-4.47835
-4.59973
-4.56358
-4.39903
-4.1335
-3.78935
-3.38413
-2.93159
-2.44263
-1.92612
-1.38944
-0.838995
-0.280542
-4.02038
-4.18935
-4.30398
-4.31606
-4.225
-4.04315
-3.78496
-3.46389
-3.09162
-2.67817
-2.23207
-1.7607
-1.27054
-0.767393
-0.256634
-4.16755
-4.23235
-4.20081
-4.10401
-3.94947
-3.74026
-3.48009
-3.17397
-2.82771
-2.44741
-2.03905
-1.60833
-1.16065
-0.701077
-0.234469
-4.47784
-4.34225
-4.14295
-3.93205
-3.71189
-3.47275
-3.20712
-2.91191
-2.58744
-2.23614
-1.86155
-1.46775
-1.05902
-0.639646
-0.21392
-4.86698
-4.49638
-4.09315
-3.7665
-3.48748
-3.22364
-2.9547
-2.67016
-2.36579
-2.04103
-1.69739
-1.33754
-0.964763
-0.582627
-0.194839
-6.03865
-4.67317
-3.99015
-3.56786
-3.25252
-2.97807
-2.71309
-2.44218
-2.15831
-1.85902
-1.54447
-1.2163
-0.877009
-0.529532
-0.177068
-5.77424
-4.376
-3.70609
-3.29495
-2.98914
-2.72592
-2.47558
-2.2232
-1.96153
-1.6876
-1.40101
-1.1028
-0.794934
-0.479898
-0.16046
-3.72929
-3.57302
-3.2423
-2.94888
-2.69618
-2.46483
-2.23948
-2.01067
-1.77324
-1.52499
-1.2656
-0.995987
-0.717838
-0.433319
-0.14488
-2.91166
-2.89119
-2.75259
-2.57453
-2.38839
-2.19954
-2.00579
-1.8041
-1.59247
-1.3701
-1.13729
-0.895103
-0.645163
-0.38946
-0.130218
-2.09147
-2.29136
-2.29029
-2.20577
-2.08246
-1.93765
-1.77759
-1.60445
-1.41914
-1.22246
-1.01549
-0.7996
-0.576486
-0.348059
-0.116384
-1.69124
-1.83109
-1.88592
-1.86393
-1.79147
-1.68634
-1.55848
-1.41323
-1.25369
-1.08197
-0.899869
-0.709111
-0.511497
-0.30891
-0.103307
-1.19679
-1.42984
-1.5349
-1.55713
-1.52314
-1.45081
-1.35143
-1.23193
-1.09669
-0.948692
-0.790254
-0.623379
-0.449959
-0.271855
-0.090932
-0.922854
-1.11746
-1.24138
-1.28936
-1.28143
-1.23405
-1.15834
-1.06156
-0.948538
-0.822655
-0.686491
-0.542189
-0.391671
-0.236754
-0.0792097
-0.51567
-0.854176
-1.00058
-1.0604
-1.0671
-1.03695
-0.979874
-0.902463
-0.809309
-0.703752
-0.588375
-0.465311
-0.336435
-0.203477
-0.0680941
-0.589617
-0.724276
-0.819909
-0.868317
-0.878359
-0.858547
-0.815515
-0.754288
-0.678684
-0.59166
-0.495591
-0.392465
-0.284029
-0.171882
-0.0575369
-0.573389
-0.621467
-0.672016
-0.702863
-0.710332
-0.696252
-0.66378
-0.616088
-0.55598
-0.485843
-0.4077
-0.323301
-0.234197
-0.141811
-0.0474847
-0.504575
-0.516926
-0.537789
-0.553627
-0.557255
-0.546717
-0.522604
-0.486498
-0.440231
-0.385577
-0.324149
-0.2574
-0.186641
-0.113086
-0.0378778
-0.434447
-0.406458
-0.407035
-0.412853
-0.414001
-0.406594
-0.389742
-0.363954
-0.330299
-0.290005
-0.244287
-0.194277
-0.141024
-0.0855066
-0.02865
-0.293617
-0.276132
-0.27262
-0.275303
-0.276671
-0.273014
-0.263074
-0.246861
-0.224965
-0.198193
-0.167397
-0.1334
-0.0969759
-0.0588546
-0.0197291
-0.173896
-0.13608
-0.133879
-0.138644
-0.142811
-0.143782
-0.140747
-0.133701
-0.123006
-0.109167
-0.0927231
-0.0742016
-0.0541023
-0.0328976
-0.0110382
0.0768808
0.0287355
0.00972664
-0.00237856
-0.0111513
-0.0173151
-0.0211903
-0.0230629
-0.0232202
-0.0219403
-0.0194841
-0.0160932
-0.0119921
-0.00739243
-0.00249696
0.205029
0.173352
0.148566
0.131597
0.118718
0.107581
0.0969916
0.086398
0.0755798
0.0644795
0.0531138
0.0415283
0.0297764
0.01791
0.00597711
0.377099
0.313214
0.282006
0.262758
0.247399
0.232115
0.215193
0.196029
0.174588
0.151094
0.125873
0.0992719
0.071629
0.0432613
0.0144672
0.465707
0.430413
0.407168
0.391242
0.376048
0.357807
0.334967
0.307256
0.275034
0.238919
0.199598
0.157746
0.11399
0.0689117
0.023056
0.574065
0.539271
0.527273
0.519243
0.506835
0.486712
0.45814
0.421631
0.378196
0.32898
0.275091
0.217549
0.157274
0.0951051
0.0318239
0.627342
0.632322
0.644648
0.650306
0.643
0.621503
0.586843
0.540829
0.485387
0.422297
0.353131
0.279257
0.201877
0.122074
0.0408478
0.671914
0.720294
0.766676
0.790393
0.789043
0.765454
0.723448
0.666592
0.597901
0.519845
0.43445
0.343406
0.248169
0.150035
0.0501987
0.672339
0.809675
0.904465
0.947911
0.950549
0.922213
0.870382
0.800589
0.716932
0.622502
0.5197
0.410475
0.296479
0.179181
0.0599408
0.567431
0.92862
1.07793
1.13379
1.13359
1.09531
1.02981
0.94423
0.84346
0.730984
0.609422
0.480865
0.347087
0.20968
0.0701295
0.999805
1.19472
1.31632
1.35862
1.34309
1.28733
1.2032
1.09844
0.97813
0.845788
0.704012
0.554887
0.400222
0.24167
0.0808118
1.2841
1.51177
1.60979
1.62364
1.58056
1.49906
1.39094
1.26346
1.12117
0.967158
0.803715
0.632767
0.456061
0.275267
0.092027
1.79245
1.91886
1.96176
1.92823
1.84472
1.7293
1.59215
1.43878
1.27238
1.09509
0.908641
0.714654
0.514744
0.310566
0.103809
2.2001
2.38397
2.36682
2.26755
2.13107
1.97467
1.80464
1.62317
1.43116
1.22939
1.01881
0.800663
0.576399
0.347659
0.116191
3.03331
2.98872
2.82894
2.63275
2.43127
2.22952
2.02511
1.81488
1.59674
1.36982
1.13426
0.890925
0.641169
0.38665
0.129211
3.85985
3.67349
3.3164
3.00167
2.73168
2.48626
2.24964
2.01212
1.76844
1.51627
1.25512
0.985657
0.709252
0.427673
0.142914
5.92611
4.47688
3.77447
3.33955
3.01507
2.73691
2.47481
2.21365
1.94605
1.66896
1.38176
1.08522
0.780937
0.470907
0.157363
6.17882
4.7617
4.04685
3.60076
3.26633
2.97644
2.69937
2.41966
2.13028
1.82869
1.51489
1.19018
0.856617
0.516586
0.172633
4.94665
4.55888
4.13263
3.78448
3.48668
3.20711
2.92577
2.63243
2.323
1.99693
1.65559
1.3013
0.936797
0.564993
0.188816
4.53354
4.38282
4.16421
3.93328
3.6944
3.43904
3.16053
2.85638
2.52729
2.1758
1.80531
1.41952
1.02206
0.616441
0.20601
4.20114
4.25396
4.2044
4.08763
3.91359
3.68708
3.41312
3.09767
2.74715
2.36787
1.96568
1.54584
1.11299
0.671237
0.224311
4.04332
4.19622
4.29131
4.28179
4.16925
3.9681
3.69456
3.36335
2.98701
2.57586
2.13832
1.68121
1.2101
0.729631
0.243793
3.77143
4.17866
4.45088
4.54752
4.48647
4.29943
4.01606
3.66039
3.25105
2.8022
2.32457
1.82632
1.31373
0.791756
0.264489
3.52767
4.2549
4.73243
4.92279
4.8912
4.6977
4.38778
3.99472
3.54255
3.04854
2.52515
1.98139
1.42387
0.857564
0.286375
2.75127
4.50456
5.21343
5.45223
5.40842
5.17683
4.81728
4.37014
3.86312
3.31531
2.73989
2.14603
1.54013
0.926765
0.309349
4.57852
5.47955
6.02089
6.17796
6.05606
5.74485
5.30762
4.78716
4.21203
3.60125
2.96746
2.31905
1.66158
0.998784
0.333213
5.74289
6.70435
7.09525
7.09744
6.83519
6.40042
5.85579
5.24216
4.58573
3.9032
3.2052
2.49835
1.78674
1.07273
0.357675
7.81962
8.3254
8.43958
8.2006
7.73417
7.13231
6.4519
5.72691
4.97756
4.21592
3.44908
2.68099
1.91357
1.14742
0.382339
9.51028
10.2184
10.0292
9.46175
8.72725
7.91876
7.07901
6.22861
5.37796
4.53227
3.69385
2.86317
2.03952
1.22137
0.406726
13.0225
12.7347
11.8815
10.8389
9.77174
8.72696
7.71354
6.73051
5.77492
4.84359
3.93326
3.04049
2.16165
1.2929
0.430284
16.5957
15.6439
13.8652
12.2333
10.8007
9.51342
8.327
7.21337
6.15506
5.14036
4.16048
3.20814
2.27677
1.36019
0.45242
25.6542
19.1272
15.747
13.4894
11.7287
10.2299
8.88993
7.65784
6.50495
5.41295
4.36861
3.36124
2.38163
1.42136
0.472525
26.8953
20.4253
16.8494
14.4005
12.475
10.836
9.378
8.04734
6.81256
5.65248
4.55106
3.49509
2.47306
1.4746
0.490005
22.003
19.7138
17.1691
14.9483
13.0223
11.3165
9.77769
8.37027
7.06832
5.8513
4.70197
3.60536
2.54814
1.5182
0.504304
20.5831
19.1797
17.2639
15.2913
13.4166
11.681
10.0862
8.62
7.26512
6.00312
4.81629
3.6883
2.60428
1.55068
0.514932
20.048
19.0014
17.3983
15.5664
13.7145
11.9476
10.3054
8.79247
7.39743
6.10275
4.88977
3.74071
2.6393
1.57076
0.521475
20.116
19.2096
17.6917
15.8555
13.9534
12.1278
10.4348
8.88311
7.46007
6.14568
4.91888
3.76003
2.65149
1.57748
0.523621
20.784
19.8424
18.2063
16.1903
14.1393
12.2159
10.4661
8.88443
7.44729
6.12778
4.90081
3.74443
2.63972
1.57022
0.52117
21.1345
20.9577
18.9846
16.5496
14.2366
12.1833
10.3808
8.78539
7.35282
6.04565
4.83374
3.69295
2.6035
1.54875
0.514063
21.123
23.3204
20.0839
16.8241
14.1535
11.9768
10.1516
8.57329
7.1713
5.89736
4.71731
3.60581
2.5432
1.51336
0.5024
48.923
29.4568
21.1992
16.6896
13.7276
11.5262
9.75091
8.23879
6.90087
5.6839
4.55327
3.48475
2.46014
1.46487
0.486457
47.757
27.8092
19.7119
15.4804
12.7736
10.7796
9.16753
7.78335
6.54647
5.41048
4.3461
3.33319
2.35673
1.40468
0.466694
16.3399
17.9322
15.5402
13.2122
11.3248
9.7677
8.42596
7.22562
6.12201
5.08736
4.10322
3.15632
2.23636
1.33472
0.443739
6.5112
10.8222
11.3238
10.6383
9.64652
8.60633
7.58622
6.60073
5.64968
4.72917
3.83447
2.96076
2.10328
1.25736
0.418354
2.73209
6.35768
7.93193
8.27707
8.0019
7.43103
6.72245
5.95193
5.15616
4.35308
3.55115
2.75392
1.96219
1.17521
0.391372
0.229808
3.3177
5.39361
6.34662
6.56263
6.35137
5.90173
5.32067
4.66774
3.97618
3.26458
2.54328
1.8178
1.09087
0.363631
-4.09764
0.980553
3.6351
4.92795
5.42008
5.43726
5.17228
4.73933
4.20616
3.6132
2.98477
2.33554
1.67442
1.00676
0.335905
-0.475731
-1.43435
-2.41485
-3.43336
-4.50859
-5.66351
-6.92807
-8.3436
-9.97085
-11.9056
-14.3115
-17.4965
-22.1129
-29.7538
-45.0144
-0.479432
-1.4461
-2.43668
-3.46889
-4.56342
-5.74587
-7.04984
-8.52184
-10.2299
-12.2794
-14.843
-18.2194
-22.9492
-30.0229
-41.099
-0.475326
-1.43393
-2.41689
-3.4421
-4.5303
-5.7067
-7.00356
-8.46395
-10.1475
-12.1392
-14.5618
-17.589
-21.4414
-26.2896
-31.7921
-0.463263
-1.39741
-2.35482
-3.35233
-4.40895
-5.54704
-6.79374
-8.18288
-9.75687
-11.568
-13.676
-16.1334
-18.9379
-21.9018
-24.353
-0.443577
-1.33763
-2.25264
-3.20343
-4.20613
-5.27873
-6.44147
-7.71691
-9.12907
-10.6999
-12.4407
-14.3307
-16.2751
-18.0267
-19.0802
-0.41699
-1.25689
-2.11467
-3.0026
-3.93341
-4.92028
-5.97645
-7.11421
-8.3425
-9.66202
-11.056
-12.4737
-13.8051
-14.8496
-15.3006
-0.38448
-1.15827
-1.94654
-2.75888
-3.60462
-4.49251
-5.42983
-6.42096
-7.46465
-8.54962
-9.64748
-10.7029
-11.6221
-12.2661
-12.4631
-0.347139
-1.04517
-1.75434
-2.48173
-3.23369
-4.01529
-4.82939
-5.67511
-6.54551
-7.42428
-8.2814
-9.06823
-9.71424
-10.1296
-10.2206
-0.306047
-0.920911
-1.54393
-2.18001
-2.83309
-3.50556
-4.19733
-4.90456
-5.61796
-6.32058
-6.98557
-7.57435
-8.03703
-8.31723
-8.36417
-0.262182
-0.788492
-1.32047
-1.86127
-2.41309
-2.97651
-3.54978
-4.12784
-4.70116
-5.2545
-5.76591
-6.20655
-6.54228
-6.73811
-6.76627
-0.216371
-0.650407
-1.08816
-1.53153
-1.98148
-2.4376
-2.89742
-3.35585
-3.80434
-4.23034
-4.61701
-4.94364
-5.18739
-5.32665
-5.34601
-0.169265
-0.508606
-0.850232
-1.19518
-1.54372
-1.89496
-2.24647
-2.59377
-2.92998
-3.24551
-3.52813
-3.76359
-3.93699
-4.03508
-4.04925
-0.121349
-0.364516
-0.608981
-0.855245
-1.10324
-1.35206
-1.59971
-1.84278
-2.07629
-2.29357
-2.48641
-2.64559
-2.76188
-2.82742
-2.83747
-0.0729641
-0.219127
-0.365928
-0.513577
-0.661929
-0.810341
-0.957513
-1.10134
-1.23883
-1.36606
-1.47833
-1.57049
-1.6375
-1.67524
-1.68131
-32288.6
-32265.6
-32242.6
-32219.3
-32195.6
-32171.5
-32146.9
-32121.6
-32095.6
-32068.7
-32041
-32012.3
-31982.5
-31951.6
-31919.6
-99.5302
-142.092
57.3169
-0.560323
38.4048
2.71868
22.2872
-1.57525
-24.197
-6.29806
-34.2642
-8.09819
-43.0976
-7.03747
-54.4374
52.4594
5.44977
40.2799
6.40497
30.5544
4.41171
19.7854
-0.213615
-20.1568
-4.85058
-30.6875
-6.88957
-40.0625
-6.13395
-51.7356
51.2879
5.69544
39.6511
6.52524
30.2334
4.50001
19.6589
-0.130272
-19.9114
-4.77988
-30.4733
-6.858
-39.9071
-6.1466
-51.6396
51.1451
5.61845
39.5409
6.42081
30.1447
4.37937
19.5746
-0.270688
-20.1288
-4.93875
-30.7772
-7.022
-40.3176
-6.28387
-52.202
51.6746
5.65184
40.0807
6.52062
30.7138
4.51937
20.1209
-0.153811
-20.5334
-4.85579
-31.6385
-6.89471
-41.8559
-5.88547
-54.9129
57.5803
7.62221
47.0403
9.44279
39.8592
8.77923
33.5066
6.79882
-24.3444
71.4053
44.3168
28.1851
16.3219
5.46477
-7.19006
-56.194
-54.4533
-8.26427
-1.93413
7.83153
3.75004
4.2386
-3.35711
-11.0779
-11.7112
-17.301
-14.9228
-19.4334
-12.8331
-12.9566
10.4299
10.2748
16.5552
11.9838
13.8564
8.26243
7.10324
-0.286071
-7.66908
-8.83542
-14.3981
-12.5989
-17.1497
-11.1331
-11.4259
10.9813
10.693
16.718
12.1735
13.9561
8.40126
7.214
-0.13383
-7.48275
-8.67887
-14.2388
-12.4848
-17.0434
-11.0757
-11.3863
10.9547
10.6501
16.6574
12.1048
13.8829
8.31673
7.1249
-0.246078
-7.62137
-8.82236
-14.4095
-12.6399
-17.2225
-11.1915
-11.4826
11.116
10.8349
16.9606
12.3864
14.2501
8.6376
7.48644
0.00112194
-7.50126
-8.65976
-14.3545
-12.3945
-17.0414
-10.4378
-10.4055
14.4188
14.6195
22.2487
18.0698
21.8512
17.0329
18.9611
13.1878
10.9409
30.2834
28.5395
22.0387
14.8735
8.05377
2.42951
-35.1238
-30.8186
-16.4497
-8.25623
-2.80329
-1.80083
-2.17011
-4.9603
-8.16637
-9.98847
-11.8132
-11.8292
-11.7706
-8.94815
-5.3323
2.29809
5.83022
8.45497
8.28072
7.90778
5.7246
3.38996
-0.370104
-4.13587
-6.49201
-8.71244
-9.1668
-9.45622
-7.04947
-3.8068
3.35388
6.59659
9.00239
8.70827
8.24233
6.01064
3.6379
-0.138322
-3.91665
-6.29639
-8.53902
-9.02384
-9.3401
-6.96649
-3.7537
3.37177
6.59058
8.97802
8.67084
8.19481
5.95316
3.57131
-0.217107
-4.00683
-6.39173
-8.63733
-9.11228
-9.41302
-6.99686
-3.72619
3.50304
6.7906
9.24704
8.98054
8.55095
6.33028
3.97199
0.179476
-3.60549
-5.93263
-8.09454
-8.38164
-8.42853
-5.52837
-1.59974
6.71468
10.919
14.4599
15.2336
16.2263
15.5707
15.5055
14.4981
15.1371
19.5264
19.6129
16.8494
12.9282
8.92187
5.66992
-24.6141
-21.6758
-15.7423
-10.632
-7.02941
-5.37638
-5.0927
-5.96455
-7.24768
-8.26196
-8.92964
-8.84322
-8.0876
-6.20567
-3.48886
0.0678087
2.69227
4.38526
4.86376
4.5659
3.40484
1.72932
-0.44592
-2.63251
-4.34397
-5.56991
-5.97216
-5.64526
-4.16952
-1.82958
1.36832
3.70538
5.17472
5.49046
5.07127
3.82316
2.08284
-0.139746
-2.36447
-4.11133
-5.3704
-5.80559
-5.51013
-4.06565
-1.75528
1.41451
3.72832
5.17896
5.48008
5.04929
3.79156
2.04323
-0.186193
-2.41518
-4.16167
-5.41483
-5.8355
-5.51581
-4.03266
-1.67005
1.56612
3.94324
5.45462
5.80958
5.431
4.22121
2.52288
0.347025
-1.80896
-3.44338
-4.53425
-4.71462
-4.05944
-2.09991
0.890547
4.92908
8.1741
10.6559
12.0822
12.975
13.2586
13.4068
13.4374
13.9333
14.9654
14.7906
13.3276
11.1057
8.70389
6.61899
-18.6773
-16.846
-13.8494
-10.8367
-8.44823
-6.9801
-6.35135
-6.37659
-6.71613
-7.03459
-7.13202
-6.82088
-6.0265
-4.66545
-2.8549
-0.820171
0.895557
2.06429
2.56468
2.46692
1.82582
0.788169
-0.505487
-1.81344
-2.89517
-3.61357
-3.82759
-3.48872
-2.53408
-1.08792
0.622276
2.06361
3.00816
3.33089
3.09376
2.3444
1.22218
-0.138163
-1.50051
-2.62877
-3.38823
-3.63954
-3.33483
-2.41176
-0.99445
0.689825
2.10899
3.03521
3.34323
3.09456
2.33638
1.20793
-0.155938
-1.51834
-2.64203
-3.39117
-3.62487
-3.294
-2.33488
-0.871864
0.866234
2.34253
3.32748
3.69493
3.50802
2.81567
1.76142
0.485962
-0.763485
-1.73682
-2.2851
-2.25081
-1.5686
-0.155999
1.87162
4.28615
6.5283
8.37169
9.69899
10.6009
11.1414
11.4773
11.7067
11.9574
12.1424
11.8235
10.8987
9.54229
8.02958
6.62454
-14.8503
-13.6943
-11.9795
-10.1428
-8.54173
-7.37517
-6.66828
-6.33608
-6.21497
-6.12557
-5.92282
-5.49444
-4.7815
-3.7726
-2.54385
-1.2489
-0.113608
0.705616
1.12678
1.15023
0.817689
0.21553
-0.544605
-1.32025
-1.96972
-2.38367
-2.47932
-2.21902
-1.60656
-0.726591
0.263267
1.13709
1.73691
1.97739
1.85377
1.40242
0.704296
-0.133807
-0.973746
-1.67738
-2.1379
-2.27428
-2.05004
-1.46966
-0.618141
0.346828
1.19941
1.78161
2.00795
1.87347
1.41436
0.711575
-0.127858
-0.965282
-1.66181
-2.10978
-2.22726
-1.97694
-1.36276
-0.469825
0.543321
1.44934
2.08952
2.37853
2.31288
1.93121
1.31851
0.58742
-0.115626
-0.642372
-0.874884
-0.720013
-0.129547
0.902279
2.29553
3.89145
5.45673
6.83069
7.92835
8.74748
9.31869
9.70148
9.94503
10.0763
10.045
9.72884
9.09113
8.20393
7.20017
6.21894
-12.0984
-11.3475
-10.2853
-9.10965
-8.00952
-7.10835
-6.4457
-5.99161
-5.66822
-5.37979
-5.0386
-4.57781
-3.96274
-3.19643
-2.32819
-1.44782
-0.667736
-0.0799697
0.261501
0.346023
0.197695
-0.12974
-0.561515
-1.00885
-1.38351
-1.61226
-1.64371
-1.45656
-1.06434
-0.52362
0.0712402
0.605019
0.983022
1.14806
1.08562
0.815695
0.387884
-0.126906
-0.643362
-1.07617
-1.3544
-1.42842
-1.27818
-0.918097
-0.405267
0.165603
0.679111
1.04042
1.19219
1.1198
0.843162
0.411952
-0.102721
-0.615166
-1.03955
-1.30436
-1.35932
-1.18388
-0.792064
-0.24092
0.374647
0.938943
1.35721
1.57285
1.57279
1.37945
1.04606
0.648482
0.278345
0.0283692
-0.0225105
0.183516
0.673938
1.4401
2.42759
3.54088
4.66066
5.68759
6.5588
7.25103
7.76731
8.12613
8.34514
8.42905
8.35768
8.09719
7.6428
7.0334
6.33827
5.63344
-9.95022
-9.44875
-8.75444
-7.96775
-7.19079
-6.49805
-5.92282
-5.45896
-5.07116
-4.71001
-4.32664
-3.8834
-3.3618
-2.76709
-2.13008
-1.50239
-0.945002
-0.510967
-0.23386
-0.12296
-0.164471
-0.324846
-0.5561
-0.802205
-1.0075
-1.12506
-1.12297
-0.989466
-0.736065
-0.398688
-0.0329086
0.297186
0.535727
0.646204
0.616198
0.456246
0.196651
-0.117677
-0.433505
-0.697598
-0.865049
-0.90555
-0.808565
-0.586532
-0.276022
0.0669348
0.377944
0.600915
0.699177
0.660212
0.494525
0.232487
-0.080823
-0.391888
-0.647102
-0.801127
-0.82321
-0.702406
-0.450822
-0.104802
0.279795
0.638816
0.916696
1.07775
1.11104
1.02934
0.866045
0.670026
0.499282
0.412408
0.459915
0.677514
1.08036
1.6592
2.37852
3.18095
3.99832
4.76872
5.44701
6.008
6.44269
6.75214
6.9398
7.00549
6.94274
6.74478
6.41767
5.98635
5.49033
4.97359
-8.17016
-7.82771
-7.35659
-6.81184
-6.25078
-5.71853
-5.23958
-4.81679
-4.43572
-4.07226
-3.70092
-3.30187
-2.86616
-2.39872
-1.91859
-1.45576
-1.0447
-0.716045
-0.489942
-0.372535
-0.355538
-0.417951
-0.529366
-0.654389
-0.757888
-0.810209
-0.791532
-0.695088
-0.528777
-0.314716
-0.0857326
0.121131
0.272785
0.346589
0.33384
0.240226
0.0841792
-0.106341
-0.298195
-0.458246
-0.55855
-0.580701
-0.51906
-0.382411
-0.193538
0.0142397
0.203522
0.340965
0.403753
0.383083
0.284615
0.126831
-0.062175
-0.249052
-0.400386
-0.487908
-0.492864
-0.40927
-0.245577
-0.0242433
0.221767
0.45553
0.644409
0.766632
0.814869
0.79673
0.733157
0.655173
0.599451
0.60294
0.697409
0.904758
1.23336
1.67599
2.20981
2.79951
3.40363
3.9825
4.50414
4.94685
5.29845
5.55355
5.71014
5.76688
5.72253
5.57838
5.34263
5.03247
4.67225
4.28888
-6.62922
-6.39193
-6.06475
-5.6794
-5.2693
-4.86224
-4.47549
-4.11456
-3.77492
-3.44587
-3.11513
-2.77313
-2.41626
-2.04866
-1.68221
-1.33462
-1.02579
-0.773494
-0.589552
-0.47757
-0.43231
-0.440546
-0.483089
-0.537625
-0.582027
-0.59765
-0.572134
-0.501369
-0.390302
-0.252283
-0.106755
0.0245276
0.1219
0.17156
0.167883
0.114062
0.0213059
-0.0931287
-0.208724
-0.304968
-0.36463
-0.376548
-0.3376
-0.253527
-0.138304
-0.0118494
0.103725
0.188496
0.228486
0.217967
0.160099
0.066122
-0.0466081
-0.157414
-0.245572
-0.293597
-0.290043
-0.231485
-0.12334
0.0207758
0.18137
0.336877
0.468105
0.562056
0.614282
0.629548
0.621021
0.608266
0.614357
0.662463
0.772362
0.957392
1.22218
1.5615
1.96061
2.39729
2.84534
3.27871
3.67494
4.01693
4.29318
4.49684
4.62426
4.67389
4.64605
4.5439
4.37476
4.15071
3.88752
3.60245
-5.25053
-5.08561
-4.85665
-4.58257
-4.28346
-3.97668
-3.67423
-3.38168
-3.09889
-2.82192
-2.54557
-2.26582
-1.98184
-1.69696
-1.41871
-1.15768
-0.925526
-0.732546
-0.585581
-0.486571
-0.43209
-0.413783
-0.419587
-0.4355
-0.447655
-0.444378
-0.417939
-0.365733
-0.290679
-0.20071
-0.107306
-0.0232882
0.0396794
0.0732974
0.074091
0.0439269
-0.0103883
-0.0782821
-0.147152
-0.204404
-0.239496
-0.245672
-0.221149
-0.169524
-0.0992709
-0.0222936
0.0482613
0.100492
0.125935
0.121017
0.0875643
0.0324026
-0.0338257
-0.0983988
-0.148561
-0.173568
-0.166435
-0.125115
-0.0529068
0.0420599
0.148298
0.253182
0.345477
0.417564
0.466917
0.496628
0.514977
0.534221
0.568764
0.633005
0.739129
0.895182
1.10367
1.36091
1.65733
1.97872
2.30817
2.62843
2.92384
3.18167
3.39246
3.54994
3.65042
3.69245
3.67661
3.60589
3.48598
3.3253
3.13435
2.92444
-3.98434
-3.87148
-3.71349
-3.52181
-3.30864
-3.08489
-2.85871
-2.63476
-2.41449
-2.19711
-1.9809
-1.76465
-1.54873
-1.33573
-1.13044
-0.939213
-0.768873
-0.625371
-0.512586
-0.431485
-0.379815
-0.352339
-0.341565
-0.338824
-0.335542
-0.324497
-0.300888
-0.263032
-0.212571
-0.15412
-0.0943757
-0.0408267
-0.000312352
0.022268
0.0248458
0.00853699
-0.0225607
-0.0620603
-0.102338
-0.13578
-0.156026
-0.159029
-0.14375
-0.11237
-0.0699409
-0.0235092
0.0191665
0.0510459
0.067089
0.0651403
0.0462781
0.0146067
-0.0234383
-0.0601465
-0.0877817
-0.0998315
-0.0920651
-0.063229
-0.0152521
0.0471095
0.11717
0.187613
0.251948
0.305806
0.347839
0.380067
0.407647
0.438144
0.480409
0.543235
0.634002
0.757473
0.914949
1.10389
1.31812
1.54853
1.78425
2.01392
2.2269
2.41413
2.56854
2.68511
2.76079
2.79433
2.78622
2.73872
2.65591
2.54351
2.40847
2.25824
-2.79568
-2.72233
-2.61885
-2.49201
-2.34904
-2.19661
-2.03997
-1.88253
-1.72595
-1.57062
-1.41631
-1.26301
-1.11142
-0.963411
-0.821925
-0.690691
-0.573598
-0.473989
-0.393992
-0.334047
-0.292728
-0.266872
-0.252003
-0.242958
-0.234636
-0.222737
-0.204381
-0.178511
-0.145997
-0.10942
-0.0725521
-0.0396228
-0.014506
1.59973e-05
0.00277134
-0.00558187
-0.0226588
-0.0447417
-0.0673919
-0.0861783
-0.097406
-0.0987311
-0.0895571
-0.0711434
-0.0463914
-0.0193317
0.00560403
0.0243906
0.0341384
0.0336082
0.0234264
0.00597905
-0.014985
-0.0349678
-0.0494531
-0.0546369
-0.0480415
-0.0289112
0.00168405
0.0410691
0.0854871
0.130839
0.173503
0.211075
0.242882
0.270197
0.296116
0.325124
0.362444
0.413234
0.481783
0.5708
0.680918
0.810472
0.955613
1.11072
1.26904
1.42343
1.56705
1.69388
1.7991
1.87916
1.93184
1.95621
1.95256
1.92241
1.86844
1.79434
1.70449
1.60362
-1.65792
-1.61656
-1.55786
-1.48542
-1.40306
-1.3144
-1.22238
-1.12906
-1.03563
-0.94264
-0.850306
-0.758889
-0.668988
-0.58171
-0.498669
-0.42182
-0.353162
-0.294385
-0.246541
-0.209808
-0.183393
-0.165606
-0.154075
-0.146071
-0.138902
-0.130294
-0.118715
-0.103578
-0.0852958
-0.0651599
-0.0450764
-0.0271885
-0.0134623
-0.00531091
-0.00332521
-0.00715661
-0.0155656
-0.026623
-0.0380261
-0.047477
-0.0530615
-0.0535664
-0.0486827
-0.0390569
-0.0261771
-0.0121069
0.00088591
0.0107413
0.0159793
0.0159661
0.0110295
0.0024082
-0.00795118
-0.0177114
-0.0245242
-0.0264094
-0.0220726
-0.0111066
0.00595943
0.0277787
0.0524573
0.0779329
0.102391
0.124643
0.144391
0.16234
0.180134
0.200137
0.225082
0.25766
0.300089
0.353745
0.4189
0.494606
0.578755
0.668283
0.7595
0.848466
0.93136
1.00477
1.06589
1.11264
1.14368
1.15843
1.15706
1.1404
1.10998
1.06783
1.01641
0.958307
-31889.2
-31860.9
-31831.8
-31801.9
-31771.4
-31740.2
-31708.5
-31676.1
-31643.2
-31609.9
-31576.1
-31542
-31507.4
-31472.6
-31437.5
-31402.2
-31366.7
-31331
-31295.2
-31259.3
-31223.3
-31187.2
-31151
-31114.8
-31078.5
-31042.2
-31005.7
-30969.3
-30932.8
-30896.2
-30859.6
-30823
-30786.4
-30749.8
-30713.2
-30676.6
-30640
-30603.4
-30566.8
-30530.1
-30493.5
-30456.8
-30420.1
-30383.4
-30346.7
-30309.9
-30273.2
-30236.4
-30199.7
-30163
-30126.3
-30089.6
-30052.8
-30016.1
-29979.4
-29942.7
-29906
-29869.2
-29832.5
-29795.8
-29759
-29722.3
-29685.7
-29649.1
-29612.5
-29576
-29539.6
-29503.3
-29467.1
-29431
-29395
-29359.1
-29323.4
-29287.9
-29252.6
-29217.6
-29182.9
-29148.6
-29114.6
-29081.1
-29048.1
-29015.5
-28983.5
-28952
-28921
-28890.6
-28860.7
-28831.3
-28802.4
-28774
-3.94292
0.573655
2.86342
4.04212
4.5627
4.66941
4.51178
4.18478
3.74924
3.24419
2.69478
2.11729
1.52234
0.917022
0.306241
1.1162
2.0158
2.99897
3.66502
4.00123
4.0719
3.94577
3.67924
3.31466
2.88253
2.4044
1.89537
1.3661
0.824214
0.275464
3.84323
3.37443
3.45161
3.61775
3.70528
3.67122
3.52018
3.27177
2.94765
2.56689
2.14492
1.69371
1.22246
0.738277
0.246866
5.04633
4.18707
3.81526
3.64908
3.53094
3.38753
3.19196
2.94003
2.63727
2.29246
1.91468
1.51211
1.09177
0.659566
0.220589
5.39302
4.51223
3.97326
3.63236
3.38187
3.15599
2.92011
2.65913
2.36895
2.05102
1.70922
1.34829
0.972936
0.587633
0.196515
5.27702
4.49554
3.93319
3.52522
3.20821
2.93448
2.67336
2.40745
2.1284
1.83344
1.52292
1.19888
0.86406
0.521518
0.174352
4.91492
4.25974
3.73874
3.32715
2.99125
2.70039
2.4314
2.16891
1.90378
1.63141
1.35016
1.06024
0.762913
0.46003
0.153727
4.42417
3.88976
3.43487
3.05341
2.72928
2.44441
2.18297
1.93301
1.6864
1.43826
1.18608
0.929012
0.667326
0.401961
0.134254
3.86849
3.44027
3.0576
2.72233
2.42807
2.165
1.92307
1.69375
1.47058
1.24917
1.02688
0.802407
0.57542
0.346235
0.115582
3.28244
2.94522
2.63295
2.35025
2.09569
1.86445
1.65058
1.44834
1.25299
1.06095
0.869862
0.678322
0.485714
0.291977
0.0974239
2.68452
2.42524
2.17874
1.95005
1.73997
1.54655
1.36645
1.19607
1.03208
0.871801
0.713299
0.555307
0.397137
0.238536
0.0795604
2.08415
1.89248
1.70672
1.53126
1.36762
1.21531
1.07263
0.937404
0.807449
0.680878
0.556227
0.432473
0.30899
0.185472
0.0618418
1.48554
1.35382
1.22442
1.10063
0.983935
0.874437
0.771358
0.673472
0.579441
0.488038
0.39826
0.309369
0.220881
0.132522
0.0441762
0.889842
0.812826
0.736519
0.662923
0.593057
0.527151
0.464896
0.405686
0.348807
0.293573
0.239406
0.185864
0.132642
0.0795577
0.0265176
-28743.2
-28710.3
-28677.9
-28645.9
-28614.4
-28583.3
-28552.6
-28522.2
-28492
-28462.1
-28432.3
-28402.8
-28373.3
-28344
-28314.6
)
;

boundaryField
{
    hot
    {
        type            calculated;
        value           nonuniform List<scalar> 
120
(
32285.4
0.0511092
0.0856989
0.121037
0.157343
0.194753
0.233286
0.272811
0.313009
0.353343
0.393038
0.431091
0.4663
0.497352
0.522943
0.540896
0.55161
0.55697
0.556986
0.551924
0.542266
0.528657
0.511824
0.49251
0.471408
0.449117
0.426128
0.402819
0.379475
0.356308
0.333487
0.311157
0.289453
0.268505
0.248439
0.229368
0.211384
0.194548
0.178891
0.164403
0.151045
0.138747
0.127423
0.116977
0.107311
0.0983368
0.0899763
0.0821674
0.0748623
0.0680249
0.0616278
0.0556477
0.0500619
0.0448452
0.0399684
0.0353977
0.0310952
0.0270199
0.0231297
0.0193826
0.0157384
0.0121596
0.00861203
0.00506466
0.0014897
-0.00213805
-0.00584178
-0.00964319
-0.0135632
-0.0176226
-0.0218432
-0.0262485
-0.0308654
-0.0357254
-0.0408656
-0.0463294
-0.0521664
-0.0584313
-0.0651814
-0.0724736
-0.0803606
-0.0888874
-0.0980879
-0.107984
-0.118584
-0.129888
-0.141892
-0.154591
-0.167994
-0.182123
-0.197022
-0.212755
-0.229402
-0.247043
-0.265743
-0.285527
-0.306349
-0.328072
-0.350434
-0.373035
-0.395326
-0.41662
-0.43612
-0.452965
-0.466297
-0.475731
-0.479432
-0.475326
-0.463263
-0.443577
-0.41699
-0.38448
-0.347139
-0.306047
-0.262182
-0.216371
-0.169265
-0.121349
-0.0729641
-32288.6
)
;
    }
    cold
    {
        type            calculated;
        value           nonuniform List<scalar> 
120
(
28319.5
-0.0219727
-0.0381481
-0.0566421
-0.0784212
-0.104463
-0.135718
-0.173036
-0.217059
-0.26807
-0.325827
-0.389388
-0.456998
-0.526077
-0.593378
-0.650705
-0.696387
-0.734438
-0.763637
-0.78334
-0.793495
-0.794578
-0.787463
-0.773266
-0.753193
-0.728422
-0.700015
-0.66889
-0.635815
-0.601428
-0.566273
-0.53083
-0.495535
-0.460788
-0.426957
-0.394362
-0.363268
-0.333866
-0.306277
-0.280542
-0.256634
-0.234469
-0.21392
-0.194839
-0.177068
-0.16046
-0.14488
-0.130218
-0.116384
-0.103307
-0.090932
-0.0792097
-0.0680941
-0.0575369
-0.0474847
-0.0378778
-0.02865
-0.0197291
-0.0110382
-0.00249696
0.00597711
0.0144672
0.023056
0.0318239
0.0408478
0.0501987
0.0599408
0.0701295
0.0808118
0.092027
0.103809
0.116191
0.129211
0.142914
0.157363
0.172633
0.188816
0.20601
0.224311
0.243793
0.264489
0.286375
0.309349
0.333213
0.357675
0.382339
0.406726
0.430284
0.45242
0.472525
0.490005
0.504304
0.514932
0.521475
0.523621
0.52117
0.514063
0.5024
0.486457
0.466694
0.443739
0.418354
0.391372
0.363631
0.335905
0.306241
0.275464
0.246866
0.220589
0.196515
0.174352
0.153727
0.134254
0.115582
0.0974239
0.0795604
0.0618418
0.0441762
0.0265176
-28314.6
)
;
    }
    interface_left
    {
        type            calculated;
        value           nonuniform List<scalar> 
90
(
22.8406
56.5359
58.9634
34.1866
24.9655
16.4233
12.3664
7.02959
8.63577
9.08923
9.56816
9.87427
10.5849
11.5389
14.4335
13.8688
9.10224
7.21136
5.32896
4.41333
3.27051
2.62235
1.5887
2.05267
2.20436
2.38044
2.48556
2.70475
2.96881
3.74282
3.60464
2.37497
1.88497
1.39274
1.15172
0.848619
0.676324
0.403023
0.511576
0.540563
0.565616
0.574668
0.593194
0.622847
0.727101
0.673843
0.394104
0.277564
0.154659
0.0935524
0.02013
-0.0167822
-0.0522879
-0.131636
-0.194898
-0.315706
-0.417289
-0.626922
-0.835323
-1.35148
-1.43541
-1.1962
-1.1241
-1.07708
-1.05651
-1.01102
-0.959805
-0.765625
-1.28588
-1.62137
-2.22095
-2.70574
-3.70587
-4.71109
-7.24375
-7.5611
-6.08567
-5.59975
-5.24176
-5.07804
-4.82512
-4.55709
-3.69543
-6.87897
-6.92014
-3.64075
-3.45462
-5.29172
-11.1559
-29.759
)
;
    }
    interface_right
    {
        type            calculated;
        value           nonuniform List<scalar> 
90
(
-12.152
-119.77
-133.137
-73.0141
-51.4749
-32.6497
-24.072
-13.3882
-16.153
-16.8747
-17.5924
-18.0658
-19.2313
-20.875
-25.946
-24.8702
-16.2238
-12.7988
-9.40543
-7.75946
-5.71797
-4.56656
-2.7501
-3.52136
-3.75962
-4.02038
-4.16755
-4.47784
-4.86698
-6.03865
-5.77424
-3.72929
-2.91166
-2.09147
-1.69124
-1.19679
-0.922854
-0.51567
-0.589617
-0.573389
-0.504575
-0.434447
-0.293617
-0.173896
0.0768808
0.205029
0.377099
0.465707
0.574065
0.627342
0.671914
0.672339
0.567431
0.999805
1.2841
1.79245
2.2001
3.03331
3.85985
5.92611
6.17882
4.94665
4.53354
4.20114
4.04332
3.77143
3.52767
2.75127
4.57852
5.74289
7.81962
9.51028
13.0225
16.5957
25.6542
26.8953
22.003
20.5831
20.048
20.116
20.784
21.1345
21.123
48.923
47.757
16.3399
6.5112
2.73209
0.229808
-4.09764
)
;
    }
    interface_top
    {
        type            calculated;
        value           nonuniform List<scalar> 
90
(
-128.631
-212.248
114.92
-3.55893
61.4108
-1.47748
35.9219
-0.731638
-35.0332
-0.171059
-47.5357
0.0612634
-61.4837
0.887023
-89.6966
87.9858
-1.83136
58.5101
-0.866261
43.3599
-0.615533
29.8288
-0.183929
-30.0998
0.211431
-43.2334
0.369422
-57.7317
1.11637
-85.896
85.4416
-1.55942
57.3281
-0.692391
42.7545
-0.504126
29.5432
-0.129713
-29.7865
0.216681
-42.9625
0.335267
-57.5261
1.04838
-85.7408
85.211
-1.64998
57.1887
-0.815898
42.663
-0.647119
29.4729
-0.281704
-30.0557
0.0662078
-43.3576
0.196083
-58.1018
0.937534
-86.6811
86.0711
-1.75841
57.9319
-0.878476
43.4135
-0.657452
30.2051
-0.21976
-30.8207
0.219154
-44.8464
0.459858
-60.8516
1.40023
-92.4269
94.3993
-1.34754
66.4615
-0.244529
54.1509
0.242804
45.7012
1.9622
-55.2084
104.682
54.2167
31.251
16.8018
3.68558
-14.3729
)
;
    }
    interface_bottom
    {
        type            calculated;
        value           nonuniform List<scalar> 
90
(
34.8603
105.554
-78.5798
2.43588
-47.77
1.02584
-30.2155
0.302739
29.7508
-0.285844
41.4389
-0.607666
54.3794
-1.50976
79.9882
-80.0961
0.896491
-53.5236
0.132986
-39.8691
-0.0474828
-27.633
-0.414602
26.7363
-0.786715
38.6574
-0.969603
51.764
-1.74555
77.1009
-78.0172
0.684141
-52.3679
0.0251102
-39.1252
-0.0867026
-27.1678
-0.396482
26.3579
-0.723794
38.2164
-0.876503
51.2686
-1.62852
76.4449
-77.2088
0.788357
-51.8472
0.136979
-38.7586
0.0181868
-26.9241
-0.307138
26.3117
-0.659763
38.1197
-0.847641
51.1184
-1.6444
76.194
-77.0539
0.722162
-51.8206
0.0238806
-38.8228
-0.151107
-27.0743
-0.540286
25.9928
-0.965782
37.6947
-1.23707
50.5686
-2.12937
75.4824
-77.4833
0.10652
-52.6078
-0.776295
-40.1967
-1.27076
-29.778
-2.4787
26.7682
-31.0948
-5.02966
11.4858
27.9101
51.9882
101.166
)
;
    }
    defaultFaces
    {
        type            empty;
    }
}


// ************************************************************************* //
