/*--------------------------------*- C++ -*----------------------------------*\
| =========                 |                                                 |
| \\      /  F ield         | OpenFOAM: The Open Source CFD Toolbox           |
|  \\    /   O peration     | Version:  5.x                                   |
|   \\  /    A nd           | Web:      www.OpenFOAM.org                      |
|    \\/     M anipulation  |                                                 |
\*---------------------------------------------------------------------------*/
FoamFile
{
    version     2.0;
    format      ascii;
    class       volScalarField;
    location    "11.4";
    object      T;
}
// * * * * * * * * * * * * * * * * * * * * * * * * * * * * * * * * * * * * * //

dimensions      [0 0 0 1 0 0 0];

internalField   nonuniform List<scalar> 
6300
(
322.841
322.521
322.201
321.879
321.555
321.227
320.896
320.56
320.22
319.875
319.524
319.167
318.804
318.435
318.061
322.841
322.522
322.203
321.882
321.558
321.231
320.9
320.565
320.225
319.88
319.53
319.173
318.81
318.441
318.067
322.842
322.525
322.206
321.886
321.564
321.238
320.909
320.575
320.236
319.891
319.541
319.185
318.822
318.453
318.078
322.843
322.528
322.212
321.894
321.573
321.25
320.922
320.589
320.252
319.909
319.559
319.203
318.84
318.471
318.095
322.844
322.532
322.219
321.904
321.586
321.265
320.94
320.609
320.274
319.932
319.583
319.228
318.865
318.496
318.119
322.846
322.538
322.228
321.917
321.602
321.284
320.962
320.635
320.301
319.961
319.615
319.26
318.898
318.527
318.149
322.848
322.544
322.239
321.932
321.622
321.308
320.99
320.666
320.336
319.998
319.653
319.3
318.938
318.566
318.186
322.851
322.552
322.252
321.95
321.645
321.337
321.023
320.703
320.377
320.043
319.701
319.349
318.987
318.614
318.232
322.854
322.561
322.268
321.972
321.673
321.37
321.062
320.748
320.426
320.096
319.757
319.407
319.046
318.672
318.287
322.857
322.572
322.285
321.996
321.704
321.408
321.107
320.799
320.484
320.159
319.824
319.477
319.117
318.742
318.352
322.861
322.584
322.305
322.024
321.74
321.451
321.158
320.858
320.55
320.233
319.904
319.561
319.203
318.827
318.432
322.866
322.597
322.326
322.054
321.779
321.5
321.216
320.925
320.627
320.318
319.997
319.66
319.306
318.93
318.531
322.87
322.611
322.35
322.088
321.822
321.554
321.28
321.001
320.713
320.416
320.105
319.778
319.43
319.058
318.656
322.875
322.626
322.376
322.124
321.869
321.612
321.351
321.084
320.81
320.526
320.23
319.916
319.58
319.214
318.816
322.881
322.642
322.403
322.162
321.92
321.675
321.427
321.174
320.916
320.649
320.371
320.077
319.758
319.403
319.01
317.712
317.392
317.068
316.74
316.409
316.076
315.74
315.401
315.06
314.717
314.372
314.025
313.678
313.329
312.979
312.629
312.278
311.927
311.576
311.225
310.875
310.524
310.175
309.825
309.476
309.128
308.78
308.433
308.086
307.74
307.394
307.05
306.706
306.364
306.022
305.682
305.342
305.004
304.666
304.33
303.995
303.66
303.326
302.993
302.662
302.331
302.001
301.672
301.345
301.019
300.693
300.369
300.046
299.724
299.403
299.083
298.764
298.446
298.128
297.812
297.496
297.182
296.868
296.555
296.244
295.933
295.624
295.315
295.007
294.7
294.394
294.088
293.783
293.478
293.175
292.872
292.569
292.267
291.966
291.665
291.364
291.064
290.763
290.463
290.162
289.861
289.559
289.256
288.953
288.648
317.718
317.397
317.072
316.745
316.414
316.08
315.743
315.404
315.063
314.719
314.374
314.027
313.679
313.33
312.98
312.629
312.278
311.927
311.576
311.225
310.874
310.524
310.174
309.825
309.476
309.127
308.779
308.432
308.085
307.738
307.393
307.048
306.705
306.362
306.021
305.68
305.341
305.002
304.665
304.329
303.993
303.659
303.325
302.992
302.66
302.329
301.999
301.671
301.343
301.017
300.692
300.368
300.045
299.723
299.402
299.082
298.763
298.445
298.127
297.811
297.495
297.18
296.867
296.554
296.242
295.932
295.622
295.314
295.006
294.699
294.393
294.087
293.782
293.478
293.174
292.871
292.568
292.266
291.965
291.664
291.364
291.064
290.764
290.463
290.163
289.862
289.56
289.258
288.954
288.65
317.729
317.407
317.082
316.754
316.422
316.087
315.75
315.41
315.069
314.725
314.379
314.031
313.682
313.332
312.982
312.63
312.279
311.927
311.575
311.224
310.873
310.523
310.173
309.823
309.474
309.126
308.778
308.43
308.083
307.736
307.391
307.046
306.702
306.359
306.017
305.677
305.338
305
304.662
304.326
303.991
303.656
303.322
302.989
302.657
302.326
301.996
301.667
301.34
301.014
300.688
300.365
300.042
299.72
299.399
299.08
298.76
298.442
298.125
297.808
297.492
297.177
296.864
296.551
296.239
295.929
295.62
295.311
295.004
294.697
294.391
294.085
293.78
293.476
293.172
292.869
292.566
292.265
291.963
291.663
291.363
291.063
290.764
290.464
290.164
289.864
289.563
289.26
288.957
288.652
317.745
317.423
317.097
316.767
316.434
316.099
315.761
315.42
315.077
314.732
314.386
314.037
313.687
313.336
312.984
312.632
312.279
311.926
311.574
311.222
310.871
310.521
310.171
309.821
309.472
309.124
308.775
308.427
308.08
307.733
307.387
307.041
306.697
306.354
306.013
305.672
305.333
304.995
304.658
304.322
303.987
303.652
303.318
302.985
302.653
302.322
301.991
301.662
301.335
301.008
300.683
300.36
300.037
299.716
299.396
299.076
298.757
298.438
298.121
297.804
297.488
297.173
296.859
296.546
296.235
295.925
295.616
295.308
295
294.694
294.388
294.083
293.778
293.473
293.169
292.866
292.564
292.262
291.961
291.661
291.362
291.063
290.764
290.466
290.167
289.867
289.567
289.265
288.961
288.657
317.768
317.444
317.116
316.785
316.451
316.114
315.775
315.433
315.089
314.743
314.395
314.045
313.694
313.341
312.988
312.634
312.279
311.926
311.572
311.22
310.869
310.518
310.168
309.819
309.47
309.121
308.773
308.424
308.076
307.729
307.382
307.036
306.691
306.348
306.006
305.666
305.327
304.989
304.653
304.317
303.982
303.648
303.314
302.98
302.647
302.315
301.985
301.655
301.327
301.001
300.677
300.353
300.031
299.711
299.391
299.071
298.752
298.434
298.116
297.799
297.482
297.167
296.853
296.54
296.229
295.919
295.61
295.303
294.996
294.69
294.384
294.079
293.774
293.47
293.166
292.862
292.56
292.258
291.957
291.658
291.36
291.062
290.765
290.468
290.17
289.872
289.572
289.271
288.968
288.663
317.796
317.47
317.141
316.808
316.472
316.133
315.792
315.449
315.104
314.757
314.407
314.056
313.702
313.347
312.992
312.635
312.279
311.924
311.569
311.216
310.865
310.514
310.165
309.816
309.467
309.119
308.77
308.421
308.072
307.723
307.375
307.028
306.683
306.339
305.997
305.657
305.319
304.982
304.646
304.311
303.977
303.642
303.308
302.974
302.64
302.307
301.976
301.646
301.318
300.992
300.668
300.345
300.024
299.704
299.385
299.066
298.747
298.428
298.11
297.792
297.475
297.159
296.844
296.531
296.22
295.911
295.603
295.296
294.991
294.685
294.38
294.076
293.771
293.466
293.161
292.857
292.554
292.253
291.952
291.654
291.356
291.06
290.765
290.47
290.175
289.878
289.58
289.28
288.977
288.672
317.831
317.503
317.17
316.835
316.496
316.155
315.813
315.468
315.122
314.773
314.422
314.069
313.713
313.355
312.996
312.637
312.278
311.921
311.565
311.211
310.859
310.509
310.16
309.812
309.464
309.116
308.767
308.417
308.067
307.717
307.367
307.018
306.672
306.327
305.985
305.646
305.309
304.973
304.639
304.305
303.971
303.637
303.302
302.967
302.632
302.298
301.965
301.634
301.306
300.98
300.656
300.335
300.015
299.696
299.378
299.06
298.742
298.423
298.104
297.785
297.466
297.149
296.834
296.52
296.21
295.901
295.594
295.289
294.985
294.681
294.376
294.072
293.767
293.461
293.156
292.851
292.547
292.245
291.945
291.647
291.352
291.058
290.765
290.473
290.181
289.887
289.591
289.293
288.991
288.685
317.873
317.541
317.205
316.865
316.524
316.18
315.836
315.49
315.143
314.793
314.44
314.085
313.726
313.365
313.002
312.638
312.275
311.915
311.557
311.202
310.851
310.502
310.155
309.809
309.462
309.115
308.766
308.415
308.063
307.71
307.357
307.006
306.657
306.312
305.97
305.632
305.296
304.963
304.631
304.299
303.966
303.632
303.296
302.96
302.623
302.286
301.951
301.619
301.29
300.964
300.642
300.322
300.005
299.688
299.372
299.055
298.737
298.417
298.097
297.776
297.456
297.136
296.82
296.506
296.196
295.888
295.583
295.28
294.978
294.676
294.373
294.069
293.763
293.457
293.15
292.843
292.538
292.235
291.934
291.638
291.344
291.053
290.764
290.477
290.188
289.899
289.607
289.31
289.009
288.703
317.923
317.586
317.244
316.899
316.553
316.207
315.861
315.515
315.167
314.817
314.463
314.105
313.743
313.376
313.007
312.638
312.27
311.905
311.545
311.189
310.839
310.492
310.148
309.805
309.461
309.115
308.766
308.414
308.059
307.702
307.345
306.99
306.639
306.292
305.95
305.614
305.281
304.951
304.622
304.293
303.962
303.628
303.292
302.953
302.612
302.272
301.934
301.599
301.269
300.944
300.623
300.306
299.992
299.68
299.366
299.051
298.734
298.414
298.091
297.767
297.443
297.121
296.802
296.487
296.177
295.872
295.57
295.27
294.971
294.672
294.371
294.068
293.762
293.453
293.143
292.833
292.525
292.22
291.919
291.624
291.333
291.046
290.762
290.48
290.198
289.915
289.628
289.335
289.035
288.728
317.982
317.638
317.287
316.935
316.583
316.234
315.887
315.541
315.195
314.847
314.493
314.132
313.765
313.392
313.014
312.636
312.259
311.888
311.525
311.169
310.821
310.479
310.14
309.803
309.464
309.121
308.772
308.418
308.058
307.694
307.33
306.969
306.613
306.264
305.923
305.589
305.262
304.937
304.615
304.29
303.962
303.63
303.291
302.948
302.602
302.255
301.911
301.573
301.241
300.916
300.599
300.287
299.979
299.672
299.363
299.051
298.735
298.413
298.087
297.757
297.428
297.1
296.777
296.461
296.152
295.85
295.553
295.259
294.966
294.671
294.373
294.071
293.763
293.451
293.136
292.82
292.507
292.199
291.897
291.602
291.315
291.034
290.758
290.484
290.211
289.936
289.656
289.369
289.072
288.764
318.053
317.697
317.334
316.97
316.61
316.257
315.91
315.569
315.228
314.883
314.531
314.169
313.796
313.413
313.023
312.63
312.241
311.861
311.494
311.139
310.795
310.46
310.131
309.803
309.472
309.134
308.786
308.429
308.062
307.688
307.312
306.94
306.577
306.225
305.885
305.557
305.237
304.922
304.609
304.292
303.97
303.639
303.298
302.948
302.593
302.235
301.881
301.536
301.202
300.879
300.567
300.263
299.963
299.666
299.365
299.058
298.743
298.42
298.087
297.749
297.409
297.072
296.744
296.426
296.118
295.821
295.531
295.246
294.962
294.675
294.382
294.081
293.772
293.454
293.13
292.805
292.483
292.168
291.864
291.571
291.289
291.015
290.749
290.487
290.226
289.964
289.696
289.419
289.126
288.816
318.141
317.768
317.381
316.998
316.626
316.27
315.928
315.595
315.265
314.93
314.583
314.221
313.842
313.445
313.035
312.618
312.21
311.817
311.445
311.091
310.756
310.434
310.12
309.808
309.489
309.16
308.815
308.454
308.075
307.684
307.287
306.898
306.524
306.169
305.832
305.512
305.204
304.905
304.607
304.303
303.989
303.661
303.317
302.957
302.586
302.209
301.839
301.484
301.146
300.826
300.523
300.231
299.947
299.663
299.375
299.077
298.765
298.438
298.096
297.743
297.385
297.033
296.695
296.374
296.07
295.781
295.503
295.232
294.962
294.687
294.402
294.104
293.792
293.465
293.127
292.783
292.447
292.123
291.816
291.525
291.249
290.987
290.734
290.487
290.243
289.999
289.75
289.489
289.206
288.893
318.255
317.856
317.425
317.01
316.619
316.263
315.93
315.619
315.311
314.993
314.658
314.299
313.914
313.497
313.055
312.595
312.156
311.744
311.368
311.019
310.697
310.395
310.108
309.822
309.523
309.208
308.868
308.504
308.108
307.689
307.252
306.835
306.444
306.086
305.754
305.448
305.16
304.887
304.614
304.329
304.03
303.706
303.36
302.984
302.586
302.171
301.776
301.405
301.066
300.751
300.461
300.188
299.928
299.669
299.399
299.115
298.807
298.479
298.122
297.744
297.35
296.975
296.622
296.299
296
295.724
295.464
295.216
294.97
294.712
294.441
294.148
293.834
293.492
293.131
292.753
292.393
292.054
291.743
291.456
291.191
290.944
290.711
290.485
290.259
290.041
289.823
289.591
289.327
289.014
318.418
317.991
317.447
316.987
316.565
316.22
315.904
315.635
315.373
315.078
314.77
314.411
314.033
313.583
313.103
312.54
312.063
311.62
311.251
310.905
310.612
310.335
310.094
309.853
309.58
309.292
308.955
308.599
308.173
307.72
307.187
306.736
306.316
305.966
305.638
305.359
305.096
304.866
304.638
304.377
304.104
303.784
303.445
303.041
302.611
302.106
301.679
301.282
300.95
300.639
300.375
300.126
299.908
299.691
299.444
299.185
298.881
298.56
298.177
297.769
297.289
296.884
296.506
296.191
295.895
295.644
295.407
295.2
294.993
294.758
294.511
294.221
293.915
293.549
293.158
292.697
292.307
291.943
291.639
291.353
291.109
290.879
290.679
290.482
290.264
290.081
289.915
289.738
289.52
289.217
318.672
318.291
317.343
316.908
316.399
316.136
315.808
315.643
315.484
315.181
314.956
314.552
314.256
313.711
313.273
312.359
311.923
311.39
311.102
310.716
310.503
310.223
310.078
309.934
309.656
309.447
309.071
308.792
308.28
307.866
307.003
306.591
306.087
305.815
305.45
305.248
304.983
304.845
304.708
304.444
304.245
303.888
303.624
303.137
302.745
301.928
301.539
301.063
300.805
300.46
300.269
300.018
299.887
299.757
299.507
299.319
298.98
298.73
298.269
297.896
297.122
296.752
296.3
296.055
295.727
295.545
295.306
295.182
295.058
294.821
294.642
294.32
294.081
293.641
293.285
292.541
292.185
291.747
291.509
291.188
291.009
290.769
290.644
290.508
290.219
290.099
290.022
289.946
289.835
289.607
288.312
287.945
287.576
287.207
286.838
286.468
286.1
285.732
285.365
284.999
284.633
284.269
283.906
283.543
283.181
288.313
287.946
287.577
287.207
286.838
286.468
286.099
285.731
285.364
284.998
284.633
284.269
283.905
283.543
283.181
288.316
287.947
287.578
287.208
286.837
286.467
286.098
285.729
285.362
284.995
284.631
284.267
283.904
283.542
283.181
288.32
287.95
287.58
287.208
286.837
286.465
286.095
285.726
285.358
284.992
284.627
284.264
283.902
283.541
283.18
288.325
287.955
287.582
287.209
286.836
286.463
286.091
285.721
285.353
284.987
284.623
284.26
283.899
283.539
283.18
288.334
287.961
287.586
287.21
286.834
286.459
286.086
285.715
285.346
284.98
284.617
284.255
283.895
283.537
283.179
288.345
287.969
287.591
287.211
286.832
286.454
286.078
285.706
285.337
284.971
284.608
284.248
283.89
283.533
283.178
288.36
287.981
287.597
287.212
286.828
286.446
286.068
285.694
285.324
284.959
284.597
284.239
283.883
283.529
283.176
288.382
287.996
287.604
287.212
286.821
286.434
286.053
285.677
285.308
284.943
284.583
284.227
283.874
283.524
283.174
288.412
288.016
287.613
287.21
286.81
286.417
286.032
285.655
285.285
284.922
284.565
284.213
283.864
283.517
283.172
288.455
288.043
287.622
287.204
286.793
286.393
286.004
285.625
285.257
284.896
284.543
284.194
283.85
283.509
283.169
288.517
288.077
287.63
287.19
286.765
286.357
285.964
285.586
285.22
284.863
284.514
284.172
283.834
283.499
283.166
288.607
288.119
287.63
287.162
286.721
286.305
285.911
285.535
285.173
284.822
284.48
284.145
283.814
283.487
283.162
288.741
288.162
287.61
287.107
286.651
286.231
285.839
285.469
285.115
284.772
284.439
284.113
283.792
283.474
283.158
288.937
288.177
287.54
287.006
286.544
286.129
285.747
285.387
285.044
284.713
284.391
284.076
283.765
283.458
283.152
322.886
322.657
322.428
322.199
321.968
321.735
321.5
321.262
321.02
320.773
320.517
320.247
319.953
319.61
319.163
322.891
322.672
322.453
322.233
322.013
321.791
321.569
321.345
321.119
320.891
320.658
320.419
320.164
319.869
319.423
322.895
322.686
322.477
322.268
322.058
321.849
321.639
321.43
321.22
321.012
320.805
320.6
320.404
320.231
320.168
322.9
322.701
322.502
322.303
322.104
321.906
321.709
321.514
321.321
321.132
320.949
320.777
320.626
320.514
320.471
322.905
322.715
322.526
322.337
322.149
321.963
321.778
321.596
321.418
321.247
321.085
320.94
320.82
320.749
320.768
322.91
322.73
322.55
322.371
322.193
322.018
321.845
321.676
321.512
321.356
321.211
321.084
320.982
320.92
320.906
322.914
322.743
322.573
322.404
322.236
322.071
321.909
321.751
321.6
321.457
321.325
321.209
321.117
321.058
321.051
322.919
322.757
322.596
322.436
322.278
322.122
321.97
321.823
321.682
321.549
321.427
321.319
321.229
321.161
321.117
322.923
322.77
322.617
322.466
322.317
322.171
322.028
321.89
321.759
321.634
321.52
321.416
321.326
321.247
321.169
322.927
322.782
322.638
322.495
322.355
322.217
322.083
321.954
321.83
321.713
321.604
321.505
321.414
321.332
321.259
322.931
322.794
322.658
322.523
322.39
322.261
322.134
322.013
321.896
321.786
321.683
321.587
321.497
321.41
321.318
322.935
322.805
322.676
322.549
322.424
322.302
322.183
322.068
321.959
321.855
321.757
321.664
321.577
321.492
321.413
322.939
322.816
322.694
322.574
322.456
322.34
322.228
322.12
322.017
321.919
321.826
321.739
321.655
321.57
321.476
322.942
322.826
322.711
322.597
322.485
322.376
322.271
322.169
322.072
321.98
321.893
321.811
321.732
321.656
321.582
322.945
322.835
322.726
322.619
322.513
322.41
322.31
322.215
322.123
322.037
321.955
321.88
321.809
321.741
321.659
322.948
322.844
322.741
322.639
322.539
322.442
322.348
322.257
322.171
322.09
322.014
321.945
321.884
321.834
321.811
322.951
322.852
322.754
322.658
322.563
322.471
322.382
322.297
322.216
322.139
322.069
322.006
321.951
321.909
321.88
322.953
322.86
322.767
322.675
322.586
322.499
322.414
322.333
322.256
322.185
322.119
322.06
322.01
321.973
321.957
322.955
322.867
322.779
322.692
322.607
322.524
322.444
322.367
322.294
322.226
322.163
322.108
322.06
322.023
321.996
322.958
322.873
322.79
322.707
322.626
322.547
322.471
322.398
322.328
322.263
322.203
322.15
322.104
322.067
322.043
322.96
322.879
322.8
322.721
322.644
322.569
322.496
322.426
322.36
322.297
322.239
322.186
322.14
322.101
322.068
322.962
322.885
322.809
322.734
322.661
322.589
322.519
322.452
322.388
322.328
322.271
322.219
322.172
322.131
322.098
322.963
322.89
322.818
322.746
322.676
322.607
322.54
322.476
322.414
322.355
322.3
322.248
322.199
322.154
322.112
322.965
322.895
322.826
322.757
322.69
322.624
322.56
322.498
322.438
322.381
322.326
322.274
322.224
322.176
322.125
322.967
322.9
322.833
322.768
322.703
322.64
322.578
322.519
322.461
322.405
322.351
322.299
322.248
322.198
322.149
322.968
322.904
322.84
322.778
322.716
322.655
322.595
322.538
322.481
322.427
322.374
322.323
322.272
322.22
322.166
322.969
322.908
322.847
322.787
322.727
322.669
322.611
322.556
322.501
322.448
322.397
322.346
322.296
322.245
322.194
322.97
322.912
322.853
322.795
322.738
322.682
322.626
322.572
322.52
322.469
322.418
322.369
322.32
322.269
322.214
322.972
322.915
322.859
322.803
322.748
322.694
322.64
322.588
322.538
322.488
322.44
322.392
322.345
322.297
322.248
322.973
322.918
322.864
322.81
322.757
322.705
322.654
322.604
322.555
322.507
322.46
322.415
322.371
322.326
322.275
322.974
322.921
322.869
322.817
322.766
322.716
322.666
322.618
322.571
322.525
322.48
322.437
322.396
322.358
322.329
322.975
322.924
322.874
322.824
322.775
322.726
322.678
322.631
322.586
322.542
322.499
322.458
322.42
322.385
322.354
322.976
322.927
322.878
322.83
322.782
322.735
322.689
322.644
322.6
322.557
322.516
322.478
322.441
322.409
322.383
322.976
322.929
322.882
322.836
322.79
322.744
322.7
322.656
322.613
322.572
322.533
322.495
322.46
322.428
322.399
322.977
322.932
322.886
322.841
322.797
322.753
322.709
322.667
322.626
322.586
322.547
322.511
322.476
322.445
322.418
322.978
322.934
322.89
322.846
322.803
322.76
322.719
322.677
322.637
322.598
322.561
322.525
322.49
322.459
322.429
322.979
322.936
322.893
322.851
322.809
322.768
322.727
322.687
322.648
322.61
322.573
322.537
322.503
322.471
322.442
322.979
322.938
322.897
322.856
322.815
322.775
322.735
322.696
322.658
322.621
322.584
322.549
322.514
322.481
322.448
322.98
322.94
322.9
322.86
322.82
322.781
322.743
322.705
322.668
322.631
322.595
322.56
322.525
322.49
322.454
322.98
322.941
322.902
322.864
322.825
322.787
322.75
322.713
322.677
322.641
322.605
322.57
322.536
322.501
322.465
322.981
322.943
322.905
322.868
322.83
322.793
322.757
322.721
322.685
322.65
322.615
322.581
322.546
322.511
322.474
322.982
322.945
322.908
322.871
322.835
322.799
322.763
322.728
322.693
322.659
322.625
322.591
322.557
322.523
322.488
322.982
322.946
322.91
322.875
322.839
322.804
322.769
322.735
322.702
322.668
322.635
322.602
322.569
322.535
322.498
322.982
322.947
322.912
322.878
322.843
322.809
322.775
322.742
322.709
322.677
322.645
322.613
322.581
322.549
322.516
322.983
322.949
322.915
322.881
322.847
322.814
322.781
322.749
322.717
322.685
322.654
322.624
322.594
322.563
322.53
322.983
322.95
322.917
322.884
322.851
322.818
322.786
322.755
322.724
322.693
322.664
322.635
322.607
322.58
322.558
322.984
322.951
322.918
322.886
322.854
322.822
322.791
322.76
322.73
322.701
322.672
322.645
322.618
322.594
322.571
322.984
322.952
322.92
322.889
322.857
322.826
322.796
322.766
322.737
322.708
322.68
322.654
322.629
322.606
322.587
322.984
322.953
322.922
322.891
322.86
322.83
322.8
322.771
322.742
322.714
322.688
322.662
322.638
322.615
322.595
322.985
322.954
322.923
322.893
322.863
322.833
322.804
322.775
322.747
322.72
322.694
322.669
322.646
322.624
322.605
322.985
322.955
322.924
322.895
322.865
322.836
322.807
322.779
322.752
322.725
322.7
322.675
322.652
322.63
322.61
322.985
322.955
322.926
322.896
322.867
322.838
322.81
322.783
322.756
322.73
322.705
322.681
322.658
322.636
322.616
322.985
322.956
322.926
322.897
322.869
322.84
322.813
322.786
322.759
322.734
322.709
322.685
322.662
322.64
322.619
322.985
322.956
322.927
322.899
322.87
322.842
322.815
322.788
322.762
322.737
322.712
322.689
322.666
322.644
322.622
322.986
322.957
322.928
322.899
322.871
322.844
322.816
322.79
322.764
322.739
322.715
322.692
322.669
322.648
322.626
322.986
322.957
322.928
322.9
322.872
322.845
322.818
322.792
322.766
322.741
322.718
322.695
322.672
322.651
322.629
322.986
322.957
322.928
322.9
322.872
322.845
322.818
322.792
322.767
322.743
322.719
322.697
322.675
322.654
322.634
322.986
322.957
322.928
322.9
322.873
322.845
322.819
322.793
322.768
322.744
322.721
322.698
322.677
322.657
322.637
322.986
322.957
322.928
322.9
322.872
322.845
322.819
322.793
322.768
322.744
322.721
322.699
322.678
322.659
322.64
322.985
322.957
322.928
322.899
322.872
322.844
322.818
322.792
322.767
322.743
322.721
322.699
322.679
322.66
322.642
322.985
322.956
322.927
322.899
322.87
322.843
322.816
322.791
322.766
322.742
322.72
322.699
322.679
322.66
322.644
322.985
322.956
322.926
322.897
322.869
322.841
322.814
322.789
322.764
322.74
322.718
322.697
322.678
322.66
322.643
322.985
322.955
322.925
322.896
322.867
322.839
322.812
322.786
322.761
322.737
322.715
322.694
322.675
322.658
322.641
322.985
322.954
322.923
322.894
322.864
322.836
322.808
322.782
322.757
322.733
322.711
322.691
322.672
322.655
322.639
322.984
322.953
322.922
322.891
322.861
322.832
322.804
322.777
322.752
322.728
322.706
322.686
322.667
322.651
322.635
322.984
322.951
322.919
322.888
322.857
322.828
322.799
322.772
322.746
322.722
322.7
322.68
322.662
322.646
322.631
322.983
322.95
322.917
322.884
322.853
322.822
322.793
322.765
322.739
322.715
322.693
322.673
322.655
322.64
322.625
322.983
322.948
322.914
322.88
322.848
322.816
322.786
322.757
322.73
322.706
322.683
322.664
322.647
322.633
322.621
322.982
322.946
322.911
322.876
322.842
322.809
322.778
322.748
322.72
322.695
322.673
322.653
322.637
322.624
322.616
322.981
322.944
322.907
322.87
322.835
322.801
322.768
322.737
322.709
322.683
322.66
322.64
322.624
322.612
322.604
322.98
322.941
322.902
322.864
322.827
322.792
322.758
322.725
322.696
322.668
322.644
322.624
322.608
322.597
322.594
322.979
322.938
322.898
322.858
322.819
322.781
322.746
322.712
322.68
322.652
322.627
322.605
322.589
322.578
322.573
322.978
322.935
322.892
322.85
322.809
322.77
322.732
322.697
322.663
322.633
322.606
322.583
322.565
322.554
322.554
322.977
322.931
322.886
322.842
322.799
322.757
322.717
322.68
322.644
322.612
322.583
322.557
322.537
322.523
322.517
322.976
322.928
322.88
322.833
322.787
322.743
322.701
322.661
322.623
322.588
322.556
322.528
322.504
322.486
322.483
322.974
322.923
322.873
322.823
322.775
322.728
322.683
322.64
322.6
322.563
322.528
322.496
322.467
322.439
322.406
322.973
322.919
322.865
322.812
322.761
322.711
322.664
322.618
322.575
322.535
322.497
322.462
322.429
322.397
322.366
322.971
322.914
322.857
322.801
322.746
322.694
322.643
322.594
322.549
322.506
322.465
322.427
322.39
322.353
322.31
322.969
322.908
322.848
322.788
322.73
322.674
322.62
322.569
322.52
322.474
322.431
322.39
322.351
322.313
322.278
322.967
322.902
322.838
322.775
322.713
322.653
322.596
322.541
322.49
322.441
322.396
322.353
322.312
322.272
322.228
322.965
322.896
322.828
322.76
322.694
322.631
322.57
322.512
322.457
322.406
322.358
322.314
322.273
322.234
322.198
322.963
322.889
322.816
322.744
322.674
322.606
322.541
322.48
322.422
322.368
322.318
322.273
322.232
322.193
322.151
322.961
322.882
322.804
322.727
322.653
322.58
322.511
322.445
322.384
322.327
322.275
322.23
322.189
322.154
322.126
322.958
322.874
322.791
322.709
322.629
322.552
322.478
322.408
322.342
322.282
322.229
322.182
322.143
322.111
322.094
322.955
322.866
322.777
322.69
322.604
322.521
322.442
322.367
322.297
322.233
322.177
322.13
322.091
322.058
322.019
322.952
322.857
322.762
322.669
322.577
322.489
322.403
322.322
322.247
322.179
322.12
322.071
322.035
322.009
321.986
322.949
322.847
322.746
322.647
322.549
322.453
322.361
322.274
322.192
322.118
322.055
322.005
321.971
321.958
321.962
322.946
322.837
322.73
322.623
322.518
322.416
322.316
322.221
322.132
322.051
321.981
321.926
321.894
321.894
321.933
322.942
322.827
322.712
322.599
322.486
322.376
322.268
322.165
322.066
321.975
321.896
321.833
321.796
321.802
321.881
322.939
322.816
322.694
322.573
322.453
322.334
322.218
322.104
321.995
321.892
321.799
321.72
321.667
321.66
321.761
289.141
288.079
287.38
286.848
286.402
286.006
285.641
285.298
284.969
284.651
284.342
284.038
283.739
283.442
283.147
288.767
287.739
287.119
286.645
286.239
285.873
285.53
285.205
284.893
284.589
284.292
284
283.712
283.426
283.142
287.289
287.114
286.757
286.394
286.049
285.722
285.408
285.105
284.81
284.522
284.239
283.96
283.684
283.41
283.136
286.708
286.615
286.399
286.131
285.847
285.561
285.278
284.998
284.723
284.452
284.184
283.918
283.654
283.392
283.131
286.158
286.201
286.078
285.88
285.647
285.399
285.145
284.889
284.634
284.379
284.126
283.875
283.624
283.374
283.125
285.91
285.902
285.809
285.652
285.457
285.24
285.013
284.779
284.543
284.306
284.068
283.83
283.593
283.356
283.119
285.651
285.664
285.585
285.451
285.281
285.09
284.885
284.672
284.454
284.233
284.01
283.786
283.562
283.337
283.112
285.536
285.488
285.399
285.274
285.121
284.948
284.762
284.567
284.366
284.161
283.952
283.742
283.531
283.319
283.106
285.444
285.341
285.238
285.116
284.974
284.817
284.647
284.467
284.281
284.09
283.896
283.699
283.5
283.301
283.1
285.285
285.196
285.09
284.971
284.839
284.693
284.537
284.372
284.2
284.023
283.841
283.657
283.471
283.283
283.094
285.182
285.062
284.952
284.837
284.712
284.578
284.434
284.282
284.122
283.958
283.789
283.617
283.442
283.266
283.089
285.013
284.92
284.817
284.708
284.593
284.469
284.336
284.196
284.049
283.896
283.739
283.578
283.415
283.249
283.083
284.904
284.786
284.685
284.585
284.479
284.366
284.244
284.115
283.979
283.837
283.691
283.541
283.388
283.234
283.078
284.718
284.638
284.554
284.466
284.371
284.268
284.157
284.038
283.913
283.782
283.646
283.506
283.363
283.219
283.073
284.585
284.494
284.425
284.351
284.268
284.176
284.075
283.966
283.851
283.729
283.603
283.473
283.34
283.205
283.068
284.324
284.336
284.299
284.243
284.172
284.09
283.999
283.9
283.793
283.681
283.563
283.442
283.318
283.191
283.064
284.208
284.211
284.188
284.144
284.084
284.011
283.928
283.837
283.739
283.635
283.526
283.413
283.297
283.179
283.06
284.081
284.104
284.091
284.056
284.004
283.939
283.864
283.78
283.69
283.593
283.491
283.386
283.278
283.168
283.056
284.017
284.023
284.01
283.979
283.933
283.874
283.805
283.728
283.644
283.554
283.46
283.361
283.26
283.157
283.052
283.943
283.954
283.942
283.913
283.87
283.816
283.752
283.681
283.603
283.519
283.43
283.338
283.244
283.147
283.049
283.905
283.901
283.885
283.856
283.815
283.764
283.705
283.638
283.565
283.486
283.404
283.318
283.229
283.138
283.046
283.861
283.857
283.838
283.808
283.768
283.719
283.663
283.6
283.531
283.457
283.38
283.299
283.215
283.13
283.043
283.841
283.823
283.798
283.766
283.726
283.679
283.625
283.565
283.5
283.431
283.358
283.281
283.203
283.122
283.041
283.823
283.794
283.764
283.73
283.69
283.643
283.592
283.534
283.473
283.407
283.338
283.266
283.191
283.115
283.039
283.794
283.766
283.733
283.697
283.657
283.612
283.562
283.507
283.448
283.386
283.32
283.251
283.181
283.109
283.037
283.775
283.74
283.705
283.668
283.628
283.583
283.535
283.482
283.426
283.366
283.304
283.239
283.172
283.104
283.035
283.745
283.713
283.679
283.642
283.602
283.558
283.511
283.46
283.406
283.349
283.289
283.227
283.164
283.099
283.033
283.725
283.689
283.654
283.617
283.578
283.535
283.49
283.441
283.389
283.334
283.276
283.217
283.156
283.094
283.031
283.694
283.663
283.63
283.594
283.556
283.515
283.47
283.423
283.373
283.32
283.265
283.208
283.15
283.09
283.03
283.673
283.639
283.607
283.573
283.536
283.496
283.453
283.407
283.359
283.308
283.255
283.2
283.144
283.087
283.029
283.633
283.614
283.587
283.554
283.519
283.48
283.438
283.394
283.346
283.297
283.246
283.193
283.139
283.084
283.028
283.616
283.595
283.569
283.538
283.504
283.466
283.425
283.382
283.336
283.288
283.238
283.187
283.134
283.081
283.027
283.599
283.58
283.554
283.524
283.491
283.454
283.414
283.371
283.326
283.28
283.231
283.181
283.13
283.079
283.026
283.592
283.569
283.543
283.513
283.48
283.443
283.404
283.362
283.319
283.273
283.226
283.177
283.127
283.077
283.026
283.584
283.561
283.535
283.504
283.471
283.435
283.396
283.355
283.312
283.267
283.221
283.173
283.124
283.075
283.025
283.581
283.556
283.528
283.498
283.464
283.428
283.39
283.349
283.307
283.263
283.217
283.17
283.122
283.074
283.025
283.579
283.553
283.524
283.493
283.459
283.423
283.385
283.345
283.303
283.259
283.214
283.167
283.12
283.072
283.024
283.578
283.551
283.522
283.49
283.456
283.42
283.382
283.342
283.3
283.256
283.211
283.166
283.119
283.072
283.024
283.578
283.55
283.521
283.489
283.455
283.418
283.38
283.34
283.298
283.254
283.21
283.164
283.118
283.071
283.024
283.58
283.552
283.522
283.489
283.454
283.418
283.379
283.339
283.297
283.254
283.209
283.164
283.117
283.071
283.024
283.582
283.554
283.524
283.491
283.456
283.419
283.38
283.339
283.297
283.253
283.209
283.163
283.117
283.071
283.024
283.588
283.559
283.528
283.494
283.458
283.421
283.381
283.34
283.298
283.254
283.209
283.164
283.117
283.071
283.024
283.593
283.565
283.533
283.499
283.462
283.424
283.384
283.342
283.3
283.256
283.21
283.165
283.118
283.071
283.024
283.605
283.574
283.541
283.505
283.468
283.429
283.388
283.346
283.302
283.258
283.212
283.166
283.119
283.072
283.024
283.615
283.585
283.55
283.513
283.474
283.434
283.393
283.35
283.306
283.26
283.214
283.168
283.12
283.072
283.024
283.639
283.599
283.561
283.522
283.482
283.441
283.398
283.354
283.31
283.264
283.217
283.17
283.122
283.073
283.024
283.652
283.612
283.572
283.532
283.49
283.448
283.405
283.36
283.315
283.268
283.22
283.172
283.124
283.074
283.025
283.669
283.625
283.583
283.542
283.499
283.456
283.412
283.366
283.32
283.273
283.224
283.175
283.126
283.076
283.025
283.679
283.637
283.595
283.552
283.509
283.465
283.42
283.374
283.326
283.278
283.229
283.179
283.128
283.077
283.026
283.694
283.649
283.606
283.563
283.519
283.475
283.429
283.381
283.333
283.284
283.234
283.182
283.131
283.079
283.026
283.703
283.661
283.618
283.575
283.53
283.485
283.438
283.39
283.341
283.29
283.239
283.187
283.134
283.081
283.027
283.716
283.672
283.63
283.587
283.542
283.496
283.449
283.4
283.349
283.298
283.245
283.191
283.137
283.083
283.028
283.723
283.684
283.643
283.6
283.555
283.508
283.46
283.41
283.358
283.306
283.252
283.197
283.141
283.085
283.028
283.73
283.696
283.657
283.614
283.569
283.522
283.473
283.421
283.369
283.314
283.259
283.202
283.145
283.087
283.029
283.747
283.711
283.673
283.631
283.585
283.537
283.487
283.434
283.38
283.324
283.267
283.209
283.15
283.09
283.03
283.76
283.729
283.691
283.649
283.603
283.554
283.502
283.448
283.392
283.334
283.275
283.215
283.154
283.093
283.031
283.785
283.752
283.713
283.67
283.623
283.572
283.519
283.463
283.405
283.346
283.285
283.223
283.16
283.096
283.032
283.806
283.777
283.739
283.694
283.645
283.592
283.537
283.479
283.42
283.358
283.295
283.231
283.166
283.1
283.033
283.846
283.81
283.768
283.721
283.669
283.615
283.557
283.497
283.436
283.372
283.306
283.24
283.172
283.103
283.035
283.881
283.847
283.801
283.75
283.696
283.639
283.579
283.517
283.453
283.386
283.318
283.249
283.179
283.108
283.036
283.957
283.894
283.838
283.782
283.725
283.665
283.603
283.538
283.471
283.402
283.331
283.259
283.186
283.112
283.037
283.994
283.935
283.875
283.816
283.755
283.692
283.628
283.56
283.491
283.419
283.345
283.27
283.194
283.117
283.039
284.045
283.975
283.912
283.85
283.787
283.722
283.654
283.584
283.512
283.437
283.361
283.282
283.203
283.122
283.041
284.074
284.012
283.948
283.885
283.82
283.753
283.683
283.61
283.535
283.457
283.377
283.295
283.212
283.128
283.043
284.117
284.049
283.985
283.921
283.854
283.785
283.713
283.638
283.559
283.478
283.395
283.309
283.222
283.134
283.045
284.142
284.083
284.021
283.958
283.891
283.82
283.746
283.668
283.586
283.501
283.413
283.324
283.233
283.14
283.047
284.179
284.119
284.059
283.997
283.93
283.858
283.781
283.7
283.614
283.526
283.434
283.34
283.244
283.147
283.049
284.2
284.153
284.1
284.04
283.972
283.899
283.819
283.735
283.645
283.552
283.456
283.357
283.257
283.154
283.052
284.224
284.192
284.145
284.087
284.02
283.944
283.861
283.773
283.679
283.581
283.48
283.376
283.27
283.163
283.054
284.273
284.242
284.198
284.141
284.072
283.994
283.907
283.814
283.716
283.612
283.506
283.396
283.284
283.171
283.057
284.315
284.3
284.26
284.203
284.132
284.049
283.958
283.86
283.755
283.646
283.533
283.418
283.3
283.181
283.06
284.397
284.375
284.335
284.275
284.199
284.111
284.014
283.909
283.798
283.683
283.563
283.441
283.316
283.19
283.064
284.466
284.464
284.422
284.357
284.274
284.18
284.075
283.963
283.844
283.722
283.595
283.465
283.334
283.201
283.067
284.604
284.58
284.527
284.451
284.359
284.255
284.141
284.02
283.894
283.763
283.629
283.491
283.352
283.212
283.071
284.731
284.716
284.647
284.556
284.452
284.336
284.212
284.082
283.947
283.807
283.664
283.519
283.372
283.224
283.075
285.016
284.889
284.783
284.672
284.552
284.423
284.288
284.147
284.002
283.853
283.701
283.548
283.392
283.236
283.079
285.164
285.047
284.922
284.793
284.657
284.516
284.368
284.216
284.06
283.901
283.74
283.577
283.413
283.248
283.083
285.374
285.211
285.065
284.919
284.768
284.612
284.451
284.287
284.12
283.951
283.78
283.608
283.435
283.261
283.087
285.502
285.364
285.209
285.047
284.881
284.711
284.537
284.36
284.182
284.002
283.821
283.639
283.457
283.274
283.091
285.708
285.528
285.356
285.179
284.997
284.812
284.624
284.435
284.244
284.054
283.862
283.671
283.479
283.288
283.096
285.84
285.688
285.507
285.315
285.116
284.915
284.713
284.51
284.308
284.105
283.904
283.703
283.502
283.301
283.1
286.063
285.866
285.666
285.454
285.237
285.019
284.801
284.585
284.37
284.157
283.945
283.734
283.524
283.314
283.105
286.204
286.048
285.833
285.598
285.359
285.122
284.889
284.659
284.432
284.208
283.986
283.765
283.546
283.327
283.109
286.431
286.271
286.013
285.744
285.48
285.224
284.974
284.731
284.492
284.257
284.025
283.795
283.567
283.34
283.113
287.063
286.562
286.201
285.886
285.595
285.32
285.056
284.799
284.55
284.304
284.063
283.824
283.587
283.352
283.117
287.27
286.758
286.356
286.011
285.7
285.408
285.131
284.864
284.604
284.349
284.099
283.852
283.607
283.364
283.121
287.35
286.876
286.471
286.114
285.79
285.487
285.2
284.923
284.654
284.391
284.133
283.878
283.625
283.375
283.125
287.384
286.946
286.552
286.195
285.866
285.556
285.261
284.976
284.7
284.43
284.164
283.902
283.643
283.385
283.128
287.397
286.985
286.607
286.256
285.927
285.615
285.315
285.024
284.742
284.465
284.193
283.925
283.659
283.395
283.131
287.386
287.001
286.643
286.303
285.978
285.664
285.362
285.067
284.78
284.497
284.22
283.945
283.674
283.403
283.134
322.935
322.804
322.674
322.544
322.415
322.287
322.16
322.035
321.912
321.794
321.682
321.578
321.489
321.422
321.387
322.93
322.791
322.651
322.512
322.373
322.234
322.095
321.956
321.818
321.681
321.544
321.409
321.273
321.13
320.96
322.926
322.777
322.629
322.48
322.33
322.18
322.029
321.877
321.723
321.566
321.406
321.24
321.063
320.865
320.625
322.921
322.764
322.607
322.448
322.289
322.128
321.965
321.799
321.63
321.455
321.274
321.083
320.875
320.643
320.371
322.917
322.752
322.585
322.418
322.249
322.077
321.903
321.725
321.541
321.352
321.152
320.941
320.712
320.459
320.173
322.913
322.739
322.565
322.389
322.211
322.03
321.845
321.656
321.46
321.257
321.043
320.817
320.573
320.308
320.016
322.91
322.728
322.546
322.362
322.176
321.986
321.792
321.593
321.387
321.172
320.947
320.709
320.456
320.183
319.889
322.906
322.718
322.529
322.338
322.144
321.946
321.744
321.536
321.321
321.098
320.864
320.618
320.357
320.08
319.785
322.903
322.709
322.513
322.316
322.115
321.911
321.702
321.487
321.265
321.034
320.793
320.541
320.275
319.995
319.699
322.9
322.701
322.5
322.297
322.091
321.881
321.666
321.445
321.217
320.981
320.734
320.477
320.208
319.925
319.629
322.898
322.694
322.489
322.281
322.071
321.856
321.636
321.411
321.178
320.937
320.686
320.425
320.153
319.869
319.572
322.896
322.689
322.48
322.269
322.054
321.836
321.612
321.383
321.146
320.902
320.648
320.385
320.111
319.826
319.529
322.895
322.685
322.473
322.259
322.042
321.821
321.595
321.362
321.123
320.876
320.62
320.355
320.08
319.794
319.497
322.894
322.682
322.469
322.253
322.034
321.811
321.583
321.349
321.108
320.859
320.602
320.336
320.059
319.773
319.476
322.894
322.681
322.466
322.25
322.03
321.806
321.577
321.342
321.1
320.851
320.593
320.326
320.049
319.763
319.465
321.373
320.986
319.696
319.148
318.563
318.273
317.929
317.76
317.602
317.306
317.088
316.701
316.418
315.9
315.482
314.613
314.198
313.689
313.414
313.044
312.839
312.569
312.428
312.288
312.017
311.813
311.444
311.169
310.661
310.247
309.379
308.963
308.447
308.166
307.788
307.578
307.299
307.154
307.008
306.728
306.515
306.131
305.845
305.315
304.882
303.974
303.538
302.997
302.704
302.307
302.086
301.794
301.642
301.489
301.194
300.97
300.565
300.263
299.703
299.247
298.29
297.83
297.262
296.953
296.536
296.304
295.995
295.835
295.673
295.359
295.119
294.684
294.357
293.747
293.246
292.187
291.676
291.031
290.674
290.173
289.885
289.471
289.238
288.933
288.174
287.906
287.783
287.706
287.636
287.539
320.721
320.32
319.694
319.171
318.705
318.336
318.008
317.736
317.477
317.189
316.891
316.547
316.185
315.755
315.298
314.761
314.306
313.883
313.53
313.197
312.915
312.647
312.412
312.178
311.91
311.627
311.295
310.941
310.517
310.063
309.525
309.068
308.64
308.28
307.941
307.651
307.375
307.134
306.891
306.613
306.319
305.973
305.604
305.162
304.687
304.125
303.647
303.199
302.823
302.467
302.164
301.874
301.621
301.366
301.074
300.765
300.401
300.013
299.547
299.047
298.456
297.953
297.482
297.086
296.713
296.394
296.089
295.822
295.553
295.243
294.913
294.523
294.104
293.599
293.054
292.404
291.848
291.321
290.875
290.443
290.067
289.696
289.36
289.001
288.577
288.269
288.047
287.871
287.709
287.534
320.332
319.977
319.543
319.112
318.706
318.34
318.004
317.694
317.393
317.084
316.762
316.417
316.049
315.65
315.229
314.79
314.37
313.976
313.615
313.279
312.97
312.677
312.397
312.117
311.824
311.513
311.176
310.813
310.418
309.997
309.556
309.133
308.733
308.366
308.023
307.705
307.403
307.114
306.825
306.52
306.198
305.847
305.469
305.057
304.617
304.156
303.714
303.296
302.912
302.553
302.22
301.904
301.601
301.298
300.979
300.64
300.271
299.875
299.441
298.979
298.495
298.03
297.592
297.188
296.811
296.462
296.13
295.812
295.492
295.154
294.795
294.402
293.977
293.51
293.011
292.485
291.978
291.497
291.052
290.634
290.243
289.87
289.514
289.162
288.813
288.507
288.245
288.015
287.799
287.582
320.069
319.748
319.388
319.016
318.651
318.3
317.964
317.64
317.321
316.998
316.666
316.32
315.958
315.579
315.187
314.789
314.398
314.022
313.664
313.324
313
312.687
312.381
312.076
311.762
311.436
311.094
310.734
310.355
309.961
309.559
309.164
308.781
308.416
308.068
307.734
307.412
307.097
306.78
306.455
306.116
305.76
305.385
304.989
304.578
304.159
303.746
303.346
302.964
302.6
302.251
301.914
301.584
301.252
300.911
300.557
300.183
299.79
299.375
298.944
298.504
298.071
297.652
297.252
296.87
296.505
296.152
295.805
295.457
295.098
294.723
294.328
293.91
293.468
293.008
292.537
292.072
291.622
291.192
290.783
290.394
290.021
289.664
289.318
288.987
288.68
288.399
288.139
287.892
287.648
319.875
319.574
319.25
318.913
318.574
318.237
317.907
317.58
317.254
316.925
316.59
316.245
315.89
315.525
315.153
314.778
314.406
314.042
313.688
313.346
313.013
312.688
312.367
312.045
311.718
311.384
311.038
310.681
310.313
309.936
309.555
309.176
308.804
308.442
308.091
307.748
307.413
307.08
306.747
306.408
306.06
305.701
305.329
304.945
304.552
304.154
303.759
303.37
302.992
302.624
302.266
301.915
301.568
301.219
300.864
300.5
300.124
299.735
299.332
298.921
298.505
298.091
297.685
297.289
296.905
296.531
296.164
295.801
295.436
295.064
294.682
294.287
293.877
293.453
293.019
292.58
292.144
291.717
291.303
290.904
290.52
290.151
289.795
289.453
289.126
288.816
288.523
288.246
287.979
287.717
319.722
319.434
319.13
318.814
318.492
318.167
317.843
317.518
317.192
316.862
316.527
316.186
315.837
315.483
315.123
314.762
314.402
314.046
313.696
313.353
313.016
312.683
312.352
312.021
311.686
311.346
310.999
310.645
310.283
309.916
309.547
309.178
308.813
308.454
308.1
307.752
307.408
307.065
306.722
306.374
306.021
305.66
305.29
304.914
304.531
304.146
303.761
303.38
303.004
302.635
302.271
301.912
301.554
301.194
300.831
300.462
300.084
299.698
299.304
298.904
298.501
298.1
297.702
297.31
296.925
296.546
296.171
295.798
295.424
295.046
294.66
294.267
293.864
293.454
293.037
292.619
292.202
291.792
291.392
291.003
290.625
290.26
289.908
289.568
289.24
288.927
288.626
288.337
288.057
287.784
319.598
319.319
319.026
318.723
318.413
318.098
317.78
317.459
317.135
316.807
316.474
316.137
315.794
315.447
315.096
314.744
314.392
314.042
313.695
313.352
313.012
312.675
312.339
312.002
311.662
311.319
310.971
310.619
310.261
309.9
309.538
309.175
308.815
308.457
308.102
307.751
307.401
307.052
306.702
306.349
305.992
305.63
305.263
304.891
304.514
304.136
303.758
303.381
303.008
302.638
302.27
301.905
301.541
301.175
300.807
300.434
300.056
299.673
299.284
298.891
298.497
298.103
297.711
297.322
296.937
296.555
296.176
295.798
295.419
295.037
294.651
294.26
293.863
293.462
293.058
292.654
292.252
291.855
291.465
291.084
290.713
290.352
290.002
289.663
289.335
289.018
288.712
288.416
288.127
287.845
319.497
319.223
318.938
318.643
318.341
318.033
317.72
317.403
317.083
316.758
316.428
316.095
315.757
315.415
315.071
314.725
314.379
314.033
313.689
313.346
313.005
312.666
312.326
311.986
311.643
311.299
310.95
310.599
310.244
309.887
309.529
309.17
308.812
308.455
308.1
307.746
307.393
307.04
306.686
306.33
305.971
305.609
305.243
304.873
304.501
304.127
303.752
303.379
303.006
302.636
302.267
301.898
301.53
301.161
300.789
300.415
300.037
299.655
299.27
298.882
298.492
298.103
297.714
297.328
296.943
296.56
296.179
295.798
295.417
295.034
294.648
294.26
293.869
293.475
293.08
292.686
292.294
291.907
291.526
291.151
290.785
290.428
290.081
289.742
289.414
289.095
288.785
288.483
288.188
287.9
319.413
319.143
318.862
318.574
318.277
317.975
317.667
317.354
317.037
316.715
316.389
316.059
315.725
315.388
315.049
314.707
314.365
314.022
313.68
313.338
312.997
312.656
312.315
311.972
311.628
311.283
310.934
310.584
310.231
309.876
309.52
309.163
308.807
308.451
308.095
307.74
307.385
307.03
306.674
306.316
305.955
305.593
305.227
304.859
304.489
304.118
303.746
303.374
303.003
302.632
302.261
301.891
301.521
301.149
300.776
300.4
300.022
299.642
299.259
298.874
298.488
298.102
297.716
297.331
296.947
296.564
296.182
295.8
295.418
295.035
294.65
294.264
293.877
293.489
293.101
292.715
292.331
291.95
291.576
291.207
290.845
290.491
290.146
289.808
289.479
289.158
288.845
288.54
288.241
287.947
319.344
319.076
318.8
318.515
318.223
317.925
317.62
317.311
316.997
316.678
316.355
316.028
315.698
315.365
315.029
314.691
314.351
314.011
313.67
313.329
312.988
312.647
312.304
311.961
311.616
311.27
310.922
310.572
310.22
309.867
309.512
309.157
308.801
308.446
308.09
307.734
307.378
307.021
306.663
306.304
305.943
305.58
305.215
304.848
304.48
304.11
303.74
303.369
302.998
302.627
302.256
301.885
301.513
301.14
300.766
300.39
300.012
299.632
299.251
298.868
298.484
298.1
297.716
297.332
296.949
296.566
296.184
295.802
295.42
295.037
294.654
294.271
293.887
293.503
293.121
292.739
292.361
291.986
291.617
291.252
290.894
290.543
290.198
289.862
289.532
289.21
288.895
288.587
288.285
287.988
319.289
319.023
318.749
318.467
318.178
317.883
317.582
317.275
316.964
316.648
316.327
316.003
315.676
315.345
315.012
314.676
314.339
314.001
313.661
313.321
312.98
312.638
312.296
311.952
311.607
311.26
310.912
310.563
310.211
309.859
309.505
309.151
308.796
308.441
308.085
307.728
307.371
307.014
306.655
306.295
305.934
305.571
305.206
304.84
304.472
304.104
303.734
303.364
302.993
302.622
302.251
301.879
301.506
301.133
300.758
300.382
300.004
299.625
299.245
298.863
298.481
298.098
297.715
297.332
296.95
296.568
296.186
295.804
295.423
295.041
294.659
294.278
293.897
293.516
293.137
292.76
292.386
292.016
291.65
291.288
290.933
290.584
290.241
289.904
289.575
289.252
288.936
288.625
288.321
288.021
319.246
318.981
318.709
318.429
318.142
317.849
317.55
317.246
316.937
316.623
316.305
315.983
315.657
315.329
314.998
314.664
314.328
313.991
313.653
313.313
312.973
312.631
312.288
311.944
311.599
311.253
310.905
310.555
310.205
309.853
309.5
309.146
308.791
308.436
308.08
307.723
307.366
307.008
306.649
306.288
305.927
305.564
305.199
304.833
304.466
304.098
303.729
303.359
302.989
302.618
302.246
301.874
301.501
301.127
300.752
300.376
299.998
299.62
299.24
298.86
298.478
298.097
297.715
297.333
296.951
296.569
296.188
295.806
295.425
295.045
294.664
294.284
293.905
293.527
293.151
292.777
292.406
292.039
291.675
291.317
290.963
290.615
290.273
289.938
289.608
289.285
288.967
288.655
288.349
288.048
319.215
318.95
318.679
318.401
318.115
317.824
317.527
317.224
316.917
316.605
316.288
315.968
315.644
315.317
314.987
314.655
314.32
313.984
313.647
313.308
312.967
312.626
312.283
311.939
311.594
311.247
310.899
310.55
310.2
309.848
309.496
309.142
308.788
308.432
308.076
307.72
307.362
307.004
306.644
306.283
305.921
305.558
305.194
304.829
304.462
304.094
303.725
303.356
302.986
302.615
302.243
301.87
301.497
301.123
300.748
300.372
299.994
299.616
299.237
298.857
298.476
298.095
297.714
297.333
296.951
296.57
296.189
295.808
295.428
295.048
294.668
294.29
293.912
293.536
293.162
292.79
292.421
292.056
291.694
291.337
290.985
290.638
290.297
289.962
289.632
289.308
288.99
288.678
288.37
288.068
319.194
318.93
318.659
318.382
318.098
317.807
317.511
317.21
316.903
316.592
316.277
315.957
315.635
315.308
314.98
314.648
314.315
313.979
313.642
313.303
312.963
312.622
312.279
311.935
311.59
311.244
310.896
310.547
310.197
309.845
309.493
309.139
308.785
308.43
308.074
307.717
307.359
307.001
306.641
306.28
305.918
305.555
305.191
304.825
304.459
304.091
303.723
303.353
302.983
302.612
302.241
301.868
301.495
301.12
300.745
300.369
299.992
299.614
299.235
298.855
298.475
298.094
297.714
297.333
296.951
296.57
296.19
295.809
295.429
295.05
294.671
294.293
293.917
293.542
293.169
292.798
292.431
292.067
291.707
291.351
291
290.654
290.313
289.978
289.648
289.324
289.006
288.692
288.384
288.081
319.184
318.92
318.65
318.373
318.089
317.799
317.504
317.203
316.897
316.586
316.271
315.952
315.63
315.304
314.976
314.645
314.312
313.977
313.64
313.301
312.961
312.62
312.277
311.933
311.588
311.242
310.894
310.545
310.195
309.844
309.491
309.138
308.784
308.429
308.073
307.716
307.358
306.999
306.639
306.279
305.917
305.553
305.189
304.824
304.457
304.09
303.722
303.352
302.982
302.611
302.239
301.867
301.493
301.119
300.744
300.368
299.991
299.613
299.234
298.854
298.474
298.094
297.713
297.332
296.952
296.571
296.19
295.81
295.43
295.051
294.673
294.295
293.919
293.545
293.172
292.803
292.436
292.072
291.713
291.357
291.007
290.661
290.321
289.986
289.656
289.332
289.013
288.7
288.391
288.088
287.313
286.998
286.67
286.343
286.023
285.711
285.407
285.109
284.817
284.53
284.246
283.966
283.689
283.412
283.137
287.301
287.007
286.696
286.38
286.066
285.755
285.449
285.149
284.853
284.561
284.272
283.987
283.703
283.421
283.14
287.329
287.035
286.728
286.416
286.104
285.794
285.487
285.184
284.884
284.588
284.295
284.005
283.716
283.429
283.143
287.377
287.074
286.765
286.453
286.14
285.829
285.521
285.215
284.913
284.613
284.316
284.021
283.728
283.436
283.145
287.431
287.119
286.805
286.49
286.175
285.863
285.552
285.244
284.938
284.635
284.334
284.036
283.739
283.443
283.147
287.486
287.165
286.845
286.526
286.209
285.893
285.58
285.269
284.961
284.655
284.351
284.049
283.748
283.448
283.149
287.539
287.21
286.885
286.561
286.241
285.922
285.606
285.293
284.981
284.672
284.365
284.06
283.756
283.453
283.151
287.587
287.252
286.921
286.594
286.27
285.948
285.63
285.313
285
284.688
284.378
284.07
283.764
283.458
283.153
287.63
287.29
286.955
286.624
286.296
285.972
285.65
285.332
285.016
284.702
284.39
284.079
283.77
283.462
283.154
287.667
287.323
286.984
286.65
286.319
285.992
285.669
285.348
285.03
284.713
284.399
284.087
283.775
283.465
283.155
287.698
287.35
287.009
286.672
286.339
286.01
285.684
285.361
285.041
284.723
284.407
284.093
283.78
283.467
283.156
287.722
287.373
287.029
286.69
286.355
286.024
285.697
285.372
285.051
284.731
284.414
284.098
283.783
283.47
283.156
287.74
287.389
287.044
286.703
286.367
286.035
285.706
285.38
285.058
284.737
284.419
284.102
283.786
283.471
283.157
287.753
287.4
287.054
286.712
286.375
286.042
285.712
285.386
285.062
284.741
284.422
284.104
283.788
283.472
283.157
287.759
287.406
287.059
286.717
286.379
286.045
285.716
285.389
285.065
284.743
284.423
284.105
283.789
283.473
283.158
)
;

boundaryField
{
    hot
    {
        type            fixedValue;
        value           uniform 323;
    }
    cold
    {
        type            fixedValue;
        value           uniform 283;
    }
    interface_left
    {
        type            fixedValue;
        value           nonuniform List<scalar> 
90
(
318.874
318.874
320.453
320.453
320.893
320.893
321.104
321.104
321.104
321.245
321.245
321.397
321.397
321.565
321.565
321.86
321.86
321.976
321.976
322.048
322.048
322.093
322.093
322.093
322.13
322.13
322.175
322.175
322.23
322.23
322.335
322.335
322.381
322.381
322.412
322.412
322.432
322.432
322.432
322.45
322.45
322.473
322.473
322.502
322.502
322.558
322.558
322.583
322.583
322.599
322.599
322.609
322.609
322.609
322.617
322.617
322.626
322.626
322.633
322.633
322.637
322.637
322.633
322.633
322.626
322.626
322.616
322.616
322.616
322.6
322.6
322.568
322.568
322.512
322.512
322.362
322.362
322.273
322.273
322.191
322.191
322.116
322.116
322.116
321.969
321.969
321.969
321.969
321.969
321.969
)
;
    }
    interface_right
    {
        type            fixedValue;
        value           nonuniform List<scalar> 
90
(
290.076
290.076
286.732
286.732
285.92
285.92
285.542
285.542
285.542
285.29
285.29
285.017
285.017
284.721
284.721
284.215
284.215
284.023
284.023
283.911
283.911
283.847
283.847
283.847
283.801
283.801
283.752
283.752
283.703
283.703
283.626
283.626
283.602
283.602
283.593
283.593
283.591
283.591
283.591
283.594
283.594
283.603
283.603
283.62
283.62
283.668
283.668
283.696
283.696
283.721
283.721
283.742
283.742
283.742
283.766
283.766
283.806
283.806
283.868
283.868
284.015
284.015
284.095
284.095
284.164
284.164
284.221
284.221
284.221
284.294
284.294
284.417
284.417
284.624
284.624
285.178
285.178
285.514
285.514
285.851
285.851
286.22
286.22
286.22
287.619
287.619
287.619
287.619
287.619
287.619
)
;
    }
    interface_top
    {
        type            fixedValue;
        value           nonuniform List<scalar> 
90
(
321.969
321.969
319.164
319.164
318.279
318.279
317.765
317.765
317.765
317.309
317.309
316.704
316.704
315.899
315.899
314.211
314.211
313.424
313.424
312.848
312.848
312.436
312.436
312.436
312.024
312.024
311.45
311.45
310.666
310.666
308.982
308.982
308.18
308.18
307.59
307.59
307.164
307.164
307.164
306.737
306.737
306.14
306.14
305.321
305.321
303.559
303.559
302.719
302.719
302.1
302.1
301.652
301.652
301.652
301.203
301.203
300.573
300.573
299.707
299.707
297.848
297.848
296.965
296.965
296.314
296.314
295.842
295.842
295.842
295.363
295.363
294.686
294.686
293.743
293.743
291.686
291.686
290.678
290.678
289.886
289.886
289.228
289.228
289.228
287.619
287.619
287.619
287.619
287.619
287.619
)
;
    }
    interface_bottom
    {
        type            fixedValue;
        value           nonuniform List<scalar> 
90
(
318.874
318.874
316.92
316.92
316.14
316.14
315.642
315.642
315.642
315.177
315.177
314.545
314.545
313.699
313.699
311.924
311.924
311.097
311.097
310.497
310.497
310.07
310.07
310.07
309.645
309.645
309.058
309.058
308.261
308.261
306.586
306.586
305.806
305.806
305.239
305.239
304.834
304.834
304.834
304.431
304.431
303.873
303.873
303.116
303.116
301.532
301.532
300.796
300.796
300.26
300.26
299.876
299.876
299.876
299.495
299.495
298.966
298.966
298.25
298.25
296.747
296.747
296.047
296.047
295.537
295.537
295.173
295.173
295.173
294.81
294.81
294.309
294.309
293.628
293.628
292.183
292.183
291.504
291.504
291.003
291.003
290.633
290.633
290.633
290.076
290.076
290.076
290.076
290.076
290.076
)
;
    }
    defaultFaces
    {
        type            empty;
    }
}


// ************************************************************************* //
