/*--------------------------------*- C++ -*----------------------------------*\
| =========                 |                                                 |
| \\      /  F ield         | OpenFOAM: The Open Source CFD Toolbox           |
|  \\    /   O peration     | Version:  5.x                                   |
|   \\  /    A nd           | Web:      www.OpenFOAM.org                      |
|    \\/     M anipulation  |                                                 |
\*---------------------------------------------------------------------------*/
FoamFile
{
    version     2.0;
    format      ascii;
    class       volScalarField;
    location    "9.0999";
    object      gradTx;
}
// * * * * * * * * * * * * * * * * * * * * * * * * * * * * * * * * * * * * * //

dimensions      [0 -1 0 1 0 0 0];

internalField   nonuniform List<scalar> 
6300
(
-31.8778
-31.9487
-32.0898
-32.2997
-32.5761
-32.9159
-33.3148
-33.7674
-34.2668
-34.8051
-35.3727
-35.9594
-36.5539
-37.1451
-37.7223
-31.8069
-31.8785
-32.021
-32.2332
-32.5128
-32.8568
-33.2612
-33.7205
-34.228
-34.7756
-35.3537
-35.9515
-36.5573
-37.1592
-37.7457
-31.6644
-31.7373
-31.8826
-32.0992
-32.385
-32.7374
-33.1526
-33.6254
-34.1492
-34.7157
-35.315
-35.9356
-36.5646
-37.1885
-37.7944
-31.4489
-31.5238
-31.673
-31.8958
-32.1907
-32.5553
-32.9864
-33.4792
-34.0275
-34.6229
-35.2551
-35.9113
-36.5768
-37.236
-37.8728
-31.1587
-31.2358
-31.3899
-31.6204
-31.9265
-32.3067
-32.7583
-33.2776
-33.8587
-34.4935
-35.1711
-35.8775
-36.5955
-37.3057
-37.9876
-30.7913
-30.8709
-31.0303
-31.2694
-31.5884
-31.9865
-32.4627
-33.0141
-33.6361
-34.3212
-35.0584
-35.8321
-36.622
-37.4036
-38.1495
-30.3442
-30.4263
-30.5908
-30.8387
-31.1709
-31.5884
-32.0917
-32.6799
-33.3503
-34.0969
-34.9091
-35.7703
-36.6569
-37.5373
-38.3738
-29.8151
-29.8991
-30.068
-30.3236
-30.6682
-31.1046
-31.6357
-32.2635
-32.9883
-33.8069
-34.7107
-35.6833
-36.6979
-37.7149
-38.6818
-29.2019
-29.287
-29.4586
-29.7194
-30.0735
-30.526
-31.0829
-31.7501
-32.5325
-33.4316
-34.4435
-35.5544
-36.7365
-37.9426
-39.1017
-28.5037
-28.5884
-28.7599
-29.0219
-29.3803
-29.843
-30.4198
-31.1216
-31.9598
-32.9437
-34.0774
-35.3545
-36.7511
-38.2176
-39.6656
-27.7206
-27.8031
-27.9706
-28.2279
-28.5827
-29.046
-29.6315
-30.3567
-31.2414
-32.3061
-33.5682
-35.035
-36.6959
-38.5113
-40.3947
-26.855
-26.9328
-27.0913
-27.3362
-27.6768
-28.1265
-28.7036
-29.4324
-30.3431
-31.4714
-32.8541
-34.5216
-36.4862
-38.7367
-41.2465
-25.9115
-25.9819
-26.1256
-26.3488
-26.6617
-27.0795
-27.6241
-28.3261
-29.2274
-30.3823
-31.8554
-33.7105
-35.9888
-38.7002
-41.9474
-24.8975
-24.9575
-25.0803
-25.2717
-25.5417
-25.9057
-26.3871
-27.0207
-27.8583
-28.9752
-30.4741
-32.4737
-35.0515
-38.1146
-41.533
-23.8235
-23.8704
-23.9662
-24.1159
-24.3276
-24.6146
-24.9979
-25.5114
-26.2102
-27.1861
-28.5901
-30.6516
-33.6077
-37.1235
-37.5305
-38.232
-38.6724
-39.0886
-39.4787
-39.8417
-40.1776
-40.4868
-40.7698
-41.0269
-41.258
-41.4623
-41.6391
-41.7873
-41.9061
-41.9954
-42.0562
-42.0904
-42.1009
-42.0915
-42.0665
-42.0301
-41.9861
-41.9376
-41.8861
-41.8323
-41.7755
-41.7143
-41.6468
-41.5709
-41.4853
-41.3893
-41.2832
-41.1685
-41.0474
-40.9228
-40.7975
-40.674
-40.5543
-40.4391
-40.3282
-40.2204
-40.1137
-40.0059
-39.8945
-39.7779
-39.6552
-39.5264
-39.3925
-39.2555
-39.1179
-38.9822
-38.8507
-38.725
-38.6057
-38.4925
-38.3842
-38.2787
-38.1738
-38.0672
-37.9573
-37.8431
-37.7245
-37.6027
-37.4793
-37.3568
-37.2376
-37.1238
-37.017
-36.918
-36.8265
-36.7415
-36.6614
-36.5844
-36.5089
-36.4339
-36.3592
-36.2859
-36.2162
-36.1533
-36.1009
-36.0631
-36.0437
-36.0456
-36.0704
-36.1184
-36.1879
-36.2755
-36.3762
-36.4839
-36.5917
-38.2624
-38.7073
-39.1263
-39.5176
-39.8807
-40.2161
-40.5246
-40.8072
-41.0645
-41.2964
-41.5021
-41.6803
-41.8295
-41.9484
-42.0366
-42.0946
-42.1245
-42.1295
-42.114
-42.0828
-42.041
-41.9928
-41.9417
-41.8895
-41.8365
-41.7819
-41.7235
-41.6587
-41.585
-41.5003
-41.4037
-41.2956
-41.1777
-41.0526
-40.9238
-40.7948
-40.6687
-40.5477
-40.4328
-40.3237
-40.2188
-40.1155
-40.0108
-39.902
-39.7868
-39.664
-39.5336
-39.3969
-39.2564
-39.1151
-38.9762
-38.8424
-38.7157
-38.5969
-38.4855
-38.38
-38.2778
-38.1761
-38.0721
-37.9636
-37.8493
-37.7293
-37.6048
-37.4781
-37.3521
-37.2297
-37.1137
-37.0059
-36.9071
-36.8171
-36.7344
-36.657
-36.5823
-36.5083
-36.4333
-36.3571
-36.2807
-36.2065
-36.138
-36.0799
-36.0367
-36.0131
-36.0125
-36.0371
-36.0874
-36.1618
-36.2565
-36.3661
-36.4837
-36.6015
-38.3254
-38.7794
-39.2038
-39.5972
-39.9598
-40.2933
-40.5996
-40.881
-41.1386
-41.3725
-41.5815
-41.7633
-41.9154
-42.0351
-42.1211
-42.1736
-42.1944
-42.1877
-42.1589
-42.1145
-42.061
-42.0039
-41.9474
-41.8939
-41.8432
-41.7937
-41.7418
-41.6835
-41.6148
-41.5324
-41.4348
-41.3223
-41.1971
-41.0631
-40.925
-40.7879
-40.656
-40.5324
-40.4183
-40.3133
-40.2148
-40.1191
-40.0218
-39.9188
-39.8067
-39.6837
-39.5498
-39.4069
-39.2585
-39.1089
-38.9627
-38.8238
-38.695
-38.5774
-38.4702
-38.371
-38.2763
-38.1818
-38.0835
-37.978
-37.8637
-37.7405
-37.6102
-37.476
-37.3421
-37.2127
-37.0917
-36.9817
-36.8837
-36.7971
-36.7198
-36.6485
-36.5794
-36.5089
-36.4346
-36.3555
-36.2724
-36.1884
-36.108
-36.0372
-35.9823
-35.9492
-35.943
-35.9669
-36.0219
-36.1064
-36.2162
-36.3447
-36.4833
-36.6224
-38.4263
-38.8942
-39.3261
-39.7211
-40.081
-40.4094
-40.7107
-40.9891
-41.2469
-41.4845
-41.7
-41.8893
-42.0477
-42.1704
-42.2541
-42.2979
-42.304
-42.2776
-42.2264
-42.1595
-42.086
-42.0139
-41.949
-41.894
-41.8484
-41.8088
-41.7694
-41.7234
-41.6642
-41.5864
-41.4873
-41.3672
-41.2293
-41.0794
-40.9249
-40.7734
-40.6313
-40.5032
-40.391
-40.2934
-40.2067
-40.1249
-40.0411
-39.9487
-39.8423
-39.719
-39.5789
-39.4249
-39.2623
-39.0979
-38.9387
-38.7907
-38.6582
-38.5428
-38.4432
-38.3557
-38.2745
-38.1931
-38.1051
-38.0053
-37.8909
-37.7619
-37.6211
-37.4735
-37.3255
-37.1837
-37.0539
-36.9401
-36.8438
-36.7638
-36.6966
-36.6368
-36.5783
-36.5151
-36.4429
-36.3594
-36.2655
-36.1649
-36.0643
-35.9717
-35.8963
-35.8467
-35.8302
-35.8519
-35.9138
-36.0145
-36.1489
-36.3086
-36.4821
-36.6566
-38.5738
-39.0609
-39.5015
-39.8956
-40.2475
-40.5645
-40.855
-41.1267
-41.3843
-41.6285
-41.856
-42.0599
-42.2315
-42.3619
-42.4445
-42.4766
-42.4604
-42.4033
-42.3166
-42.2139
-42.1089
-42.0137
-41.9363
-41.8806
-41.845
-41.8235
-41.8064
-41.7824
-41.7403
-41.6712
-41.5702
-41.4377
-41.2787
-41.1025
-40.9207
-40.7452
-40.5864
-40.4512
-40.3424
-40.2579
-40.1915
-40.1335
-40.0729
-39.9986
-39.9022
-39.7786
-39.6281
-39.4552
-39.2687
-39.0794
-38.8984
-38.7354
-38.5969
-38.4854
-38.3988
-38.3311
-38.273
-38.214
-38.1436
-38.0535
-37.9391
-37.8004
-37.6418
-37.4716
-37.2999
-37.1374
-36.9932
-36.8734
-36.7804
-36.712
-36.6626
-36.6233
-36.5839
-36.5345
-36.4673
-36.3783
-36.268
-36.1418
-36.0089
-35.8816
-35.7731
-35.6964
-35.6624
-35.6789
-35.7498
-35.8741
-36.0454
-36.2524
-36.4796
-36.7086
-38.7818
-39.2944
-39.7438
-40.131
-40.4644
-40.7577
-41.0266
-41.2848
-41.541
-41.7967
-42.0461
-42.2772
-42.4745
-42.6222
-42.7076
-42.7247
-42.6758
-42.5716
-42.4298
-42.2715
-42.118
-41.9875
-41.8926
-41.8382
-41.8214
-41.8318
-41.8535
-41.8675
-41.8552
-41.8017
-41.6986
-41.5462
-41.3528
-41.1335
-40.9073
-40.6931
-40.5075
-40.3613
-40.2588
-40.1965
-40.1641
-40.1461
-40.1242
-40.0806
-40.001
-39.8772
-39.7093
-39.5052
-39.2791
-39.0488
-38.8322
-38.6448
-38.4968
-38.3921
-38.3273
-38.2925
-38.273
-38.2513
-38.2104
-38.1366
-38.0223
-37.8674
-37.6794
-37.4717
-37.2611
-37.0648
-36.8972
-36.7682
-36.6813
-36.6331
-36.6141
-36.61
-36.6039
-36.5794
-36.5232
-36.4279
-36.2936
-36.1281
-35.9455
-35.7643
-35.6042
-35.4846
-35.4218
-35.4278
-35.5091
-35.6658
-35.8903
-36.1673
-36.4746
-36.7852
-39.0717
-39.619
-40.0758
-40.444
-40.739
-40.9861
-41.2134
-41.4458
-41.6984
-41.974
-42.2625
-42.5432
-42.7892
-42.9722
-43.0692
-43.0679
-42.9706
-42.7942
-42.5668
-42.3222
-42.0938
-41.9102
-41.7904
-41.7417
-41.7586
-41.8239
-41.9116
-41.9904
-42.0295
-42.0036
-41.8982
-41.7136
-41.4641
-41.1747
-40.8764
-40.6
-40.3716
-40.2086
-40.1173
-40.0919
-40.1159
-40.1641
-40.2069
-40.2146
-40.1633
-40.0392
-39.8426
-39.5868
-39.2957
-38.9984
-38.7241
-38.4973
-38.3344
-38.2413
-38.2125
-38.232
-38.276
-38.3162
-38.3246
-38.2782
-38.164
-37.9821
-37.7452
-37.4759
-37.2019
-36.9507
-36.7458
-36.6025
-36.5265
-36.5121
-36.5442
-36.5994
-36.6505
-36.67
-36.6353
-36.5336
-36.364
-36.1389
-35.8803
-35.6164
-35.3772
-35.191
-35.082
-35.0681
-35.16
-35.3599
-35.6595
-36.0386
-36.4649
-36.8975
-39.4767
-40.074
-40.5352
-40.8622
-41.0828
-41.2427
-41.3932
-41.5778
-41.8229
-42.1328
-42.4901
-42.8594
-43.1945
-43.4461
-43.5723
-43.5493
-43.3794
-43.0903
-42.7287
-42.3493
-42.0053
-41.741
-41.5859
-41.5507
-41.626
-41.7839
-41.9823
-42.1707
-42.2975
-42.3197
-42.212
-41.9747
-41.6327
-41.2288
-40.814
-40.4378
-40.1417
-39.9527
-39.8807
-39.9164
-40.0329
-40.1901
-40.34
-40.4336
-40.4302
-40.3059
-40.061
-39.7192
-39.3212
-38.9149
-38.5475
-38.2578
-38.0716
-37.998
-38.0281
-38.1363
-38.2845
-38.4271
-38.5176
-38.5172
-38.4033
-38.176
-37.8577
-37.487
-37.1096
-36.7701
-36.5054
-36.3401
-36.2827
-36.3244
-36.4408
-36.5949
-36.7426
-36.8385
-36.8442
-36.7368
-36.5146
-36.1979
-35.8227
-35.433
-35.0738
-34.7864
-34.6051
-34.5559
-34.6555
-34.9105
-35.3144
-35.8418
-36.4461
-37.0633
-40.0476
-40.7251
-41.1877
-41.4337
-41.5138
-41.513
-41.5238
-41.6225
-41.854
-42.2236
-42.7003
-43.2251
-43.7202
-44.1006
-44.2902
-44.2426
-43.9596
-43.4909
-42.9163
-42.3254
-41.802
-41.4146
-41.2087
-41.2006
-41.3744
-41.6855
-42.0675
-42.4395
-42.7163
-42.8226
-42.7126
-42.3865
-41.8903
-41.2987
-40.6958
-40.1605
-39.7572
-39.5284
-39.4892
-39.6243
-39.8912
-40.2266
-40.554
-40.7924
-40.871
-40.7464
-40.419
-39.9328
-39.3584
-38.7755
-38.2589
-37.8691
-37.6466
-37.6055
-37.731
-37.9829
-38.3011
-38.6129
-38.8416
-38.9196
-38.8059
-38.5008
-38.0457
-37.5078
-36.9628
-36.4816
-36.122
-35.9223
-35.8961
-36.0292
-36.2829
-36.5997
-36.9092
-37.1368
-37.2161
-37.1051
-36.8013
-36.3412
-35.786
-35.2056
-34.6671
-34.229
-33.9382
-33.8294
-33.9269
-34.2469
-34.7914
-35.5342
-36.409
-37.3121
-40.8613
-41.6856
-42.152
-42.2438
-42.0613
-41.7667
-41.5274
-41.4761
-41.6864
-42.16
-42.8413
-43.6336
-44.4113
-45.03
-45.3496
-45.2749
-44.8072
-44.044
-43.1275
-42.2042
-41.4029
-40.8269
-40.5467
-40.5886
-40.9249
-41.4851
-42.167
-42.8455
-43.3805
-43.6371
-43.5244
-43.0432
-42.2852
-41.3848
-40.4803
-39.6933
-39.1214
-38.831
-38.8468
-39.1425
-39.6508
-40.2748
-40.8959
-41.3816
-41.6044
-41.4787
-41.0059
-40.2731
-39.4078
-38.5409
-37.7874
-37.2397
-36.9605
-36.973
-37.252
-37.734
-38.3269
-38.9184
-39.3824
-39.5982
-39.4842
-39.0415
-38.3528
-37.5389
-36.7242
-36.018
-35.5083
-35.2549
-35.2801
-35.5601
-36.0344
-36.615
-37.1938
-37.6488
-37.8618
-37.7512
-37.3131
-36.6214
-35.7856
-34.9179
-34.1159
-33.4596
-33.0091
-32.8059
-32.8781
-33.2598
-33.983
-35.0364
-36.3311
-37.6935
-42.0283
-43.1618
-43.6554
-43.4477
-42.77
-41.9406
-41.2603
-40.9529
-41.1396
-41.7975
-42.8225
-44.0631
-45.3312
-46.3904
-46.9768
-46.8731
-46.0804
-44.8177
-43.3486
-41.9075
-40.6791
-39.8134
-39.421
-39.5525
-40.1531
-41.1094
-42.2714
-43.4584
-44.4455
-44.9833
-44.867
-44.0983
-42.8851
-41.4769
-40.0957
-38.9161
-38.0802
-37.6927
-37.8015
-38.3544
-39.2437
-40.327
-41.4331
-42.3491
-42.8394
-42.7112
-41.967
-40.8042
-39.4595
-38.143
-37.0197
-36.2238
-35.8543
-35.9565
-36.4809
-37.3253
-38.3549
-39.4073
-40.2808
-40.7515
-40.636
-39.9365
-38.8401
-37.5711
-36.3292
-35.2714
-34.5256
-34.1862
-34.297
-34.8114
-35.6328
-36.6329
-37.6566
-38.5094
-38.9737
-38.8687
-38.19
-37.1091
-35.8314
-34.5353
-33.355
-32.3936
-31.7238
-31.3858
-31.3836
-31.781
-32.699
-34.1911
-36.1558
-38.2953
-43.6779
-45.5622
-46.169
-45.3258
-43.6947
-41.9
-40.4564
-39.7178
-39.9142
-40.9062
-42.4933
-44.453
-46.5522
-48.4317
-49.5977
-49.4636
-48.0305
-45.8888
-43.5292
-41.3045
-39.4331
-38.1184
-37.5406
-37.841
-38.8692
-40.4376
-42.3397
-44.359
-46.1576
-47.2714
-47.1488
-45.7937
-43.7658
-41.5302
-39.4206
-37.6441
-36.3934
-35.8395
-36.1167
-37.082
-38.5573
-40.3464
-42.244
-43.9297
-44.9652
-44.8305
-43.5308
-41.5973
-39.4708
-37.4667
-35.7804
-34.5938
-34.0688
-34.3322
-35.2488
-36.6499
-38.3498
-40.1541
-41.7592
-42.7489
-42.6288
-41.4031
-39.5757
-37.5645
-35.6691
-34.0756
-32.9575
-32.4693
-32.7327
-33.6206
-34.9737
-36.6169
-38.3657
-39.9293
-40.9053
-40.8122
-39.6462
-37.8802
-35.9036
-33.9859
-32.279
-30.9077
-29.961
-29.4818
-29.3139
-29.5525
-30.5884
-32.6654
-35.7285
-39.2822
-45.804
-49.8137
-50.7816
-48.3352
-44.8462
-41.3514
-38.6376
-37.1366
-37.5433
-39.1579
-41.6277
-44.6419
-48.0899
-51.5005
-54.0909
-53.9246
-51.0011
-47.2735
-43.5158
-40.1926
-37.3853
-35.3625
-34.3957
-35.0813
-36.8076
-39.2851
-42.2391
-45.5776
-48.8558
-51.3398
-51.2055
-48.458
-44.9456
-41.4021
-38.2659
-35.6148
-33.7032
-32.7897
-33.4407
-35.0754
-37.4189
-40.2097
-43.3598
-46.4466
-48.7763
-48.6273
-46.0071
-42.6685
-39.3059
-36.3327
-33.8213
-32.0114
-31.1478
-31.7672
-33.3193
-35.5441
-38.1944
-41.1876
-44.1239
-46.3445
-46.2133
-43.7364
-40.5759
-37.3911
-34.5743
-32.1952
-30.4825
-29.67
-30.2694
-31.7598
-33.8968
-36.4489
-39.3413
-42.1952
-44.3766
-44.3009
-41.9661
-38.9548
-35.8909
-33.1328
-30.7199
-28.8102
-27.525
-27.1296
-26.6589
-26.1757
-26.9788
-29.7196
-34.5949
-40.9859
-47.3372
-58.4714
-60.3776
-52.8726
-45.9844
-39.6661
-35.0693
-31.8071
-33.4326
-36.1779
-39.9781
-44.2064
-49.6813
-55.7504
-62.5538
-62.3559
-55.1298
-48.7015
-42.8769
-38.3379
-34.2077
-31.0859
-28.8714
-30.823
-33.664
-37.4468
-41.5846
-46.883
-52.6976
-59.1786
-59.0253
-52.2236
-46.1701
-40.6874
-36.4126
-32.5208
-29.5758
-27.4868
-29.3485
-32.048
-35.6366
-39.5554
-44.567
-50.0537
-56.1564
-55.9827
-49.5181
-43.7739
-38.5804
-34.5337
-30.8521
-28.0663
-26.0912
-27.8593
-30.4209
-33.8258
-37.545
-42.3033
-47.5189
-53.3266
-53.1759
-47.054
-41.6113
-36.6876
-32.8494
-29.355
-26.7112
-24.8376
-26.5229
-28.9678
-32.2224
-35.7908
-40.3724
-45.4293
-51.0983
-51.0425
-45.2602
-40.1051
-35.4378
-31.7828
-28.4359
-25.8136
-23.8077
-24.8859
-24.0217
-20.9469
-20.5786
-23.7003
-31.2786
-44.122
-40.8992
-80.3462
-83.7667
-56.7668
-46.3358
-35.4971
-29.5778
-19.4388
-27.7091
-31.6788
-37.7119
-41.9758
-50.4174
-58.9429
-81.0989
-80.908
-58.1099
-49.2602
-40.3865
-35.8945
-29.578
-25.503
-17.3478
-25.2842
-29.164
-35.0974
-39.2589
-47.4452
-55.5796
-76.571
-76.4187
-54.9118
-46.5729
-38.2331
-34.0079
-28.0633
-24.2158
-16.4948
-24.0498
-27.7401
-33.3789
-37.3274
-45.0901
-52.7736
-72.5747
-72.3971
-51.9914
-44.0866
-36.2033
-32.2091
-26.5929
-22.9537
-15.6444
-22.8088
-26.3083
-31.6547
-35.3993
-42.7606
-50.0612
-68.8889
-68.737
-49.3934
-41.8992
-34.421
-30.6293
-25.2901
-21.8308
-14.8804
-21.6827
-25.0099
-30.0959
-33.6737
-40.7193
-47.7819
-66.0637
-66.0304
-47.6513
-40.5529
-33.5268
-29.9893
-25.1086
-21.9294
-15.6494
-25.4392
-24.5679
-11.8206
-9.15297
-11.2634
-20.3806
-50.236
-36.7016
-36.8028
-36.8755
-36.9141
-36.917
-36.886
-36.8258
-36.7434
-36.6468
-36.5446
-36.4452
-36.356
-36.2833
-36.2321
-36.2057
-36.7214
-36.8314
-36.9095
-36.9499
-36.951
-36.9152
-36.8481
-36.7575
-36.6523
-36.5419
-36.435
-36.3394
-36.2619
-36.2073
-36.1792
-36.7636
-36.8919
-36.9812
-37.0249
-37.0218
-36.9757
-36.8939
-36.7862
-36.6632
-36.5356
-36.4133
-36.3049
-36.2174
-36.1562
-36.1246
-36.833
-36.9914
-37.0985
-37.1466
-37.1356
-37.0718
-36.9657
-36.8301
-36.6786
-36.5241
-36.3778
-36.2495
-36.1468
-36.0752
-36.0385
-36.9388
-37.1423
-37.2748
-37.3274
-37.3024
-37.2103
-37.0669
-36.89
-36.6972
-36.5042
-36.3244
-36.1686
-36.045
-35.9594
-35.9157
-37.0953
-37.3642
-37.531
-37.5859
-37.5362
-37.4
-37.2016
-36.9659
-36.7159
-36.471
-36.2469
-36.0554
-35.9051
-35.8018
-35.7493
-37.3259
-37.6883
-37.8989
-37.9492
-37.8563
-37.652
-37.3735
-37.056
-36.7294
-36.4172
-36.1369
-35.9011
-35.7181
-35.5934
-35.5303
-37.6686
-38.164
-38.427
-38.4558
-38.2877
-37.9783
-37.5845
-37.1553
-36.7285
-36.3314
-35.9826
-35.6939
-35.4727
-35.3234
-35.2483
-38.1874
-38.8723
-39.1895
-39.1591
-38.8604
-38.3891
-37.831
-37.252
-36.6978
-36.1974
-35.768
-35.4192
-35.1556
-34.9793
-34.891
-38.9943
-39.9482
-40.2995
-40.1308
-39.6058
-38.8866
-38.0983
-37.3241
-36.6133
-35.9923
-35.473
-35.0593
-34.7511
-34.5471
-34.4456
-40.2987
-41.6266
-41.9294
-41.4589
-40.5454
-39.4533
-38.3516
-37.3326
-36.4391
-35.6856
-35.0723
-34.5937
-34.2426
-34.0124
-33.8986
-42.5219
-44.33
-44.3325
-43.23
-41.6637
-40.0295
-38.522
-37.2157
-36.125
-35.2386
-34.537
-34.0007
-33.613
-33.3615
-33.2377
-46.6039
-48.8392
-47.8406
-45.465
-42.8499
-40.479
-38.4913
-36.8833
-35.6066
-34.6067
-33.8364
-33.2591
-32.8474
-32.5827
-32.4532
-54.9262
-56.5825
-52.7255
-47.9396
-43.7918
-40.5453
-38.0807
-36.2196
-34.8114
-33.7451
-32.943
-32.3517
-31.9348
-31.6687
-31.5391
-74.5225
-69.8389
-58.5394
-49.7762
-43.8323
-39.8297
-37.0668
-35.1032
-33.6742
-32.6193
-31.8389
-31.2698
-30.8715
-30.6184
-30.4953
-22.7961
-22.8288
-22.8956
-22.9995
-23.1456
-23.3428
-23.6053
-23.9581
-24.4457
-25.1534
-26.2574
-28.1468
-31.7215
-38.9229
-51.7323
-21.8392
-21.8582
-21.8965
-21.9551
-22.0357
-22.1411
-22.2768
-22.4527
-22.689
-23.0303
-23.5872
-24.6765
-27.3943
-36.4548
-77.6644
-20.8692
-20.8741
-20.8832
-20.8954
-20.9083
-20.9185
-20.9205
-20.9056
-20.8599
-20.7582
-20.5454
-20.0501
-18.5056
-11.6398
25.325
-19.8957
-19.8869
-19.8679
-19.8352
-19.7829
-19.7016
-19.5759
-19.3801
-19.0702
-18.5647
-17.7023
-16.1429
-13.1705
-7.70938
-3.92272
-18.9282
-18.9069
-18.862
-18.7884
-18.6776
-18.5155
-18.2799
-17.9341
-17.4168
-16.6201
-15.348
-13.2303
-9.53969
-2.59973
13.4806
-17.9755
-17.9432
-17.8759
-17.7675
-17.6078
-17.3805
-17.0604
-16.6074
-15.9573
-15.0058
-13.582
-11.4176
-8.16726
-3.83116
-1.98741
-17.0452
-17.0039
-16.9183
-16.7821
-16.5848
-16.31
-15.9333
-15.4176
-14.7074
-13.7193
-12.33
-10.3611
-7.54995
-3.33014
4.9342
-16.1435
-16.0952
-15.9957
-15.8391
-15.6155
-15.3103
-14.9027
-14.3629
-13.6505
-12.7115
-11.4802
-9.89008
-7.91125
-5.63738
-3.51275
-15.2754
-15.2221
-15.1129
-14.9426
-14.7028
-14.3818
-13.9637
-13.4281
-12.7509
-11.9069
-10.8796
-9.68909
-8.47756
-7.84084
-10.4843
-14.4444
-14.3878
-14.2725
-14.0942
-13.8465
-13.5207
-13.1062
-12.5917
-11.9672
-11.2296
-10.3925
-9.5027
-8.64473
-7.76643
-5.05434
-13.6526
-13.5942
-13.4758
-13.2941
-13.0444
-12.7211
-12.3182
-11.8317
-11.2622
-10.6213
-9.94183
-9.29421
-8.82603
-8.96549
-11.9784
-12.9014
-12.8423
-12.723
-12.5411
-12.2934
-11.9766
-11.5884
-11.1293
-10.6066
-10.0398
-9.46907
-8.96111
-8.58532
-8.16912
-5.5063
-12.1912
-12.1323
-12.0137
-11.8338
-11.5904
-11.2818
-10.9077
-10.471
-9.98153
-9.46114
-8.95269
-8.53618
-8.37266
-8.93292
-12.6739
-11.5219
-11.4638
-11.3471
-11.1705
-10.9326
-10.6325
-10.2704
-9.84935
-9.37795
-8.87413
-8.37246
-7.93554
-7.65736
-7.48795
-5.32573
-10.8929
-10.8361
-10.722
-10.5497
-10.3181
-10.0262
-9.67393
-9.2627
-8.79687
-8.28562
-7.74724
-7.22465
-6.86649
-7.42689
-13.5897
-10.3033
-10.2481
-10.1374
-9.97018
-9.74544
-9.46192
-9.11844
-8.71397
-8.24734
-7.71595
-7.11105
-6.39957
-5.43772
-3.47524
4.04741
-9.75206
-9.69883
-9.59196
-9.43062
-9.21361
-8.93926
-8.60532
-8.20841
-7.74278
-7.19732
-6.54889
-5.74836
-4.70383
-3.38483
-3.27216
-9.2378
-9.18679
-9.08437
-8.92975
-8.72161
-8.458
-8.13594
-7.75059
-7.29366
-6.7502
-6.09236
-5.26659
-4.16057
-2.45665
1.39699
-8.75899
-8.71047
-8.61307
-8.46605
-8.26814
-8.01735
-7.71052
-7.34249
-6.90465
-6.38253
-5.75247
-4.97947
-4.03255
-3.02131
-3.16783
-8.31389
-8.26811
-8.17626
-8.03771
-7.85141
-7.61564
-7.32762
-6.98289
-6.57418
-6.08985
-5.51185
-4.81316
-3.94921
-2.78192
-0.407423
-7.90061
-7.85776
-7.77188
-7.64256
-7.46906
-7.25022
-6.98413
-6.66774
-6.29624
-5.86224
-5.35509
-4.76162
-4.07657
-3.38084
-3.42458
-7.5171
-7.47732
-7.3977
-7.2781
-7.11823
-6.91764
-6.67559
-6.39089
-6.06172
-5.68545
-5.25829
-4.7737
-4.21137
-3.4662
-1.8938
-7.16123
-7.12457
-7.05132
-6.94162
-6.79569
-6.61387
-6.39669
-6.14494
-5.85994
-5.54402
-5.20139
-4.83981
-4.47316
-4.12597
-3.84888
-6.83084
-6.79725
-6.73027
-6.63032
-6.49809
-6.33469
-6.14182
-5.9221
-5.67966
-5.42116
-5.15769
-4.90946
-4.72149
-4.73699
-5.61127
-6.52379
-6.49314
-6.43215
-6.34145
-6.22216
-6.076
-5.90561
-5.71505
-5.51057
-5.30177
-5.10342
-4.93729
-4.82855
-4.7516
-4.18182
-6.23805
-6.21013
-6.15467
-6.07247
-5.96492
-5.83415
-5.68343
-5.51771
-5.34449
-5.17515
-5.02682
-4.92529
-4.91356
-5.10839
-6.15514
-5.97173
-5.94627
-5.89577
-5.82113
-5.72383
-5.60619
-5.4717
-5.32559
-5.17574
-5.03398
-4.91775
-4.85095
-4.85515
-4.87351
-4.22061
-5.7231
-5.69982
-5.65367
-5.58553
-5.49689
-5.38995
-5.26805
-5.1361
-5.00141
-4.8751
-4.77438
-4.72734
-4.78695
-5.10472
-6.46688
-5.49067
-5.46927
-5.42685
-5.36421
-5.28266
-5.18413
-5.07141
-4.94852
-4.82129
-4.69847
-4.59376
-4.5297
-4.5395
-4.61061
-4.04744
-5.27312
-5.25334
-5.2141
-5.15605
-5.08026
-4.98818
-4.88186
-4.76399
-4.63815
-4.50928
-4.38495
-4.28081
-4.24949
-4.55693
-6.84801
-5.06934
-5.05095
-5.01442
-4.96025
-4.88917
-4.80216
-4.70036
-4.58501
-4.45713
-4.31696
-4.16214
-3.98137
-3.72426
-3.12565
-0.563458
-4.87834
-4.86118
-4.82702
-4.77621
-4.70918
-4.62643
-4.5283
-4.41475
-4.28468
-4.13485
-3.95737
-3.73498
-3.43621
-3.05793
-3.1752
-4.69929
-4.68323
-4.65122
-4.60345
-4.54014
-4.46139
-4.36698
-4.25597
-4.12599
-3.97197
-3.78381
-3.54168
-3.20339
-2.64602
-1.25378
-4.53142
-4.51638
-4.48637
-4.44151
-4.38184
-4.30725
-4.21722
-4.1104
-3.98402
-3.83281
-3.64776
-3.41518
-3.12274
-2.81383
-2.97958
-4.37401
-4.35995
-4.33188
-4.28987
-4.23392
-4.16386
-4.07914
-3.97845
-3.8593
-3.7172
-3.54475
-3.33029
-3.05355
-2.65195
-1.73445
-4.22638
-4.21327
-4.18709
-4.14793
-4.09582
-4.03069
-3.95216
-3.85936
-3.75054
-3.62268
-3.47095
-3.28867
-3.0711
-2.84828
-2.93765
-4.08789
-4.07569
-4.05135
-4.015
-3.96679
-3.90683
-3.83512
-3.75141
-3.65504
-3.54476
-3.41838
-3.27159
-3.09233
-2.82775
-2.17931
-3.9579
-3.94655
-3.92396
-3.89033
-3.84594
-3.79117
-3.72645
-3.65226
-3.56921
-3.47806
-3.38001
-3.27708
-3.17284
-3.07373
-2.99372
-3.83581
-3.82525
-3.80427
-3.77315
-3.73233
-3.68245
-3.62437
-3.55931
-3.48903
-3.41618
-3.34507
-3.28351
-3.24981
-3.3064
-3.75229
-3.72108
-3.71121
-3.69164
-3.66272
-3.62504
-3.57944
-3.52715
-3.47
-3.41066
-3.35313
-3.30351
-3.27061
-3.26411
-3.26868
-3.03132
-3.61323
-3.60393
-3.58552
-3.55841
-3.52327
-3.48109
-3.43335
-3.38225
-3.33104
-3.28462
-3.25036
-3.2394
-3.27077
-3.39889
-3.93418
-3.51185
-3.50299
-3.48547
-3.45971
-3.4264
-3.38662
-3.3419
-3.29459
-3.24812
-3.2077
-3.18106
-3.17881
-3.21027
-3.2463
-2.94995
-3.41666
-3.40809
-3.39116
-3.36626
-3.33407
-3.29559
-3.25229
-3.20636
-3.16102
-3.12124
-3.09484
-3.09485
-3.14661
-3.32449
-4.01822
-3.32743
-3.31903
-3.3024
-3.2779
-3.24612
-3.20792
-3.16454
-3.11774
-3.07009
-3.02552
-2.9903
-2.97499
-2.99539
-3.04438
-2.77386
-3.24406
-3.2357
-3.21912
-3.19462
-3.16265
-3.12388
-3.07918
-3.02972
-2.97705
-2.92332
-2.87195
-2.83035
-2.82433
-2.98611
-4.13553
-3.16652
-3.1581
-3.14136
-3.11653
-3.08393
-3.04398
-2.99716
-2.94396
-2.88476
-2.81951
-2.74686
-2.66102
-2.53679
-2.24192
-0.966931
-3.09485
-3.08629
-3.06925
-3.04387
-3.01034
-2.96887
-2.91958
-2.86239
-2.7967
-2.72086
-2.63093
-2.51839
-2.36775
-2.17831
-2.24094
-3.02915
-3.0204
-3.00295
-2.97688
-2.94229
-2.89921
-2.84752
-2.78673
-2.71571
-2.63201
-2.53074
-2.40224
-2.22569
-1.9396
-1.23395
-2.96954
-2.96056
-2.94265
-2.91584
-2.88016
-2.83555
-2.78178
-2.71821
-2.64355
-2.55537
-2.44948
-2.31947
-2.15973
-1.9922
-2.06097
-2.91618
-2.90696
-2.88854
-2.86097
-2.82424
-2.77829
-2.72287
-2.6574
-2.58079
-2.49107
-2.38497
-2.25738
-2.09919
-1.88066
-1.41082
-2.86924
-2.85976
-2.84082
-2.81247
-2.77474
-2.72762
-2.67094
-2.60436
-2.52717
-2.43815
-2.33542
-2.21657
-2.08056
-1.94359
-1.95891
-2.82891
-2.81914
-2.79965
-2.77051
-2.7318
-2.68359
-2.62592
-2.55871
-2.48178
-2.39476
-2.29709
-2.18767
-2.06263
-1.90071
-1.56967
-2.79538
-2.7853
-2.76521
-2.73521
-2.69546
-2.64616
-2.58753
-2.51983
-2.44341
-2.3588
-2.26694
-2.16965
-2.07033
-1.97524
-1.8981
-2.76886
-2.75843
-2.73766
-2.7067
-2.66578
-2.61523
-2.55545
-2.48702
-2.41075
-2.32788
-2.24059
-2.15307
-2.0751
-2.03727
-2.17277
-2.74959
-2.73877
-2.71721
-2.68512
-2.64281
-2.59071
-2.52941
-2.45969
-2.38268
-2.30005
-2.21441
-2.12987
-2.05201
-1.97889
-1.82011
-2.73787
-2.72657
-2.70408
-2.67066
-2.62666
-2.57261
-2.50922
-2.43743
-2.35853
-2.27433
-2.18747
-2.10206
-2.02564
-1.97996
-2.07824
-2.73401
-2.72215
-2.69858
-2.66355
-2.6175
-2.56101
-2.49488
-2.42012
-2.33809
-2.25049
-2.15955
-2.06802
-1.97796
-1.88101
-1.68359
-2.7384
-2.72589
-2.70103
-2.66412
-2.6156
-2.55613
-2.48654
-2.4079
-2.32152
-2.22897
-2.13207
-2.03296
-1.93508
-1.85179
-1.87251
-2.75148
-2.73823
-2.71188
-2.67275
-2.62133
-2.55828
-2.4845
-2.40106
-2.30925
-2.21049
-2.10614
-1.99708
-1.88209
-1.75029
-1.53191
-2.77379
-2.75968
-2.73162
-2.68994
-2.63514
-2.56792
-2.48918
-2.40005
-2.30183
-2.1959
-2.08351
-1.96532
-1.84078
-1.7089
-1.58323
-2.8059
-2.79083
-2.76083
-2.71625
-2.65759
-2.58556
-2.5011
-2.40537
-2.29977
-2.18581
-2.06493
-1.93798
-1.80459
-1.66315
-1.5207
-2.8485
-2.83235
-2.80019
-2.75236
-2.68934
-2.61185
-2.52085
-2.41756
-2.30352
-2.18055
-2.05057
-1.91514
-1.774
-1.61806
-1.38551
-2.90233
-2.88499
-2.85046
-2.79902
-2.73115
-2.64754
-2.54914
-2.43722
-2.3135
-2.18018
-2.04
-1.89629
-1.75371
-1.62613
-1.60174
-2.96822
-2.94959
-2.91247
-2.8571
-2.78391
-2.69352
-2.58683
-2.4651
-2.33016
-2.18457
-2.03189
-1.87667
-1.723
-1.56252
-1.28784
-3.04705
-3.02705
-2.98716
-2.92758
-2.84863
-2.75084
-2.63497
-2.50217
-2.35423
-2.19391
-2.02555
-1.85599
-1.69703
-1.57818
-1.64112
-3.13977
-3.11834
-3.07554
-3.01151
-2.92645
-2.82072
-2.69487
-2.54976
-2.3869
-2.20885
-2.02005
-1.82795
-1.64323
-1.46757
-1.17993
-3.2474
-3.22448
-3.17868
-3.11004
-3.01864
-2.9046
-2.76815
-2.6097
-2.43013
-2.23127
-2.01687
-1.79478
-1.58315
-1.43468
-1.5614
-3.37094
-3.34653
-3.29769
-3.22439
-3.12656
-3.00406
-2.85671
-2.68431
-2.48677
-2.2645
-2.01902
-1.75438
-1.47922
-1.21068
-0.988217
-3.51145
-3.48555
-3.4337
-3.3558
-3.25162
-3.12078
-2.96268
-2.77638
-2.56061
-2.31384
-2.0345
-1.72128
-1.3707
-0.954657
-0.260437
-3.66996
-3.6426
-3.58782
-3.50546
-3.39519
-3.25645
-3.08824
-2.88892
-2.656
-2.3858
-2.07353
-1.71413
-1.30765
-0.891788
-0.772012
-3.84747
-3.81871
-3.7611
-3.6745
-3.55855
-3.4126
-3.2354
-3.02482
-2.77727
-2.487
-2.14529
-1.73968
-1.25113
-0.623281
0.521258
-4.04498
-4.01484
-3.95453
-3.86393
-3.74277
-3.59044
-3.40576
-3.1864
-2.92822
-2.62392
-2.26143
-1.82285
-1.29135
-0.713565
-0.640568
-4.26342
-4.23194
-4.169
-4.07459
-3.94863
-3.79078
-3.60019
-3.37496
-3.1112
-2.80125
-2.43043
-1.97055
-1.36373
-0.453278
1.49841
-4.50373
-4.4709
-4.40533
-4.30718
-4.17664
-4.01386
-3.81869
-3.59029
-3.32627
-3.02087
-2.66129
-2.22029
-1.64698
-0.91605
-0.737293
-4.76685
-4.7326
-4.66429
-4.56226
-4.42706
-4.25943
-4.06026
-3.83037
-3.57008
-3.27811
-2.9487
-2.56193
-2.03969
-0.99535
2.88134
-5.05375
-5.01798
-4.94667
-4.84038
-4.7
-4.52692
-4.32318
-4.09157
-3.83591
-3.56137
-3.27596
-2.99763
-2.79499
-3.04153
-6.10999
-5.36551
-5.32803
-5.25337
-5.14218
-4.99565
-4.81572
-4.60545
-4.36948
-4.11484
-3.85217
-3.5983
-3.38079
-3.23836
-3.12804
-1.92994
-5.7033
-5.66391
-5.58543
-5.46852
-5.3145
-5.1256
-4.90557
-4.66038
-4.39935
-4.13688
-3.89539
-3.71183
-3.65943
-3.96993
-5.92763
-6.06845
-6.02695
-5.94417
-5.82066
-5.65757
-5.45711
-5.22316
-4.96227
-4.68487
-4.40702
-4.15227
-3.95177
-3.82849
-3.66792
-2.27495
-6.46242
-6.41867
-6.33121
-6.20028
-6.0266
-5.81187
-5.55948
-5.27563
-4.97071
-4.66112
-4.37147
-4.13811
-4.02345
-4.22173
-5.89916
-6.88679
-6.84074
-6.74844
-6.6096
-6.42416
-6.19278
-5.91765
-5.60363
-5.2598
-4.90137
-4.55159
-4.24201
-4.00109
-3.74834
-2.44393
-7.34313
-7.29494
-7.198
-7.05129
-6.85362
-6.60407
-6.30283
-5.95233
-5.55902
-5.13564
-4.70378
-4.29824
-3.98694
-4.00527
-5.62076
-7.83295
-7.78301
-7.68212
-7.52837
-7.3191
-7.05128
-6.72222
-6.33075
-5.87915
-5.37579
-4.8377
-4.28904
-3.74388
-3.15305
-2.38147
-8.35745
-8.30645
-8.20296
-8.04402
-7.82524
-7.54102
-7.18496
-6.75095
-6.23521
-5.64006
-4.97897
-4.2774
-3.53253
-2.42633
1.39369
-8.91738
-8.86635
-8.76231
-8.60122
-8.37684
-8.08065
-7.70184
-7.2279
-6.64644
-5.95011
-5.14834
-4.29584
-3.57211
-3.58421
-6.95697
-9.51274
-9.46306
-9.36128
-9.20237
-8.97832
-8.67766
-8.28479
-7.77951
-7.13744
-6.3334
-5.35295
-4.22486
-3.10069
-2.40829
-2.87114
-10.1426
-10.096
-9.99994
-9.84875
-9.633
-9.33871
-8.94581
-8.42612
-7.74093
-6.8392
-5.6601
-4.15117
-2.32943
-0.430095
0.893302
-10.8049
-10.7632
-10.6769
-10.54
-10.3422
-10.0682
-9.69487
-9.18765
-8.4948
-7.53761
-6.19628
-4.29472
-1.61204
1.94806
5.5768
-11.4961
-11.4613
-11.3891
-11.2734
-11.1044
-10.8668
-10.5369
-10.0781
-9.43225
-8.50277
-7.12153
-4.98071
-1.50398
4.27856
12.7803
-12.2114
-12.1856
-12.1314
-12.0438
-11.9143
-11.7294
-11.4684
-11.0985
-10.5667
-9.78167
-8.57427
-6.59442
-2.99719
4.72074
25.8878
-146.565
-88.0552
-61.5439
-48.8754
-42.0898
-38.0373
-35.4046
-33.5897
-32.2888
-31.3357
-30.6331
-30.1215
-29.7637
-29.5363
-29.4258
-182.355
-82.3939
-54.6622
-43.9711
-38.6079
-35.422
-33.3256
-31.8567
-30.788
-29.9949
-29.4042
-28.9708
-28.6659
-28.4715
-28.3767
47.0752
-26.5737
-35.9469
-35.3668
-33.6139
-32.0501
-30.8107
-29.846
-29.0957
-28.5134
-28.0662
-27.7309
-27.4915
-27.3374
-27.2619
-6.98599
-15.3895
-24.1435
-27.5768
-28.4886
-28.4529
-28.1051
-27.6864
-27.2867
-26.9382
-26.6505
-26.4244
-26.2579
-26.1487
-26.0946
26.0299
-3.96171
-16.0352
-21.5379
-24.0214
-25.0725
-25.4488
-25.5135
-25.4422
-25.3209
-25.1919
-25.0764
-24.9847
-24.9217
-24.8898
-1.36807
-4.97709
-12.4898
-17.5958
-20.5488
-22.1608
-23.0087
-23.435
-23.6325
-23.7088
-23.7241
-23.7119
-23.6914
-23.6731
-23.6628
11.562
-3.28157
-10.6157
-15.1489
-18.0075
-19.7797
-20.8616
-21.5153
-21.9069
-22.1393
-22.2752
-22.3532
-22.3966
-22.4191
-22.4286
-3.02158
-6.80094
-10.6866
-13.8648
-16.2207
-17.8779
-19.0118
-19.7776
-20.2919
-20.6366
-20.8667
-21.0187
-21.1162
-21.174
-21.201
-14.9805
-10.2465
-11.2488
-13.1518
-14.9191
-16.3394
-17.4178
-18.2145
-18.7948
-19.2134
-19.5124
-19.722
-19.8633
-19.9505
-19.9921
-4.88789
-9.70848
-11.1855
-12.5331
-13.8584
-15.0384
-16.0194
-16.8018
-17.4099
-17.8735
-18.2201
-18.4726
-18.6481
-18.7587
-18.8121
-16.7866
-11.4924
-11.212
-11.9301
-12.8985
-13.8756
-14.7588
-15.5102
-16.1254
-16.6146
-16.9933
-17.2767
-17.4779
-17.6065
-17.6693
-5.02103
-9.79446
-10.5451
-11.1531
-11.9327
-12.7781
-13.5896
-14.3133
-14.9283
-15.4326
-15.8327
-16.138
-16.358
-16.5002
-16.57
-17.2813
-10.8901
-9.97734
-10.2569
-10.9211
-11.7042
-12.4815
-13.1918
-13.8082
-14.3229
-14.7378
-15.0586
-15.2921
-15.4442
-15.5191
-4.2305
-8.18126
-8.58156
-9.09371
-9.82687
-10.6342
-11.4201
-12.1355
-12.7586
-13.2826
-13.7082
-14.0399
-14.2828
-14.4418
-14.5203
-18.1853
-7.93799
-7.1081
-7.77703
-8.68114
-9.57924
-10.4076
-11.1432
-11.7779
-12.3105
-12.744
-13.0828
-13.3318
-13.4952
-13.5761
11.7077
-1.15478
-4.59379
-6.29703
-7.53961
-8.57269
-9.45944
-10.2211
-10.868
-11.4073
-11.8455
-12.1881
-12.4402
-12.6059
-12.6881
-0.430881
-0.915645
-3.28488
-5.13695
-6.54356
-7.66779
-8.59816
-9.37872
-10.0328
-10.5745
-11.0133
-11.3562
-11.6087
-11.7747
-11.8571
7.11165
0.632185
-2.33513
-4.28623
-5.74362
-6.89751
-7.84095
-8.62415
-9.27574
-9.81312
-10.2476
-10.5871
-10.8371
-11.0017
-11.0833
-0.19049
-0.258944
-2.09108
-3.77838
-5.15446
-6.27339
-7.19502
-7.96098
-8.59798
-9.1232
-9.54799
-9.8801
-10.1249
-10.2862
-10.3663
3.92333
0.0747414
-1.94763
-3.48667
-4.74388
-5.78628
-6.65722
-7.38737
-7.99786
-8.50304
-8.91274
-9.23374
-9.4708
-9.62715
-9.70483
-0.658419
-0.859744
-2.13983
-3.39068
-4.48248
-5.41827
-6.2172
-6.89687
-7.47087
-7.94921
-8.33909
-8.64569
-8.87272
-9.02273
-9.09734
1.37014
-1.04506
-2.35232
-3.40518
-4.32942
-5.14531
-5.86002
-6.47975
-7.01034
-7.45682
-7.82328
-8.11291
-8.32813
-8.47068
-8.54168
-1.39432
-1.99974
-2.7415
-3.509
-4.25163
-4.94263
-5.5688
-6.12455
-6.60823
-7.02001
-7.36083
-7.63182
-7.83403
-7.96833
-8.03533
-3.73823
-2.8597
-3.1128
-3.6301
-4.20971
-4.78498
-5.32649
-5.81942
-6.25606
-6.6325
-6.9469
-7.1985
-7.3871
-7.51274
-7.57552
-2.00069
-2.93376
-3.30065
-3.70793
-4.17083
-4.65078
-5.11794
-5.55339
-5.9457
-6.28809
-6.57659
-6.80894
-6.98391
-7.10081
-7.15933
-4.30645
-3.40097
-3.46045
-3.74715
-4.12012
-4.52549
-4.93141
-5.31734
-5.67004
-5.98111
-6.24528
-6.45926
-6.62105
-6.72944
-6.78379
-2.22632
-3.19803
-3.46247
-3.72647
-4.04693
-4.39982
-4.75879
-5.10437
-5.42329
-5.70672
-5.94883
-6.14583
-6.29527
-6.39563
-6.44601
-4.48581
-3.48619
-3.46481
-3.6666
-3.95123
-4.26995
-4.59547
-4.90993
-5.20122
-5.46104
-5.68374
-5.86545
-6.00361
-6.09653
-6.14322
-2.2582
-3.09498
-3.31216
-3.54923
-3.83188
-4.13537
-4.43985
-4.7316
-5.00101
-5.24116
-5.44711
-5.61533
-5.74336
-5.82955
-5.87289
-4.63044
-3.13401
-3.1457
-3.40021
-3.69808
-4.00013
-4.29307
-4.56881
-4.82112
-5.04505
-5.2367
-5.39314
-5.5122
-5.59235
-5.63266
0.0466711
-2.12568
-2.81064
-3.22109
-3.56139
-3.87122
-4.15826
-4.42232
-4.66097
-4.87136
-5.05077
-5.19693
-5.30806
-5.38284
-5.42044
-1.85583
-2.15022
-2.66621
-3.0907
-3.44588
-3.75817
-4.03943
-4.29347
-4.52048
-4.71919
-4.88794
-5.02507
-5.12917
-5.19918
-5.23436
-1.00444
-2.02081
-2.58534
-3.00847
-3.36017
-3.66667
-3.93953
-4.18343
-4.39964
-4.58786
-4.74709
-4.87615
-4.97398
-5.03971
-5.07272
-1.99632
-2.20513
-2.60268
-2.97586
-3.30587
-3.59857
-3.85976
-4.09262
-4.29828
-4.47668
-4.6272
-4.74895
-4.84111
-4.90297
-4.93403
-1.73408
-2.25831
-2.63696
-2.97324
-3.27752
-3.55235
-3.79968
-4.02071
-4.21585
-4.3849
-4.52729
-4.64232
-4.72931
-4.78765
-4.81693
-2.21651
-2.41253
-2.70068
-2.99286
-3.26964
-3.52526
-3.75789
-3.96681
-4.15158
-4.31165
-4.4464
-4.5552
-4.63741
-4.69253
-4.72018
-2.24355
-2.50272
-2.7616
-3.0232
-3.27646
-3.51417
-3.73257
-3.92971
-4.10446
-4.25599
-4.38357
-4.48655
-4.56435
-4.61649
-4.64265
-2.40945
-2.59306
-2.82063
-3.05937
-3.29411
-3.51652
-3.72204
-3.90819
-4.0735
-4.21698
-4.33784
-4.43541
-4.50912
-4.55853
-4.58331
-2.44762
-2.65282
-2.87191
-3.09833
-3.32036
-3.53061
-3.72498
-3.90116
-4.05773
-4.1937
-4.3083
-4.40086
-4.4708
-4.51769
-4.54121
-2.55552
-2.70286
-2.91811
-3.14037
-3.35479
-3.55576
-3.74058
-3.90776
-4.05627
-4.1853
-4.2941
-4.38203
-4.44851
-4.49309
-4.51547
-2.34843
-2.70568
-2.95945
-3.18788
-3.39861
-3.59214
-3.76846
-3.92735
-4.06838
-4.19095
-4.29442
-4.37811
-4.44145
-4.48395
-4.50528
-2.6767
-2.78028
-3.01839
-3.24772
-3.45438
-3.64049
-3.80846
-3.95936
-4.09332
-4.20991
-4.30849
-4.38835
-4.44887
-4.48952
-4.50994
-2.14912
-2.7614
-3.08345
-3.32332
-3.52444
-3.70147
-3.86034
-4.00317
-4.13034
-4.2414
-4.33557
-4.41206
-4.47012
-4.50917
-4.5288
-2.84872
-2.94398
-3.2056
-3.42585
-3.61127
-3.7751
-3.92337
-4.05789
-4.17859
-4.28463
-4.37497
-4.44859
-4.5046
-4.54233
-4.56131
-1.82932
-3.01096
-3.35648
-3.5526
-3.71311
-3.85956
-3.99598
-4.12223
-4.23703
-4.33879
-4.426
-4.49736
-4.5518
-4.58853
-4.60703
-4.55541
-3.6585
-3.61114
-3.70409
-3.82476
-3.95101
-4.07566
-4.19456
-4.30455
-4.40308
-4.48807
-4.5579
-4.61132
-4.64742
-4.66562
-3.33777
-3.71601
-3.76837
-3.83638
-3.93255
-4.04359
-4.15937
-4.27311
-4.38007
-4.47679
-4.5607
-4.62987
-4.6829
-4.71878
-4.73687
-4.59577
-3.99973
-3.91475
-3.94913
-4.03004
-4.13292
-4.24453
-4.35639
-4.46272
-4.55942
-4.64358
-4.71308
-4.7664
-4.8025
-4.82071
-3.52885
-3.92847
-3.97827
-4.0296
-4.11231
-4.2162
-4.32954
-4.44355
-4.55207
-4.65079
-4.73667
-4.80755
-4.8619
-4.89868
-4.91723
-4.61153
-4.10006
-4.04075
-4.0883
-4.17991
-4.29295
-4.41412
-4.53456
-4.64826
-4.7511
-4.84019
-4.91351
-4.96962
-5.00754
-5.02665
-3.62171
-3.95757
-4.02905
-4.11644
-4.23266
-4.3641
-4.49923
-4.63026
-4.75202
-4.86098
-4.95471
-5.03146
-5.09001
-5.12949
-5.14936
-4.46064
-3.99861
-4.0063
-4.12459
-4.27488
-4.4327
-4.58721
-4.73245
-4.86469
-4.98147
-5.08103
-5.16208
-5.22366
-5.26509
-5.28591
-3.55787
-3.71337
-3.90677
-4.11056
-4.31191
-4.50363
-4.68168
-4.84368
-4.98813
-5.11395
-5.22024
-5.30625
-5.37134
-5.41502
-5.43694
-2.54682
-3.40174
-3.80004
-4.09825
-4.35565
-4.5841
-4.78731
-4.96712
-5.12455
-5.26002
-5.37356
-5.46496
-5.53391
-5.58008
-5.60323
-3.45298
-3.40713
-3.76283
-4.11431
-4.41954
-4.68213
-4.90921
-5.10614
-5.27623
-5.42134
-5.54228
-5.6393
-5.71232
-5.76116
-5.78563
-1.8795
-3.13359
-3.72857
-4.16252
-4.51306
-4.80484
-5.0521
-5.26381
-5.44531
-5.59947
-5.72765
-5.83033
-5.90755
-5.95918
-5.98504
-3.45388
-3.31769
-3.80617
-4.26868
-4.64743
-4.95851
-5.21969
-5.4425
-5.6334
-5.79567
-5.93074
-6.03906
-6.12059
-6.17512
-6.20245
-1.10349
-3.06791
-3.90181
-4.43305
-4.82883
-5.14687
-5.41397
-5.64337
-5.84139
-6.01078
-6.15245
-6.26642
-6.3524
-6.40998
-6.43885
-3.65879
-3.60315
-4.20765
-4.69153
-5.06423
-5.37063
-5.63446
-5.86605
-6.0693
-6.24518
-6.39341
-6.51326
-6.60395
-6.6648
-6.69534
0.0177019
-3.67986
-4.59727
-5.02725
-5.34572
-5.62398
-5.87736
-6.10845
-6.31625
-6.49881
-6.6541
-6.78038
-6.87624
-6.94069
-6.97307
-8.86242
-5.68717
-5.32542
-5.44042
-5.65517
-5.89463
-6.13579
-6.36705
-6.58075
-6.77139
-6.93497
-7.06863
-7.17038
-7.23887
-7.27331
-4.82266
-5.74059
-5.72249
-5.78436
-5.94749
-6.16414
-6.40111
-6.63786
-6.86129
-7.06279
-7.23665
-7.37909
-7.48763
-7.56074
-7.59749
-8.3583
-6.44396
-6.06405
-6.05801
-6.20267
-6.41956
-6.66662
-6.91796
-7.15709
-7.37341
-7.56017
-7.71309
-7.82952
-7.90786
-7.94722
-5.00995
-6.08167
-6.146
-6.22704
-6.40773
-6.65406
-6.92918
-7.20657
-7.46874
-7.70459
-7.90723
-8.07247
-8.19788
-8.28207
-8.32432
-7.92504
-6.41889
-6.21637
-6.3269
-6.56723
-6.86859
-7.19019
-7.50576
-7.7987
-8.05886
-8.28026
-8.45954
-8.59489
-8.68544
-8.73078
-4.87789
-5.85074
-6.06936
-6.33664
-6.68438
-7.0691
-7.45542
-7.8207
-8.15145
-8.44007
-8.68258
-8.87713
-9.02304
-9.12021
-9.16875
-7.09397
-5.80629
-5.88857
-6.29053
-6.77586
-7.26852
-7.73528
-8.15964
-8.53348
-8.85333
-9.11823
-9.32852
-9.48506
-9.58879
-9.64044
-4.26497
-4.81042
-5.4858
-6.18656
-6.86229
-7.48596
-8.04462
-8.53367
-8.95302
-9.30476
-9.59183
-9.81726
-9.98378
-10.0935
-10.148
-1.05695
-3.72426
-5.06543
-6.09998
-6.98491
-7.74855
-8.40232
-8.95614
-9.41954
-9.80113
-10.1082
-10.3469
-10.5219
-10.6367
-10.6935
-3.48269
-3.55898
-4.85799
-6.11735
-7.19177
-8.08748
-8.82945
-9.44143
-9.94291
-10.3492
-10.6722
-10.9209
-11.1019
-11.2201
-11.2784
1.63104
-2.54452
-4.6781
-6.26318
-7.52275
-8.53319
-9.34688
-10.0035
-10.5324
-10.9552
-11.2878
-11.5418
-11.7256
-11.8451
-11.9039
-2.96196
-2.94806
-4.87912
-6.63508
-8.02677
-9.11554
-9.97343
-10.6542
-11.1955
-11.6239
-11.958
-12.2115
-12.394
-12.5122
-12.5702
5.0422
-2.00087
-5.20177
-7.25997
-8.74115
-9.85827
-10.723
-11.4018
-11.9372
-12.3579
-12.6842
-12.9305
-13.107
-13.221
-13.2769
-3.12156
-3.72181
-6.31796
-8.28559
-9.70838
-10.7763
-11.6017
-12.249
-12.7585
-13.1576
-13.466
-13.6979
-13.8636
-13.9702
-14.0225
10.1908
-4.05667
-7.87063
-9.68959
-10.9221
-11.8627
-12.604
-13.1918
-13.6565
-14.0204
-14.3009
-14.5112
-14.6611
-14.7573
-14.8043
-22.7376
-11.637
-10.8087
-11.5009
-12.3385
-13.0876
-13.713
-14.2203
-14.6243
-14.9411
-15.1847
-15.3666
-15.4958
-15.5785
-15.6189
-7.2397
-12.0837
-12.691
-13.2112
-13.8162
-14.3985
-14.9041
-15.3204
-15.6529
-15.9126
-16.1112
-16.2587
-16.3628
-16.4291
-16.4615
-22.3128
-15.4724
-14.6337
-14.8626
-15.3098
-15.7627
-16.1571
-16.4787
-16.7319
-16.9266
-17.0734
-17.1808
-17.2559
-17.3035
-17.3265
-8.20113
-14.6933
-15.8351
-16.3625
-16.7993
-17.1676
-17.4607
-17.6846
-17.8515
-17.974
-18.0627
-18.1255
-18.1683
-18.1948
-18.2075
-23.387
-17.6296
-17.4631
-17.9254
-18.3363
-18.6247
-18.8124
-18.9301
-19.002
-19.0449
-19.07
-19.0842
-19.0919
-19.0958
-19.0974
-8.76497
-16.6832
-18.6546
-19.5239
-19.9584
-20.1516
-20.2127
-20.2073
-20.1725
-20.1283
-20.0849
-20.0473
-20.0181
-19.9983
-19.9884
-25.5635
-19.8665
-20.6113
-21.4245
-21.7481
-21.7704
-21.6592
-21.505
-21.3497
-21.2111
-21.0956
-21.0047
-20.9379
-20.8941
-20.8724
-9.39889
-18.5762
-22.5206
-23.665
-23.747
-23.4819
-23.1357
-22.8033
-22.5152
-22.2779
-22.0894
-21.9454
-21.8416
-21.7745
-21.7415
13.139
-20.9199
-26.3743
-26.6432
-25.987
-25.2496
-24.6026
-24.071
-23.6454
-23.3107
-23.0522
-22.8583
-22.72
-22.6311
-22.5876
-80.6466
-43.1279
-33.8292
-30.2638
-28.2835
-26.9545
-25.9895
-25.2649
-24.7127
-24.2905
-23.9702
-23.7325
-23.564
-23.4562
-23.4036
-60.5113
-45.7385
-37.3026
-32.7835
-30.1278
-28.4066
-27.2095
-26.339
-25.6896
-25.1997
-24.8309
-24.5585
-24.366
-24.243
-24.183
-50.6349
-43.9486
-38.0559
-34.0092
-31.3232
-29.4947
-28.2027
-27.2596
-26.5558
-26.0247
-25.6248
-25.329
-25.1199
-24.986
-24.9207
-45.4016
-41.6075
-37.5272
-34.29
-31.9231
-30.2103
-28.9535
-28.0142
-27.302
-26.7587
-26.3462
-26.0394
-25.8214
-25.6815
-25.6131
-42.8032
-39.4651
-36.4129
-33.9665
-32.0688
-30.6092
-29.4838
-28.6109
-27.931
-27.4019
-26.9944
-26.688
-26.4687
-26.3273
-26.2579
-42.5229
-37.1241
-34.878
-33.2618
-31.9102
-30.7761
-29.8389
-29.0737
-28.4551
-27.9607
-27.5722
-27.2761
-27.062
-26.923
-26.8546
-13.0181
-13.0038
-12.9734
-12.9234
-12.8475
-12.7365
-12.5762
-12.3446
-12.0079
-11.5111
-10.7623
-9.60502
-7.78746
-5.06652
-2.48545
-13.9125
-13.9125
-13.9117
-13.9086
-13.9007
-13.8846
-13.8558
-13.8092
-13.7403
-13.6498
-13.5579
-13.5495
-13.9166
-15.6036
-21.5479
-14.8068
-14.8219
-14.8523
-14.8987
-14.9622
-15.0453
-15.1532
-15.2961
-15.4943
-15.7898
-16.2699
-17.1187
-18.7258
-21.8835
-28.0035
-15.6861
-15.716
-15.7771
-15.8716
-16.0039
-16.1813
-16.4157
-16.7275
-17.151
-17.7454
-18.613
-19.9296
-21.9842
-25.2012
-30.0238
-16.5353
-16.5791
-16.6683
-16.8067
-17.0006
-17.2601
-17.6009
-18.0473
-18.6369
-19.4277
-20.5072
-22.0024
-24.0803
-26.9133
-30.5557
-17.3409
-17.3967
-17.5104
-17.6864
-17.9318
-18.2577
-18.6805
-19.2238
-19.9217
-20.8213
-21.9858
-23.4926
-25.4212
-27.8161
-30.6135
-18.0906
-18.1564
-18.2903
-18.4965
-18.7824
-19.1584
-19.6394
-20.2459
-21.0047
-21.9501
-23.1219
-24.5611
-26.2957
-28.3164
-30.5406
-18.7744
-18.8482
-18.9977
-19.2272
-19.5428
-19.954
-20.473
-21.1156
-21.9013
-22.8522
-23.9908
-25.3341
-26.8841
-28.6132
-30.4494
-19.3844
-19.4642
-19.6254
-19.8715
-20.2079
-20.6418
-21.1829
-21.8422
-22.6326
-23.5668
-24.655
-25.9005
-27.2933
-28.8029
-30.3727
-19.9147
-19.9987
-20.1681
-20.4255
-20.7753
-21.2227
-21.7744
-22.4378
-23.2201
-24.1273
-25.1619
-26.3195
-27.5858
-28.9325
-30.3162
-20.361
-20.4479
-20.6226
-20.8873
-21.245
-21.6992
-22.2543
-22.9144
-23.6827
-24.5606
-25.5456
-26.63
-27.7979
-29.0249
-30.2774
-20.7205
-20.8091
-20.9873
-21.2562
-21.618
-22.075
-22.6293
-23.2827
-24.0357
-24.8866
-25.8302
-26.8568
-27.9511
-29.0917
-30.2521
-20.9912
-21.081
-21.261
-21.5323
-21.896
-22.3533
-22.9051
-23.5514
-24.2909
-25.1199
-26.0317
-27.0159
-28.0578
-29.1388
-30.2365
-21.1722
-21.2626
-21.4436
-21.716
-22.0803
-22.5371
-23.0864
-23.7271
-24.4566
-25.2703
-26.1608
-27.1172
-28.1257
-29.169
-30.2277
-21.2628
-21.3534
-21.5349
-21.8077
-22.1722
-22.6285
-23.1762
-23.8138
-24.5382
-25.3441
-26.2238
-27.1666
-28.1587
-29.1838
-30.2237
-23.9759
-100.572
-110.231
-67.9995
-52.5285
-38.0005
-30.7258
-19.6098
-27.2396
-30.8395
-36.3166
-40.243
-48.1111
-56.1715
-77.2431
-77.0802
-55.4591
-47.0867
-38.7263
-34.4975
-28.5402
-24.6775
-16.8723
-24.6682
-28.5285
-34.4724
-38.6931
-47.0249
-55.3916
-77.0142
-77.1601
-56.0371
-47.8404
-39.5672
-35.3611
-29.3643
-25.4456
-17.4417
-25.5715
-29.6154
-35.855
-40.2915
-49.0499
-57.8302
-80.4982
-80.6805
-58.6339
-50.0801
-41.4438
-37.0519
-30.7845
-26.6853
-18.3002
-26.866
-31.1348
-37.7335
-42.423
-51.6806
-60.9295
-84.7774
-84.9357
-61.6209
-52.5997
-43.5538
-38.9603
-32.4196
-28.1384
-19.3558
-28.549
-33.1971
-40.4733
-45.7151
-56.1464
-66.6024
-93.5528
-94.1827
-69.3872
-60.0844
-51.427
-47.321
-42.1681
-38.8795
-32.2499
-63.836
-61.6878
-23.4436
-11.9661
-8.84485
-10.0488
-18.1498
-37.1215
-61.5888
-68.9024
-59.3365
-50.1005
-41.8084
-35.9604
-31.8357
-32.8518
-35.1455
-38.5296
-42.4001
-47.4999
-53.2219
-59.6847
-59.518
-52.6918
-46.635
-41.1649
-36.9169
-33.0612
-30.1662
-28.1517
-30.1844
-33.0979
-36.9685
-41.2291
-46.7053
-52.7669
-59.5892
-59.7282
-53.1944
-47.3284
-41.9761
-37.793
-33.9655
-31.0851
-29.0924
-31.2739
-34.3605
-38.444
-42.9336
-48.6975
-55.0718
-62.244
-62.421
-55.6178
-49.5046
-43.9236
-39.5606
-35.567
-32.5632
-30.4912
-32.8043
-36.0684
-40.3841
-45.1247
-51.2055
-57.9168
-65.4555
-65.6183
-58.4218
-51.9766
-46.1179
-41.5529
-37.3917
-34.2834
-32.1824
-34.7523
-38.3668
-43.1691
-48.4915
-55.3698
-63.0214
-71.7133
-72.3138
-64.9237
-58.395
-52.675
-48.4188
-44.843
-42.4727
-41.7192
-46.9837
-43.9403
-31.7869
-23.8652
-20.3062
-20.2149
-23.1679
-37.2955
-47.3072
-51.88
-50.1983
-46.3133
-42.097
-38.7132
-36.6589
-36.6241
-37.8813
-40.0421
-42.7869
-45.9926
-49.2055
-51.6728
-51.5453
-48.8168
-45.3385
-41.8438
-38.7711
-36.1991
-34.3868
-33.6031
-34.4322
-36.289
-38.9032
-42.0146
-45.5426
-49.0469
-51.7882
-51.9051
-49.3902
-46.0766
-42.7014
-39.7129
-37.2027
-35.4464
-34.7323
-35.6732
-37.6697
-40.4481
-43.7408
-47.4662
-51.1644
-54.0628
-54.2132
-51.6079
-48.1628
-44.6494
-41.5374
-38.924
-37.0993
-36.3676
-37.3734
-39.4875
-42.4228
-45.8966
-49.8222
-53.7128
-56.7547
-56.8986
-54.1409
-50.5091
-46.819
-43.564
-40.8476
-38.9778
-38.2828
-39.4514
-41.8262
-45.1159
-49.0274
-53.4797
-57.9425
-61.5254
-61.9516
-59.2194
-55.5412
-51.8152
-48.5366
-45.7822
-43.7374
-42.5227
-42.0947
-39.3115
-34.0363
-29.4821
-26.7741
-25.9972
-26.8065
-35.7191
-40.8574
-43.8641
-44.2328
-43.003
-41.1869
-39.5517
-38.574
-38.5362
-39.3157
-40.7138
-42.51
-44.4752
-46.2625
-47.3976
-47.3181
-46.0214
-44.0654
-41.915
-39.9045
-38.2428
-37.1264
-36.732
-37.2001
-38.3893
-40.1219
-42.2004
-44.4138
-46.4256
-47.7663
-47.8717
-46.7362
-44.9136
-42.8696
-40.9442
-39.3543
-38.3067
-37.9893
-38.5521
-39.8532
-41.7118
-43.9247
-46.2741
-48.4088
-49.8387
-49.9734
-48.8074
-46.9194
-44.7971
-42.7964
-41.1453
-40.0614
-39.7423
-40.3463
-41.7241
-43.686
-46.0177
-48.4895
-50.7311
-52.2269
-52.3571
-51.1187
-49.1255
-46.8937
-44.7994
-43.0845
-41.9805
-41.6998
-42.4136
-43.9683
-46.1671
-48.7845
-51.5743
-54.1308
-55.8832
-56.1376
-54.8775
-52.7563
-50.3111
-47.8995
-45.6995
-43.8069
-42.1934
-40.5972
-38.271
-35.2476
-32.4402
-30.4613
-29.4955
-29.4115
-34.3167
-37.4773
-39.6469
-40.5691
-40.537
-40.0164
-39.4432
-39.1355
-39.2715
-39.8593
-40.8122
-41.9899
-43.2139
-44.2586
-44.8714
-44.8439
-44.1753
-43.0723
-41.7848
-40.5356
-39.5013
-38.8265
-38.6189
-38.9295
-39.707
-40.8428
-42.1916
-43.5756
-44.7704
-45.5235
-45.6249
-45.0718
-44.0692
-42.8674
-41.6922
-40.7248
-40.1157
-39.9785
-40.3681
-41.2338
-42.4651
-43.9122
-45.3911
-46.668
-47.4797
-47.6068
-47.0465
-46.0134
-44.7697
-43.5518
-42.5499
-41.9221
-41.7877
-42.2048
-43.1198
-44.4165
-45.9373
-47.4882
-48.8232
-49.6658
-49.7862
-49.1834
-48.0855
-46.7703
-45.4885
-44.4417
-43.7978
-43.6846
-44.1648
-45.1829
-46.6156
-48.2936
-50.0049
-51.4768
-52.3982
-52.5042
-51.7757
-50.4379
-48.7587
-46.9575
-45.1742
-43.4745
-41.839
-40.151
-38.2345
-36.1478
-34.2055
-32.6894
-31.7242
-31.2729
-33.3028
-35.5242
-37.226
-38.2795
-38.7746
-38.9215
-38.9526
-39.0583
-39.3559
-39.8772
-40.5869
-41.4029
-42.211
-42.8765
-43.2671
-43.2928
-42.9546
-42.345
-41.5994
-40.8573
-40.2422
-39.8535
-39.7597
-39.9867
-40.5086
-41.2569
-42.132
-43.0101
-43.7511
-44.2191
-44.3207
-44.0546
-43.5116
-42.8268
-42.1409
-41.5795
-41.2452
-41.2089
-41.4986
-42.0881
-42.9075
-43.8539
-44.799
-45.5971
-46.1065
-46.23
-45.9664
-45.4109
-44.705
-43.9961
-43.416
-43.0722
-43.0392
-43.3463
-43.9659
-44.8244
-45.8133
-46.7978
-47.6245
-48.1447
-48.2569
-47.961
-47.3583
-46.599
-45.8393
-45.2186
-44.8509
-44.8149
-45.1415
-45.8003
-46.7111
-47.7545
-48.7803
-49.6154
-50.0876
-50.0725
-49.5514
-48.611
-47.3819
-45.99
-44.5286
-43.0495
-41.5604
-40.0336
-38.4431
-36.8402
-35.357
-34.1244
-33.2129
-32.6169
-32.6039
-34.3191
-35.7385
-36.794
-37.5137
-37.9935
-38.3543
-38.7047
-39.1183
-39.6239
-40.2086
-40.8274
-41.4134
-41.8903
-42.1884
-42.2657
-42.1247
-41.8135
-41.4088
-40.9963
-40.6568
-40.4561
-40.4384
-40.6195
-40.984
-41.4887
-42.068
-42.6419
-43.1252
-43.4422
-43.546
-43.4361
-43.1582
-42.7877
-42.4103
-42.1072
-41.9455
-41.9701
-42.1972
-42.6113
-43.1672
-43.7973
-44.4184
-44.9419
-45.2889
-45.4107
-45.3066
-45.0249
-44.6445
-44.255
-43.9417
-43.7746
-43.801
-44.0377
-44.468
-45.0445
-45.6958
-46.3345
-46.8671
-47.2111
-47.3154
-47.1802
-46.8566
-46.4282
-45.9898
-45.6312
-45.4261
-45.4234
-45.6396
-46.0549
-46.6155
-47.2407
-47.8305
-48.2765
-48.4788
-48.3691
-47.9311
-47.1997
-46.2397
-45.1224
-43.9083
-42.6391
-41.336
-40.0082
-38.6694
-37.3604
-36.1477
-35.0968
-34.2473
-33.6023
-32.1261
-33.5401
-34.7751
-35.7921
-36.5981
-37.2371
-37.771
-38.2599
-38.7482
-39.2565
-39.7813
-40.2991
-40.773
-41.1613
-41.4279
-41.5528
-41.5397
-41.4168
-41.2294
-41.0304
-40.8714
-40.7954
-40.8307
-40.9879
-41.2578
-41.6129
-42.0117
-42.4041
-42.7387
-42.9722
-43.0792
-43.0594
-42.9381
-42.7585
-42.5727
-42.4315
-42.3776
-42.4393
-42.6269
-42.93
-43.3201
-43.7537
-44.1785
-44.5409
-44.7957
-44.9164
-44.9028
-44.7811
-44.5969
-44.4043
-44.2567
-44.1987
-44.2598
-44.4503
-44.7595
-45.1569
-45.5967
-46.0237
-46.3815
-46.6225
-46.7189
-46.6708
-46.5058
-46.2717
-46.0255
-45.8229
-45.7099
-45.7164
-45.8513
-46.1001
-46.4269
-46.7779
-47.0878
-47.2885
-47.3192
-47.1387
-46.7334
-46.1174
-45.3239
-44.3941
-43.3677
-42.2773
-41.1475
-39.9984
-38.8527
-37.742
-36.7052
-35.7792
-34.9874
-34.3349
-31.7982
-33.0189
-34.1257
-35.094
-35.9229
-36.632
-37.2523
-37.8162
-38.3494
-38.8653
-39.364
-39.834
-40.2558
-40.6077
-40.8715
-41.0385
-41.113
-41.113
-41.0665
-41.0068
-40.9667
-40.9741
-41.0476
-41.1942
-41.4087
-41.6741
-41.9647
-42.2496
-42.4979
-42.6844
-42.7948
-42.8291
-42.8018
-42.7385
-42.6707
-42.63
-42.643
-42.7276
-42.89
-43.1236
-43.4103
-43.7228
-44.0285
-44.2949
-44.4956
-44.6155
-44.6544
-44.6275
-44.5614
-44.4889
-44.4428
-44.4511
-44.5321
-44.6921
-44.9239
-45.2082
-45.5159
-45.8126
-46.0641
-46.2421
-46.3307
-46.3296
-46.2544
-46.1327
-45.9985
-45.8855
-45.8217
-45.8247
-45.8987
-46.0332
-46.2036
-46.3742
-46.5026
-46.5451
-46.4637
-46.232
-45.8392
-45.2908
-44.6044
-43.805
-42.9192
-41.9722
-40.9866
-39.9838
-38.9857
-38.0169
-37.1034
-36.2683
-35.5269
-34.8847
-31.572
-32.6618
-33.6756
-34.5965
-35.4204
-36.1549
-36.8147
-37.4168
-37.9754
-38.4988
-38.9882
-39.4382
-39.8393
-40.1809
-40.4545
-40.6573
-40.7937
-40.8762
-40.9227
-40.9548
-40.9937
-41.0577
-41.159
-41.3028
-41.4863
-41.6992
-41.9259
-42.1477
-42.346
-42.5062
-42.6199
-42.6874
-42.7173
-42.7251
-42.7298
-42.751
-42.8053
-42.9039
-43.0504
-43.2408
-43.4635
-43.7016
-43.9348
-44.1436
-44.3119
-44.4311
-44.5009
-44.5303
-44.5351
-44.5352
-44.5507
-44.5988
-44.6908
-44.8304
-45.0129
-45.2258
-45.4509
-45.6668
-45.8523
-45.9905
-46.0716
-46.0951
-46.0699
-46.0118
-45.9409
-45.8772
-45.8372
-45.8307
-45.8592
-45.9145
-45.9799
-46.0313
-46.0408
-45.9803
-45.8248
-45.5571
-45.1691
-44.6626
-44.0478
-43.3403
-42.5588
-41.7225
-40.8508
-39.9624
-39.0764
-38.2123
-37.3889
-36.6222
-35.9237
-35.2985
-31.4158
-32.4141
-33.3592
-34.2386
-35.0467
-35.7852
-36.4603
-37.0801
-37.6522
-38.1814
-38.6689
-39.1128
-39.5087
-39.852
-40.1395
-40.3715
-40.5523
-40.6909
-40.7997
-40.8929
-40.9847
-41.0874
-41.2093
-41.3544
-41.5213
-41.7044
-41.8942
-42.0794
-42.2492
-42.3949
-42.5116
-42.5998
-42.6647
-42.7159
-42.7651
-42.8243
-42.904
-43.011
-43.1476
-43.3113
-43.4947
-43.6873
-43.8765
-44.0504
-44.1992
-44.3176
-44.4056
-44.4685
-44.5157
-44.5594
-44.6117
-44.6833
-44.781
-44.9069
-45.0579
-45.2259
-45.3993
-45.5646
-45.7087
-45.821
-45.8953
-45.9309
-45.9326
-45.9095
-45.8731
-45.8349
-45.8043
-45.7865
-45.781
-45.7815
-45.7762
-45.7486
-45.6801
-45.552
-45.3477
-45.0555
-44.6696
-44.1906
-43.6246
-42.9823
-42.2771
-41.5241
-40.7388
-39.9374
-39.1356
-38.3492
-37.5926
-36.8781
-36.2148
-35.6078
-31.3089
-32.2429
-33.1377
-33.9832
-34.7734
-35.5069
-36.1853
-36.8121
-37.3907
-37.9239
-38.4126
-38.8564
-39.2538
-39.6033
-39.9046
-40.1593
-40.3717
-40.5487
-40.6991
-40.833
-40.9602
-41.0892
-41.2263
-41.3743
-41.5333
-41.7
-41.8689
-42.0335
-42.1872
-42.3251
-42.4444
-42.5456
-42.632
-42.7097
-42.7859
-42.8683
-42.9633
-43.0754
-43.206
-43.3533
-43.5128
-43.6778
-43.8404
-43.9932
-44.1301
-44.2479
-44.3466
-44.4291
-44.5015
-44.5709
-44.645
-44.7302
-44.8307
-44.9474
-45.0783
-45.2181
-45.3592
-45.493
-45.611
-45.7063
-45.7748
-45.8155
-45.831
-45.8263
-45.8077
-45.7816
-45.7531
-45.7244
-45.6941
-45.657
-45.6044
-45.5249
-45.4055
-45.2332
-44.9971
-44.6888
-44.3043
-43.8437
-43.3114
-42.7149
-42.0644
-41.372
-40.6503
-39.9128
-39.1728
-38.4432
-37.7356
-37.0603
-36.4249
-35.8343
-31.238
-32.128
-32.9874
-33.8073
-34.5818
-35.3079
-35.9848
-36.6133
-37.1947
-37.7304
-38.221
-38.6669
-39.0678
-39.4241
-39.7367
-40.0081
-40.2422
-40.4446
-40.6223
-40.7827
-40.933
-41.0796
-41.2273
-41.3787
-41.5341
-41.6922
-41.8498
-42.0031
-42.1482
-42.2821
-42.4034
-42.5126
-42.612
-42.7054
-42.7978
-42.8939
-42.9982
-43.1133
-43.2402
-43.3777
-43.523
-43.6716
-43.8184
-43.9587
-44.0886
-44.2059
-44.3106
-44.4046
-44.4914
-44.5758
-44.6623
-44.7552
-44.8567
-44.9675
-45.086
-45.2085
-45.3298
-45.4442
-45.5459
-45.6302
-45.6941
-45.7366
-45.7587
-45.763
-45.7529
-45.7319
-45.7023
-45.6646
-45.6169
-45.5548
-45.4715
-45.3587
-45.2068
-45.0066
-44.7503
-44.4319
-44.0485
-43.6002
-43.0904
-42.5251
-41.9123
-41.2618
-40.5846
-39.8919
-39.1951
-38.5052
-37.8323
-37.1851
-36.5704
-35.9931
-31.1948
-32.0572
-32.8938
-33.6967
-34.4599
-35.1797
-35.854
-36.4823
-37.0647
-37.6017
-38.094
-38.5419
-38.9462
-39.3077
-39.6282
-39.9105
-40.1582
-40.3763
-40.5705
-40.7468
-40.9111
-41.0685
-41.223
-41.377
-41.5313
-41.6852
-41.837
-41.9845
-42.1251
-42.2572
-42.3799
-42.4937
-42.6004
-42.7028
-42.8041
-42.908
-43.0174
-43.1341
-43.259
-43.3911
-43.5284
-43.6679
-43.8059
-43.9393
-44.0652
-44.1821
-44.29
-44.3902
-44.4849
-44.5774
-44.6707
-44.7675
-44.8695
-44.9767
-45.0879
-45.2004
-45.3104
-45.4136
-45.5058
-45.5835
-45.6443
-45.687
-45.7119
-45.7203
-45.714
-45.6947
-45.6632
-45.6192
-45.5604
-45.483
-45.3813
-45.2486
-45.0776
-44.861
-44.5928
-44.2685
-43.886
-43.4454
-42.9496
-42.4036
-41.8143
-41.1903
-40.5411
-39.8768
-39.2074
-38.5428
-37.8921
-37.263
-36.662
-36.0939
-31.1743
-32.0234
-32.849
-33.6434
-34.4007
-35.1169
-35.7895
-36.4173
-36.9999
-37.5376
-38.0307
-38.4799
-38.886
-39.2504
-39.575
-39.8625
-40.1168
-40.3423
-40.5443
-40.7282
-40.8991
-41.0617
-41.2195
-41.3749
-41.5289
-41.6811
-41.8306
-41.9756
-42.1144
-42.2457
-42.3692
-42.4851
-42.5951
-42.7015
-42.8069
-42.9142
-43.0258
-43.1434
-43.2673
-43.397
-43.5307
-43.6661
-43.8003
-43.9305
-44.0546
-44.1714
-44.2807
-44.3835
-44.4817
-44.5777
-44.674
-44.7725
-44.8745
-44.9801
-45.088
-45.1959
-45.3007
-45.3988
-45.4867
-45.5613
-45.6204
-45.663
-45.6889
-45.6988
-45.6939
-45.6749
-45.6422
-45.5949
-45.5308
-45.4461
-45.3358
-45.1939
-45.0139
-44.7897
-44.5161
-44.1891
-43.8071
-43.3702
-42.881
-42.3443
-41.7664
-41.1552
-40.5196
-39.8689
-39.2129
-38.5606
-37.9206
-37.3004
-36.7063
-36.1429
-28.0568
-32.1407
-32.7085
-32.2846
-31.5697
-30.8092
-30.098
-29.4709
-28.9369
-28.4943
-28.1374
-27.8603
-27.6574
-27.5245
-27.4587
-27.3607
-30.2205
-31.3333
-31.5094
-31.244
-30.7959
-30.2965
-29.8111
-29.3712
-28.9906
-28.6743
-28.4234
-28.2368
-28.1134
-28.052
-28.498
-30.0473
-30.895
-31.1757
-31.101
-30.834
-30.4809
-30.1059
-29.7462
-29.4226
-29.146
-28.922
-28.7531
-28.6404
-28.5839
-29.9184
-30.5758
-31.0236
-31.1975
-31.1503
-30.9582
-30.6872
-30.3853
-30.0852
-29.8075
-29.565
-29.3656
-29.2134
-29.1109
-29.0594
-31.2002
-31.3139
-31.426
-31.4404
-31.3444
-31.1614
-30.9243
-30.6631
-30.4017
-30.1571
-29.9412
-29.7618
-29.6239
-29.5305
-29.4835
-32.2577
-32.0538
-31.926
-31.7938
-31.6254
-31.4187
-31.1854
-30.9413
-30.7013
-30.478
-30.2808
-30.1165
-29.9898
-29.9039
-29.8605
-33.1028
-32.7176
-32.4305
-32.1835
-31.9448
-31.7026
-31.4573
-31.2152
-30.9844
-30.7729
-30.5876
-30.4336
-30.3151
-30.2347
-30.1941
-33.7697
-33.2834
-32.8947
-32.5648
-32.2677
-31.9897
-31.7261
-31.4777
-31.2481
-31.0417
-30.8629
-30.7154
-30.6023
-30.5257
-30.487
-34.2922
-33.7515
-33.3003
-32.9134
-32.5715
-32.2623
-31.9797
-31.7216
-31.4886
-31.2829
-31.1068
-30.9628
-30.8529
-30.7787
-30.7414
-34.6983
-34.1301
-33.6416
-33.2169
-32.8425
-32.5085
-32.2088
-31.9402
-31.702
-31.4944
-31.3187
-31.176
-31.0678
-30.995
-30.9584
-35.0095
-34.4289
-33.919
-33.4702
-33.0731
-32.7204
-32.4066
-32.1286
-31.8846
-31.6742
-31.4974
-31.3549
-31.2472
-31.1751
-31.1389
-35.2418
-34.6569
-34.1355
-33.6717
-33.2594
-32.8932
-32.5688
-32.283
-32.0338
-31.8203
-31.6419
-31.4988
-31.3912
-31.3192
-31.2831
-35.4069
-34.8216
-34.2942
-33.8216
-33.3997
-33.0244
-32.6923
-32.4006
-32.1473
-31.9311
-31.7513
-31.6074
-31.4994
-31.4274
-31.3913
-35.5127
-34.9284
-34.3983
-33.9208
-33.4932
-33.1124
-32.7755
-32.4799
-32.2238
-32.0056
-31.8246
-31.68
-31.5718
-31.4996
-31.4635
-35.5644
-34.9809
-34.4498
-33.9702
-33.54
-33.1566
-32.8173
-32.5198
-32.2622
-32.0431
-31.8614
-31.7165
-31.608
-31.5357
-31.4996
)
;

boundaryField
{
    hot
    {
        type            calculated;
        value           nonuniform List<scalar> 
120
(
-31.86
-31.7889
-31.6461
-31.4302
-31.1394
-30.7714
-30.3237
-29.7941
-29.1807
-28.4826
-27.7001
-26.8357
-25.8941
-24.8827
-23.812
-22.788
-21.8345
-20.8679
-19.8978
-18.9334
-17.9834
-17.0553
-16.1555
-15.2886
-14.4584
-13.6671
-12.9161
-12.2058
-11.5363
-10.907
-10.3171
-9.76534
-9.25053
-8.7711
-8.32532
-7.9113
-7.52703
-7.17039
-6.83924
-6.53147
-6.24506
-5.97812
-5.72895
-5.49604
-5.27809
-5.07395
-4.88264
-4.70331
-4.53518
-4.37752
-4.22967
-4.09095
-3.96074
-3.83846
-3.72356
-3.61556
-3.51408
-3.41881
-3.32954
-3.24616
-3.16863
-3.097
-3.03134
-2.97178
-2.91848
-2.87161
-2.83135
-2.7979
-2.77147
-2.75231
-2.7407
-2.73698
-2.74153
-2.7548
-2.77732
-2.80968
-2.85255
-2.90667
-2.97288
-3.05205
-3.14514
-3.25313
-3.37705
-3.51793
-3.6768
-3.85466
-4.05251
-4.27129
-4.51194
-4.77542
-5.06271
-5.3749
-5.71316
-6.07884
-6.47336
-6.89828
-7.35514
-7.84537
-8.37011
-8.93001
-9.52501
-10.1541
-10.8151
-11.5046
-12.2178
-13.0216
-13.9124
-14.8031
-15.6786
-16.5245
-17.327
-18.0742
-18.7561
-19.3646
-19.8938
-20.3394
-20.6983
-20.9688
-21.1496
-21.2402
)
;
    }
    cold
    {
        type            calculated;
        value           nonuniform List<scalar> 
120
(
-36.1989
-36.1721
-36.1166
-36.0292
-35.9047
-35.736
-35.5144
-35.2294
-34.869
-34.4203
-33.8703
-33.2071
-32.4211
-31.5071
-30.465
-29.3985
-28.3533
-27.2432
-26.0811
-24.8817
-23.66
-22.4307
-21.2075
-20.0023
-18.8253
-17.6848
-16.5873
-15.5377
-14.5399
-13.5962
-12.7085
-11.8776
-11.1037
-10.3862
-9.72419
-9.11594
-8.55939
-8.05206
-7.59121
-7.17397
-6.79739
-6.45862
-6.15492
-5.88375
-5.64276
-5.42987
-5.24317
-5.08099
-4.94181
-4.82426
-4.7271
-4.6492
-4.58952
-4.5471
-4.52107
-4.51062
-4.51505
-4.53371
-4.56607
-4.61166
-4.67018
-4.74141
-4.82528
-4.92188
-5.03144
-5.15435
-5.29113
-5.44243
-5.60903
-5.79175
-5.99151
-6.20928
-6.44608
-6.70299
-6.98118
-7.28194
-7.6067
-7.95709
-8.3349
-8.74212
-9.18087
-9.65333
-10.1616
-10.7076
-11.2929
-11.9185
-12.5846
-13.2908
-14.0354
-14.816
-15.6288
-16.4694
-17.3321
-18.2106
-19.0977
-19.9859
-20.867
-21.7333
-22.5769
-23.3906
-24.1681
-24.9045
-25.5961
-26.2407
-26.8376
-27.4424
-28.0367
-28.5698
-29.0466
-29.4717
-29.8496
-30.1839
-30.4773
-30.732
-30.9493
-31.1298
-31.2741
-31.3823
-31.4545
-31.4906
)
;
    }
    interface_left
    {
        type            calculated;
        value           nonuniform List<scalar> 
90
(
-59.7065
-111.794
56.6169
-3.63663
24.9807
-2.53732
10.6344
-2.5757
-13.1829
-2.81213
-14.6877
-3.11205
-15.8633
-3.24699
-19.0837
10.1805
-3.88062
4.18903
-3.80599
1.28018
-3.79904
-0.761971
-3.73663
-6.39907
-3.65207
-7.03052
-3.57121
-7.57659
-3.44129
-8.84461
1.5581
-3.49732
-0.218467
-3.29197
-1.06133
-3.13199
-1.69541
-2.96093
-4.135
-2.79388
-4.37069
-2.64253
-4.57717
-2.47575
-5.13421
0.0900571
-2.40576
-0.710505
-2.20949
-1.07126
-2.03899
-1.33333
-1.86643
-2.31124
-1.69795
-2.1875
-1.53863
-1.92846
-1.386
-1.52542
-1.45123
-1.23668
-1.63462
-1.09759
-1.74798
-0.978957
-1.73657
-0.895541
0.203085
-0.853695
1.30591
-0.854793
2.88961
-0.961625
6.02433
-8.86341
-0.795087
-7.59392
-1.00164
-7.36083
-1.29163
-7.09745
-1.92923
4.49529
-10.0219
-3.4954
1.2971
7.21131
17.6659
41.6914
)
;
    }
    interface_right
    {
        type            calculated;
        value           nonuniform List<scalar> 
90
(
-186.929
-261.855
111.657
-4.7111
47.7229
-2.06709
21.8445
-1.32441
-19.7789
-0.884239
-21.5463
-0.748016
-22.7617
-0.500288
-27.3756
22.1487
-1.25204
11.7551
-1.02785
6.59997
-1.07355
3.04071
-1.14512
-4.63856
-1.24988
-5.15826
-1.40347
-5.39188
-1.53469
-6.02979
1.76503
-1.84344
-0.318648
-1.98714
-1.41201
-2.15977
-2.11154
-2.33438
-2.34838
-2.51131
-2.12619
-2.69075
-1.72669
-2.89405
-0.88178
-5.36975
-2.98674
-5.10539
-3.16212
-5.05458
-3.32253
-4.88356
-3.49441
-1.92857
-3.6673
-0.978569
-3.82494
0.336475
-4.04209
3.05536
-11.6581
-3.8878
-9.9465
-3.99022
-9.21687
-4.01568
-8.29724
-4.04275
0.829366
-4.03096
4.5586
-3.93265
10.0933
-3.968
21.738
-32.7502
-2.78073
-28.2952
-2.5571
-28.7532
-2.24325
-31.4561
-3.19825
42.2837
-111.228
-69.7358
-53.8672
-46.977
-44.463
-46.5594
)
;
    }
    interface_top
    {
        type            calculated;
        value           nonuniform List<scalar> 
90
(
-23.9759
-100.572
-110.231
-67.9995
-52.5285
-38.0005
-30.7258
-19.6098
-27.2396
-30.8395
-36.3166
-40.243
-48.1111
-56.1715
-77.2431
-77.0802
-55.4591
-47.0867
-38.7263
-34.4975
-28.5402
-24.6775
-16.8723
-24.6682
-28.5285
-34.4724
-38.6931
-47.0249
-55.3916
-77.0142
-77.1601
-56.0371
-47.8404
-39.5672
-35.3611
-29.3643
-25.4456
-17.4417
-25.5715
-29.6154
-35.855
-40.2915
-49.0499
-57.8302
-80.4982
-80.6805
-58.6339
-50.0801
-41.4438
-37.0519
-30.7845
-26.6853
-18.3002
-26.866
-31.1348
-37.7335
-42.423
-51.6806
-60.9295
-84.7774
-84.9357
-61.6209
-52.5997
-43.5538
-38.9603
-32.4196
-28.1384
-19.3558
-28.549
-33.1971
-40.4733
-45.7151
-56.1464
-66.6024
-93.5528
-94.1827
-69.3872
-60.0844
-51.427
-47.321
-42.1681
-38.8795
-32.2499
-63.836
-61.6878
-23.4436
-11.9661
-8.84485
-10.0488
-18.1498
)
;
    }
    interface_bottom
    {
        type            calculated;
        value           nonuniform List<scalar> 
90
(
-40.8992
-80.3462
-83.7667
-56.7668
-46.3358
-35.4971
-29.5778
-19.4388
-27.7091
-31.6788
-37.7119
-41.9758
-50.4174
-58.9429
-81.0989
-80.908
-58.1099
-49.2602
-40.3865
-35.8945
-29.578
-25.503
-17.3478
-25.2842
-29.164
-35.0974
-39.2589
-47.4452
-55.5796
-76.571
-76.4187
-54.9118
-46.5729
-38.2331
-34.0079
-28.0633
-24.2158
-16.4948
-24.0498
-27.7401
-33.3789
-37.3274
-45.0901
-52.7736
-72.5747
-72.3971
-51.9914
-44.0866
-36.2033
-32.2091
-26.5929
-22.9537
-15.6444
-22.8088
-26.3083
-31.6547
-35.3993
-42.7606
-50.0612
-68.8889
-68.737
-49.3934
-41.8992
-34.421
-30.6293
-25.2901
-21.8308
-14.8804
-21.6827
-25.0099
-30.0959
-33.6737
-40.7193
-47.7819
-66.0637
-66.0304
-47.6513
-40.5529
-33.5268
-29.9893
-25.1086
-21.9294
-15.6494
-25.4392
-24.5679
-11.8206
-9.15297
-11.2634
-20.3806
-50.236
)
;
    }
    defaultFaces
    {
        type            empty;
    }
}


// ************************************************************************* //
