/*--------------------------------*- C++ -*----------------------------------*\
| =========                 |                                                 |
| \\      /  F ield         | OpenFOAM: The Open Source CFD Toolbox           |
|  \\    /   O peration     | Version:  5.x                                   |
|   \\  /    A nd           | Web:      www.OpenFOAM.org                      |
|    \\/     M anipulation  |                                                 |
\*---------------------------------------------------------------------------*/
FoamFile
{
    version     2.0;
    format      ascii;
    class       volScalarField;
    location    "12.6999";
    object      T;
}
// * * * * * * * * * * * * * * * * * * * * * * * * * * * * * * * * * * * * * //

dimensions      [0 0 0 1 0 0 0];

internalField   nonuniform List<scalar> 
6300
(
322.84
322.521
322.201
321.879
321.554
321.226
320.895
320.559
320.219
319.873
319.522
319.165
318.802
318.433
318.058
322.841
322.522
322.202
321.881
321.557
321.23
320.899
320.564
320.224
319.879
319.528
319.171
318.808
318.439
318.064
322.842
322.524
322.206
321.886
321.563
321.237
320.908
320.573
320.234
319.89
319.539
319.183
318.82
318.451
318.075
322.843
322.528
322.211
321.893
321.573
321.249
320.921
320.588
320.25
319.907
319.557
319.201
318.838
318.469
318.093
322.844
322.532
322.219
321.903
321.585
321.264
320.938
320.608
320.272
319.93
319.581
319.226
318.863
318.493
318.116
322.846
322.537
322.228
321.916
321.601
321.283
320.961
320.633
320.3
319.96
319.613
319.258
318.895
318.525
318.147
322.848
322.544
322.239
321.931
321.621
321.307
320.989
320.664
320.334
319.997
319.651
319.298
318.935
318.564
318.184
322.851
322.552
322.252
321.95
321.645
321.336
321.022
320.702
320.376
320.041
319.699
319.346
318.984
318.612
318.229
322.854
322.561
322.267
321.971
321.672
321.369
321.061
320.746
320.425
320.095
319.755
319.405
319.044
318.67
318.284
322.857
322.572
322.285
321.995
321.703
321.407
321.106
320.798
320.482
320.158
319.823
319.475
319.115
318.74
318.35
322.861
322.583
322.304
322.023
321.739
321.45
321.157
320.857
320.549
320.231
319.902
319.559
319.201
318.824
318.43
322.866
322.596
322.326
322.053
321.778
321.499
321.215
320.924
320.625
320.316
319.995
319.658
319.304
318.928
318.528
322.87
322.61
322.35
322.087
321.822
321.553
321.279
320.999
320.712
320.414
320.103
319.776
319.428
319.055
318.653
322.875
322.626
322.375
322.123
321.869
321.611
321.349
321.082
320.808
320.524
320.228
319.914
319.577
319.212
318.814
322.881
322.642
322.402
322.161
321.919
321.674
321.425
321.173
320.914
320.647
320.369
320.075
319.756
319.402
319.011
317.71
317.389
317.065
316.737
316.406
316.072
315.736
315.397
315.056
314.713
314.368
314.021
313.673
313.324
312.974
312.624
312.273
311.922
311.571
311.22
310.869
310.519
310.169
309.82
309.471
309.122
308.774
308.427
308.08
307.734
307.389
307.044
306.701
306.358
306.016
305.676
305.337
304.998
304.661
304.325
303.989
303.655
303.321
302.988
302.657
302.326
301.996
301.668
301.34
301.014
300.689
300.365
300.042
299.721
299.4
299.08
298.761
298.443
298.125
297.809
297.494
297.179
296.866
296.553
296.242
295.931
295.622
295.313
295.005
294.698
294.392
294.087
293.782
293.477
293.174
292.871
292.568
292.266
291.965
291.664
291.363
291.063
290.763
290.462
290.162
289.861
289.559
289.256
288.953
288.648
317.715
317.394
317.069
316.741
316.41
316.076
315.739
315.4
315.059
314.715
314.37
314.023
313.675
313.326
312.975
312.624
312.273
311.922
311.571
311.22
310.869
310.519
310.169
309.819
309.47
309.122
308.774
308.426
308.079
307.733
307.387
307.043
306.699
306.356
306.015
305.675
305.335
304.997
304.66
304.323
303.988
303.653
303.32
302.987
302.655
302.324
301.995
301.666
301.339
301.013
300.688
300.364
300.041
299.719
299.398
299.079
298.76
298.441
298.124
297.808
297.492
297.178
296.864
296.552
296.24
295.93
295.62
295.312
295.004
294.697
294.391
294.086
293.781
293.476
293.173
292.87
292.567
292.265
291.964
291.663
291.363
291.063
290.763
290.463
290.163
289.862
289.56
289.257
288.954
288.649
317.726
317.404
317.079
316.75
316.419
316.084
315.747
315.407
315.065
314.721
314.375
314.027
313.678
313.328
312.977
312.626
312.274
311.922
311.57
311.219
310.868
310.517
310.167
309.818
309.469
309.12
308.772
308.424
308.077
307.731
307.385
307.04
306.696
306.353
306.012
305.671
305.332
304.994
304.657
304.321
303.985
303.651
303.317
302.984
302.652
302.321
301.992
301.663
301.335
301.009
300.684
300.361
300.038
299.716
299.396
299.076
298.757
298.439
298.122
297.805
297.489
297.175
296.861
296.549
296.237
295.927
295.618
295.309
295.002
294.695
294.389
294.084
293.779
293.475
293.171
292.868
292.565
292.264
291.963
291.662
291.362
291.063
290.763
290.464
290.164
289.864
289.562
289.26
288.957
288.652
317.742
317.42
317.094
316.764
316.431
316.095
315.757
315.416
315.074
314.729
314.382
314.033
313.683
313.332
312.98
312.627
312.274
311.921
311.569
311.217
310.866
310.515
310.165
309.816
309.467
309.118
308.77
308.422
308.074
307.727
307.381
307.036
306.692
306.349
306.007
305.667
305.328
304.99
304.653
304.317
303.982
303.647
303.313
302.98
302.648
302.317
301.987
301.658
301.33
301.004
300.679
300.356
300.034
299.712
299.392
299.072
298.753
298.435
298.118
297.801
297.485
297.17
296.857
296.544
296.233
295.923
295.614
295.306
294.999
294.692
294.387
294.081
293.776
293.472
293.168
292.865
292.563
292.261
291.96
291.66
291.361
291.062
290.764
290.465
290.166
289.867
289.566
289.264
288.961
288.656
317.765
317.441
317.113
316.782
316.448
316.111
315.771
315.429
315.085
314.739
314.391
314.041
313.689
313.337
312.983
312.629
312.275
311.921
311.567
311.215
310.863
310.513
310.163
309.813
309.464
309.116
308.767
308.419
308.071
307.723
307.376
307.03
306.685
306.342
306
305.66
305.321
304.984
304.647
304.312
303.977
303.642
303.308
302.975
302.642
302.31
301.98
301.651
301.323
300.997
300.672
300.349
300.028
299.707
299.387
299.068
298.749
298.431
298.113
297.796
297.479
297.164
296.85
296.538
296.226
295.917
295.608
295.301
294.994
294.688
294.383
294.078
293.773
293.469
293.165
292.861
292.559
292.257
291.957
291.657
291.359
291.061
290.764
290.467
290.17
289.872
289.572
289.271
288.968
288.663
317.793
317.468
317.138
316.805
316.468
316.13
315.789
315.445
315.1
314.753
314.403
314.051
313.698
313.343
312.987
312.631
312.274
311.919
311.564
311.211
310.859
310.509
310.159
309.81
309.462
309.113
308.764
308.415
308.066
307.717
307.369
307.022
306.677
306.333
305.991
305.651
305.313
304.976
304.641
304.306
303.971
303.637
303.303
302.969
302.635
302.303
301.971
301.641
301.313
300.987
300.663
300.341
300.02
299.7
299.381
299.062
298.744
298.425
298.107
297.789
297.472
297.156
296.842
296.529
296.218
295.909
295.601
295.295
294.989
294.684
294.379
294.074
293.769
293.465
293.16
292.856
292.554
292.252
291.952
291.653
291.356
291.06
290.765
290.47
290.174
289.878
289.58
289.28
288.977
288.672
317.828
317.5
317.167
316.831
316.493
316.152
315.809
315.465
315.118
314.769
314.418
314.064
313.708
313.351
312.992
312.632
312.273
311.916
311.56
311.206
310.854
310.504
310.155
309.807
309.459
309.11
308.761
308.412
308.061
307.711
307.361
307.013
306.666
306.321
305.98
305.64
305.303
304.968
304.633
304.299
303.965
303.631
303.296
302.962
302.627
302.293
301.96
301.629
301.301
300.975
300.652
300.331
300.011
299.693
299.375
299.057
298.738
298.42
298.101
297.782
297.463
297.146
296.831
296.518
296.207
295.899
295.592
295.287
294.983
294.679
294.375
294.071
293.766
293.46
293.155
292.85
292.546
292.244
291.944
291.647
291.351
291.057
290.765
290.473
290.18
289.887
289.591
289.293
288.991
288.685
317.87
317.538
317.202
316.862
316.52
316.177
315.832
315.487
315.139
314.789
314.436
314.08
313.721
313.36
312.997
312.633
312.27
311.91
311.552
311.197
310.845
310.496
310.149
309.803
309.456
309.109
308.76
308.409
308.057
307.704
307.351
307
306.651
306.306
305.964
305.626
305.291
304.957
304.625
304.293
303.96
303.626
303.291
302.954
302.617
302.281
301.946
301.614
301.285
300.96
300.637
300.318
300.001
299.684
299.368
299.051
298.733
298.414
298.094
297.773
297.453
297.134
296.817
296.504
296.194
295.886
295.581
295.279
294.976
294.674
294.372
294.068
293.762
293.456
293.149
292.842
292.537
292.234
291.934
291.637
291.344
291.053
290.764
290.476
290.188
289.899
289.606
289.31
289.009
288.703
317.92
317.583
317.241
316.896
316.55
316.204
315.858
315.511
315.163
314.813
314.459
314.101
313.738
313.372
313.003
312.633
312.265
311.9
311.539
311.184
310.833
310.487
310.143
309.8
309.456
309.11
308.761
308.408
308.053
307.696
307.339
306.984
306.632
306.286
305.944
305.608
305.275
304.945
304.616
304.287
303.956
303.623
303.287
302.948
302.607
302.267
301.929
301.594
301.264
300.939
300.619
300.302
299.988
299.676
299.363
299.048
298.73
298.41
298.088
297.764
297.44
297.118
296.799
296.485
296.175
295.87
295.568
295.268
294.97
294.671
294.37
294.067
293.761
293.452
293.142
292.832
292.524
292.219
291.919
291.623
291.332
291.046
290.762
290.48
290.198
289.915
289.627
289.335
289.035
288.728
317.979
317.635
317.284
316.932
316.58
316.23
315.883
315.538
315.192
314.842
314.488
314.128
313.761
313.387
313.009
312.631
312.254
311.883
311.52
311.164
310.816
310.473
310.135
309.797
309.458
309.115
308.766
308.412
308.052
307.688
307.324
306.963
306.607
306.258
305.917
305.583
305.256
304.931
304.609
304.284
303.957
303.624
303.286
302.943
302.597
302.25
301.906
301.568
301.236
300.912
300.595
300.283
299.975
299.668
299.359
299.048
298.732
298.41
298.084
297.755
297.425
297.098
296.775
296.459
296.151
295.848
295.551
295.257
294.964
294.67
294.372
294.07
293.762
293.45
293.135
292.82
292.507
292.198
291.897
291.602
291.315
291.034
290.757
290.484
290.211
289.936
289.656
289.369
289.072
288.764
318.051
317.694
317.331
316.966
316.606
316.253
315.907
315.565
315.224
314.879
314.527
314.165
313.792
313.409
313.018
312.625
312.236
311.856
311.488
311.133
310.789
310.455
310.125
309.797
309.466
309.128
308.78
308.423
308.056
307.682
307.306
306.934
306.57
306.219
305.879
305.551
305.231
304.916
304.603
304.286
303.964
303.633
303.292
302.943
302.587
302.23
301.876
301.531
301.197
300.874
300.562
300.258
299.959
299.662
299.361
299.055
298.74
298.416
298.084
297.746
297.406
297.07
296.742
296.424
296.116
295.819
295.529
295.244
294.96
294.673
294.381
294.08
293.771
293.453
293.129
292.804
292.482
292.168
291.864
291.571
291.288
291.015
290.749
290.486
290.226
289.963
289.696
289.419
289.126
288.816
318.138
317.765
317.378
316.995
316.623
316.266
315.924
315.592
315.262
314.926
314.579
314.217
313.838
313.441
313.03
312.613
312.205
311.812
311.439
311.086
310.75
310.428
310.114
309.802
309.483
309.154
308.809
308.448
308.069
307.678
307.281
306.892
306.518
306.162
305.825
305.505
305.198
304.899
304.601
304.297
303.983
303.655
303.312
302.952
302.58
302.203
301.834
301.479
301.142
300.822
300.518
300.227
299.943
299.66
299.371
299.073
298.761
298.435
298.093
297.74
297.382
297.031
296.693
296.373
296.068
295.779
295.501
295.23
294.961
294.686
294.401
294.103
293.791
293.464
293.126
292.783
292.446
292.123
291.815
291.524
291.249
290.987
290.734
290.487
290.243
289.999
289.75
289.489
289.206
288.893
318.252
317.853
317.422
317.007
316.616
316.259
315.927
315.615
315.307
314.989
314.654
314.294
313.91
313.492
313.05
312.59
312.151
311.739
311.362
311.013
310.692
310.389
310.102
309.816
309.517
309.202
308.861
308.497
308.101
307.682
307.245
306.829
306.437
306.079
305.747
305.442
305.154
304.88
304.608
304.323
304.023
303.7
303.354
302.978
302.581
302.166
301.771
301.401
301.061
300.746
300.457
300.184
299.924
299.665
299.396
299.111
298.804
298.476
298.119
297.742
297.348
296.973
296.62
296.298
295.998
295.722
295.462
295.215
294.969
294.711
294.44
294.147
293.833
293.492
293.13
292.753
292.392
292.054
291.743
291.456
291.191
290.944
290.711
290.485
290.259
290.041
289.823
289.591
289.327
289.014
318.417
317.989
317.443
316.983
316.561
316.216
315.9
315.632
315.37
315.074
314.766
314.407
314.029
313.578
313.098
312.535
312.058
311.615
311.246
310.9
310.606
310.329
310.088
309.847
309.573
309.286
308.949
308.592
308.167
307.713
307.18
306.729
306.309
305.959
305.631
305.353
305.089
304.86
304.631
304.371
304.097
303.777
303.439
303.035
302.605
302.101
301.674
301.277
300.946
300.635
300.371
300.122
299.904
299.688
299.441
299.181
298.878
298.557
298.174
297.766
297.287
296.882
296.504
296.19
295.894
295.643
295.406
295.199
294.992
294.757
294.51
294.221
293.914
293.548
293.157
292.697
292.307
291.943
291.639
291.353
291.109
290.879
290.679
290.482
290.264
290.082
289.915
289.739
289.52
289.217
318.678
318.297
317.342
316.905
316.396
316.132
315.804
315.639
315.48
315.177
314.952
314.548
314.251
313.707
313.268
312.353
311.918
311.384
311.096
310.71
310.497
310.217
310.072
309.927
309.65
309.441
309.064
308.786
308.273
307.859
306.996
306.584
306.08
305.808
305.443
305.242
304.976
304.838
304.701
304.437
304.239
303.881
303.617
303.131
302.738
301.923
301.534
301.058
300.801
300.456
300.265
300.013
299.883
299.753
299.504
299.316
298.977
298.727
298.266
297.894
297.12
296.751
296.298
296.054
295.726
295.544
295.305
295.181
295.057
294.82
294.641
294.319
294.08
293.641
293.285
292.541
292.185
291.747
291.509
291.188
291.009
290.77
290.644
290.509
290.22
290.099
290.022
289.946
289.835
289.607
288.312
287.945
287.576
287.207
286.838
286.468
286.1
285.732
285.365
284.999
284.633
284.269
283.906
283.543
283.181
288.313
287.945
287.577
287.207
286.838
286.468
286.099
285.731
285.364
284.998
284.633
284.269
283.905
283.543
283.181
288.316
287.947
287.578
287.208
286.837
286.467
286.098
285.729
285.362
284.995
284.631
284.267
283.904
283.542
283.181
288.32
287.95
287.58
287.208
286.837
286.465
286.095
285.726
285.358
284.992
284.627
284.264
283.902
283.541
283.18
288.325
287.955
287.582
287.209
286.836
286.463
286.091
285.721
285.353
284.987
284.623
284.26
283.899
283.539
283.18
288.333
287.961
287.586
287.21
286.834
286.459
286.086
285.715
285.346
284.98
284.617
284.255
283.895
283.537
283.179
288.345
287.969
287.591
287.211
286.832
286.454
286.078
285.706
285.337
284.971
284.608
284.248
283.89
283.533
283.178
288.36
287.981
287.597
287.212
286.828
286.446
286.068
285.694
285.324
284.959
284.597
284.239
283.883
283.529
283.176
288.382
287.996
287.604
287.212
286.821
286.434
286.053
285.677
285.308
284.943
284.583
284.227
283.874
283.524
283.174
288.412
288.016
287.613
287.21
286.81
286.418
286.032
285.655
285.286
284.923
284.565
284.213
283.864
283.517
283.172
288.455
288.043
287.623
287.204
286.793
286.393
286.004
285.626
285.257
284.896
284.543
284.194
283.85
283.509
283.169
288.517
288.077
287.63
287.191
286.765
286.357
285.965
285.586
285.22
284.863
284.515
284.172
283.834
283.499
283.166
288.607
288.119
287.631
287.162
286.721
286.305
285.911
285.535
285.173
284.822
284.48
284.145
283.815
283.487
283.162
288.742
288.162
287.61
287.108
286.651
286.231
285.84
285.469
285.115
284.773
284.439
284.113
283.792
283.474
283.158
288.937
288.178
287.54
287.007
286.544
286.13
285.747
285.388
285.045
284.714
284.392
284.076
283.766
283.458
283.153
322.886
322.657
322.428
322.198
321.967
321.734
321.499
321.261
321.019
320.771
320.515
320.245
319.951
319.609
319.169
322.89
322.671
322.452
322.232
322.012
321.79
321.568
321.344
321.118
320.889
320.656
320.416
320.162
319.868
319.429
322.895
322.686
322.476
322.267
322.057
321.847
321.638
321.428
321.218
321.01
320.802
320.598
320.401
320.228
320.167
322.9
322.7
322.501
322.302
322.103
321.905
321.708
321.512
321.319
321.129
320.947
320.775
320.623
320.511
320.469
322.905
322.715
322.525
322.336
322.148
321.961
321.776
321.594
321.416
321.245
321.083
320.937
320.818
320.746
320.766
322.91
322.729
322.549
322.37
322.192
322.016
321.843
321.674
321.51
321.353
321.209
321.081
320.98
320.917
320.903
322.914
322.743
322.572
322.403
322.235
322.07
321.907
321.749
321.598
321.454
321.322
321.207
321.114
321.055
321.048
322.919
322.756
322.595
322.435
322.276
322.121
321.968
321.821
321.68
321.547
321.424
321.316
321.226
321.158
321.114
322.923
322.769
322.617
322.465
322.316
322.169
322.026
321.888
321.756
321.632
321.517
321.413
321.322
321.244
321.166
322.927
322.782
322.637
322.494
322.353
322.215
322.081
321.951
321.827
321.71
321.601
321.501
321.411
321.328
321.256
322.931
322.794
322.657
322.522
322.389
322.259
322.132
322.01
321.894
321.783
321.68
321.583
321.493
321.406
321.314
322.935
322.805
322.676
322.548
322.422
322.3
322.18
322.066
321.956
321.851
321.753
321.661
321.573
321.488
321.409
322.938
322.815
322.693
322.572
322.454
322.338
322.226
322.117
322.014
321.916
321.823
321.735
321.65
321.566
321.471
322.942
322.825
322.71
322.595
322.483
322.374
322.268
322.166
322.068
321.976
321.889
321.806
321.728
321.651
321.577
322.945
322.834
322.725
322.617
322.511
322.408
322.308
322.211
322.12
322.033
321.951
321.875
321.804
321.735
321.654
322.948
322.843
322.74
322.637
322.537
322.439
322.345
322.254
322.167
322.086
322.01
321.94
321.878
321.828
321.804
322.95
322.851
322.753
322.656
322.561
322.469
322.379
322.293
322.212
322.135
322.064
322
321.945
321.902
321.873
322.953
322.859
322.766
322.674
322.584
322.496
322.411
322.33
322.252
322.18
322.113
322.054
322.004
321.966
321.949
322.955
322.866
322.777
322.69
322.604
322.521
322.44
322.363
322.29
322.221
322.158
322.102
322.054
322.016
321.988
322.957
322.873
322.788
322.705
322.624
322.544
322.468
322.394
322.324
322.258
322.198
322.143
322.096
322.059
322.035
322.959
322.879
322.798
322.719
322.642
322.566
322.492
322.422
322.355
322.292
322.233
322.18
322.133
322.093
322.059
322.961
322.884
322.808
322.732
322.658
322.586
322.515
322.448
322.383
322.322
322.265
322.212
322.164
322.122
322.089
322.963
322.889
322.816
322.744
322.673
322.604
322.537
322.472
322.409
322.35
322.293
322.241
322.191
322.146
322.103
322.965
322.894
322.824
322.755
322.687
322.621
322.556
322.494
322.433
322.375
322.32
322.267
322.216
322.167
322.116
322.966
322.899
322.832
322.766
322.701
322.637
322.574
322.514
322.455
322.399
322.344
322.291
322.24
322.189
322.139
322.968
322.903
322.839
322.775
322.713
322.651
322.591
322.533
322.476
322.421
322.367
322.315
322.264
322.211
322.156
322.969
322.907
322.845
322.784
322.724
322.665
322.607
322.551
322.496
322.442
322.39
322.338
322.287
322.236
322.184
322.97
322.911
322.851
322.793
322.735
322.678
322.622
322.568
322.514
322.462
322.412
322.361
322.311
322.26
322.204
322.971
322.914
322.857
322.801
322.745
322.69
322.636
322.584
322.532
322.482
322.433
322.384
322.336
322.288
322.238
322.972
322.917
322.862
322.808
322.754
322.701
322.65
322.599
322.549
322.501
322.453
322.407
322.362
322.316
322.265
322.973
322.92
322.867
322.815
322.763
322.712
322.662
322.613
322.565
322.518
322.473
322.429
322.388
322.349
322.319
322.974
322.923
322.872
322.822
322.772
322.722
322.674
322.626
322.58
322.535
322.492
322.45
322.411
322.375
322.344
322.975
322.926
322.877
322.828
322.779
322.732
322.685
322.639
322.594
322.551
322.509
322.47
322.433
322.399
322.373
322.976
322.928
322.881
322.833
322.787
322.741
322.695
322.651
322.608
322.566
322.525
322.487
322.451
322.418
322.388
322.977
322.931
322.885
322.839
322.794
322.749
322.705
322.662
322.62
322.579
322.54
322.503
322.468
322.435
322.408
322.978
322.933
322.888
322.844
322.8
322.757
322.714
322.673
322.632
322.592
322.554
322.517
322.482
322.449
322.418
322.978
322.935
322.892
322.849
322.806
322.764
322.723
322.682
322.642
322.604
322.566
322.529
322.494
322.461
322.432
322.979
322.937
322.895
322.853
322.812
322.771
322.731
322.691
322.653
322.614
322.577
322.541
322.506
322.472
322.438
322.98
322.939
322.898
322.858
322.817
322.778
322.739
322.7
322.662
322.625
322.588
322.552
322.517
322.481
322.444
322.98
322.94
322.901
322.862
322.823
322.784
322.746
322.708
322.671
322.635
322.598
322.563
322.527
322.491
322.456
322.981
322.942
322.904
322.865
322.827
322.79
322.753
322.716
322.68
322.644
322.609
322.573
322.538
322.502
322.464
322.981
322.944
322.906
322.869
322.832
322.795
322.759
322.724
322.688
322.653
322.619
322.584
322.549
322.514
322.478
322.982
322.945
322.909
322.872
322.836
322.801
322.766
322.731
322.696
322.662
322.629
322.595
322.561
322.526
322.488
322.982
322.947
322.911
322.876
322.841
322.806
322.771
322.738
322.704
322.671
322.638
322.606
322.573
322.54
322.507
322.983
322.948
322.913
322.879
322.844
322.811
322.777
322.744
322.712
322.68
322.648
322.617
322.586
322.555
322.521
322.983
322.949
322.915
322.882
322.848
322.815
322.783
322.75
322.719
322.688
322.657
322.628
322.599
322.572
322.55
322.983
322.95
322.917
322.884
322.852
322.819
322.788
322.756
322.726
322.696
322.666
322.638
322.611
322.586
322.563
322.984
322.951
322.919
322.887
322.855
322.823
322.792
322.762
322.732
322.703
322.674
322.647
322.622
322.598
322.579
322.984
322.952
322.92
322.889
322.858
322.827
322.796
322.767
322.738
322.709
322.682
322.656
322.631
322.608
322.587
322.984
322.953
322.922
322.891
322.86
322.83
322.8
322.771
322.743
322.715
322.688
322.663
322.639
322.617
322.597
322.985
322.954
322.923
322.893
322.863
322.833
322.804
322.775
322.747
322.72
322.694
322.669
322.646
322.623
322.602
322.985
322.954
322.924
322.894
322.865
322.836
322.807
322.779
322.751
322.725
322.699
322.675
322.651
322.629
322.609
322.985
322.955
322.925
322.896
322.867
322.838
322.81
322.782
322.755
322.729
322.704
322.679
322.656
322.634
322.612
322.985
322.956
322.926
322.897
322.868
322.84
322.812
322.784
322.758
322.732
322.707
322.683
322.66
322.637
322.615
322.985
322.956
322.927
322.898
322.869
322.841
322.813
322.787
322.76
322.735
322.71
322.687
322.664
322.641
322.62
322.985
322.956
322.927
322.898
322.87
322.842
322.815
322.788
322.762
322.737
322.713
322.689
322.667
322.645
322.622
322.985
322.956
322.927
322.899
322.87
322.843
322.816
322.789
322.764
322.739
322.715
322.692
322.669
322.648
322.627
322.985
322.956
322.927
322.899
322.871
322.843
322.816
322.79
322.764
322.74
322.716
322.693
322.672
322.651
322.63
322.985
322.956
322.927
322.899
322.87
322.843
322.816
322.79
322.764
322.74
322.717
322.694
322.673
322.653
322.634
322.985
322.956
322.927
322.898
322.87
322.842
322.815
322.789
322.764
322.74
322.717
322.695
322.674
322.655
322.636
322.985
322.956
322.926
322.897
322.869
322.841
322.814
322.788
322.763
322.739
322.716
322.694
322.674
322.655
322.638
322.985
322.955
322.925
322.896
322.867
322.839
322.812
322.786
322.761
322.737
322.714
322.693
322.673
322.655
322.638
322.985
322.954
322.924
322.894
322.865
322.837
322.809
322.783
322.758
322.734
322.711
322.69
322.671
322.653
322.637
322.984
322.953
322.923
322.892
322.863
322.834
322.806
322.779
322.754
322.73
322.708
322.687
322.668
322.65
322.635
322.984
322.952
322.921
322.89
322.86
322.83
322.802
322.775
322.749
322.725
322.703
322.682
322.664
322.646
322.63
322.984
322.951
322.919
322.887
322.856
322.826
322.797
322.769
322.743
322.719
322.697
322.677
322.658
322.642
322.627
322.983
322.949
322.916
322.883
322.851
322.821
322.791
322.763
322.736
322.712
322.689
322.669
322.651
322.636
322.621
322.983
322.948
322.913
322.879
322.846
322.814
322.784
322.755
322.728
322.703
322.68
322.661
322.643
322.629
322.617
322.982
322.946
322.91
322.875
322.84
322.807
322.776
322.746
322.718
322.693
322.67
322.65
322.633
322.62
322.612
322.981
322.943
322.906
322.869
322.834
322.799
322.767
322.736
322.707
322.68
322.657
322.637
322.621
322.609
322.601
322.98
322.941
322.902
322.863
322.826
322.79
322.756
322.724
322.693
322.666
322.642
322.621
322.605
322.594
322.59
322.979
322.938
322.897
322.857
322.818
322.78
322.744
322.71
322.678
322.65
322.624
322.602
322.586
322.575
322.569
322.978
322.935
322.892
322.849
322.808
322.769
322.731
322.695
322.661
322.631
322.604
322.58
322.562
322.551
322.551
322.977
322.931
322.886
322.841
322.798
322.756
322.716
322.678
322.642
322.61
322.58
322.555
322.534
322.52
322.514
322.976
322.927
322.879
322.832
322.786
322.742
322.7
322.659
322.621
322.586
322.554
322.526
322.502
322.483
322.48
322.974
322.923
322.872
322.822
322.774
322.727
322.682
322.639
322.598
322.561
322.526
322.494
322.465
322.437
322.403
322.973
322.918
322.865
322.812
322.76
322.71
322.662
322.617
322.574
322.533
322.495
322.46
322.427
322.394
322.363
322.971
322.913
322.856
322.8
322.746
322.693
322.642
322.593
322.547
322.504
322.463
322.425
322.388
322.351
322.308
322.969
322.908
322.847
322.788
322.73
322.673
322.619
322.567
322.519
322.473
322.429
322.389
322.35
322.311
322.276
322.967
322.902
322.838
322.774
322.712
322.652
322.595
322.54
322.488
322.44
322.394
322.351
322.31
322.27
322.226
322.965
322.896
322.827
322.76
322.694
322.63
322.569
322.51
322.456
322.404
322.357
322.312
322.271
322.232
322.196
322.963
322.889
322.816
322.744
322.674
322.606
322.54
322.479
322.42
322.366
322.317
322.272
322.23
322.191
322.15
322.96
322.882
322.804
322.727
322.652
322.579
322.51
322.444
322.382
322.326
322.274
322.228
322.188
322.153
322.124
322.958
322.874
322.791
322.709
322.629
322.551
322.477
322.407
322.341
322.281
322.227
322.181
322.141
322.109
322.092
322.955
322.866
322.777
322.689
322.604
322.521
322.441
322.366
322.296
322.232
322.176
322.128
322.089
322.056
322.017
322.952
322.857
322.762
322.668
322.577
322.488
322.402
322.321
322.246
322.178
322.118
322.07
322.033
322.007
321.985
322.949
322.847
322.746
322.646
322.548
322.453
322.361
322.273
322.191
322.117
322.054
322.003
321.97
321.956
321.961
322.946
322.837
322.73
322.623
322.518
322.415
322.316
322.22
322.131
322.05
321.98
321.925
321.893
321.892
321.931
322.942
322.827
322.712
322.598
322.486
322.375
322.268
322.164
322.065
321.974
321.895
321.831
321.794
321.8
321.879
322.939
322.816
322.694
322.573
322.452
322.334
322.217
322.104
321.994
321.891
321.798
321.719
321.665
321.659
321.759
289.142
288.08
287.381
286.849
286.403
286.007
285.642
285.298
284.969
284.652
284.342
284.038
283.739
283.442
283.147
288.768
287.739
287.12
286.646
286.24
285.873
285.531
285.206
284.893
284.59
284.293
284.001
283.712
283.426
283.142
287.29
287.115
286.758
286.395
286.05
285.722
285.408
285.105
284.811
284.523
284.24
283.96
283.684
283.41
283.136
286.709
286.616
286.4
286.132
285.848
285.562
285.278
284.999
284.724
284.452
284.184
283.918
283.655
283.392
283.131
286.16
286.202
286.079
285.881
285.648
285.4
285.145
284.89
284.634
284.38
284.127
283.875
283.624
283.374
283.125
285.911
285.904
285.811
285.653
285.458
285.241
285.014
284.78
284.544
284.306
284.069
283.831
283.593
283.356
283.119
285.653
285.665
285.586
285.452
285.282
285.091
284.886
284.672
284.454
284.233
284.01
283.787
283.562
283.337
283.112
285.537
285.49
285.4
285.275
285.122
284.95
284.764
284.568
284.367
284.161
283.953
283.743
283.531
283.319
283.106
285.445
285.343
285.24
285.117
284.976
284.818
284.648
284.468
284.282
284.091
283.897
283.7
283.501
283.301
283.1
285.287
285.198
285.092
284.973
284.84
284.695
284.538
284.373
284.201
284.024
283.842
283.658
283.471
283.283
283.095
285.184
285.064
284.954
284.839
284.714
284.579
284.435
284.283
284.124
283.959
283.79
283.617
283.443
283.266
283.089
285.016
284.922
284.819
284.71
284.595
284.47
284.338
284.197
284.05
283.897
283.74
283.579
283.415
283.25
283.083
284.906
284.788
284.688
284.587
284.481
284.367
284.246
284.116
283.98
283.838
283.692
283.542
283.389
283.234
283.078
284.721
284.641
284.556
284.468
284.373
284.27
284.159
284.04
283.914
283.783
283.647
283.507
283.364
283.219
283.073
284.588
284.497
284.428
284.354
284.271
284.178
284.077
283.968
283.852
283.731
283.604
283.474
283.34
283.205
283.068
284.328
284.339
284.302
284.245
284.174
284.092
284.001
283.901
283.794
283.682
283.564
283.443
283.318
283.192
283.064
284.212
284.214
284.191
284.146
284.086
284.013
283.931
283.839
283.741
283.636
283.527
283.414
283.298
283.179
283.06
284.085
284.108
284.094
284.059
284.006
283.941
283.866
283.782
283.691
283.594
283.493
283.387
283.279
283.168
283.056
284.021
284.027
284.014
283.982
283.935
283.876
283.807
283.73
283.646
283.556
283.461
283.362
283.261
283.157
283.053
283.947
283.958
283.945
283.916
283.873
283.819
283.755
283.683
283.604
283.52
283.432
283.339
283.244
283.147
283.049
283.909
283.905
283.889
283.86
283.819
283.767
283.707
283.64
283.567
283.488
283.405
283.319
283.229
283.138
283.046
283.866
283.861
283.842
283.811
283.771
283.722
283.665
283.602
283.533
283.459
283.381
283.3
283.216
283.13
283.044
283.845
283.827
283.803
283.77
283.73
283.682
283.628
283.568
283.502
283.433
283.359
283.282
283.203
283.123
283.041
283.828
283.799
283.768
283.734
283.693
283.647
283.594
283.537
283.475
283.409
283.339
283.267
283.192
283.116
283.039
283.799
283.77
283.738
283.701
283.661
283.615
283.565
283.51
283.45
283.387
283.321
283.253
283.182
283.11
283.037
283.78
283.744
283.71
283.672
283.632
283.587
283.538
283.485
283.428
283.368
283.305
283.24
283.173
283.104
283.035
283.75
283.718
283.683
283.646
283.606
283.562
283.514
283.463
283.409
283.351
283.291
283.229
283.165
283.099
283.033
283.731
283.694
283.658
283.621
283.582
283.539
283.493
283.443
283.391
283.336
283.278
283.219
283.157
283.095
283.032
283.7
283.669
283.635
283.599
283.56
283.519
283.474
283.426
283.375
283.322
283.267
283.21
283.151
283.091
283.03
283.679
283.645
283.613
283.578
283.541
283.5
283.457
283.411
283.362
283.31
283.257
283.202
283.145
283.087
283.029
283.639
283.62
283.592
283.56
283.523
283.484
283.442
283.397
283.349
283.3
283.248
283.194
283.14
283.084
283.028
283.623
283.601
283.575
283.543
283.508
283.47
283.429
283.385
283.339
283.29
283.24
283.188
283.135
283.082
283.027
283.606
283.587
283.56
283.53
283.495
283.458
283.418
283.375
283.329
283.282
283.233
283.183
283.132
283.079
283.026
283.599
283.576
283.549
283.519
283.485
283.448
283.408
283.366
283.322
283.276
283.228
283.179
283.128
283.077
283.026
283.592
283.568
283.541
283.51
283.476
283.44
283.4
283.359
283.315
283.27
283.223
283.175
283.126
283.076
283.025
283.589
283.563
283.535
283.504
283.47
283.433
283.394
283.353
283.31
283.265
283.219
283.172
283.123
283.074
283.025
283.586
283.56
283.531
283.499
283.465
283.428
283.39
283.349
283.306
283.262
283.216
283.169
283.122
283.073
283.024
283.586
283.558
283.528
283.496
283.462
283.425
283.386
283.346
283.303
283.259
283.214
283.167
283.12
283.072
283.024
283.586
283.558
283.528
283.495
283.46
283.423
283.384
283.344
283.301
283.257
283.212
283.166
283.119
283.072
283.024
283.588
283.559
283.528
283.495
283.46
283.423
283.384
283.343
283.3
283.257
283.212
283.166
283.119
283.071
283.024
283.59
283.562
283.531
283.497
283.462
283.424
283.384
283.343
283.3
283.256
283.211
283.165
283.119
283.071
283.024
283.596
283.567
283.535
283.501
283.464
283.426
283.386
283.344
283.301
283.257
283.212
283.166
283.119
283.072
283.024
283.601
283.573
283.541
283.506
283.469
283.43
283.389
283.347
283.303
283.259
283.213
283.167
283.119
283.072
283.024
283.613
283.582
283.548
283.512
283.474
283.434
283.393
283.35
283.306
283.261
283.215
283.168
283.12
283.072
283.024
283.624
283.593
283.558
283.52
283.481
283.44
283.398
283.354
283.309
283.264
283.217
283.17
283.122
283.073
283.024
283.649
283.608
283.569
283.529
283.488
283.446
283.403
283.359
283.314
283.267
283.22
283.172
283.123
283.074
283.025
283.661
283.621
283.58
283.539
283.497
283.454
283.41
283.365
283.318
283.271
283.223
283.174
283.125
283.075
283.025
283.679
283.634
283.592
283.549
283.506
283.462
283.417
283.371
283.324
283.276
283.227
283.177
283.127
283.076
283.026
283.689
283.646
283.603
283.56
283.516
283.471
283.425
283.378
283.33
283.281
283.231
283.181
283.13
283.078
283.026
283.704
283.659
283.615
283.571
283.526
283.481
283.434
283.386
283.337
283.287
283.236
283.185
283.132
283.08
283.027
283.713
283.67
283.626
283.582
283.537
283.491
283.444
283.395
283.345
283.294
283.242
283.189
283.135
283.081
283.027
283.726
283.682
283.638
283.594
283.549
283.502
283.454
283.404
283.353
283.301
283.248
283.194
283.139
283.083
283.028
283.733
283.693
283.651
283.607
283.562
283.515
283.465
283.415
283.363
283.309
283.254
283.199
283.143
283.086
283.029
283.74
283.705
283.665
283.622
283.576
283.528
283.478
283.426
283.373
283.318
283.262
283.205
283.147
283.088
283.029
283.757
283.721
283.681
283.638
283.592
283.543
283.492
283.439
283.384
283.327
283.27
283.211
283.151
283.091
283.03
283.77
283.738
283.7
283.657
283.61
283.56
283.507
283.453
283.396
283.338
283.278
283.218
283.156
283.094
283.031
283.795
283.761
283.722
283.678
283.629
283.578
283.524
283.468
283.409
283.349
283.288
283.225
283.161
283.097
283.032
283.816
283.786
283.747
283.701
283.652
283.598
283.542
283.484
283.424
283.362
283.298
283.233
283.167
283.101
283.034
283.856
283.819
283.776
283.728
283.676
283.621
283.563
283.502
283.439
283.375
283.309
283.242
283.173
283.104
283.035
283.89
283.856
283.809
283.758
283.703
283.645
283.584
283.521
283.456
283.39
283.321
283.251
283.18
283.108
283.036
283.966
283.902
283.846
283.79
283.731
283.671
283.608
283.542
283.475
283.405
283.334
283.261
283.188
283.113
283.038
284.003
283.943
283.883
283.823
283.761
283.698
283.633
283.565
283.494
283.422
283.348
283.272
283.195
283.118
283.039
284.054
283.983
283.92
283.857
283.793
283.727
283.659
283.589
283.516
283.44
283.363
283.284
283.204
283.123
283.041
284.083
284.02
283.956
283.891
283.826
283.758
283.687
283.614
283.538
283.46
283.379
283.297
283.213
283.128
283.043
284.125
284.056
283.992
283.927
283.86
283.791
283.718
283.642
283.563
283.481
283.397
283.311
283.223
283.134
283.045
284.15
284.09
284.028
283.964
283.896
283.825
283.75
283.671
283.589
283.504
283.416
283.326
283.234
283.141
283.047
284.187
284.126
284.066
284.003
283.935
283.863
283.785
283.703
283.618
283.528
283.436
283.342
283.245
283.148
283.049
284.208
284.16
284.106
284.045
283.978
283.904
283.823
283.738
283.649
283.555
283.458
283.359
283.258
283.155
283.052
284.231
284.199
284.151
284.093
284.025
283.948
283.865
283.776
283.682
283.584
283.482
283.378
283.271
283.163
283.055
284.28
284.248
284.204
284.146
284.077
283.998
283.911
283.818
283.718
283.615
283.508
283.398
283.286
283.172
283.057
284.322
284.306
284.266
284.208
284.136
284.053
283.962
283.863
283.758
283.649
283.535
283.419
283.301
283.181
283.06
284.404
284.381
284.34
284.279
284.203
284.115
284.017
283.912
283.801
283.685
283.565
283.442
283.317
283.191
283.064
284.472
284.469
284.427
284.361
284.279
284.183
284.078
283.966
283.847
283.724
283.597
283.467
283.335
283.201
283.067
284.609
284.585
284.531
284.455
284.363
284.258
284.144
284.023
283.896
283.765
283.63
283.493
283.353
283.213
283.071
284.735
284.72
284.651
284.56
284.455
284.339
284.215
284.085
283.949
283.809
283.666
283.52
283.373
283.224
283.075
285.019
284.893
284.787
284.675
284.555
284.426
284.291
284.15
284.004
283.855
283.703
283.549
283.393
283.236
283.079
285.167
285.051
284.926
284.796
284.66
284.518
284.371
284.218
284.062
283.903
283.742
283.578
283.414
283.249
283.083
285.377
285.214
285.068
284.921
284.77
284.614
284.454
284.289
284.122
283.953
283.781
283.609
283.436
283.262
283.087
285.504
285.367
285.211
285.05
284.884
284.713
284.539
284.362
284.184
284.003
283.822
283.64
283.458
283.275
283.092
285.71
285.531
285.359
285.182
285
284.814
284.626
284.437
284.246
284.055
283.863
283.672
283.48
283.288
283.096
285.842
285.69
285.509
285.317
285.119
284.917
284.715
284.512
284.309
284.107
283.905
283.703
283.502
283.301
283.1
286.065
285.869
285.668
285.457
285.239
285.021
284.803
284.587
284.372
284.158
283.946
283.735
283.524
283.314
283.105
286.206
286.05
285.835
285.6
285.361
285.124
284.891
284.661
284.434
284.209
283.987
283.766
283.546
283.327
283.109
286.433
286.273
286.015
285.746
285.482
285.225
284.976
284.732
284.493
284.258
284.026
283.796
283.567
283.34
283.113
287.065
286.565
286.203
285.888
285.597
285.322
285.057
284.801
284.551
284.305
284.064
283.825
283.588
283.352
283.117
287.272
286.76
286.358
286.013
285.701
285.41
285.133
284.865
284.605
284.35
284.1
283.852
283.607
283.364
283.121
287.352
286.878
286.472
286.116
285.792
285.489
285.201
284.924
284.655
284.392
284.134
283.878
283.626
283.375
283.125
287.386
286.948
286.554
286.197
285.867
285.558
285.262
284.978
284.701
284.431
284.165
283.903
283.643
283.385
283.128
287.399
286.987
286.609
286.258
285.929
285.616
285.316
285.026
284.743
284.466
284.194
283.925
283.659
283.395
283.131
287.388
287.003
286.645
286.305
285.979
285.666
285.363
285.068
284.781
284.498
284.22
283.946
283.674
283.404
283.134
322.935
322.804
322.674
322.544
322.415
322.286
322.159
322.034
321.911
321.793
321.681
321.577
321.488
321.421
321.386
322.93
322.791
322.651
322.512
322.372
322.233
322.094
321.955
321.817
321.68
321.543
321.408
321.272
321.129
320.959
322.926
322.777
322.629
322.48
322.33
322.18
322.028
321.876
321.722
321.565
321.405
321.239
321.062
320.864
320.624
322.921
322.764
322.606
322.448
322.288
322.127
321.964
321.798
321.629
321.454
321.273
321.082
320.874
320.641
320.369
322.917
322.751
322.585
322.417
322.248
322.077
321.902
321.724
321.541
321.351
321.152
320.94
320.711
320.458
320.172
322.913
322.739
322.565
322.388
322.21
322.029
321.844
321.655
321.459
321.256
321.042
320.816
320.572
320.307
320.015
322.909
322.728
322.546
322.362
322.175
321.985
321.791
321.592
321.386
321.171
320.946
320.708
320.455
320.182
319.888
322.906
322.718
322.528
322.337
322.143
321.946
321.744
321.536
321.321
321.097
320.863
320.617
320.356
320.079
319.783
322.903
322.709
322.513
322.316
322.115
321.911
321.702
321.487
321.264
321.033
320.792
320.54
320.274
319.994
319.698
322.9
322.701
322.5
322.297
322.091
321.881
321.666
321.445
321.216
320.98
320.733
320.476
320.207
319.924
319.628
322.898
322.694
322.489
322.281
322.07
321.856
321.636
321.41
321.177
320.936
320.685
320.424
320.152
319.868
319.571
322.896
322.689
322.48
322.268
322.054
321.835
321.612
321.382
321.146
320.901
320.648
320.384
320.11
319.825
319.528
322.895
322.685
322.473
322.259
322.042
321.82
321.594
321.362
321.123
320.875
320.62
320.354
320.079
319.793
319.496
322.894
322.682
322.468
322.252
322.033
321.81
321.582
321.348
321.107
320.859
320.601
320.335
320.059
319.772
319.475
322.894
322.681
322.466
322.249
322.029
321.805
321.576
321.341
321.1
320.85
320.592
320.325
320.048
319.762
319.464
321.371
320.984
319.695
319.147
318.561
318.271
317.927
317.758
317.6
317.304
317.086
316.699
316.416
315.897
315.48
314.611
314.196
313.687
313.412
313.042
312.838
312.567
312.427
312.286
312.016
311.812
311.443
311.168
310.661
310.247
309.38
308.964
308.448
308.167
307.789
307.579
307.3
307.156
307.01
306.73
306.518
306.134
305.847
305.318
304.885
303.978
303.542
303.001
302.708
302.311
302.09
301.798
301.646
301.493
301.198
300.974
300.569
300.267
299.707
299.251
298.294
297.834
297.266
296.957
296.54
296.307
295.999
295.838
295.676
295.362
295.123
294.687
294.36
293.751
293.249
292.19
291.678
291.033
290.677
290.176
289.888
289.473
289.24
288.936
288.176
287.908
287.785
287.708
287.638
287.541
320.719
320.318
319.692
319.169
318.703
318.334
318.006
317.734
317.475
317.187
316.889
316.545
316.183
315.753
315.296
314.759
314.305
313.881
313.528
313.196
312.913
312.645
312.411
312.177
311.909
311.626
311.294
310.94
310.517
310.063
309.526
309.069
308.641
308.281
307.942
307.653
307.377
307.135
306.893
306.615
306.321
305.975
305.607
305.165
304.69
304.129
303.651
303.203
302.827
302.471
302.167
301.878
301.625
301.37
301.078
300.769
300.405
300.017
299.551
299.051
298.46
297.957
297.486
297.09
296.717
296.397
296.093
295.826
295.556
295.246
294.917
294.526
294.108
293.603
293.057
292.407
291.851
291.324
290.877
290.446
290.07
289.698
289.362
289.003
288.579
288.271
288.049
287.873
287.711
287.536
320.33
319.975
319.541
319.11
318.704
318.338
318.003
317.693
317.391
317.082
316.76
316.415
316.047
315.649
315.227
314.788
314.369
313.975
313.614
313.278
312.968
312.675
312.396
312.116
311.823
311.512
311.175
310.813
310.418
309.997
309.556
309.134
308.734
308.367
308.024
307.706
307.405
307.116
306.827
306.522
306.2
305.849
305.472
305.059
304.62
304.159
303.718
303.3
302.915
302.556
302.223
301.908
301.605
301.302
300.983
300.644
300.275
299.879
299.445
298.983
298.499
298.034
297.596
297.192
296.815
296.466
296.134
295.816
295.495
295.158
294.798
294.405
293.98
293.513
293.014
292.487
291.981
291.5
291.055
290.636
290.246
289.873
289.517
289.164
288.815
288.509
288.248
288.017
287.801
287.584
320.068
319.746
319.386
319.015
318.649
318.298
317.962
317.639
317.319
316.996
316.664
316.318
315.956
315.577
315.185
314.787
314.397
314.021
313.663
313.323
312.999
312.686
312.381
312.075
311.761
311.436
311.094
310.734
310.355
309.961
309.56
309.165
308.782
308.417
308.069
307.736
307.414
307.098
306.782
306.457
306.118
305.762
305.387
304.992
304.581
304.162
303.749
303.35
302.968
302.603
302.255
301.918
301.588
301.256
300.915
300.56
300.187
299.793
299.379
298.948
298.508
298.075
297.656
297.256
296.874
296.509
296.155
295.809
295.46
295.101
294.727
294.331
293.913
293.471
293.011
292.539
292.074
291.624
291.195
290.785
290.396
290.024
289.666
289.32
288.989
288.682
288.401
288.141
287.894
287.649
319.873
319.573
319.248
318.912
318.572
318.236
317.905
317.578
317.253
316.924
316.588
316.244
315.889
315.524
315.151
314.776
314.404
314.041
313.687
313.345
313.012
312.687
312.366
312.044
311.718
311.383
311.038
310.681
310.313
309.936
309.555
309.177
308.805
308.443
308.092
307.75
307.414
307.082
306.749
306.41
306.062
305.703
305.331
304.947
304.554
304.157
303.762
303.373
302.995
302.628
302.27
301.919
301.571
301.223
300.868
300.504
300.128
299.738
299.336
298.924
298.508
298.094
297.688
297.293
296.908
296.534
296.167
295.804
295.439
295.067
294.686
294.29
293.88
293.456
293.022
292.583
292.146
291.719
291.305
290.906
290.522
290.153
289.798
289.456
289.128
288.818
288.526
288.248
287.98
287.719
319.721
319.433
319.128
318.812
318.49
318.166
317.841
317.517
317.19
316.861
316.526
316.184
315.836
315.481
315.122
314.76
314.401
314.045
313.695
313.352
313.015
312.682
312.351
312.02
311.686
311.346
310.999
310.645
310.283
309.917
309.547
309.179
308.814
308.455
308.101
307.753
307.409
307.067
306.723
306.376
306.023
305.662
305.293
304.916
304.534
304.148
303.764
303.383
303.008
302.638
302.275
301.915
301.557
301.198
300.835
300.465
300.088
299.702
299.308
298.908
298.505
298.103
297.705
297.314
296.929
296.549
296.175
295.802
295.427
295.049
294.664
294.27
293.867
293.457
293.04
292.621
292.205
291.795
291.395
291.005
290.628
290.263
289.91
289.57
289.242
288.929
288.628
288.339
288.059
287.785
319.597
319.318
319.025
318.722
318.412
318.096
317.778
317.457
317.133
316.805
316.473
316.135
315.793
315.445
315.095
314.743
314.391
314.041
313.694
313.351
313.012
312.674
312.338
312.001
311.662
311.319
310.971
310.619
310.261
309.901
309.538
309.176
308.815
308.458
308.103
307.752
307.402
307.054
306.704
306.351
305.994
305.633
305.265
304.893
304.517
304.139
303.761
303.384
303.011
302.641
302.274
301.909
301.544
301.179
300.811
300.438
300.06
299.676
299.288
298.895
298.501
298.106
297.714
297.325
296.94
296.558
296.179
295.801
295.422
295.04
294.654
294.263
293.866
293.465
293.061
292.657
292.255
291.858
291.468
291.087
290.715
290.354
290.004
289.665
289.337
289.02
288.714
288.418
288.129
287.847
319.496
319.222
318.936
318.642
318.34
318.032
317.719
317.402
317.081
316.756
316.427
316.093
315.756
315.414
315.07
314.724
314.378
314.032
313.688
313.346
313.005
312.665
312.325
311.985
311.643
311.298
310.95
310.599
310.245
309.888
309.529
309.171
308.813
308.456
308.101
307.747
307.395
307.042
306.688
306.332
305.973
305.611
305.245
304.875
304.503
304.129
303.755
303.382
303.009
302.639
302.27
301.902
301.533
301.164
300.793
300.418
300.04
299.658
299.273
298.885
298.496
298.106
297.718
297.331
296.946
296.564
296.182
295.802
295.42
295.037
294.652
294.263
293.872
293.478
293.083
292.689
292.297
291.91
291.528
291.154
290.788
290.431
290.083
289.745
289.416
289.097
288.787
288.485
288.19
287.901
319.412
319.141
318.861
318.572
318.276
317.974
317.666
317.353
317.035
316.714
316.388
316.058
315.724
315.387
315.047
314.706
314.364
314.021
313.679
313.337
312.996
312.655
312.314
311.972
311.628
311.282
310.934
310.584
310.231
309.876
309.521
309.164
308.808
308.452
308.096
307.741
307.387
307.031
306.675
306.317
305.957
305.595
305.229
304.862
304.492
304.121
303.749
303.377
303.006
302.635
302.264
301.894
301.524
301.152
300.779
300.404
300.026
299.645
299.262
298.877
298.491
298.105
297.719
297.334
296.95
296.567
296.185
295.803
295.421
295.038
294.653
294.268
293.88
293.492
293.104
292.717
292.333
291.953
291.578
291.209
290.848
290.494
290.148
289.81
289.481
289.16
288.847
288.541
288.242
287.949
319.343
319.075
318.799
318.514
318.222
317.923
317.619
317.31
316.996
316.677
316.354
316.027
315.697
315.364
315.028
314.69
314.35
314.01
313.67
313.329
312.988
312.646
312.304
311.961
311.616
311.27
310.922
310.572
310.22
309.867
309.513
309.158
308.802
308.447
308.091
307.735
307.379
307.023
306.665
306.306
305.945
305.582
305.217
304.851
304.482
304.113
303.742
303.372
303.001
302.63
302.259
301.888
301.516
301.143
300.769
300.393
300.015
299.635
299.254
298.871
298.487
298.103
297.719
297.335
296.952
296.569
296.187
295.805
295.423
295.041
294.658
294.274
293.89
293.506
293.123
292.742
292.364
291.989
291.619
291.255
290.896
290.545
290.201
289.864
289.534
289.212
288.897
288.589
288.286
287.99
319.288
319.022
318.748
318.466
318.177
317.882
317.58
317.274
316.962
316.646
316.326
316.002
315.674
315.344
315.011
314.675
314.338
314
313.66
313.32
312.979
312.638
312.295
311.952
311.607
311.26
310.912
310.563
310.212
309.859
309.506
309.152
308.797
308.442
308.086
307.73
307.373
307.015
306.657
306.297
305.936
305.573
305.208
304.842
304.475
304.106
303.737
303.367
302.996
302.625
302.254
301.882
301.509
301.136
300.761
300.385
300.007
299.628
299.248
298.866
298.484
298.101
297.719
297.336
296.953
296.571
296.189
295.807
295.426
295.044
294.662
294.281
293.9
293.519
293.14
292.763
292.389
292.018
291.652
291.291
290.935
290.586
290.243
289.907
289.577
289.254
288.938
288.627
288.323
288.023
319.245
318.98
318.708
318.428
318.141
317.848
317.549
317.245
316.936
316.622
316.304
315.982
315.656
315.328
314.997
314.663
314.328
313.991
313.652
313.313
312.972
312.631
312.288
311.944
311.599
311.253
310.905
310.556
310.205
309.853
309.501
309.147
308.792
308.437
308.081
307.725
307.368
307.009
306.65
306.29
305.929
305.566
305.201
304.836
304.469
304.101
303.732
303.362
302.992
302.621
302.249
301.877
301.504
301.13
300.755
300.379
300.002
299.623
299.243
298.863
298.482
298.1
297.718
297.336
296.954
296.572
296.191
295.809
295.428
295.048
294.667
294.287
293.908
293.53
293.154
292.78
292.409
292.041
291.678
291.319
290.966
290.618
290.276
289.94
289.61
289.287
288.969
288.657
288.351
288.05
319.214
318.949
318.678
318.399
318.114
317.823
317.526
317.223
316.916
316.603
316.287
315.967
315.643
315.316
314.986
314.654
314.319
313.983
313.646
313.307
312.967
312.625
312.283
311.939
311.594
311.247
310.899
310.55
310.2
309.849
309.496
309.143
308.789
308.433
308.078
307.721
307.363
307.005
306.646
306.285
305.923
305.56
305.196
304.831
304.464
304.097
303.728
303.359
302.988
302.617
302.246
301.873
301.5
301.126
300.751
300.375
299.998
299.619
299.24
298.86
298.48
298.099
297.717
297.336
296.954
296.573
296.192
295.811
295.431
295.051
294.671
294.293
293.915
293.539
293.165
292.793
292.424
292.058
291.697
291.34
290.988
290.641
290.3
289.964
289.634
289.31
288.992
288.68
288.372
288.07
319.193
318.929
318.658
318.381
318.097
317.806
317.51
317.209
316.902
316.591
316.276
315.956
315.634
315.308
314.979
314.647
314.314
313.979
313.641
313.303
312.963
312.622
312.279
311.935
311.59
311.244
310.896
310.547
310.197
309.846
309.493
309.14
308.786
308.431
308.075
307.718
307.361
307.002
306.643
306.282
305.92
305.557
305.193
304.828
304.461
304.094
303.725
303.356
302.986
302.615
302.243
301.871
301.498
301.123
300.748
300.372
299.995
299.617
299.238
298.859
298.478
298.098
297.717
297.336
296.955
296.574
296.193
295.812
295.432
295.053
294.674
294.296
293.92
293.545
293.172
292.801
292.434
292.069
291.709
291.353
291.002
290.656
290.315
289.98
289.65
289.326
289.008
288.694
288.386
288.083
319.183
318.919
318.649
318.371
318.088
317.798
317.502
317.202
316.896
316.585
316.27
315.951
315.629
315.303
314.975
314.644
314.311
313.976
313.639
313.301
312.961
312.62
312.277
311.933
311.588
311.242
310.894
310.545
310.195
309.844
309.492
309.139
308.785
308.43
308.074
307.717
307.359
307.001
306.641
306.28
305.918
305.555
305.191
304.826
304.46
304.092
303.724
303.355
302.985
302.614
302.242
301.87
301.496
301.122
300.747
300.371
299.994
299.616
299.237
298.858
298.478
298.097
297.717
297.336
296.955
296.574
296.193
295.813
295.433
295.054
294.676
294.298
293.922
293.548
293.175
292.805
292.438
292.075
291.715
291.36
291.009
290.663
290.323
289.988
289.658
289.334
289.015
288.702
288.393
288.089
287.315
287
286.671
286.345
286.025
285.713
285.408
285.11
284.818
284.53
284.247
283.967
283.689
283.413
283.137
287.303
287.009
286.698
286.382
286.067
285.756
285.451
285.15
284.854
284.562
284.273
283.987
283.704
283.422
283.14
287.331
287.036
286.73
286.418
286.106
285.795
285.488
285.185
284.885
284.589
284.296
284.005
283.717
283.43
283.143
287.378
287.075
286.766
286.454
286.142
285.831
285.522
285.216
284.914
284.614
284.317
284.022
283.729
283.437
283.145
287.433
287.12
286.806
286.491
286.177
285.864
285.553
285.245
284.939
284.636
284.335
284.036
283.739
283.443
283.148
287.488
287.167
286.847
286.528
286.21
285.895
285.581
285.27
284.962
284.656
284.351
284.049
283.748
283.449
283.149
287.541
287.212
286.886
286.563
286.242
285.923
285.607
285.293
284.982
284.673
284.366
284.061
283.757
283.454
283.151
287.589
287.254
286.923
286.595
286.271
285.949
285.631
285.314
285
284.689
284.379
284.071
283.764
283.458
283.153
287.632
287.292
286.956
286.625
286.297
285.973
285.652
285.333
285.016
284.702
284.39
284.079
283.77
283.462
283.154
287.669
287.324
286.985
286.651
286.321
285.994
285.67
285.349
285.03
284.714
284.4
284.087
283.776
283.465
283.155
287.699
287.352
287.01
286.673
286.34
286.011
285.685
285.362
285.042
284.724
284.408
284.093
283.78
283.468
283.156
287.724
287.374
287.03
286.691
286.356
286.025
285.698
285.373
285.051
284.732
284.414
284.098
283.784
283.47
283.157
287.742
287.391
287.045
286.704
286.368
286.036
285.707
285.381
285.058
284.738
284.419
284.102
283.786
283.471
283.157
287.754
287.402
287.055
286.713
286.376
286.043
285.713
285.387
285.063
284.742
284.422
284.105
283.788
283.473
283.157
287.76
287.407
287.06
286.718
286.38
286.047
285.717
285.39
285.066
284.744
284.424
284.106
283.789
283.473
283.158
)
;

boundaryField
{
    hot
    {
        type            fixedValue;
        value           uniform 323;
    }
    cold
    {
        type            fixedValue;
        value           uniform 283;
    }
    interface_left
    {
        type            fixedValue;
        value           nonuniform List<scalar> 
90
(
318.853
318.853
320.452
320.452
320.89
320.89
321.101
321.101
321.101
321.241
321.241
321.393
321.393
321.56
321.56
321.852
321.852
321.967
321.967
322.039
322.039
322.083
322.083
322.083
322.12
322.12
322.165
322.165
322.219
322.219
322.324
322.324
322.37
322.37
322.401
322.401
322.422
322.422
322.422
322.44
322.44
322.464
322.464
322.493
322.493
322.549
322.549
322.574
322.574
322.591
322.591
322.602
322.602
322.602
322.61
322.61
322.619
322.619
322.627
322.627
322.631
322.631
322.628
322.628
322.621
322.621
322.612
322.612
322.612
322.596
322.596
322.565
322.565
322.509
322.509
322.359
322.359
322.271
322.271
322.189
322.189
322.114
322.114
322.114
321.967
321.967
321.967
321.967
321.967
321.967
)
;
    }
    interface_right
    {
        type            fixedValue;
        value           nonuniform List<scalar> 
90
(
290.076
290.076
286.733
286.733
285.922
285.922
285.544
285.544
285.544
285.292
285.292
285.02
285.02
284.724
284.724
284.218
284.218
284.027
284.027
283.915
283.915
283.852
283.852
283.852
283.806
283.806
283.758
283.758
283.709
283.709
283.633
283.633
283.61
283.61
283.601
283.601
283.599
283.599
283.599
283.602
283.602
283.611
283.611
283.629
283.629
283.678
283.678
283.706
283.706
283.731
283.731
283.752
283.752
283.752
283.777
283.777
283.816
283.816
283.878
283.878
284.025
284.025
284.104
284.104
284.172
284.172
284.229
284.229
284.229
284.302
284.302
284.424
284.424
284.63
284.63
285.181
285.181
285.517
285.517
285.854
285.854
286.222
286.222
286.222
287.621
287.621
287.621
287.621
287.621
287.621
)
;
    }
    interface_top
    {
        type            fixedValue;
        value           nonuniform List<scalar> 
90
(
321.967
321.967
319.162
319.162
318.277
318.277
317.763
317.763
317.763
317.307
317.307
316.701
316.701
315.897
315.897
314.209
314.209
313.422
313.422
312.847
312.847
312.434
312.434
312.434
312.023
312.023
311.449
311.449
310.665
310.665
308.982
308.982
308.181
308.181
307.591
307.591
307.166
307.166
307.166
306.739
306.739
306.143
306.143
305.324
305.324
303.563
303.563
302.723
302.723
302.104
302.104
301.657
301.657
301.657
301.207
301.207
300.577
300.577
299.711
299.711
297.852
297.852
296.969
296.969
296.318
296.318
295.846
295.846
295.846
295.367
295.367
294.69
294.69
293.747
293.747
291.688
291.688
290.68
290.68
289.888
289.888
289.23
289.23
289.23
287.621
287.621
287.621
287.621
287.621
287.621
)
;
    }
    interface_bottom
    {
        type            fixedValue;
        value           nonuniform List<scalar> 
90
(
318.853
318.853
316.918
316.918
316.137
316.137
315.639
315.639
315.639
315.173
315.173
314.541
314.541
313.695
313.695
311.918
311.918
311.092
311.092
310.491
310.491
310.063
310.063
310.063
309.639
309.639
309.052
309.052
308.255
308.255
306.579
306.579
305.799
305.799
305.232
305.232
304.827
304.827
304.827
304.424
304.424
303.866
303.866
303.11
303.11
301.527
301.527
300.791
300.791
300.255
300.255
299.872
299.872
299.872
299.491
299.491
298.963
298.963
298.247
298.247
296.745
296.745
296.046
296.046
295.536
295.536
295.172
295.172
295.172
294.81
294.81
294.308
294.308
293.627
293.627
292.183
292.183
291.504
291.504
291.003
291.003
290.633
290.633
290.633
290.076
290.076
290.076
290.076
290.076
290.076
)
;
    }
    defaultFaces
    {
        type            empty;
    }
}


// ************************************************************************* //
