/*--------------------------------*- C++ -*----------------------------------*\
| =========                 |                                                 |
| \\      /  F ield         | OpenFOAM: The Open Source CFD Toolbox           |
|  \\    /   O peration     | Version:  5.x                                   |
|   \\  /    A nd           | Web:      www.OpenFOAM.org                      |
|    \\/     M anipulation  |                                                 |
\*---------------------------------------------------------------------------*/
FoamFile
{
    version     2.0;
    format      ascii;
    class       volScalarField;
    location    "9.9999";
    object      T;
}
// * * * * * * * * * * * * * * * * * * * * * * * * * * * * * * * * * * * * * //

dimensions      [0 0 0 1 0 0 0];

internalField   nonuniform List<scalar> 
6300
(
322.841
322.522
322.202
321.88
321.555
321.228
320.897
320.562
320.221
319.876
319.525
319.169
318.806
318.437
318.063
322.841
322.523
322.203
321.882
321.558
321.232
320.901
320.566
320.227
319.882
319.531
319.175
318.812
318.443
318.069
322.842
322.525
322.207
321.887
321.565
321.239
320.91
320.576
320.237
319.893
319.543
319.187
318.824
318.455
318.08
322.843
322.528
322.212
321.894
321.574
321.25
320.923
320.591
320.253
319.91
319.561
319.205
318.842
318.473
318.098
322.844
322.532
322.219
321.904
321.587
321.266
320.941
320.61
320.275
319.933
319.585
319.23
318.867
318.498
318.121
322.846
322.538
322.228
321.917
321.603
321.285
320.963
320.636
320.303
319.963
319.616
319.262
318.899
318.529
318.151
322.848
322.545
322.24
321.933
321.623
321.309
320.991
320.667
320.337
320
319.655
319.302
318.939
318.568
318.189
322.851
322.553
322.253
321.951
321.646
321.337
321.024
320.705
320.378
320.045
319.702
319.35
318.988
318.616
318.234
322.854
322.562
322.268
321.972
321.673
321.371
321.063
320.749
320.428
320.098
319.759
319.409
319.048
318.674
318.289
322.858
322.572
322.286
321.997
321.705
321.409
321.108
320.8
320.485
320.161
319.826
319.479
319.119
318.744
318.355
322.861
322.584
322.305
322.024
321.74
321.452
321.159
320.859
320.552
320.234
319.906
319.563
319.205
318.829
318.434
322.866
322.597
322.327
322.055
321.78
321.501
321.217
320.927
320.628
320.32
319.999
319.662
319.308
318.933
318.533
322.87
322.611
322.351
322.088
321.823
321.555
321.281
321.002
320.715
320.417
320.107
319.78
319.432
319.06
318.658
322.876
322.626
322.376
322.124
321.87
321.613
321.352
321.085
320.811
320.528
320.231
319.918
319.582
319.217
318.819
322.881
322.642
322.403
322.163
321.92
321.676
321.428
321.175
320.917
320.651
320.373
320.079
319.76
319.407
319.017
317.715
317.394
317.07
316.743
316.412
316.079
315.743
315.404
315.063
314.72
314.375
314.029
313.682
313.333
312.983
312.633
312.282
311.931
311.581
311.23
310.88
310.53
310.18
309.831
309.482
309.133
308.786
308.438
308.092
307.746
307.4
307.056
306.712
306.37
306.028
305.688
305.349
305.01
304.673
304.336
304.001
303.666
303.333
303
302.668
302.337
302.007
301.678
301.351
301.024
300.699
300.375
300.052
299.73
299.408
299.088
298.769
298.45
298.133
297.816
297.5
297.186
296.872
296.559
296.247
295.936
295.627
295.318
295.01
294.702
294.396
294.09
293.785
293.48
293.176
292.873
292.57
292.268
291.967
291.666
291.365
291.064
290.764
290.464
290.163
289.861
289.559
289.257
288.953
288.648
317.72
317.399
317.075
316.747
316.416
316.083
315.746
315.407
315.066
314.723
314.378
314.031
313.683
313.334
312.984
312.633
312.283
311.931
311.58
311.23
310.879
310.529
310.179
309.83
309.481
309.133
308.785
308.437
308.091
307.744
307.399
307.055
306.711
306.368
306.027
305.686
305.347
305.009
304.672
304.335
304
303.665
303.331
302.998
302.666
302.335
302.006
301.677
301.349
301.023
300.697
300.373
300.05
299.728
299.407
299.087
298.768
298.449
298.132
297.815
297.499
297.184
296.87
296.557
296.246
295.935
295.625
295.316
295.009
294.701
294.395
294.089
293.784
293.479
293.175
292.872
292.569
292.267
291.966
291.665
291.365
291.064
290.764
290.464
290.163
289.862
289.561
289.258
288.954
288.65
317.731
317.41
317.085
316.756
316.425
316.09
315.753
315.414
315.072
314.728
314.382
314.035
313.686
313.337
312.986
312.635
312.283
311.931
311.58
311.229
310.878
310.528
310.178
309.829
309.48
309.131
308.783
308.436
308.089
307.742
307.397
307.052
306.708
306.365
306.024
305.683
305.344
305.006
304.669
304.333
303.997
303.662
303.329
302.996
302.664
302.332
302.002
301.673
301.346
301.019
300.694
300.37
300.047
299.725
299.405
299.084
298.765
298.447
298.129
297.812
297.496
297.181
296.867
296.554
296.243
295.932
295.623
295.314
295.006
294.699
294.393
294.087
293.782
293.478
293.174
292.87
292.568
292.266
291.964
291.664
291.364
291.064
290.765
290.465
290.165
289.864
289.563
289.261
288.957
288.652
317.748
317.425
317.099
316.77
316.437
316.102
315.764
315.423
315.081
314.736
314.389
314.041
313.691
313.34
312.988
312.636
312.283
311.931
311.579
311.227
310.876
310.526
310.176
309.827
309.478
309.129
308.781
308.433
308.086
307.739
307.393
307.048
306.704
306.361
306.019
305.679
305.34
305.002
304.665
304.329
303.993
303.659
303.325
302.992
302.659
302.328
301.997
301.668
301.341
301.014
300.689
300.365
300.043
299.721
299.401
299.081
298.762
298.443
298.125
297.808
297.492
297.177
296.863
296.55
296.238
295.928
295.619
295.31
295.003
294.696
294.39
294.085
293.78
293.475
293.171
292.868
292.565
292.263
291.962
291.662
291.362
291.064
290.765
290.466
290.167
289.868
289.567
289.265
288.962
288.657
317.77
317.446
317.119
316.788
316.454
316.117
315.778
315.436
315.092
314.747
314.399
314.049
313.698
313.345
312.992
312.638
312.284
311.93
311.577
311.225
310.874
310.523
310.173
309.824
309.476
309.127
308.779
308.43
308.082
307.735
307.388
307.042
306.697
306.354
306.012
305.672
305.334
304.996
304.66
304.324
303.989
303.654
303.32
302.986
302.654
302.322
301.991
301.661
301.333
301.007
300.682
300.359
300.037
299.716
299.396
299.076
298.757
298.438
298.12
297.803
297.486
297.171
296.856
296.543
296.232
295.922
295.613
295.305
294.999
294.692
294.387
294.081
293.776
293.472
293.167
292.864
292.561
292.259
291.959
291.659
291.36
291.063
290.765
290.468
290.171
289.872
289.573
289.271
288.968
288.663
317.798
317.473
317.143
316.81
316.475
316.136
315.795
315.452
315.107
314.76
314.411
314.059
313.706
313.351
312.996
312.64
312.284
311.928
311.574
311.221
310.87
310.519
310.17
309.821
309.473
309.124
308.776
308.427
308.078
307.729
307.381
307.034
306.689
306.345
306.004
305.664
305.326
304.989
304.653
304.318
303.983
303.649
303.314
302.98
302.647
302.314
301.982
301.652
301.324
300.998
300.673
300.351
300.03
299.709
299.39
299.071
298.752
298.433
298.115
297.796
297.479
297.163
296.848
296.535
296.224
295.914
295.606
295.299
294.993
294.688
294.383
294.078
293.772
293.467
293.163
292.859
292.556
292.254
291.953
291.655
291.357
291.061
290.766
290.471
290.175
289.879
289.581
289.28
288.978
288.672
317.833
317.505
317.173
316.837
316.499
316.158
315.816
315.472
315.125
314.777
314.426
314.072
313.717
313.359
313
312.641
312.283
311.925
311.569
311.216
310.864
310.514
310.166
309.818
309.47
309.122
308.773
308.423
308.073
307.723
307.373
307.025
306.678
306.334
305.992
305.653
305.316
304.98
304.646
304.312
303.978
303.643
303.308
302.973
302.638
302.304
301.971
301.64
301.312
300.986
300.662
300.341
300.021
299.702
299.384
299.065
298.747
298.427
298.108
297.789
297.47
297.153
296.837
296.524
296.213
295.904
295.597
295.292
294.987
294.683
294.379
294.074
293.769
293.463
293.157
292.852
292.548
292.246
291.946
291.648
291.352
291.058
290.766
290.474
290.181
289.887
289.592
289.293
288.991
288.685
317.875
317.544
317.207
316.868
316.526
316.183
315.839
315.494
315.146
314.797
314.444
314.088
313.73
313.369
313.006
312.642
312.28
311.919
311.562
311.207
310.856
310.507
310.16
309.814
309.468
309.121
308.772
308.421
308.069
307.716
307.364
307.013
306.664
306.319
305.977
305.639
305.303
304.97
304.638
304.305
303.973
303.638
303.303
302.966
302.629
302.293
301.958
301.625
301.296
300.97
300.648
300.328
300.01
299.694
299.377
299.06
298.742
298.422
298.101
297.78
297.46
297.14
296.824
296.51
296.199
295.891
295.586
295.283
294.98
294.678
294.375
294.071
293.765
293.458
293.151
292.844
292.539
292.236
291.935
291.638
291.345
291.054
290.765
290.477
290.189
289.899
289.607
289.31
289.009
288.703
317.925
317.588
317.247
316.902
316.556
316.21
315.864
315.518
315.171
314.821
314.467
314.109
313.747
313.38
313.012
312.642
312.274
311.91
311.549
311.194
310.844
310.498
310.154
309.811
309.467
309.121
308.773
308.42
308.065
307.708
307.352
306.997
306.645
306.299
305.957
305.621
305.288
304.958
304.629
304.3
303.969
303.636
303.299
302.96
302.619
302.279
301.941
301.606
301.275
300.95
300.629
300.312
299.998
299.685
299.372
299.057
298.739
298.418
298.096
297.771
297.447
297.125
296.805
296.491
296.18
295.875
295.573
295.273
294.974
294.674
294.373
294.07
293.763
293.455
293.144
292.834
292.526
292.221
291.92
291.624
291.333
291.046
290.763
290.481
290.199
289.915
289.628
289.335
289.035
288.728
317.985
317.64
317.29
316.938
316.586
316.237
315.89
315.545
315.199
314.85
314.496
314.136
313.769
313.396
313.018
312.64
312.264
311.893
311.53
311.174
310.826
310.484
310.146
309.809
309.47
309.127
308.778
308.424
308.064
307.701
307.337
306.976
306.62
306.271
305.93
305.597
305.269
304.945
304.622
304.297
303.97
303.637
303.299
302.956
302.609
302.262
301.918
301.579
301.247
300.923
300.605
300.293
299.985
299.677
299.369
299.057
298.74
298.418
298.092
297.762
297.432
297.104
296.781
296.465
296.156
295.853
295.555
295.261
294.968
294.673
294.375
294.073
293.765
293.453
293.137
292.822
292.508
292.2
291.898
291.603
291.316
291.034
290.758
290.484
290.211
289.936
289.657
289.369
289.072
288.764
318.056
317.7
317.336
316.972
316.612
316.259
315.913
315.572
315.231
314.886
314.534
314.173
313.8
313.417
313.027
312.634
312.246
311.866
311.499
311.144
310.8
310.466
310.137
309.809
309.478
309.14
308.793
308.435
308.068
307.695
307.319
306.947
306.584
306.232
305.893
305.564
305.244
304.93
304.616
304.3
303.977
303.646
303.305
302.956
302.6
302.242
301.888
301.543
301.209
300.886
300.573
300.269
299.97
299.671
299.371
299.064
298.749
298.425
298.092
297.753
297.413
297.076
296.748
296.429
296.122
295.824
295.534
295.248
294.964
294.677
294.384
294.083
293.773
293.455
293.131
292.806
292.483
292.169
291.865
291.572
291.289
291.016
290.749
290.487
290.226
289.964
289.696
289.418
289.126
288.816
318.143
317.77
317.384
317.001
316.629
316.273
315.93
315.598
315.269
314.933
314.587
314.225
313.846
313.449
313.039
312.623
312.215
311.822
311.45
311.097
310.761
310.439
310.126
309.814
309.495
309.166
308.821
308.46
308.082
307.691
307.294
306.905
306.531
306.176
305.839
305.519
305.212
304.913
304.615
304.311
303.997
303.669
303.325
302.965
302.593
302.216
301.846
301.491
301.153
300.833
300.529
300.237
299.953
299.67
299.381
299.082
298.77
298.443
298.101
297.748
297.389
297.037
296.699
296.378
296.073
295.783
295.505
295.234
294.964
294.689
294.404
294.106
293.793
293.466
293.128
292.784
292.448
292.124
291.816
291.525
291.25
290.987
290.734
290.487
290.243
289.999
289.75
289.489
289.206
288.893
318.258
317.859
317.428
317.013
316.622
316.265
315.933
315.622
315.314
314.996
314.662
314.302
313.918
313.501
313.06
312.599
312.161
311.749
311.373
311.024
310.703
310.401
310.114
309.828
309.529
309.214
308.874
308.51
308.115
307.696
307.259
306.843
306.452
306.094
305.762
305.456
305.168
304.895
304.622
304.337
304.038
303.714
303.368
302.992
302.594
302.179
301.784
301.413
301.073
300.758
300.468
300.195
299.935
299.676
299.405
299.121
298.813
298.484
298.127
297.749
297.355
296.979
296.626
296.303
296.003
295.727
295.466
295.219
294.972
294.714
294.443
294.149
293.835
293.494
293.132
292.754
292.393
292.054
291.744
291.456
291.191
290.944
290.711
290.485
290.259
290.04
289.823
289.591
289.327
289.014
318.422
317.995
317.448
316.989
316.567
316.223
315.906
315.638
315.376
315.081
314.774
314.415
314.037
313.587
313.108
312.544
312.068
311.625
311.257
310.911
310.618
310.341
310.1
309.859
309.586
309.298
308.962
308.605
308.18
307.727
307.194
306.743
306.324
305.974
305.646
305.367
305.104
304.875
304.646
304.386
304.112
303.792
303.453
303.049
302.619
302.114
301.687
301.289
300.958
300.647
300.382
300.133
299.915
299.698
299.451
299.191
298.887
298.566
298.182
297.774
297.294
296.888
296.51
296.195
295.899
295.647
295.409
295.202
294.995
294.76
294.513
294.223
293.916
293.55
293.159
292.698
292.308
291.944
291.639
291.353
291.109
290.879
290.679
290.482
290.264
290.081
289.915
289.738
289.52
289.217
318.685
318.305
317.348
316.911
316.402
316.139
315.811
315.646
315.487
315.184
314.959
314.556
314.259
313.715
313.277
312.363
311.928
311.395
311.107
310.722
310.509
310.229
310.084
309.94
309.662
309.454
309.077
308.799
308.287
307.873
307.011
306.599
306.096
305.823
305.459
305.257
304.991
304.853
304.716
304.453
304.254
303.897
303.632
303.145
302.753
301.936
301.547
301.07
300.813
300.467
300.276
300.025
299.894
299.764
299.514
299.326
298.987
298.736
298.274
297.902
297.126
296.757
296.303
296.058
295.73
295.548
295.308
295.184
295.06
294.823
294.644
294.321
294.082
293.642
293.286
292.541
292.185
291.747
291.509
291.188
291.009
290.769
290.643
290.508
290.219
290.099
290.022
289.946
289.834
289.606
288.312
287.945
287.576
287.207
286.838
286.468
286.1
285.732
285.365
284.998
284.633
284.269
283.906
283.543
283.181
288.314
287.946
287.577
287.207
286.838
286.468
286.099
285.731
285.364
284.997
284.632
284.268
283.905
283.543
283.181
288.316
287.948
287.578
287.208
286.837
286.467
286.097
285.729
285.361
284.995
284.63
284.267
283.904
283.542
283.181
288.32
287.951
287.58
287.208
286.837
286.465
286.095
285.726
285.358
284.992
284.627
284.264
283.902
283.541
283.18
288.326
287.955
287.582
287.209
286.836
286.463
286.091
285.721
285.353
284.987
284.623
284.26
283.899
283.539
283.18
288.334
287.961
287.586
287.21
286.834
286.459
286.086
285.715
285.346
284.98
284.617
284.255
283.895
283.537
283.179
288.345
287.969
287.591
287.211
286.832
286.454
286.078
285.706
285.337
284.971
284.608
284.248
283.89
283.533
283.178
288.36
287.98
287.597
287.212
286.827
286.446
286.068
285.694
285.324
284.959
284.597
284.239
283.883
283.529
283.176
288.382
287.996
287.604
287.211
286.821
286.434
286.053
285.677
285.307
284.943
284.583
284.227
283.874
283.524
283.174
288.412
288.016
287.613
287.209
286.81
286.417
286.032
285.655
285.285
284.922
284.565
284.212
283.863
283.517
283.172
288.455
288.042
287.622
287.204
286.793
286.392
286.003
285.625
285.256
284.896
284.542
284.194
283.85
283.509
283.169
288.516
288.077
287.63
287.19
286.765
286.356
285.964
285.586
285.219
284.863
284.514
284.172
283.834
283.499
283.166
288.607
288.119
287.63
287.162
286.72
286.304
285.91
285.534
285.172
284.822
284.48
284.145
283.814
283.487
283.162
288.741
288.161
287.609
287.107
286.65
286.23
285.839
285.468
285.114
284.772
284.439
284.113
283.791
283.474
283.158
288.936
288.176
287.539
287.005
286.543
286.128
285.746
285.387
285.044
284.713
284.391
284.076
283.765
283.458
283.152
322.886
322.658
322.429
322.199
321.969
321.736
321.501
321.264
321.022
320.774
320.519
320.249
319.955
319.614
319.176
322.891
322.672
322.453
322.234
322.014
321.793
321.57
321.347
321.121
320.893
320.66
320.421
320.166
319.873
319.436
322.896
322.687
322.478
322.268
322.059
321.85
321.64
321.431
321.222
321.014
320.806
320.602
320.405
320.232
320.172
322.9
322.701
322.502
322.303
322.105
321.907
321.71
321.515
321.322
321.133
320.951
320.779
320.628
320.516
320.474
322.905
322.716
322.527
322.338
322.15
321.964
321.779
321.598
321.42
321.249
321.088
320.942
320.823
320.751
320.771
322.91
322.73
322.55
322.372
322.195
322.019
321.846
321.677
321.514
321.358
321.213
321.086
320.985
320.923
320.908
322.915
322.744
322.574
322.405
322.238
322.073
321.911
321.753
321.602
321.459
321.327
321.212
321.12
321.061
321.053
322.919
322.757
322.596
322.437
322.279
322.124
321.972
321.825
321.684
321.552
321.43
321.322
321.232
321.164
321.119
322.923
322.77
322.618
322.467
322.319
322.173
322.03
321.893
321.761
321.637
321.523
321.419
321.329
321.25
321.172
322.928
322.783
322.639
322.497
322.356
322.219
322.085
321.956
321.833
321.716
321.608
321.508
321.417
321.335
321.262
322.931
322.795
322.659
322.524
322.392
322.263
322.137
322.015
321.899
321.79
321.686
321.59
321.5
321.414
321.321
322.935
322.806
322.677
322.55
322.426
322.304
322.185
322.071
321.962
321.858
321.76
321.668
321.581
321.496
321.417
322.939
322.816
322.695
322.575
322.457
322.342
322.231
322.123
322.021
321.923
321.83
321.743
321.659
321.575
321.48
322.942
322.826
322.712
322.598
322.487
322.379
322.274
322.172
322.076
321.984
321.897
321.815
321.738
321.662
321.587
322.945
322.836
322.727
322.62
322.515
322.413
322.314
322.218
322.127
322.041
321.96
321.885
321.815
321.747
321.666
322.948
322.845
322.742
322.641
322.541
322.445
322.351
322.261
322.175
322.095
322.02
321.951
321.891
321.841
321.819
322.951
322.853
322.756
322.66
322.566
322.474
322.386
322.301
322.22
322.145
322.075
322.012
321.958
321.916
321.889
322.953
322.86
322.768
322.677
322.588
322.502
322.418
322.338
322.261
322.19
322.125
322.067
322.018
321.982
321.966
322.956
322.868
322.78
322.694
322.609
322.527
322.448
322.371
322.299
322.232
322.17
322.115
322.069
322.032
322.006
322.958
322.874
322.791
322.709
322.629
322.551
322.475
322.403
322.334
322.269
322.21
322.157
322.112
322.076
322.054
322.96
322.88
322.801
322.723
322.647
322.572
322.5
322.431
322.365
322.304
322.246
322.194
322.149
322.111
322.079
322.962
322.886
322.811
322.737
322.664
322.593
322.524
322.457
322.394
322.334
322.279
322.227
322.181
322.141
322.109
322.964
322.891
322.82
322.749
322.679
322.611
322.545
322.481
322.42
322.362
322.308
322.256
322.209
322.165
322.124
322.965
322.896
322.828
322.76
322.693
322.628
322.565
322.504
322.445
322.388
322.334
322.283
322.234
322.186
322.137
322.967
322.901
322.835
322.771
322.707
322.644
322.583
322.524
322.467
322.412
322.359
322.308
322.258
322.209
322.161
322.968
322.905
322.842
322.78
322.719
322.659
322.601
322.544
322.488
322.435
322.383
322.332
322.282
322.232
322.178
322.97
322.909
322.849
322.789
322.731
322.673
322.617
322.562
322.508
322.456
322.405
322.356
322.306
322.256
322.206
322.971
322.913
322.855
322.798
322.742
322.686
322.632
322.579
322.527
322.477
322.427
322.379
322.331
322.281
322.226
322.972
322.916
322.861
322.806
322.752
322.698
322.646
322.595
322.545
322.496
322.449
322.402
322.356
322.309
322.262
322.973
322.92
322.866
322.813
322.761
322.71
322.659
322.61
322.562
322.515
322.47
322.425
322.382
322.338
322.288
322.974
322.923
322.871
322.82
322.77
322.721
322.672
322.625
322.578
322.533
322.49
322.448
322.408
322.371
322.343
322.975
322.925
322.876
322.827
322.779
322.731
322.684
322.638
322.594
322.55
322.509
322.469
322.432
322.398
322.368
322.976
322.928
322.88
322.833
322.786
322.74
322.695
322.651
322.608
322.566
322.526
322.488
322.453
322.422
322.398
322.977
322.931
322.885
322.839
322.794
322.749
322.706
322.663
322.621
322.581
322.543
322.506
322.472
322.441
322.413
322.978
322.933
322.889
322.844
322.801
322.758
322.715
322.674
322.634
322.595
322.557
322.522
322.488
322.458
322.433
322.978
322.935
322.892
322.85
322.807
322.766
322.725
322.685
322.645
322.607
322.571
322.536
322.503
322.472
322.443
322.979
322.937
322.896
322.854
322.813
322.773
322.733
322.694
322.656
322.619
322.583
322.549
322.515
322.484
322.457
322.98
322.939
322.899
322.859
322.819
322.78
322.741
322.703
322.666
322.63
322.595
322.56
322.527
322.494
322.463
322.98
322.941
322.902
322.863
322.825
322.787
322.749
322.712
322.676
322.64
322.605
322.571
322.537
322.504
322.469
322.981
322.943
322.905
322.867
322.83
322.793
322.756
322.72
322.685
322.65
322.616
322.582
322.548
322.514
322.48
322.981
322.944
322.908
322.871
322.834
322.799
322.763
322.728
322.693
322.659
322.626
322.592
322.559
322.524
322.488
322.982
322.946
322.91
322.874
322.839
322.804
322.769
322.735
322.702
322.668
322.635
322.603
322.57
322.536
322.503
322.982
322.947
322.912
322.878
322.843
322.809
322.776
322.742
322.71
322.677
322.645
322.613
322.581
322.548
322.512
322.983
322.949
322.915
322.881
322.847
322.814
322.781
322.749
322.717
322.686
322.655
322.624
322.593
322.562
322.53
322.983
322.95
322.917
322.884
322.851
322.819
322.787
322.756
322.725
322.694
322.664
322.635
322.606
322.576
322.544
322.984
322.951
322.919
322.887
322.855
322.823
322.792
322.762
322.732
322.702
322.673
322.645
322.618
322.593
322.572
322.984
322.952
322.921
322.889
322.858
322.827
322.797
322.767
322.738
322.71
322.682
322.655
322.63
322.606
322.585
322.984
322.953
322.922
322.892
322.861
322.831
322.802
322.773
322.744
322.717
322.69
322.664
322.64
322.618
322.6
322.985
322.954
322.924
322.894
322.864
322.835
322.806
322.777
322.75
322.723
322.697
322.672
322.649
322.628
322.608
322.985
322.955
322.925
322.896
322.867
322.838
322.809
322.782
322.755
322.728
322.703
322.679
322.657
322.636
322.618
322.985
322.956
322.927
322.897
322.869
322.84
322.813
322.786
322.759
322.733
322.709
322.685
322.663
322.642
322.623
322.985
322.956
322.928
322.899
322.871
322.843
322.816
322.789
322.763
322.738
322.713
322.69
322.668
322.648
322.629
322.986
322.957
322.928
322.9
322.872
322.845
322.818
322.792
322.766
322.741
322.717
322.695
322.673
322.652
322.632
322.986
322.957
322.929
322.901
322.874
322.847
322.82
322.794
322.769
322.744
322.721
322.698
322.676
322.655
322.634
322.986
322.958
322.93
322.902
322.875
322.848
322.822
322.796
322.771
322.747
322.724
322.701
322.679
322.659
322.638
322.986
322.958
322.93
322.903
322.875
322.849
322.823
322.797
322.773
322.749
322.726
322.704
322.682
322.662
322.641
322.986
322.958
322.93
322.903
322.876
322.849
322.823
322.798
322.774
322.75
322.727
322.705
322.684
322.664
322.645
322.986
322.958
322.93
322.903
322.876
322.849
322.823
322.798
322.774
322.751
322.728
322.707
322.686
322.667
322.648
322.986
322.958
322.93
322.902
322.875
322.849
322.823
322.798
322.774
322.751
322.728
322.707
322.687
322.668
322.651
322.986
322.958
322.929
322.902
322.875
322.848
322.822
322.797
322.773
322.75
322.728
322.707
322.687
322.669
322.652
322.986
322.957
322.929
322.901
322.873
322.847
322.82
322.795
322.771
322.748
322.726
322.706
322.687
322.669
322.653
322.985
322.956
322.928
322.899
322.872
322.845
322.818
322.793
322.769
322.746
322.724
322.704
322.685
322.668
322.652
322.985
322.956
322.926
322.898
322.869
322.842
322.816
322.79
322.766
322.743
322.721
322.701
322.682
322.665
322.649
322.985
322.955
322.925
322.896
322.867
322.839
322.812
322.786
322.762
322.739
322.717
322.697
322.679
322.662
322.647
322.985
322.954
322.923
322.893
322.864
322.835
322.808
322.781
322.757
322.733
322.712
322.692
322.674
322.657
322.642
322.984
322.952
322.921
322.89
322.86
322.83
322.802
322.776
322.75
322.727
322.705
322.686
322.668
322.652
322.638
322.984
322.951
322.918
322.886
322.855
322.825
322.796
322.769
322.743
322.719
322.698
322.678
322.661
322.646
322.632
322.983
322.949
322.915
322.882
322.85
322.819
322.789
322.761
322.734
322.71
322.688
322.669
322.653
322.639
322.628
322.982
322.947
322.912
322.877
322.844
322.811
322.781
322.751
322.724
322.699
322.677
322.658
322.642
322.63
322.622
322.981
322.944
322.908
322.872
322.837
322.803
322.771
322.741
322.713
322.687
322.664
322.645
322.629
322.618
322.611
322.981
322.942
322.903
322.866
322.829
322.794
322.76
322.729
322.699
322.672
322.649
322.629
322.613
322.603
322.6
322.98
322.939
322.899
322.859
322.821
322.784
322.748
322.715
322.684
322.656
322.631
322.61
322.593
322.583
322.578
322.978
322.936
322.893
322.852
322.811
322.772
322.735
322.699
322.666
322.636
322.61
322.587
322.57
322.559
322.56
322.977
322.932
322.887
322.843
322.8
322.759
322.72
322.682
322.647
322.615
322.586
322.561
322.541
322.528
322.522
322.976
322.928
322.881
322.834
322.789
322.745
322.703
322.663
322.626
322.591
322.56
322.532
322.508
322.491
322.488
322.975
322.924
322.874
322.824
322.776
322.73
322.685
322.643
322.603
322.566
322.531
322.5
322.471
322.443
322.41
322.973
322.919
322.866
322.814
322.763
322.713
322.666
322.621
322.578
322.538
322.5
322.465
322.432
322.4
322.37
322.971
322.914
322.858
322.802
322.748
322.695
322.645
322.597
322.551
322.508
322.468
322.43
322.393
322.356
322.314
322.969
322.909
322.848
322.789
322.732
322.676
322.622
322.571
322.522
322.477
322.434
322.393
322.354
322.317
322.281
322.968
322.903
322.839
322.776
322.714
322.655
322.598
322.543
322.492
322.443
322.398
322.356
322.315
322.275
322.231
322.965
322.896
322.828
322.761
322.696
322.632
322.571
322.513
322.459
322.408
322.36
322.317
322.275
322.236
322.2
322.963
322.89
322.817
322.745
322.675
322.608
322.543
322.481
322.423
322.37
322.32
322.275
322.234
322.196
322.154
322.961
322.882
322.805
322.728
322.654
322.581
322.512
322.447
322.385
322.329
322.278
322.232
322.192
322.157
322.128
322.958
322.874
322.792
322.71
322.63
322.553
322.479
322.409
322.344
322.284
322.231
322.184
322.145
322.113
322.096
322.955
322.866
322.778
322.69
322.605
322.523
322.443
322.368
322.298
322.235
322.179
322.132
322.093
322.06
322.021
322.952
322.857
322.763
322.67
322.578
322.49
322.404
322.324
322.249
322.181
322.122
322.073
322.037
322.011
321.989
322.949
322.848
322.747
322.647
322.55
322.454
322.362
322.275
322.194
322.12
322.057
322.007
321.973
321.96
321.965
322.946
322.838
322.73
322.624
322.519
322.417
322.317
322.223
322.133
322.052
321.982
321.928
321.896
321.896
321.935
322.942
322.827
322.713
322.599
322.487
322.377
322.269
322.166
322.068
321.977
321.897
321.834
321.797
321.804
321.883
322.939
322.817
322.695
322.574
322.454
322.335
322.219
322.105
321.997
321.894
321.801
321.722
321.668
321.662
321.763
289.141
288.079
287.379
286.847
286.401
286.005
285.64
285.297
284.968
284.651
284.341
284.038
283.738
283.442
283.147
288.766
287.737
287.118
286.644
286.238
285.871
285.529
285.205
284.892
284.588
284.292
284
283.712
283.426
283.142
287.287
287.112
286.756
286.393
286.048
285.72
285.407
285.104
284.809
284.521
284.239
283.96
283.684
283.409
283.136
286.706
286.613
286.398
286.13
285.846
285.56
285.276
284.997
284.722
284.451
284.183
283.917
283.654
283.392
283.131
286.156
286.199
286.076
285.878
285.645
285.397
285.143
284.888
284.632
284.378
284.125
283.874
283.623
283.374
283.125
285.907
285.9
285.807
285.65
285.455
285.238
285.011
284.778
284.542
284.305
284.067
283.83
283.592
283.355
283.118
285.648
285.661
285.582
285.448
285.279
285.088
284.883
284.67
284.452
284.231
284.009
283.785
283.561
283.337
283.112
285.532
285.485
285.396
285.271
285.118
284.946
284.76
284.565
284.364
284.159
283.951
283.741
283.53
283.318
283.106
285.44
285.338
285.235
285.113
284.972
284.814
284.644
284.465
284.28
284.089
283.895
283.698
283.5
283.3
283.1
285.281
285.192
285.087
284.968
284.836
284.691
284.535
284.37
284.198
284.021
283.84
283.656
283.47
283.283
283.094
285.178
285.058
284.948
284.833
284.709
284.575
284.431
284.279
284.12
283.956
283.788
283.616
283.441
283.265
283.089
285.009
284.916
284.813
284.705
284.589
284.466
284.333
284.193
284.046
283.894
283.737
283.577
283.414
283.249
283.083
284.899
284.781
284.681
284.581
284.476
284.362
284.241
284.112
283.976
283.835
283.689
283.54
283.387
283.233
283.078
284.713
284.634
284.549
284.462
284.367
284.264
284.154
284.035
283.91
283.78
283.644
283.505
283.362
283.218
283.073
284.579
284.489
284.42
284.347
284.264
284.172
284.072
283.963
283.848
283.727
283.601
283.472
283.339
283.204
283.068
284.318
284.33
284.294
284.238
284.168
284.086
283.995
283.896
283.79
283.678
283.561
283.44
283.317
283.191
283.064
284.201
284.205
284.182
284.138
284.079
284.007
283.925
283.834
283.736
283.633
283.524
283.411
283.296
283.178
283.06
284.073
284.098
284.085
284.05
283.999
283.934
283.86
283.777
283.686
283.59
283.489
283.384
283.277
283.167
283.056
284.01
284.016
284.004
283.973
283.927
283.869
283.801
283.724
283.641
283.551
283.457
283.36
283.259
283.156
283.052
283.935
283.947
283.935
283.907
283.864
283.811
283.748
283.677
283.599
283.516
283.428
283.337
283.242
283.146
283.049
283.896
283.894
283.878
283.85
283.809
283.759
283.7
283.634
283.561
283.483
283.401
283.316
283.227
283.137
283.046
283.853
283.849
283.831
283.801
283.762
283.713
283.658
283.595
283.527
283.454
283.377
283.296
283.214
283.129
283.043
283.832
283.815
283.791
283.759
283.72
283.673
283.62
283.561
283.496
283.427
283.355
283.279
283.201
283.121
283.041
283.814
283.786
283.756
283.722
283.683
283.637
283.586
283.53
283.469
283.403
283.335
283.263
283.19
283.114
283.038
283.785
283.757
283.725
283.69
283.65
283.605
283.556
283.502
283.444
283.382
283.317
283.249
283.179
283.108
283.036
283.765
283.731
283.697
283.66
283.621
283.577
283.529
283.477
283.421
283.362
283.301
283.236
283.17
283.103
283.034
283.734
283.704
283.67
283.633
283.594
283.551
283.505
283.455
283.401
283.345
283.286
283.225
283.162
283.098
283.033
283.715
283.679
283.644
283.608
283.57
283.528
283.483
283.435
283.384
283.33
283.273
283.215
283.154
283.093
283.031
283.683
283.653
283.62
283.585
283.548
283.507
283.464
283.417
283.368
283.316
283.261
283.205
283.148
283.089
283.03
283.661
283.628
283.597
283.564
283.528
283.489
283.446
283.401
283.354
283.303
283.251
283.197
283.142
283.086
283.029
283.62
283.602
283.576
283.545
283.51
283.472
283.431
283.387
283.341
283.293
283.242
283.19
283.137
283.082
283.028
283.602
283.583
283.558
283.528
283.494
283.457
283.418
283.375
283.33
283.283
283.234
283.184
283.132
283.08
283.027
283.585
283.567
283.543
283.514
283.481
283.445
283.406
283.364
283.321
283.275
283.227
283.178
283.128
283.077
283.026
283.577
283.556
283.531
283.502
283.47
283.434
283.396
283.355
283.313
283.268
283.221
283.174
283.125
283.075
283.025
283.569
283.548
283.522
283.493
283.461
283.426
283.388
283.348
283.306
283.262
283.217
283.17
283.122
283.073
283.025
283.566
283.542
283.516
283.486
283.454
283.419
283.382
283.342
283.301
283.257
283.213
283.167
283.12
283.072
283.024
283.563
283.538
283.511
283.481
283.449
283.414
283.377
283.337
283.296
283.253
283.209
283.164
283.118
283.071
283.024
283.562
283.537
283.509
283.478
283.445
283.41
283.373
283.334
283.293
283.251
283.207
283.162
283.116
283.07
283.023
283.562
283.536
283.508
283.477
283.444
283.408
283.371
283.332
283.291
283.249
283.205
283.161
283.115
283.069
283.023
283.564
283.537
283.508
283.477
283.443
283.408
283.37
283.331
283.29
283.248
283.204
283.16
283.115
283.069
283.023
283.566
283.54
283.51
283.478
283.444
283.408
283.371
283.331
283.29
283.248
283.204
283.16
283.115
283.069
283.023
283.572
283.544
283.514
283.482
283.447
283.41
283.372
283.332
283.291
283.248
283.205
283.16
283.115
283.069
283.023
283.577
283.55
283.52
283.486
283.451
283.414
283.375
283.334
283.293
283.25
283.206
283.161
283.115
283.069
283.023
283.588
283.559
283.527
283.493
283.456
283.418
283.378
283.337
283.295
283.252
283.207
283.162
283.116
283.07
283.023
283.598
283.57
283.536
283.5
283.463
283.424
283.383
283.341
283.299
283.255
283.21
283.164
283.117
283.071
283.024
283.623
283.584
283.547
283.509
283.47
283.43
283.389
283.346
283.303
283.258
283.212
283.166
283.119
283.072
283.024
283.635
283.596
283.558
283.518
283.478
283.437
283.395
283.352
283.307
283.262
283.216
283.169
283.121
283.073
283.024
283.652
283.61
283.569
283.529
283.487
283.445
283.402
283.358
283.313
283.267
283.219
283.171
283.123
283.074
283.025
283.662
283.622
283.58
283.539
283.497
283.454
283.41
283.365
283.319
283.272
283.224
283.175
283.125
283.075
283.025
283.677
283.634
283.592
283.55
283.508
283.464
283.419
283.373
283.326
283.278
283.229
283.179
283.128
283.077
283.026
283.686
283.645
283.604
283.562
283.519
283.474
283.429
283.382
283.334
283.284
283.234
283.183
283.131
283.079
283.026
283.699
283.657
283.616
283.574
283.53
283.486
283.439
283.391
283.342
283.292
283.24
283.188
283.135
283.081
283.027
283.706
283.668
283.628
283.587
283.543
283.498
283.451
283.402
283.351
283.3
283.247
283.193
283.138
283.083
283.028
283.714
283.68
283.643
283.601
283.558
283.512
283.463
283.413
283.362
283.308
283.254
283.199
283.142
283.086
283.029
283.73
283.696
283.659
283.618
283.574
283.527
283.477
283.426
283.373
283.318
283.262
283.205
283.147
283.088
283.03
283.743
283.714
283.678
283.637
283.592
283.544
283.493
283.44
283.385
283.329
283.271
283.212
283.152
283.091
283.031
283.769
283.737
283.7
283.658
283.612
283.562
283.51
283.455
283.399
283.34
283.28
283.219
283.157
283.095
283.032
283.79
283.763
283.725
283.682
283.634
283.583
283.529
283.472
283.413
283.353
283.291
283.227
283.163
283.098
283.033
283.83
283.796
283.755
283.709
283.659
283.605
283.549
283.49
283.429
283.366
283.302
283.236
283.17
283.102
283.034
283.866
283.834
283.789
283.739
283.686
283.63
283.571
283.51
283.446
283.381
283.314
283.246
283.176
283.106
283.035
283.942
283.881
283.826
283.771
283.715
283.656
283.595
283.531
283.465
283.397
283.327
283.256
283.184
283.111
283.037
283.981
283.922
283.864
283.805
283.745
283.684
283.62
283.553
283.485
283.414
283.341
283.267
283.192
283.115
283.039
284.032
283.963
283.901
283.84
283.777
283.713
283.647
283.578
283.506
283.433
283.357
283.279
283.2
283.121
283.04
284.062
284
283.938
283.875
283.811
283.744
283.676
283.604
283.529
283.452
283.373
283.292
283.21
283.126
283.042
284.105
284.038
283.974
283.911
283.846
283.777
283.706
283.632
283.554
283.474
283.391
283.306
283.22
283.132
283.044
284.131
284.072
284.011
283.949
283.882
283.813
283.739
283.662
283.581
283.497
283.41
283.321
283.231
283.139
283.046
284.168
284.108
284.05
283.988
283.922
283.851
283.775
283.694
283.609
283.521
283.431
283.337
283.242
283.146
283.049
284.189
284.143
284.091
284.031
283.965
283.892
283.813
283.729
283.641
283.548
283.453
283.355
283.255
283.153
283.051
284.213
284.182
284.136
284.079
284.012
283.937
283.855
283.768
283.675
283.577
283.477
283.374
283.268
283.162
283.054
284.263
284.233
284.19
284.133
284.065
283.988
283.902
283.809
283.711
283.609
283.503
283.394
283.283
283.17
283.057
284.305
284.291
284.252
284.196
284.125
284.044
283.953
283.855
283.751
283.643
283.531
283.416
283.298
283.18
283.06
284.388
284.367
284.327
284.268
284.193
284.106
284.009
283.905
283.794
283.679
283.561
283.439
283.315
283.19
283.063
284.458
284.456
284.416
284.351
284.269
284.174
284.07
283.959
283.841
283.719
283.592
283.464
283.333
283.2
283.067
284.597
284.573
284.521
284.445
284.354
284.25
284.137
284.017
283.891
283.76
283.626
283.49
283.351
283.211
283.07
284.724
284.71
284.642
284.551
284.447
284.332
284.209
284.079
283.944
283.804
283.662
283.517
283.371
283.223
283.074
285.011
284.884
284.778
284.667
284.547
284.419
284.285
284.144
283.999
283.851
283.699
283.546
283.391
283.235
283.078
285.16
285.043
284.918
284.789
284.654
284.512
284.365
284.213
284.058
283.899
283.738
283.576
283.412
283.248
283.083
285.371
285.208
285.062
284.915
284.764
284.608
284.448
284.284
284.118
283.949
283.778
283.607
283.434
283.261
283.087
285.499
285.361
285.205
285.044
284.878
284.708
284.534
284.358
284.18
284
283.819
283.638
283.456
283.274
283.091
285.705
285.525
285.353
285.176
284.995
284.809
284.622
284.433
284.242
284.052
283.861
283.67
283.478
283.287
283.096
285.838
285.685
285.504
285.312
285.114
284.913
284.71
284.508
284.306
284.104
283.902
283.701
283.501
283.3
283.1
286.061
285.864
285.663
285.452
285.235
285.017
284.799
284.583
284.369
284.156
283.944
283.733
283.523
283.314
283.105
286.202
286.046
285.83
285.595
285.357
285.12
284.887
284.657
284.431
284.206
283.984
283.764
283.545
283.327
283.109
286.429
286.269
286.011
285.741
285.478
285.222
284.972
284.729
284.491
284.256
284.024
283.794
283.566
283.339
283.113
287.061
286.56
286.199
285.884
285.593
285.318
285.054
284.798
284.548
284.303
284.062
283.823
283.587
283.352
283.117
287.268
286.756
286.354
286.009
285.698
285.407
285.129
284.862
284.602
284.348
284.098
283.851
283.606
283.363
283.121
287.348
286.874
286.469
286.112
285.788
285.486
285.198
284.921
284.653
284.39
284.132
283.877
283.625
283.374
283.125
287.382
286.944
286.55
286.193
285.864
285.554
285.259
284.975
284.699
284.429
284.163
283.901
283.642
283.385
283.128
287.395
286.983
286.605
286.255
285.926
285.613
285.313
285.023
284.741
284.464
284.192
283.924
283.658
283.394
283.131
287.384
286.999
286.641
286.301
285.976
285.663
285.36
285.066
284.779
284.497
284.219
283.945
283.673
283.403
283.134
322.935
322.805
322.674
322.545
322.416
322.288
322.161
322.036
321.913
321.795
321.683
321.58
321.491
321.424
321.389
322.93
322.791
322.652
322.513
322.373
322.234
322.095
321.957
321.819
321.682
321.546
321.41
321.274
321.132
320.962
322.926
322.778
322.629
322.48
322.331
322.181
322.03
321.877
321.724
321.567
321.408
321.242
321.065
320.867
320.627
322.922
322.764
322.607
322.449
322.289
322.128
321.965
321.8
321.631
321.456
321.275
321.084
320.877
320.644
320.372
322.917
322.752
322.585
322.418
322.249
322.078
321.904
321.726
321.542
321.353
321.154
320.942
320.713
320.46
320.175
322.913
322.74
322.565
322.389
322.211
322.03
321.846
321.656
321.461
321.258
321.044
320.818
320.574
320.309
320.018
322.91
322.728
322.546
322.362
322.176
321.986
321.793
321.593
321.387
321.173
320.948
320.71
320.457
320.184
319.89
322.906
322.718
322.529
322.338
322.144
321.947
321.745
321.537
321.322
321.099
320.865
320.619
320.358
320.081
319.786
322.903
322.709
322.514
322.316
322.116
321.912
321.703
321.488
321.266
321.035
320.794
320.542
320.276
319.996
319.7
322.9
322.701
322.5
322.297
322.091
321.882
321.667
321.446
321.218
320.981
320.735
320.478
320.208
319.926
319.63
322.898
322.694
322.489
322.282
322.071
321.856
321.637
321.411
321.178
320.937
320.687
320.426
320.154
319.87
319.573
322.896
322.689
322.48
322.269
322.055
321.836
321.613
321.383
321.147
320.903
320.649
320.386
320.112
319.827
319.53
322.895
322.685
322.473
322.259
322.042
321.821
321.595
321.363
321.124
320.877
320.621
320.356
320.081
319.795
319.498
322.894
322.682
322.469
322.253
322.034
321.811
321.583
321.349
321.108
320.86
320.603
320.336
320.06
319.774
319.477
322.894
322.681
322.466
322.25
322.03
321.806
321.577
321.342
321.101
320.851
320.594
320.327
320.05
319.763
319.466
321.375
320.988
319.699
319.15
318.565
318.275
317.931
317.762
317.604
317.308
317.09
316.703
316.42
315.901
315.483
314.614
314.199
313.689
313.414
313.044
312.839
312.568
312.428
312.287
312.017
311.812
311.442
311.167
310.659
310.244
309.376
308.959
308.443
308.162
307.783
307.573
307.294
307.149
307.004
306.723
306.51
306.126
305.839
305.309
304.876
303.968
303.532
302.991
302.698
302.301
302.08
301.788
301.636
301.483
301.188
300.964
300.559
300.257
299.698
299.242
298.285
297.826
297.258
296.949
296.532
296.3
295.991
295.831
295.669
295.355
295.115
294.68
294.353
293.744
293.243
292.185
291.673
291.029
290.672
290.171
289.883
289.469
289.236
288.931
288.172
287.904
287.781
287.704
287.634
287.537
320.722
320.321
319.696
319.173
318.706
318.337
318.009
317.738
317.479
317.19
316.893
316.548
316.186
315.756
315.299
314.762
314.307
313.883
313.53
313.197
312.915
312.646
312.412
312.177
311.909
311.626
311.293
310.939
310.515
310.06
309.522
309.065
308.636
308.276
307.937
307.647
307.371
307.129
306.886
306.608
306.314
305.968
305.599
305.157
304.682
304.12
303.642
303.193
302.817
302.461
302.158
301.869
301.615
301.361
301.069
300.76
300.396
300.008
299.542
299.042
298.451
297.949
297.477
297.082
296.709
296.39
296.085
295.818
295.549
295.239
294.91
294.519
294.101
293.596
293.051
292.401
291.846
291.319
290.872
290.441
290.065
289.694
289.358
288.999
288.575
288.267
288.045
287.869
287.707
287.532
320.333
319.978
319.545
319.114
318.708
318.341
318.006
317.696
317.395
317.086
316.763
316.418
316.05
315.651
315.23
314.79
314.371
313.977
313.615
313.279
312.969
312.676
312.396
312.116
311.822
311.511
311.174
310.811
310.416
309.994
309.553
309.13
308.73
308.362
308.019
307.701
307.399
307.11
306.82
306.516
306.193
305.842
305.464
305.051
304.612
304.151
303.709
303.291
302.906
302.547
302.214
301.898
301.596
301.292
300.973
300.634
300.266
299.87
299.436
298.974
298.49
298.026
297.588
297.184
296.807
296.458
296.126
295.808
295.488
295.151
294.791
294.399
293.974
293.507
293.008
292.482
291.976
291.495
291.05
290.631
290.241
289.868
289.512
289.16
288.811
288.505
288.243
288.013
287.797
287.58
320.071
319.749
319.39
319.018
318.652
318.301
317.965
317.642
317.322
316.999
316.667
316.321
315.959
315.579
315.187
314.789
314.399
314.022
313.664
313.324
312.999
312.687
312.381
312.075
311.761
311.435
311.092
310.732
310.352
309.958
309.557
309.161
308.778
308.413
308.064
307.731
307.408
307.092
306.775
306.45
306.112
305.755
305.38
304.984
304.573
304.154
303.741
303.341
302.959
302.595
302.246
301.909
301.579
301.247
300.906
300.552
300.178
299.785
299.37
298.939
298.5
298.066
297.648
297.248
296.866
296.501
296.148
295.801
295.453
295.094
294.72
294.325
293.907
293.465
293.005
292.534
292.069
291.619
291.19
290.781
290.391
290.019
289.661
289.316
288.985
288.678
288.397
288.137
287.89
287.646
319.876
319.576
319.251
318.915
318.575
318.239
317.908
317.581
317.255
316.927
316.591
316.246
315.891
315.526
315.153
314.778
314.406
314.042
313.688
313.346
313.013
312.687
312.366
312.044
311.717
311.382
311.037
310.679
310.311
309.933
309.552
309.173
308.801
308.439
308.087
307.744
307.409
307.076
306.743
306.404
306.056
305.696
305.324
304.94
304.547
304.149
303.754
303.365
302.987
302.619
302.261
301.91
301.563
301.214
300.859
300.495
300.119
299.73
299.328
298.916
298.5
298.086
297.68
297.285
296.901
296.527
296.16
295.797
295.432
295.061
294.679
294.284
293.874
293.45
293.016
292.577
292.141
291.714
291.3
290.901
290.518
290.149
289.793
289.451
289.124
288.814
288.522
288.244
287.977
287.715
319.723
319.436
319.131
318.815
318.493
318.169
317.844
317.519
317.193
316.863
316.528
316.187
315.838
315.483
315.124
314.762
314.402
314.046
313.696
313.353
313.015
312.682
312.351
312.02
311.685
311.345
310.998
310.643
310.281
309.914
309.544
309.175
308.81
308.451
308.097
307.749
307.404
307.061
306.718
306.37
306.016
305.655
305.286
304.909
304.526
304.141
303.756
303.375
302.999
302.63
302.266
301.907
301.549
301.189
300.826
300.457
300.079
299.693
299.299
298.9
298.497
298.095
297.698
297.306
296.921
296.542
296.167
295.795
295.42
295.042
294.657
294.264
293.861
293.451
293.034
292.616
292.2
291.79
291.389
291
290.623
290.258
289.905
289.565
289.238
288.925
288.624
288.335
288.055
287.782
319.6
319.32
319.027
318.724
318.414
318.099
317.781
317.46
317.135
316.808
316.475
316.137
315.795
315.447
315.096
314.744
314.392
314.042
313.695
313.352
313.012
312.674
312.338
312
311.661
311.318
310.97
310.617
310.259
309.898
309.535
309.173
308.812
308.454
308.099
307.747
307.397
307.048
306.698
306.345
305.988
305.626
305.258
304.886
304.51
304.131
303.753
303.377
303.003
302.633
302.266
301.901
301.536
301.171
300.802
300.43
300.052
299.668
299.28
298.887
298.493
298.099
297.706
297.318
296.933
296.551
296.172
295.794
295.415
295.033
294.647
294.256
293.86
293.459
293.055
292.651
292.249
291.852
291.463
291.082
290.711
290.35
290
289.661
289.333
289.016
288.71
288.414
288.125
287.843
319.498
319.224
318.939
318.644
318.342
318.034
317.721
317.404
317.083
316.758
316.429
316.095
315.757
315.416
315.071
314.725
314.379
314.033
313.689
313.346
313.005
312.665
312.325
311.984
311.642
311.297
310.949
310.597
310.242
309.885
309.526
309.167
308.809
308.452
308.096
307.742
307.389
307.036
306.682
306.326
305.967
305.605
305.238
304.869
304.496
304.122
303.748
303.374
303.002
302.631
302.262
301.894
301.525
301.156
300.785
300.41
300.032
299.65
299.265
298.877
298.488
298.099
297.71
297.324
296.939
296.557
296.175
295.795
295.413
295.031
294.645
294.257
293.865
293.472
293.077
292.683
292.292
291.904
291.523
291.149
290.783
290.426
290.078
289.74
289.412
289.093
288.783
288.481
288.186
287.898
319.414
319.144
318.863
318.575
318.278
317.976
317.668
317.355
317.037
316.716
316.39
316.059
315.726
315.388
315.049
314.707
314.365
314.022
313.68
313.338
312.996
312.655
312.313
311.971
311.627
311.281
310.933
310.582
310.229
309.874
309.518
309.161
308.804
308.448
308.092
307.737
307.382
307.026
306.67
306.312
305.951
305.588
305.223
304.855
304.485
304.114
303.742
303.37
302.998
302.627
302.257
301.887
301.516
301.144
300.771
300.396
300.018
299.637
299.254
298.87
298.484
298.098
297.712
297.327
296.943
296.56
296.178
295.796
295.414
295.031
294.647
294.261
293.874
293.486
293.098
292.712
292.328
291.948
291.573
291.204
290.843
290.489
290.143
289.806
289.477
289.156
288.843
288.538
288.239
287.946
319.345
319.077
318.801
318.516
318.224
317.925
317.621
317.312
316.998
316.679
316.356
316.029
315.698
315.365
315.029
314.691
314.351
314.011
313.67
313.329
312.987
312.646
312.303
311.96
311.615
311.269
310.92
310.57
310.218
309.864
309.51
309.154
308.799
308.443
308.087
307.731
307.374
307.018
306.66
306.3
305.939
305.576
305.211
304.844
304.476
304.106
303.735
303.364
302.993
302.622
302.251
301.88
301.508
301.135
300.761
300.385
300.007
299.628
299.246
298.864
298.48
298.096
297.712
297.328
296.945
296.562
296.18
295.798
295.416
295.034
294.651
294.268
293.884
293.5
293.118
292.737
292.358
291.984
291.614
291.25
290.892
290.54
290.196
289.859
289.53
289.208
288.893
288.585
288.283
287.986
319.29
319.024
318.75
318.468
318.179
317.883
317.582
317.276
316.964
316.648
316.328
316.004
315.676
315.345
315.012
314.676
314.339
314
313.661
313.32
312.979
312.637
312.295
311.951
311.605
311.259
310.911
310.561
310.209
309.857
309.503
309.148
308.793
308.438
308.082
307.725
307.368
307.01
306.651
306.291
305.93
305.567
305.202
304.836
304.468
304.099
303.73
303.359
302.989
302.618
302.246
301.874
301.502
301.128
300.753
300.377
300
299.621
299.24
298.859
298.477
298.094
297.711
297.329
296.946
296.564
296.182
295.801
295.419
295.038
294.656
294.275
293.894
293.513
293.134
292.758
292.384
292.013
291.647
291.286
290.931
290.581
290.238
289.902
289.573
289.25
288.934
288.623
288.319
288.02
319.247
318.982
318.709
318.43
318.143
317.85
317.551
317.247
316.937
316.623
316.305
315.983
315.658
315.329
314.998
314.664
314.328
313.991
313.653
313.313
312.972
312.63
312.287
311.943
311.598
311.251
310.903
310.554
310.203
309.851
309.497
309.143
308.789
308.433
308.077
307.72
307.363
307.004
306.645
306.285
305.923
305.56
305.195
304.829
304.462
304.094
303.725
303.355
302.985
302.614
302.242
301.87
301.497
301.123
300.748
300.371
299.994
299.616
299.236
298.855
298.474
298.093
297.711
297.329
296.947
296.565
296.184
295.803
295.422
295.041
294.661
294.281
293.902
293.524
293.148
292.774
292.403
292.036
291.673
291.314
290.961
290.613
290.271
289.935
289.606
289.283
288.965
288.654
288.347
288.046
319.215
318.951
318.68
318.401
318.116
317.825
317.528
317.225
316.917
316.605
316.288
315.968
315.644
315.317
314.987
314.655
314.32
313.984
313.646
313.307
312.966
312.625
312.282
311.938
311.592
311.246
310.898
310.548
310.198
309.846
309.493
309.14
308.785
308.43
308.073
307.717
307.359
307
306.64
306.28
305.918
305.555
305.19
304.824
304.458
304.09
303.721
303.352
302.981
302.61
302.239
301.866
301.493
301.119
300.743
300.367
299.99
299.612
299.233
298.853
298.472
298.091
297.71
297.329
296.947
296.566
296.185
295.805
295.424
295.044
294.665
294.286
293.909
293.533
293.159
292.787
292.418
292.053
291.692
291.335
290.983
290.636
290.295
289.96
289.63
289.306
288.988
288.676
288.369
288.066
319.195
318.931
318.66
318.383
318.098
317.808
317.512
317.21
316.904
316.593
316.277
315.958
315.635
315.309
314.98
314.648
314.314
313.979
313.642
313.303
312.963
312.621
312.278
311.934
311.589
311.242
310.894
310.545
310.195
309.843
309.49
309.137
308.782
308.427
308.071
307.714
307.356
306.997
306.637
306.276
305.914
305.551
305.187
304.821
304.455
304.087
303.719
303.349
302.979
302.608
302.236
301.864
301.49
301.116
300.741
300.365
299.988
299.61
299.231
298.851
298.471
298.091
297.71
297.329
296.948
296.567
296.186
295.806
295.426
295.046
294.668
294.29
293.914
293.539
293.166
292.796
292.428
292.064
291.704
291.348
290.997
290.651
290.311
289.976
289.646
289.322
289.004
288.691
288.383
288.079
319.184
318.921
318.65
318.373
318.09
317.8
317.504
317.203
316.897
316.586
316.272
315.953
315.63
315.304
314.976
314.645
314.312
313.976
313.639
313.301
312.961
312.619
312.276
311.932
311.587
311.24
310.892
310.543
310.193
309.841
309.489
309.136
308.781
308.426
308.07
307.713
307.355
306.996
306.636
306.275
305.913
305.55
305.185
304.82
304.453
304.086
303.717
303.348
302.978
302.607
302.235
301.862
301.489
301.115
300.739
300.363
299.986
299.608
299.23
298.85
298.47
298.09
297.709
297.329
296.948
296.567
296.187
295.806
295.427
295.048
294.669
294.292
293.916
293.542
293.17
292.8
292.433
292.07
291.71
291.355
291.004
290.659
290.318
289.983
289.654
289.33
289.011
288.698
288.389
288.086
287.311
286.996
286.668
286.342
286.022
285.71
285.406
285.108
284.816
284.529
284.246
283.966
283.688
283.412
283.137
287.299
287.006
286.695
286.379
286.064
285.754
285.448
285.148
284.852
284.56
284.272
283.986
283.703
283.421
283.14
287.327
287.033
286.726
286.415
286.103
285.793
285.486
285.183
284.883
284.588
284.295
284.004
283.716
283.429
283.143
287.375
287.072
286.763
286.451
286.139
285.828
285.52
285.214
284.912
284.612
284.315
284.021
283.728
283.436
283.145
287.429
287.117
286.803
286.488
286.174
285.861
285.551
285.243
284.937
284.634
284.334
284.035
283.738
283.443
283.147
287.485
287.164
286.844
286.525
286.208
285.892
285.579
285.268
284.96
284.654
284.35
284.048
283.748
283.448
283.149
287.538
287.209
286.883
286.56
286.239
285.921
285.605
285.292
284.981
284.672
284.365
284.06
283.756
283.453
283.151
287.586
287.251
286.92
286.593
286.268
285.947
285.629
285.312
284.999
284.687
284.378
284.07
283.763
283.458
283.152
287.628
287.288
286.953
286.622
286.295
285.971
285.649
285.331
285.015
284.701
284.389
284.079
283.77
283.461
283.154
287.665
287.321
286.983
286.648
286.318
285.991
285.668
285.347
285.029
284.713
284.399
284.086
283.775
283.465
283.155
287.696
287.349
287.007
286.67
286.338
286.009
285.683
285.36
285.04
284.723
284.407
284.092
283.779
283.467
283.156
287.72
287.371
287.027
286.688
286.354
286.023
285.696
285.371
285.05
284.731
284.413
284.097
283.783
283.469
283.156
287.739
287.388
287.042
286.702
286.366
286.034
285.705
285.38
285.057
284.736
284.418
284.101
283.786
283.471
283.157
287.751
287.399
287.052
286.711
286.374
286.041
285.711
285.385
285.062
284.74
284.421
284.104
283.788
283.472
283.157
287.757
287.404
287.057
286.715
286.378
286.044
285.715
285.388
285.064
284.742
284.423
284.105
283.788
283.473
283.158
)
;

boundaryField
{
    hot
    {
        type            fixedValue;
        value           uniform 323;
    }
    cold
    {
        type            fixedValue;
        value           uniform 283;
    }
    interface_left
    {
        type            fixedValue;
        value           nonuniform List<scalar> 
90
(
318.853
318.853
320.457
320.457
320.895
320.895
321.106
321.106
321.106
321.248
321.248
321.401
321.401
321.571
321.571
321.869
321.869
321.986
321.986
322.059
322.059
322.105
322.105
322.105
322.142
322.142
322.188
322.188
322.244
322.244
322.35
322.35
322.396
322.396
322.427
322.427
322.448
322.448
322.448
322.466
322.466
322.489
322.489
322.517
322.517
322.572
322.572
322.596
322.596
322.612
322.612
322.622
322.622
322.622
322.63
322.63
322.637
322.637
322.644
322.644
322.645
322.645
322.641
322.641
322.633
322.633
322.623
322.623
322.623
322.606
322.606
322.574
322.574
322.517
322.517
322.365
322.365
322.276
322.276
322.194
322.194
322.119
322.119
322.119
321.971
321.971
321.971
321.971
321.971
321.971
)
;
    }
    interface_right
    {
        type            fixedValue;
        value           nonuniform List<scalar> 
90
(
290.076
290.076
286.729
286.729
285.917
285.917
285.539
285.539
285.539
285.286
285.286
285.013
285.013
284.716
284.716
284.208
284.208
284.015
284.015
283.902
283.902
283.838
283.838
283.838
283.791
283.791
283.742
283.742
283.691
283.691
283.612
283.612
283.588
283.588
283.577
283.577
283.575
283.575
283.575
283.577
283.577
283.586
283.586
283.603
283.603
283.65
283.65
283.678
283.678
283.703
283.703
283.724
283.724
283.724
283.749
283.749
283.789
283.789
283.851
283.851
284.001
284.001
284.082
284.082
284.151
284.151
284.21
284.21
284.21
284.284
284.284
284.408
284.408
284.617
284.617
285.174
285.174
285.512
285.512
285.849
285.849
286.218
286.218
286.218
287.617
287.617
287.617
287.617
287.617
287.617
)
;
    }
    interface_top
    {
        type            fixedValue;
        value           nonuniform List<scalar> 
90
(
321.971
321.971
319.166
319.166
318.281
318.281
317.767
317.767
317.767
317.311
317.311
316.706
316.706
315.901
315.901
314.212
314.212
313.424
313.424
312.848
312.848
312.435
312.435
312.435
312.023
312.023
311.449
311.449
310.663
310.663
308.978
308.978
308.176
308.176
307.585
307.585
307.16
307.16
307.16
306.732
306.732
306.135
306.135
305.315
305.315
303.553
303.553
302.713
302.713
302.094
302.094
301.646
301.646
301.646
301.197
301.197
300.567
300.567
299.702
299.702
297.843
297.843
296.961
296.961
296.31
296.31
295.838
295.838
295.838
295.359
295.359
294.683
294.683
293.741
293.741
291.683
291.683
290.676
290.676
289.884
289.884
289.226
289.226
289.226
287.617
287.617
287.617
287.617
287.617
287.617
)
;
    }
    interface_bottom
    {
        type            fixedValue;
        value           nonuniform List<scalar> 
90
(
318.853
318.853
316.924
316.924
316.143
316.143
315.645
315.645
315.645
315.18
315.18
314.549
314.549
313.703
313.703
311.929
311.929
311.103
311.103
310.503
310.503
310.076
310.076
310.076
309.652
309.652
309.065
309.065
308.269
308.269
306.594
306.594
305.815
305.815
305.248
305.248
304.842
304.842
304.842
304.439
304.439
303.882
303.882
303.125
303.125
301.54
301.54
300.804
300.804
300.267
300.267
299.883
299.883
299.883
299.501
299.501
298.973
298.973
298.256
298.256
296.751
296.751
296.05
296.05
295.54
295.54
295.175
295.175
295.175
294.812
294.812
294.31
294.31
293.629
293.629
292.183
292.183
291.504
291.504
291.003
291.003
290.632
290.632
290.632
290.076
290.076
290.076
290.076
290.076
290.076
)
;
    }
    defaultFaces
    {
        type            empty;
    }
}


// ************************************************************************* //
