/*--------------------------------*- C++ -*----------------------------------*\
| =========                 |                                                 |
| \\      /  F ield         | OpenFOAM: The Open Source CFD Toolbox           |
|  \\    /   O peration     | Version:  5.x                                   |
|   \\  /    A nd           | Web:      www.OpenFOAM.org                      |
|    \\/     M anipulation  |                                                 |
\*---------------------------------------------------------------------------*/
FoamFile
{
    version     2.0;
    format      ascii;
    class       volScalarField;
    location    "3.8";
    object      gradTx;
}
// * * * * * * * * * * * * * * * * * * * * * * * * * * * * * * * * * * * * * //

dimensions      [0 -1 0 1 0 0 0];

internalField   nonuniform List<scalar> 
6300
(
-30.4075
-30.4774
-30.6164
-30.8232
-31.0956
-31.4304
-31.8236
-32.2698
-32.7625
-33.2938
-33.8546
-34.4347
-35.0235
-35.61
-36.184
-30.3378
-30.4083
-30.5487
-30.7577
-31.0332
-31.3722
-31.7707
-32.2235
-32.724
-33.2644
-33.8353
-34.4262
-35.0258
-35.6227
-36.2056
-30.1976
-30.2694
-30.4125
-30.6258
-30.9074
-31.2545
-31.6636
-32.1295
-32.6458
-33.2046
-33.7961
-34.4091
-35.0311
-35.6493
-36.251
-29.9857
-30.0594
-30.2064
-30.4258
-30.7161
-31.0752
-31.4997
-31.9851
-32.5253
-33.1122
-33.7355
-34.383
-35.0405
-35.6926
-36.3241
-29.7002
-29.7762
-29.9279
-30.1548
-30.4562
-30.8304
-31.275
-31.7862
-32.3583
-32.9834
-33.6508
-34.347
-35.0552
-35.7567
-36.4318
-29.3389
-29.4173
-29.5742
-29.8097
-30.1236
-30.5154
-30.9839
-31.5264
-32.1383
-32.8123
-33.5376
-34.299
-35.0769
-35.8475
-36.5842
-28.8993
-28.9801
-29.1421
-29.3861
-29.7131
-30.1239
-30.619
-31.1974
-31.8564
-32.5902
-33.3883
-34.2346
-35.1061
-35.9722
-36.7964
-28.3789
-28.4617
-28.6281
-28.8797
-29.2189
-29.6483
-30.1707
-30.7878
-31.4999
-32.3037
-33.1908
-34.1452
-35.1407
-36.1389
-37.0891
-27.776
-27.8598
-28.0289
-28.2858
-28.6345
-29.0799
-29.6277
-30.2835
-31.0518
-31.9341
-32.9263
-34.0148
-35.1726
-36.3539
-37.4897
-27.0892
-27.1728
-27.342
-27.6003
-27.9536
-28.4093
-28.9768
-29.6667
-30.4897
-31.4548
-32.5655
-33.8154
-35.1811
-36.6143
-38.0294
-26.3189
-26.4005
-26.5659
-26.82
-27.1702
-27.6269
-28.2036
-28.9168
-29.7857
-30.8299
-32.0657
-33.5001
-35.1223
-36.8932
-38.7287
-25.4672
-25.5443
-25.7013
-25.9437
-26.2805
-26.7247
-27.2939
-28.0115
-28.9066
-30.0134
-31.3673
-32.9974
-34.9149
-37.1076
-39.5471
-24.5384
-24.6084
-24.7513
-24.9731
-25.2836
-25.6975
-26.236
-26.9287
-27.8158
-28.9499
-30.3931
-32.2074
-34.4325
-37.0753
-40.2254
-23.5397
-23.5998
-23.7226
-23.9139
-24.1833
-24.5459
-25.024
-25.6515
-26.4783
-27.5773
-29.0479
-31.0069
-33.5325
-36.5359
-39.8664
-22.481
-22.5284
-22.6254
-22.7766
-22.9901
-23.2787
-23.6628
-24.1751
-24.8689
-25.8331
-27.2147
-29.2401
-32.1547
-35.669
-36.2392
-36.6923
-37.1331
-37.5512
-37.9449
-38.3132
-38.6563
-38.9745
-39.2683
-39.5383
-39.7842
-40.0056
-40.2016
-40.3715
-40.5144
-40.6305
-40.7206
-40.7866
-40.8314
-40.8586
-40.8724
-40.8768
-40.8755
-40.8712
-40.8655
-40.8588
-40.8506
-40.8392
-40.8226
-40.799
-40.7669
-40.7255
-40.6751
-40.6172
-40.5537
-40.4875
-40.4212
-40.3572
-40.2973
-40.242
-40.191
-40.143
-40.0958
-40.047
-39.9942
-39.9356
-39.8701
-39.7977
-39.7196
-39.6374
-39.5537
-39.471
-39.3915
-39.3166
-39.247
-39.1822
-39.1207
-39.0606
-38.9993
-38.9345
-38.8644
-38.788
-38.7052
-38.6171
-38.5255
-38.4328
-38.3415
-38.2539
-38.1714
-38.0949
-38.024
-37.9578
-37.8946
-37.8325
-37.7699
-37.7057
-37.6399
-37.5738
-37.5098
-37.4511
-37.402
-37.3668
-37.3495
-37.3533
-37.3801
-37.4302
-37.502
-37.5921
-37.6954
-37.8056
-37.9156
-36.7207
-37.1658
-37.5866
-37.9814
-38.3498
-38.6922
-39.0096
-39.3029
-39.5729
-39.8196
-40.0421
-40.2395
-40.4102
-40.5532
-40.6681
-40.7554
-40.8173
-40.8567
-40.8781
-40.886
-40.8852
-40.8799
-40.8732
-40.8669
-40.8613
-40.8552
-40.8466
-40.8329
-40.8114
-40.7803
-40.7384
-40.6862
-40.6251
-40.5578
-40.4876
-40.4179
-40.3515
-40.2905
-40.2358
-40.1868
-40.1418
-40.0982
-40.0528
-40.0027
-39.9455
-39.88
-39.8061
-39.7252
-39.6396
-39.5523
-39.4664
-39.3847
-39.309
-39.24
-39.1772
-39.1188
-39.0622
-39.0042
-38.9421
-38.8735
-38.797
-38.7128
-38.622
-38.527
-38.4307
-38.3362
-38.2463
-38.1628
-38.0866
-38.0173
-37.9535
-37.893
-37.8332
-37.772
-37.7078
-37.6404
-37.5708
-37.5018
-37.4373
-37.382
-37.3409
-37.319
-37.3201
-37.3465
-37.3988
-37.4755
-37.5729
-37.6853
-37.8057
-37.9261
-36.7798
-37.2336
-37.6595
-38.0562
-38.4239
-38.7642
-39.0794
-39.3713
-39.6414
-39.8897
-40.1152
-40.3158
-40.4891
-40.6327
-40.7453
-40.8271
-40.8802
-40.9084
-40.917
-40.9122
-40.9002
-40.8864
-40.8749
-40.8675
-40.8644
-40.8635
-40.8615
-40.8543
-40.8379
-40.8091
-40.7664
-40.71
-40.642
-40.5662
-40.4872
-40.4097
-40.338
-40.2749
-40.2214
-40.1769
-40.1387
-40.103
-40.0653
-40.0212
-39.9674
-39.9019
-39.8247
-39.7377
-39.6443
-39.5488
-39.4558
-39.3692
-39.2917
-39.2242
-39.1659
-39.1143
-39.0656
-39.0152
-38.959
-38.8937
-38.8173
-38.7298
-38.633
-38.5303
-38.426
-38.3243
-38.2293
-38.1435
-38.0682
-38.0025
-37.9443
-37.89
-37.8359
-37.7783
-37.7145
-37.6437
-37.5669
-37.4874
-37.41
-37.3411
-37.2874
-37.2553
-37.2501
-37.2754
-37.3323
-37.4192
-37.532
-37.6637
-37.8057
-37.948
-36.8746
-37.3417
-37.7747
-38.1727
-38.5375
-38.8728
-39.1827
-39.4714
-39.7413
-39.9929
-40.2242
-40.4317
-40.6108
-40.7569
-40.8671
-40.9404
-40.9791
-40.9883
-40.9753
-40.9488
-40.9178
-40.8899
-40.8705
-40.8622
-40.8644
-40.8735
-40.884
-40.8891
-40.8822
-40.8582
-40.8142
-40.7505
-40.6703
-40.5793
-40.4845
-40.3933
-40.3121
-40.2453
-40.1943
-40.1579
-40.1321
-40.1108
-40.087
-40.0539
-40.0061
-39.9406
-39.8574
-39.7594
-39.6519
-39.5418
-39.436
-39.3406
-39.2598
-39.1951
-39.145
-39.1057
-39.0712
-39.0345
-38.9891
-38.9297
-38.8533
-38.76
-38.6525
-38.536
-38.4172
-38.3028
-38.1988
-38.1093
-38.0357
-37.9769
-37.9292
-37.8869
-37.8436
-37.7932
-37.7312
-37.6554
-37.5668
-37.4696
-37.3705
-37.2783
-37.2027
-37.1527
-37.1363
-37.1587
-37.2222
-37.3255
-37.4635
-37.6272
-37.8052
-37.984
-37.0137
-37.4991
-37.9403
-38.3372
-38.694
-39.0178
-39.3169
-39.5987
-39.8678
-40.1252
-40.3677
-40.5887
-40.78
-40.9331
-41.0419
-41.1036
-41.1207
-41.1002
-41.053
-40.9922
-40.9312
-40.8812
-40.8503
-40.8419
-40.8543
-40.8816
-40.9143
-40.9412
-40.9514
-40.936
-40.8904
-40.8148
-40.7142
-40.5977
-40.4767
-40.3627
-40.2658
-40.1928
-40.1462
-40.1237
-40.119
-40.1222
-40.1222
-40.1078
-40.0703
-40.0048
-39.9113
-39.7946
-39.6633
-39.5284
-39.4011
-39.2911
-39.2048
-39.1448
-39.1086
-39.0901
-39.0797
-39.0664
-39.0394
-38.9901
-38.9138
-38.8105
-38.6847
-38.545
-38.4018
-38.2662
-38.1474
-38.0519
-37.982
-37.9354
-37.9061
-37.885
-37.8613
-37.8249
-37.7676
-37.6855
-37.5792
-37.4543
-37.3208
-37.1917
-37.0808
-37.0018
-36.9663
-36.9826
-37.0548
-37.1819
-37.3576
-37.5702
-37.8034
-38.0384
-37.2105
-37.7204
-38.1698
-38.5596
-38.898
-39.1985
-39.4761
-39.7443
-40.0114
-40.2792
-40.5421
-40.7887
-41.0042
-41.1735
-41.2844
-41.3314
-41.3166
-41.2506
-41.1503
-41.0361
-40.9286
-40.8452
-40.798
-40.7916
-40.823
-40.8821
-40.9531
-41.0176
-41.0572
-41.0574
-41.01
-40.9152
-40.7812
-40.6229
-40.4587
-40.3074
-40.185
-40.1024
-40.0632
-40.064
-40.0943
-40.1385
-40.178
-40.195
-40.1748
-40.1094
-39.9988
-39.8508
-39.68
-39.5041
-39.3413
-39.2072
-39.1122
-39.0599
-39.0468
-39.0628
-39.0925
-39.1179
-39.1215
-39.0893
-39.0132
-38.8932
-38.7371
-38.5588
-38.3756
-38.2051
-38.0625
-37.9577
-37.8943
-37.8688
-37.8712
-37.8866
-37.8973
-37.8863
-37.8398
-37.7503
-37.618
-37.4512
-37.265
-37.0785
-36.9128
-36.7881
-36.7215
-36.7259
-36.8082
-36.9683
-37.1985
-37.4831
-37.7991
-38.1183
-37.4859
-38.029
-38.4851
-38.8561
-39.157
-39.4121
-39.649
-39.8915
-40.1543
-40.4404
-40.74
-41.0336
-41.2952
-41.4978
-41.6193
-41.6481
-41.5864
-41.4506
-41.2678
-41.0706
-40.8913
-40.7572
-40.6868
-40.6869
-40.7521
-40.8655
-41.0015
-41.1298
-41.22
-41.2474
-41.1981
-41.072
-40.8832
-40.6565
-40.4222
-40.2105
-40.0472
-39.9493
-39.9228
-39.9619
-40.0498
-40.1613
-40.2664
-40.3355
-40.3444
-40.2791
-40.1398
-39.9401
-39.7039
-39.4608
-39.2402
-39.067
-38.9579
-38.9185
-38.9432
-39.0157
-39.1112
-39.2008
-39.2554
-39.2514
-39.1756
-39.0279
-38.8214
-38.5795
-38.3308
-38.1039
-37.9229
-37.8038
-37.7521
-37.762
-37.8176
-37.8946
-37.9645
-37.9987
-37.9739
-37.8766
-37.7064
-37.4761
-37.2092
-36.9353
-36.6857
-36.4904
-36.3745
-36.3571
-36.4493
-36.6534
-36.961
-37.3509
-37.7898
-38.2352
-37.8721
-38.4632
-38.923
-39.2537
-39.482
-39.6523
-39.814
-40.0094
-40.264
-40.582
-40.9469
-41.3248
-41.6713
-41.939
-42.0879
-42.0952
-41.963
-41.7184
-41.4062
-41.0793
-40.7889
-40.5778
-40.4743
-40.4887
-40.6118
-40.8163
-41.0611
-41.2969
-41.4733
-41.5481
-41.4967
-41.3191
-41.0399
-40.7012
-40.353
-40.0441
-39.8153
-39.6934
-39.688
-39.7896
-39.9714
-40.1932
-40.4068
-40.563
-40.6205
-40.5555
-40.368
-40.0818
-39.7379
-39.385
-39.0708
-38.8347
-38.703
-38.6848
-38.7709
-38.9352
-39.1385
-39.3338
-39.4734
-39.5171
-39.4416
-39.2471
-38.9566
-38.61
-38.2546
-37.9366
-37.6941
-37.5526
-37.5208
-37.5895
-37.733
-37.9129
-38.083
-38.1961
-38.2122
-38.1077
-37.881
-37.5537
-37.1635
-36.7567
-36.3805
-36.0782
-35.8856
-35.8301
-35.9291
-36.1896
-36.6047
-37.148
-37.7712
-38.4076
-38.4183
-39.0865
-39.5471
-39.7987
-39.8907
-39.905
-39.9308
-40.0422
-40.2823
-40.6564
-41.135
-41.6614
-42.1608
-42.5516
-42.7606
-42.7433
-42.5017
-42.0836
-41.5661
-41.0354
-40.5725
-40.2434
-40.092
-40.1342
-40.3543
-40.7091
-41.1338
-41.5495
-41.873
-42.0305
-41.977
-41.7126
-41.2824
-40.7597
-40.2272
-39.7626
-39.4294
-39.2699
-39.2991
-39.5017
-39.8354
-40.237
-40.6298
-40.9324
-41.0732
-41.0084
-40.7382
-40.3065
-39.7847
-39.2536
-38.7888
-38.4521
-38.2846
-38.3009
-38.486
-38.7986
-39.1773
-39.5472
-39.8294
-39.9542
-39.8791
-39.6042
-39.1724
-38.6531
-38.1246
-37.6602
-37.3199
-37.1435
-37.1448
-37.309
-37.5959
-37.9451
-38.2834
-38.5328
-38.6243
-38.5143
-38.2006
-37.7216
-37.1417
-36.534
-35.9689
-35.5076
-35.1994
-35.0804
-35.1761
-35.5031
-36.0636
-36.8299
-37.7333
-38.666
-39.1992
-40.0088
-40.4723
-40.5739
-40.4113
-40.1411
-39.9246
-39.8899
-40.1079
-40.5806
-41.2545
-42.0369
-42.807
-43.426
-43.7591
-43.7148
-43.2945
-42.5922
-41.7451
-40.894
-40.1634
-39.6532
-39.4313
-39.5234
-39.9029
-40.5014
-41.2194
-41.9352
-42.5117
-42.8168
-42.7611
-42.345
-41.6582
-40.8325
-40.0037
-39.2917
-38.7934
-38.5747
-38.6605
-39.025
-39.6016
-40.2937
-40.9826
-41.5349
-41.8221
-41.7572
-41.3409
-40.6607
-39.8452
-39.0267
-38.3222
-37.8257
-37.6016
-37.6739
-38.0172
-38.5668
-39.2285
-39.8868
-40.412
-40.6792
-40.6041
-40.1873
-39.5142
-38.7096
-37.902
-37.2049
-36.7096
-36.4782
-36.5339
-36.8519
-37.3689
-37.9931
-38.6115
-39.097
-39.3262
-39.2143
-38.758
-38.0349
-37.1596
-36.2497
-35.4075
-34.7167
-34.2403
-34.0216
-34.0899
-34.4804
-35.2258
-36.3142
-37.653
-39.0619
-40.3213
-41.4294
-41.9188
-41.7296
-41.0871
-40.2999
-39.6569
-39.3737
-39.567
-40.215
-41.2179
-42.4302
-43.6709
-44.7125
-45.3011
-45.2277
-44.4936
-43.3096
-41.9296
-40.5795
-39.4372
-38.6478
-38.3185
-38.499
-39.1365
-40.1214
-41.3084
-42.5217
-43.5413
-44.1227
-44.0644
-43.3673
-42.2342
-40.9097
-39.6119
-38.5133
-37.7548
-37.4411
-37.6208
-38.243
-39.2015
-40.3549
-41.5321
-42.5191
-43.0778
-43.0122
-42.3235
-41.2099
-39.9098
-38.6358
-37.5559
-36.8073
-36.4917
-36.6564
-37.2515
-38.1735
-39.2845
-40.4181
-41.366
-41.897
-41.821
-41.1395
-40.0452
-38.77
-37.5203
-36.4591
-35.7193
-35.3995
-35.5452
-36.1082
-36.9874
-38.0491
-39.131
-40.0299
-40.5191
-40.4102
-39.6996
-38.567
-37.2273
-35.8676
-34.6282
-33.617
-32.9101
-32.5495
-32.5397
-32.9463
-33.8942
-35.4379
-37.4717
-39.6865
-41.9081
-43.7414
-44.3424
-43.5381
-41.9712
-40.251
-38.8714
-38.1713
-38.3715
-39.3385
-40.8801
-42.7826
-44.8218
-46.6514
-47.7964
-47.6923
-46.3406
-44.3095
-42.0714
-39.9656
-38.2029
-36.9799
-36.4719
-36.8166
-37.8697
-39.4506
-41.3597
-43.387
-45.2021
-46.3499
-46.2877
-45.0174
-43.0858
-40.9485
-38.9333
-37.2451
-36.0759
-35.597
-35.9438
-36.9768
-38.5207
-40.3818
-42.3556
-44.1202
-45.2325
-45.1643
-43.9181
-42.0275
-39.9368
-37.9653
-36.3125
-35.1652
-34.6902
-35.019
-36.0152
-37.5079
-39.3081
-41.2166
-42.9203
-43.9888
-43.9096
-42.686
-40.8367
-38.7937
-36.8671
-35.2502
-34.124
-33.6501
-33.9558
-34.9087
-36.3432
-38.076
-39.9139
-41.5528
-42.5729
-42.4725
-41.2488
-39.397
-37.324
-35.312
-33.5201
-32.0789
-31.0812
-30.572
-30.3899
-30.6329
-31.7044
-33.8558
-37.0294
-40.7109
-43.9512
-47.8279
-48.79
-46.4451
-43.0758
-39.7116
-37.1073
-35.6727
-36.0719
-37.6346
-40.0229
-42.9384
-46.2745
-49.5763
-52.0905
-51.9536
-49.1661
-45.6074
-42.0228
-38.8578
-36.1913
-34.2828
-33.3973
-34.1142
-35.8432
-38.3071
-41.2409
-44.5579
-47.8239
-50.3196
-50.2507
-47.6198
-44.2337
-40.8116
-37.7839
-35.2297
-33.4028
-32.5639
-33.2788
-34.9748
-37.3833
-40.2465
-43.4802
-46.6607
-49.0871
-49.0126
-46.4406
-43.1334
-39.7921
-36.8358
-34.3412
-32.5551
-31.7313
-32.4204
-34.0638
-36.3995
-39.1757
-42.3098
-45.3891
-47.7331
-47.6463
-45.1331
-41.9072
-38.6498
-35.7676
-33.3345
-31.5895
-30.7781
-31.4341
-33.0158
-35.2692
-37.9514
-40.9833
-43.9667
-46.2399
-46.152
-43.7025
-40.5454
-37.3325
-34.4393
-31.907
-29.9019
-28.5491
-28.1237
-27.6281
-27.1264
-27.9598
-30.8018
-35.8557
-42.4797
-45.4366
-56.1115
-57.9998
-50.8282
-44.1734
-38.0781
-33.6588
-30.5333
-32.0973
-34.7419
-38.4066
-42.4888
-47.7767
-53.6357
-60.2023
-60.0321
-53.1022
-46.9429
-41.3702
-37.0324
-33.0883
-30.1128
-28.0152
-29.9544
-32.7585
-36.4871
-40.5705
-45.8023
-51.5552
-57.9824
-57.903
-51.3097
-45.4335
-40.107
-35.9529
-32.167
-29.3071
-27.2933
-29.2013
-31.9466
-35.591
-39.5778
-44.6816
-50.2869
-56.5431
-56.4572
-50.0219
-44.2885
-39.093
-35.0414
-31.3494
-28.5595
-26.5935
-28.4476
-31.1156
-34.6567
-38.528
-43.4817
-48.9169
-54.9777
-54.877
-48.6065
-43.0229
-37.9655
-34.0214
-30.4277
-27.7107
-25.7928
-27.5794
-30.1555
-33.5776
-37.3229
-42.1225
-47.4029
-53.307
-53.232
-47.1748
-41.7738
-36.8806
-33.0468
-29.5347
-26.7857
-24.6818
-25.7764
-24.8747
-21.6973
-21.3227
-24.5627
-32.4208
-45.736
-39.4663
-77.0484
-80.2577
-54.4684
-44.4656
-34.0312
-28.3472
-18.6411
-26.5668
-30.3802
-36.1894
-40.3031
-48.4569
-56.6761
-78.0152
-77.845
-55.9287
-47.4338
-38.9395
-34.6401
-28.5907
-24.6787
-16.8203
-24.5491
-28.3426
-34.1565
-38.2463
-46.2964
-54.3155
-75.0149
-74.9355
-53.967
-45.842
-37.714
-33.5915
-27.7708
-23.9933
-16.3751
-23.9181
-27.6238
-33.3058
-37.3004
-45.1611
-52.9756
-73.132
-73.0449
-52.5926
-44.6688
-36.7469
-32.7291
-27.0586
-23.3775
-15.9546
-23.3029
-26.9101
-32.4384
-36.3214
-43.9603
-51.5435
-71.0948
-70.992
-51.0906
-43.3808
-35.6777
-31.7706
-26.2585
-22.6812
-15.4728
-22.5877
-26.0768
-31.4203
-35.1763
-42.5691
-49.941
-68.9835
-68.9262
-49.7019
-42.271
-34.9031
-31.1909
-26.0635
-22.7406
-16.2085
-26.3037
-25.3982
-12.2318
-9.48062
-11.6732
-21.1277
-52.0838
-38.0274
-38.1297
-38.2023
-38.2395
-38.2397
-38.2048
-38.1398
-38.0519
-37.9495
-37.8416
-37.7368
-37.6429
-37.5666
-37.5127
-37.485
-38.0481
-38.1594
-38.2375
-38.2765
-38.2748
-38.2349
-38.1627
-38.0662
-37.9549
-37.8384
-37.7258
-37.6254
-37.5439
-37.4866
-37.4571
-38.0919
-38.2221
-38.3117
-38.354
-38.3478
-38.2971
-38.2096
-38.0953
-37.9654
-37.8311
-37.7025
-37.5887
-37.4969
-37.4326
-37.3995
-38.1642
-38.3253
-38.4331
-38.4798
-38.4653
-38.396
-38.2831
-38.1398
-37.9803
-37.8179
-37.6644
-37.5299
-37.4222
-37.3472
-37.3088
-38.2741
-38.4817
-38.6156
-38.6667
-38.6373
-38.5386
-38.3868
-38.2005
-37.998
-37.7956
-37.6072
-37.4441
-37.3147
-37.2252
-37.1795
-38.4366
-38.7116
-38.8807
-38.934
-38.8787
-38.734
-38.5249
-38.2774
-38.0154
-37.7591
-37.5247
-37.3244
-37.1672
-37.0593
-37.0044
-38.6758
-39.0474
-39.2616
-39.3097
-39.2093
-38.9936
-38.7012
-38.3686
-38.027
-37.7006
-37.4079
-37.1615
-36.9704
-36.8402
-36.7743
-39.0313
-39.5404
-39.8085
-39.8337
-39.655
-39.3299
-38.9176
-38.4689
-38.0231
-37.6086
-37.2445
-36.9432
-36.7125
-36.5567
-36.4783
-39.5692
-40.2744
-40.5982
-40.5616
-40.2469
-39.7534
-39.1703
-38.566
-37.9878
-37.4659
-37.0181
-36.6544
-36.3795
-36.1957
-36.1037
-40.4061
-41.3897
-41.7482
-41.5675
-41.0175
-40.2664
-39.4441
-38.6369
-37.8961
-37.2489
-36.7077
-36.2765
-35.9554
-35.7427
-35.6369
-41.759
-43.1298
-43.4372
-42.9427
-41.989
-40.8505
-39.7027
-38.6413
-37.7107
-36.9259
-36.2871
-35.7885
-35.4226
-35.1829
-35.0642
-44.0651
-45.9331
-45.9279
-44.7768
-43.1452
-41.4438
-39.8746
-38.5149
-37.3795
-36.4566
-35.7261
-35.1675
-34.7638
-34.5017
-34.3728
-48.2996
-50.6092
-49.564
-47.0912
-44.3708
-41.9047
-39.8371
-38.1642
-36.8356
-35.7949
-34.993
-34.3918
-33.963
-33.6873
-33.5524
-56.9333
-58.6401
-54.6276
-49.6529
-45.3418
-41.9671
-39.4046
-37.469
-36.0039
-34.8942
-34.0592
-33.4434
-33.0092
-32.732
-32.5969
-77.2618
-72.3902
-60.6532
-51.5507
-45.376
-41.2169
-38.345
-36.3032
-34.8166
-33.7187
-32.9061
-32.3133
-31.8983
-31.6344
-31.5062
-21.4672
-21.501
-21.57
-21.6771
-21.8275
-22.0296
-22.2976
-22.6553
-23.1459
-23.8519
-24.9442
-26.8057
-30.3415
-37.5717
-50.6578
-20.5221
-20.5427
-20.5842
-20.6476
-20.7347
-20.8485
-20.9942
-21.1815
-21.43
-21.7827
-22.3462
-23.4296
-26.1268
-35.2329
-75.9403
-19.5629
-19.5698
-19.5832
-19.6017
-19.6235
-19.6453
-19.6619
-19.6653
-19.6418
-19.5673
-19.3874
-18.9326
-17.4605
-10.9477
24.9899
-18.5989
-18.5926
-18.5786
-18.5537
-18.5124
-18.4457
-18.339
-18.1677
-17.8893
-17.4252
-16.6197
-15.1419
-12.294
-7.097
-3.60556
-17.6393
-17.6208
-17.5816
-17.517
-17.4189
-17.274
-17.0609
-16.7446
-16.2657
-15.5204
-14.319
-12.3025
-8.75866
-2.06265
13.6134
-16.6926
-16.6634
-16.6023
-16.5037
-16.358
-16.1497
-15.8546
-15.4344
-14.8272
-13.9324
-12.5846
-10.5239
-7.41226
-3.26508
-1.66832
-15.7663
-15.7282
-15.6491
-15.5233
-15.3406
-15.0857
-14.7353
-14.254
-13.5886
-12.6589
-11.3456
-9.47511
-6.78501
-2.69706
5.49859
-14.8666
-14.8214
-14.7286
-14.5823
-14.3734
-14.0882
-13.7069
-13.2015
-12.5336
-11.6519
-10.4937
-8.99558
-7.12853
-4.98216
-2.98004
-13.9982
-13.9479
-13.8451
-13.6848
-13.4592
-13.1574
-12.7647
-12.262
-11.6271
-10.837
-9.87783
-8.7723
-7.66607
-7.16766
-10.0671
-13.1647
-13.111
-13.0016
-12.8326
-12.598
-12.2899
-11.8988
-11.4144
-10.8284
-10.1395
-9.36365
-8.54955
-7.78158
-6.99414
-4.26474
-12.3687
-12.3128
-12.1996
-12.0261
-11.788
-11.4802
-11.0977
-10.6374
-10.1012
-9.5025
-8.87606
-8.29482
-7.91064
-8.1698
-11.4674
-11.6114
-11.5545
-11.4395
-11.2644
-11.0263
-10.7223
-10.3508
-9.91302
-9.41738
-8.88482
-8.35714
-7.90327
-7.59299
-7.23602
-4.47199
-10.8938
-10.8366
-10.7213
-10.5465
-10.3104
-10.0115
-9.64983
-9.22894
-8.75929
-8.26379
-7.78699
-7.41206
-7.30781
-7.9744
-12.0427
-10.2159
-10.159
-10.0445
-9.8713
-9.63821
-9.34431
-8.99005
-8.57876
-8.1192
-7.62983
-7.14616
-6.73291
-6.48736
-6.35104
-4.06059
-9.57762
-9.52138
-9.40839
-9.23772
-9.00827
-8.71908
-8.36992
-7.96214
-7.49986
-6.99194
-6.45649
-5.93733
-5.59112
-6.22417
-12.8636
-8.97844
-8.92326
-8.81241
-8.64502
-8.41987
-8.13553
-7.79055
-7.38343
-6.91225
-6.37323
-5.75554
-5.02169
-4.01489
-1.92676
6.14157
-8.41763
-8.36383
-8.25576
-8.09249
-7.8726
-7.59414
-7.25438
-6.84923
-6.3718
-5.80921
-5.1353
-4.29564
-3.18962
-1.78279
-1.66689
-7.89422
-7.84213
-7.73748
-7.57931
-7.36605
-7.09537
-6.76367
-6.36526
-5.89054
-5.32254
-4.6302
-3.7546
-2.57331
-0.742859
3.40492
-7.40704
-7.35698
-7.25642
-7.10442
-6.89943
-6.639
-6.31933
-5.93434
-5.47409
-4.92225
-4.25241
-3.42589
-2.40784
-1.3127
-1.44048
-6.95465
-6.90694
-6.81112
-6.66638
-6.47134
-6.22382
-5.9204
-5.55571
-5.12131
-4.60395
-3.98348
-3.23021
-2.29595
-1.03379
1.51193
-6.53545
-6.49034
-6.39983
-6.26332
-6.07975
-5.8475
-5.56405
-5.22555
-4.82617
-4.35728
-3.80683
-3.16027
-2.4118
-1.64674
-1.65227
-6.14761
-6.10531
-6.02054
-5.89296
-5.722
-5.50677
-5.24596
-4.9377
-4.57933
-4.16731
-3.69696
-3.16112
-2.53922
-1.72504
-0.0588732
-5.78919
-5.74981
-5.67102
-5.55278
-5.39503
-5.19772
-4.96088
-4.68469
-4.3698
-4.01787
-3.63262
-3.22177
-2.80022
-2.39548
-2.06782
-5.45816
-5.42171
-5.34894
-5.24007
-5.09557
-4.91618
-4.70315
-4.45858
-4.18604
-3.89162
-3.5861
-3.2899
-3.04957
-3.01288
-3.84824
-5.15247
-5.11888
-5.05195
-4.95216
-4.82038
-4.65803
-4.46736
-4.25195
-4.01751
-3.77313
-3.53314
-3.31927
-3.15755
-3.02517
-2.40659
-4.87013
-4.83926
-4.77781
-4.68649
-4.56645
-4.41958
-4.24878
-4.05857
-3.85592
-3.65161
-3.46208
-3.31247
-3.2452
-3.37558
-4.33558
-4.60928
-4.58089
-4.52446
-4.44079
-4.3312
-4.19778
-4.04372
-3.87385
-3.69554
-3.51988
-3.36335
-3.24851
-3.19564
-3.15035
-2.46008
-4.36819
-4.34202
-4.29007
-4.21313
-4.11254
-3.99036
-3.84967
-3.69504
-3.53334
-3.3749
-3.2357
-3.14156
-3.14087
-3.37345
-4.57451
-4.14529
-4.12109
-4.07305
-4.00192
-3.9089
-3.79582
-3.66532
-3.52119
-3.3689
-3.21659
-3.07682
-2.96974
-2.92414
-2.92447
-2.32781
-3.93923
-3.91676
-3.87212
-3.80594
-3.71923
-3.61342
-3.49048
-3.35302
-3.20452
-3.04962
-2.89526
-2.75525
-2.67555
-2.8905
-4.86017
-3.74882
-3.72785
-3.68616
-3.62425
-3.54284
-3.44294
-3.32575
-3.19257
-3.0446
-2.88231
-2.70379
-2.49892
-2.22237
-1.6384
0.683477
-3.57299
-3.55336
-3.51429
-3.45612
-3.37934
-3.28451
-3.17214
-3.04241
-2.89466
-2.7263
-2.53064
-2.29239
-1.98271
-1.59353
-1.60269
-3.41082
-3.39241
-3.3557
-3.30094
-3.2284
-3.13829
-3.03063
-2.9048
-2.75905
-2.5893
-2.3871
-2.13549
-1.7983
-1.27239
-0.0528823
-3.26147
-3.24418
-3.20969
-3.15814
-3.08967
-3.0043
-2.90174
-2.78106
-2.64015
-2.47486
-2.27789
-2.03804
-1.74497
-1.43322
-1.4971
-3.12415
-3.10793
-3.07555
-3.02712
-2.96271
-2.88227
-2.78547
-2.6714
-2.53819
-2.38244
-2.19851
-1.97756
-1.70464
-1.33353
-0.567545
-2.99812
-2.98292
-2.95259
-2.90722
-2.8469
-2.77164
-2.68122
-2.57505
-2.45191
-2.30964
-2.14486
-1.95319
-1.73254
-1.50834
-1.52289
-2.88267
-2.86846
-2.8401
-2.79773
-2.7415
-2.67155
-2.58792
-2.49052
-2.37895
-2.25248
-2.1099
-1.94898
-1.76293
-1.51764
-1.00558
-2.77711
-2.76383
-2.73736
-2.69788
-2.64565
-2.58097
-2.50423
-2.41584
-2.31636
-2.20654
-2.0877
-1.96223
-1.83448
-1.7125
-1.61421
-2.6808
-2.66839
-2.64368
-2.60692
-2.55846
-2.49881
-2.42864
-2.3489
-2.26096
-2.16689
-2.07015
-1.97707
-1.90206
-1.89118
-2.15399
-2.59312
-2.5815
-2.5584
-2.5241
-2.47907
-2.42396
-2.35972
-2.28768
-2.20983
-2.12912
-2.05007
-1.9794
-1.92513
-1.88008
-1.68313
-2.51354
-2.50261
-2.48091
-2.44877
-2.4067
-2.35548
-2.29622
-2.23052
-2.16071
-2.09023
-2.02419
-1.97035
-1.94182
-1.97475
-2.26752
-2.44157
-2.43122
-2.4107
-2.38034
-2.3407
-2.2926
-2.23722
-2.17624
-2.11208
-2.04827
-1.98988
-1.94374
-1.91586
-1.88923
-1.66238
-2.3768
-2.36692
-2.34733
-2.31837
-2.28059
-2.2348
-2.18213
-2.12418
-2.06323
-2.00257
-1.94707
-1.90446
-1.88906
-1.94301
-2.2915
-2.31891
-2.30938
-2.29048
-2.26254
-2.22606
-2.18178
-2.13071
-2.07423
-2.01421
-1.95329
-1.89535
-1.8463
-1.81414
-1.79249
-1.58572
-2.26765
-2.25836
-2.23993
-2.21265
-2.17697
-2.1335
-2.08308
-2.02674
-1.96582
-1.90197
-1.83746
-1.77643
-1.73193
-1.77076
-2.31233
-2.22285
-2.21371
-2.19555
-2.16862
-2.13329
-2.09007
-2.03956
-1.98246
-1.91947
-1.85111
-1.77719
-1.69508
-1.59188
-1.40009
-0.712419
-2.18442
-2.17534
-2.15727
-2.13043
-2.09512
-2.05171
-2.00064
-1.94229
-1.87688
-1.80413
-1.72261
-1.62839
-1.51337
-1.37393
-1.33685
-2.15231
-2.14321
-2.12509
-2.09813
-2.06257
-2.01869
-1.96678
-1.90703
-1.83939
-1.76325
-1.67687
-1.57617
-1.45181
-1.27682
-0.921705
-2.12653
-2.11735
-2.09907
-2.07182
-2.03581
-1.99126
-1.93837
-1.87726
-1.80781
-1.7295
-1.64108
-1.54038
-1.42542
-1.3049
-1.27326
-2.10714
-2.09783
-2.07928
-2.05161
-2.01499
-1.96962
-1.91568
-1.85328
-1.7824
-1.70278
-1.61382
-1.51449
-1.40291
-1.27135
-1.05995
-2.09422
-2.08474
-2.06583
-2.03762
-2.00026
-1.95395
-1.89888
-1.83521
-1.76308
-1.68256
-1.59377
-1.49711
-1.39429
-1.29332
-1.24232
-2.0879
-2.0782
-2.05885
-2.02999
-1.99176
-1.94437
-1.88804
-1.82302
-1.74958
-1.66809
-1.57918
-1.48402
-1.38438
-1.28066
-1.15262
-2.08832
-2.07836
-2.0585
-2.02886
-1.98962
-1.941
-1.88326
-1.81669
-1.74167
-1.65877
-1.56896
-1.47403
-1.37732
-1.28495
-1.21035
-2.09567
-2.0854
-2.06494
-2.03441
-1.99401
-1.94398
-1.88461
-1.81623
-1.73925
-1.65426
-1.56228
-1.46528
-1.36724
-1.27697
-1.21614
-2.11016
-2.09953
-2.07837
-2.04681
-2.00508
-1.95345
-1.89222
-1.82174
-1.74239
-1.65461
-1.55911
-1.45724
-1.35179
-1.24861
-1.16048
-2.13202
-2.12099
-2.09902
-2.06628
-2.02303
-1.96958
-1.90626
-1.83343
-1.75138
-1.66032
-1.56037
-1.45169
-1.33477
-1.20984
-1.0626
-2.16155
-2.15005
-2.12715
-2.09306
-2.04808
-1.99256
-1.92691
-1.85152
-1.76663
-1.67221
-1.56771
-1.45186
-1.32332
-1.18661
-1.09278
-2.19906
-2.18702
-2.16306
-2.12741
-2.08044
-2.02258
-1.95434
-1.8762
-1.78849
-1.6911
-1.58292
-1.46086
-1.31753
-1.13364
-0.827347
-2.24494
-2.23227
-2.20707
-2.16963
-2.12036
-2.05981
-1.98863
-1.90753
-1.81708
-1.71747
-1.60779
-1.48462
-1.33991
-1.1657
-1.04769
-2.29962
-2.28622
-2.2596
-2.22006
-2.16811
-2.10441
-2.02983
-1.94534
-1.85204
-1.75085
-1.64202
-1.52333
-1.38279
-1.15874
-0.48756
-2.36359
-2.34936
-2.32108
-2.27911
-2.22401
-2.15659
-2.07789
-1.98928
-1.89247
-1.78953
-1.68308
-1.57722
-1.48366
-1.46227
-1.89506
-2.43745
-2.42226
-2.39207
-2.34727
-2.28848
-2.21658
-2.13283
-2.03892
-1.93714
-1.83064
-1.72374
-1.62256
-1.53442
-1.45032
-1.16952
-2.52185
-2.50557
-2.47321
-2.42515
-2.36204
-2.28481
-2.19482
-2.094
-1.9851
-1.87202
-1.76043
-1.65884
-1.58237
-1.57489
-1.87462
-2.61754
-2.60005
-2.56524
-2.51349
-2.44539
-2.36189
-2.26433
-2.1547
-2.03595
-1.91236
-1.79016
-1.67767
-1.58241
-1.48602
-1.16252
-2.72539
-2.70655
-2.66904
-2.61316
-2.53945
-2.44872
-2.3422
-2.22174
-2.09015
-1.95174
-1.81313
-1.68452
-1.58321
-1.55477
-1.83747
-2.8463
-2.82602
-2.78558
-2.72521
-2.64532
-2.54652
-2.42976
-2.2965
-2.14907
-1.99125
-1.82915
-1.67239
-1.53341
-1.40735
-1.09742
-2.98129
-2.95949
-2.91595
-2.85081
-2.76431
-2.65679
-2.52876
-2.38108
-2.2152
-2.03373
-1.84146
-1.6479
-1.47464
-1.38749
-1.66955
-3.13142
-3.10804
-3.06131
-2.99125
-2.8979
-2.78128
-2.6414
-2.47829
-2.29216
-2.08368
-1.85467
-1.6093
-1.35604
-1.11114
-0.910575
-3.29777
-3.27281
-3.22285
-3.14785
-3.04764
-2.92192
-2.77016
-2.59149
-2.38462
-2.14788
-1.87923
-1.57616
-1.23163
-0.803875
-0.0125595
-3.48145
-3.45491
-3.40179
-3.32195
-3.21508
-3.08064
-2.91761
-2.72425
-2.49783
-2.23421
-1.92769
-1.5718
-1.16499
-0.748971
-0.685366
-3.68355
-3.65548
-3.59928
-3.51479
-3.40167
-3.25921
-3.08609
-2.87997
-2.63687
-2.35033
-2.01044
-1.60278
-1.10475
-0.449208
0.80585
-3.90513
-3.87556
-3.8164
-3.72752
-3.60862
-3.45905
-3.27748
-3.06136
-2.80605
-2.50347
-2.14023
-1.6965
-1.15389
-0.565649
-0.553819
-4.14722
-4.1162
-4.05415
-3.96108
-3.83686
-3.68111
-3.49286
-3.26995
-3.00806
-2.69874
-2.32591
-1.85888
-1.23471
-0.281672
1.81665
-4.41086
-4.37835
-4.31343
-4.21625
-4.08699
-3.92574
-3.73228
-3.50561
-3.24299
-2.93809
-2.577
-2.13037
-1.54389
-0.792899
-0.657361
-4.69706
-4.66301
-4.59511
-4.49369
-4.35932
-4.19272
-3.99476
-3.76621
-3.50727
-3.21645
-2.88747
-2.49898
-1.96731
-0.876584
3.26382
-5.00688
-4.97118
-4.90004
-4.79401
-4.65401
-4.48147
-4.27847
-4.0479
-3.79369
-3.5213
-3.23925
-2.96701
-2.77894
-3.07796
-6.4164
-5.34148
-5.30395
-5.22919
-5.1179
-4.97128
-4.79136
-4.58131
-4.34598
-4.09273
-3.83283
-3.58422
-3.37659
-3.25228
-3.16848
-1.93893
-5.70212
-5.66255
-5.5837
-5.4663
-5.31167
-5.12217
-4.90169
-4.6565
-4.39638
-4.13652
-3.9007
-3.72829
-3.69749
-4.05449
-6.15728
-6.09023
-6.04841
-5.96498
-5.84053
-5.67626
-5.47446
-5.23922
-4.97736
-4.69983
-4.4235
-4.17314
-3.98165
-3.87338
-3.72799
-2.28689
-6.50737
-6.46314
-6.37474
-6.2424
-6.06689
-5.84998
-5.59522
-5.3091
-5.00245
-4.69241
-4.40469
-4.1772
-4.07504
-4.30114
-6.07719
-6.95521
-6.90854
-6.81498
-6.67424
-6.48626
-6.25175
-5.973
-5.65507
-5.30741
-4.94583
-4.59439
-4.2857
-4.04874
-3.79774
-2.44012
-7.43544
-7.38648
-7.28796
-7.13886
-6.93792
-6.68423
-6.37796
-6.02167
-5.62202
-5.19218
-4.75438
-4.34439
-4.03217
-4.06262
-5.76175
-7.94966
-7.89881
-7.79607
-7.63945
-7.42621
-7.15321
-6.81766
-6.41835
-5.9576
-5.44403
-4.89506
-4.33516
-3.77761
-3.16844
-2.36273
-8.49917
-8.44715
-8.34157
-8.17935
-7.95597
-7.6656
-7.30162
-6.85767
-6.32985
-5.72045
-5.04329
-4.32428
-3.55887
-2.41052
1.59532
-9.08478
-9.03266
-8.92637
-8.76171
-8.53224
-8.22909
-7.84109
-7.35524
-6.75872
-6.0439
-5.22057
-4.34559
-3.60605
-3.63675
-7.19089
-9.70656
-9.65577
-9.55168
-9.38907
-9.15964
-8.8515
-8.44848
-7.92964
-7.26973
-6.44269
-5.43366
-4.27283
-3.11835
-2.41629
-2.91976
-10.3636
-10.3159
-10.2176
-10.0628
-9.84168
-9.53978
-9.13628
-8.60198
-7.89678
-6.96781
-5.75214
-4.19564
-2.31647
-0.358844
1.00163
-11.0537
-11.0111
-10.9228
-10.7825
-10.5798
-10.2986
-9.91489
-9.39299
-8.67921
-7.692
-6.30725
-4.34253
-1.5691
2.11313
5.86768
-11.7734
-11.7379
-11.664
-11.5456
-11.3724
-11.1285
-10.7894
-10.3172
-9.65149
-8.69219
-7.26505
-5.05103
-1.45288
4.53469
13.3409
-12.5178
-12.4914
-12.4361
-12.3467
-12.2141
-12.0246
-11.7564
-11.3758
-10.8276
-10.0172
-8.76923
-6.7207
-2.99605
4.99869
26.9295
-152.021
-91.288
-63.7615
-50.6064
-43.5592
-39.3491
-36.6128
-34.7254
-33.3718
-32.3795
-31.6475
-31.1143
-30.7412
-30.504
-30.3887
-189.268
-85.4089
-56.6071
-45.5063
-39.9372
-36.6276
-34.4483
-32.9203
-31.8075
-30.9812
-30.3653
-29.9131
-29.5948
-29.3917
-29.2927
49.1521
-27.4071
-37.1604
-36.5645
-34.7458
-33.1209
-31.8315
-30.8267
-30.0443
-29.4366
-28.9693
-28.6187
-28.3683
-28.2069
-28.1279
-7.05686
-15.7973
-24.9006
-28.4717
-29.4197
-29.3811
-29.017
-28.5785
-28.1597
-27.7943
-27.4923
-27.2548
-27.0799
-26.965
-26.9081
27.2386
-3.93429
-16.4826
-22.2004
-24.7787
-25.8673
-26.2539
-26.3166
-26.2381
-26.1079
-25.9704
-25.8473
-25.7497
-25.6827
-25.6488
-1.25656
-5.00437
-12.8079
-18.1092
-21.1721
-22.8409
-23.7158
-24.1526
-24.3523
-24.4267
-24.4382
-24.4221
-24.3982
-24.3774
-24.3658
12.1659
-3.25732
-10.8708
-15.5723
-18.5334
-20.3659
-21.4817
-22.1533
-22.5534
-22.789
-22.9253
-23.0024
-23.0444
-23.0658
-23.0746
-3.01871
-6.93317
-10.9558
-14.2439
-16.6786
-18.3885
-19.5562
-20.3425
-20.8688
-21.2201
-21.4535
-21.6069
-21.7048
-21.7627
-21.7896
-15.4861
-10.5334
-11.551
-13.5082
-15.327
-16.7877
-17.8953
-18.7121
-19.3057
-19.7329
-20.0372
-20.2499
-20.393
-20.4812
-20.5232
-4.99404
-9.98697
-11.4936
-12.8685
-14.2239
-15.4321
-16.4363
-17.2368
-17.8581
-18.3311
-18.6843
-18.9411
-19.1194
-19.2316
-19.2858
-17.4357
-11.8611
-11.5278
-12.2422
-13.2232
-14.218
-15.1188
-15.8858
-16.5135
-17.0125
-17.3984
-17.6869
-17.8915
-18.0223
-18.0861
-5.14605
-10.0948
-10.8345
-11.4309
-12.2128
-13.069
-13.8942
-14.6314
-15.2583
-15.7723
-16.18
-16.491
-16.7149
-16.8596
-16.9306
-18.0243
-11.2511
-10.2406
-10.4905
-11.1509
-11.9416
-12.7308
-13.4535
-14.0814
-14.6059
-15.0286
-15.3554
-15.5932
-15.748
-15.8243
-4.31288
-8.40514
-8.77129
-9.26519
-9.9985
-10.8151
-11.6134
-12.3416
-12.9763
-13.5102
-13.9439
-14.2817
-14.5291
-14.6909
-14.7709
-19.0546
-8.14632
-7.21328
-7.87356
-8.78823
-9.70122
-10.5448
-11.2944
-11.9412
-12.484
-12.9257
-13.2708
-13.5243
-13.6907
-13.773
12.6094
-0.959853
-4.54876
-6.30526
-7.57909
-8.63558
-9.54128
-10.3186
-10.9783
-11.5281
-11.9744
-12.3234
-12.5801
-12.7487
-12.8323
-0.28593
-0.703878
-3.15675
-5.07211
-6.52085
-7.67461
-8.62693
-9.42441
-10.0918
-10.6439
-11.0909
-11.44
-11.6969
-11.8658
-11.9496
7.82919
0.965522
-2.13801
-4.16299
-5.66744
-6.85352
-7.82009
-8.62052
-9.28529
-9.83284
-10.2752
-10.6205
-10.8748
-11.0421
-11.1251
-0.0105554
0.0239445
-1.86827
-3.61533
-5.03509
-6.18484
-7.12859
-7.91084
-8.56014
-9.09478
-9.52678
-9.86432
-10.113
-10.2768
-10.3581
4.54695
0.420591
-1.69932
-3.29495
-4.59022
-5.65921
-6.54922
-7.29345
-7.91459
-8.42798
-8.84398
-9.16976
-9.41027
-9.56886
-9.64765
-0.452166
-0.575938
-1.89444
-3.18314
-4.30247
-5.25786
-6.07108
-6.76151
-7.34387
-7.82877
-8.22381
-8.5344
-8.76435
-8.91627
-8.99184
1.89329
-0.742599
-2.11025
-3.18895
-4.12854
-4.95521
-5.67819
-6.30462
-6.84079
-7.29195
-7.66228
-7.95502
-8.17258
-8.3167
-8.38848
-1.19021
-1.78981
-2.52671
-3.29136
-4.03302
-4.72454
-5.35233
-5.91039
-6.39673
-6.81123
-7.15461
-7.42783
-7.63181
-7.76734
-7.83496
-3.85769
-2.74149
-2.92388
-3.40972
-3.9723
-4.53813
-5.07487
-5.56596
-6.00253
-6.3799
-6.69566
-6.94869
-7.13855
-7.26511
-7.32838
-1.78781
-2.79119
-3.11032
-3.47478
-3.9093
-4.3719
-4.82911
-5.25938
-5.64945
-5.99132
-6.28024
-6.51342
-6.68924
-6.80683
-6.86572
-4.53431
-3.31591
-3.26527
-3.49118
-3.82678
-4.20941
-4.60205
-4.98069
-5.32981
-5.63951
-5.90353
-6.11796
-6.28036
-6.3893
-6.44395
-1.94937
-3.02952
-3.22817
-3.43138
-3.71159
-4.03996
-4.3847
-4.72249
-5.03755
-5.31942
-5.56125
-5.7586
-5.9086
-6.00945
-6.06011
-4.79243
-3.35515
-3.1879
-3.3181
-3.56294
-3.85913
-4.17216
-4.48007
-4.76832
-5.02711
-5.24986
-5.43213
-5.57096
-5.66445
-5.71145
-1.85989
-2.7987
-2.94104
-3.12521
-3.37863
-3.6666
-3.96316
-4.25131
-4.51953
-4.75983
-4.96658
-5.13581
-5.2648
-5.35171
-5.39543
-5.04948
-2.79527
-2.66512
-2.88423
-3.17032
-3.46809
-3.76001
-4.03637
-4.29013
-4.51584
-4.70934
-4.86744
-4.98785
-5.06896
-5.10976
1.61527
-1.3167
-2.14666
-2.59674
-2.95389
-3.27364
-3.56766
-3.83713
-4.0802
-4.29423
-4.47666
-4.62524
-4.7382
-4.81421
-4.85243
-1.10375
-1.2979
-1.89202
-2.37379
-2.76343
-3.09706
-3.39237
-3.65622
-3.89042
-4.09458
-4.26749
-4.40779
-4.51419
-4.5857
-4.62163
0.455024
-1.00139
-1.71539
-2.21481
-2.61187
-2.94708
-3.23893
-3.49592
-3.7215
-3.91661
-4.08098
-4.21386
-4.31442
-4.3819
-4.41578
-1.11759
-1.22051
-1.6878
-2.12692
-2.50328
-2.82723
-3.1097
-3.35742
-3.57375
-3.75999
-3.91633
-4.04239
-4.13761
-4.20144
-4.23346
-0.347164
-1.18668
-1.67977
-2.08261
-2.4311
-2.73618
-3.00461
-3.24072
-3.44688
-3.62415
-3.77272
-3.89235
-3.98261
-4.04306
-4.07338
-1.26497
-1.39353
-1.73441
-2.07607
-2.38907
-2.67059
-2.92198
-3.14481
-3.3401
-3.50825
-3.64921
-3.7627
-3.8483
-3.90562
-3.93437
-0.952933
-1.45305
-1.78853
-2.08944
-2.3689
-2.62593
-2.85919
-3.06805
-3.25217
-3.41122
-3.54479
-3.65242
-3.73364
-3.78804
-3.81532
-1.43369
-1.62705
-1.86665
-2.11772
-2.36434
-2.59779
-2.81335
-3.00847
-3.18166
-3.3319
-3.4584
-3.5605
-3.63762
-3.6893
-3.71522
-1.7799
-1.76906
-1.93682
-2.1491
-2.36892
-2.58208
-2.78172
-2.96414
-3.12709
-3.26906
-3.38897
-3.48593
-3.55927
-3.60845
-3.63314
-1.55463
-1.78716
-1.97607
-2.17526
-2.37815
-2.57575
-2.76207
-2.93335
-3.08709
-3.22157
-3.33547
-3.42778
-3.4977
-3.54464
-3.5682
-1.74629
-1.83572
-2.00818
-2.19886
-2.39107
-2.57728
-2.75289
-2.91473
-3.06049
-3.18838
-3.29699
-3.38519
-3.4521
-3.49706
-3.51965
-1.60283
-1.82677
-2.02766
-2.22139
-2.40818
-2.58619
-2.75328
-2.9073
-3.04632
-3.1686
-3.2727
-3.3574
-3.42175
-3.46504
-3.48681
-1.57617
-1.834
-2.0521
-2.24876
-2.43139
-2.60271
-2.76275
-2.91031
-3.04377
-3.16147
-3.26189
-3.34375
-3.40604
-3.44799
-3.46909
-1.6553
-1.86899
-2.09145
-2.28589
-2.46249
-2.62707
-2.7809
-2.92314
-3.0522
-3.16635
-3.26398
-3.34372
-3.40448
-3.44543
-3.46604
-1.30033
-1.89812
-2.15026
-2.33542
-2.50195
-2.65893
-2.80712
-2.94514
-3.071
-3.18272
-3.27851
-3.35689
-3.41669
-3.45702
-3.47733
-2.43882
-2.16751
-2.25559
-2.39791
-2.54808
-2.6969
-2.84043
-2.9756
-3.09964
-3.21016
-3.30515
-3.38299
-3.44243
-3.48254
-3.50275
-1.85603
-2.18763
-2.32328
-2.45497
-2.59517
-2.73856
-2.87958
-3.01381
-3.1377
-3.24842
-3.34373
-3.42189
-3.4816
-3.52191
-3.54221
-2.58962
-2.34413
-2.39375
-2.50614
-2.64009
-2.78188
-2.92348
-3.05923
-3.18493
-3.2974
-3.39424
-3.47364
-3.53427
-3.5752
-3.59581
-1.9457
-2.29605
-2.42066
-2.54236
-2.67961
-2.82535
-2.97146
-3.11167
-3.24137
-3.35725
-3.45687
-3.53844
-3.60066
-3.64262
-3.66374
-2.6774
-2.40508
-2.44961
-2.5678
-2.71326
-2.8686
-3.02358
-3.17141
-3.30744
-3.42843
-3.53207
-3.61671
-3.68114
-3.72454
-3.74636
-1.97782
-2.29446
-2.42744
-2.57435
-2.74008
-2.91213
-3.0807
-3.23938
-3.38399
-3.51168
-3.6205
-3.70903
-3.77626
-3.82146
-3.84417
-2.60182
-2.31178
-2.39561
-2.56785
-2.76256
-2.9581
-3.14472
-3.31717
-3.4723
-3.60807
-3.72305
-3.81619
-3.8867
-3.93403
-3.95778
-1.88218
-2.06985
-2.30243
-2.54576
-2.78451
-3.0103
-3.21861
-3.40701
-3.57409
-3.71892
-3.84079
-3.93908
-4.01328
-4.06299
-4.08791
-1.0314
-1.79714
-2.20178
-2.52689
-2.81549
-3.07467
-3.30636
-3.51168
-3.69136
-3.84576
-3.97493
-4.07873
-4.1569
-4.2092
-4.23539
-1.74314
-1.7756
-2.15639
-2.53342
-2.86694
-3.15817
-3.41246
-3.6342
-3.82622
-3.99015
-4.12673
-4.23621
-4.31853
-4.37355
-4.4011
-0.336362
-1.51258
-2.11364
-2.57018
-2.9478
-3.26734
-3.54121
-3.77739
-3.98063
-4.15356
-4.29739
-4.41258
-4.49916
-4.55701
-4.58598
-1.68684
-1.64937
-2.17127
-2.66179
-3.06902
-3.40828
-3.69618
-3.94347
-4.15614
-4.33721
-4.48798
-4.60885
-4.69978
-4.76056
-4.79101
0.512493
-1.39814
-2.25073
-2.81127
-3.23749
-3.58491
-3.8794
-4.13363
-4.35362
-4.54193
-4.69937
-4.82595
-4.92136
-4.98522
-5.01723
-1.83153
-1.8821
-2.53301
-3.05405
-3.46071
-3.79836
-4.0906
-4.34761
-4.57315
-4.76812
-4.93223
-5.06474
-5.16489
-5.23203
-5.26571
1.73163
-1.94963
-2.90551
-3.37631
-3.73191
-4.04338
-4.32632
-4.58348
-4.81394
-5.01579
-5.18706
-5.32604
-5.43138
-5.50211
-5.53763
-6.9581
-3.91024
-3.6149
-3.7786
-4.03379
-4.30824
-4.58
-4.83793
-5.07463
-5.28474
-5.46436
-5.61073
-5.72193
-5.7967
-5.83425
-2.95301
-3.95993
-4.00553
-4.1174
-4.32235
-4.57503
-4.84331
-5.10718
-5.35384
-5.5749
-5.7648
-5.9199
-6.03784
-6.11715
-6.157
-6.55553
-4.67772
-4.35016
-4.39162
-4.57782
-4.83102
-5.10972
-5.38841
-5.65087
-5.88673
-6.08945
-6.25491
-6.3806
-6.46506
-6.50746
-3.15302
-4.31952
-4.43856
-4.56536
-4.78682
-5.06935
-5.3762
-5.68097
-5.96641
-6.22164
-6.44001
-6.61757
-6.75205
-6.84221
-6.88741
-6.2125
-4.68928
-4.52161
-4.67341
-4.95345
-5.29085
-5.64415
-5.987
-6.30296
-6.58218
-6.81896
-7.01019
-7.15432
-7.25062
-7.2988
-3.05541
-4.11827
-4.38283
-4.69244
-5.08031
-5.50136
-5.91941
-6.31174
-6.66509
-6.97224
-7.22957
-7.43558
-7.58985
-7.69248
-7.74371
-5.4445
-4.10222
-4.21278
-4.65718
-5.18418
-5.714
-6.21259
-6.66358
-7.05935
-7.39694
-7.67588
-7.89694
-8.06128
-8.17008
-8.22424
-2.4791
-3.07782
-3.81096
-4.56458
-5.28616
-5.94838
-6.53887
-7.05384
-7.49406
-7.8624
-8.16245
-8.39772
-8.57133
-8.68567
-8.74242
0.903282
-1.96065
-3.39494
-4.49429
-5.4294
-6.23263
-6.91763
-7.49604
-7.97873
-8.37534
-8.69403
-8.94139
-9.12257
-9.24131
-9.30007
-1.76595
-1.83687
-3.21154
-4.5381
-5.66428
-6.59904
-7.37047
-8.00477
-8.52323
-8.94245
-9.27519
-9.53107
-9.71721
-9.83865
-9.89857
3.65693
-0.808299
-3.06157
-4.72112
-6.03214
-7.07891
-7.91859
-8.59399
-9.13668
-9.56967
-9.90977
-10.1692
-10.3568
-10.4787
-10.5387
-1.39313
-1.31639
-3.32395
-5.14623
-6.58354
-7.70266
-8.58084
-9.27543
-9.82635
-10.2614
-10.6004
-10.8573
-11.0422
-11.1619
-11.2206
7.07976
-0.377649
-3.71502
-5.83873
-7.35596
-8.49379
-9.37064
-10.0567
-10.5965
-11.02
-11.3481
-11.5955
-11.7728
-11.8873
-11.9434
-1.82085
-2.30064
-4.94893
-6.95243
-8.39192
-9.46619
-10.293
-10.9395
-11.4475
-11.845
-12.1518
-12.3824
-12.5472
-12.6533
-12.7052
12.1665
-2.71833
-6.63064
-8.45785
-9.68156
-10.6105
-11.3406
-11.9187
-12.3753
-12.7329
-13.0085
-13.2151
-13.3623
-13.4569
-13.5032
-22.5639
-10.7564
-9.76037
-10.3824
-11.1759
-11.8929
-12.4938
-12.9822
-13.3719
-13.6777
-13.9131
-14.0891
-14.2141
-14.2942
-14.3333
-6.43713
-11.2871
-11.7665
-12.188
-12.7235
-13.256
-13.7251
-14.1144
-14.4268
-14.6716
-14.8591
-14.9986
-15.0971
-15.16
-15.1906
-22.135
-14.8534
-13.8128
-13.9143
-14.2733
-14.6633
-15.012
-15.3001
-15.5286
-15.7052
-15.8385
-15.9364
-16.0049
-16.0483
-16.0693
-7.6943
-14.0864
-15.066
-15.462
-15.8015
-16.0992
-16.3409
-16.5273
-16.6666
-16.7688
-16.8427
-16.8948
-16.9302
-16.9521
-16.9626
-23.1228
-17.0787
-16.7244
-17.0489
-17.3589
-17.574
-17.7084
-17.7871
-17.8304
-17.8523
-17.8619
-17.8649
-17.8649
-17.864
-17.8633
-8.4378
-16.1204
-17.9115
-18.646
-18.9824
-19.1048
-19.1146
-19.0716
-19.0091
-18.9443
-18.8857
-18.8372
-18.8004
-18.7758
-18.7634
-25.0847
-19.2541
-19.8325
-20.5196
-20.7545
-20.714
-20.5574
-20.3697
-20.1894
-20.0321
-19.9026
-19.8015
-19.7274
-19.679
-19.6551
-9.1103
-17.9379
-21.6779
-22.7075
-22.7179
-22.4038
-22.022
-21.6627
-21.3538
-21.1006
-20.8999
-20.7469
-20.6367
-20.5653
-20.5303
12.9961
-20.1558
-25.4054
-25.603
-24.9071
-24.1408
-23.471
-22.9206
-22.4797
-22.1326
-21.8642
-21.6627
-21.519
-21.4265
-21.3813
-78.3655
-41.751
-32.641
-29.119
-27.1452
-25.8111
-24.8371
-24.1025
-23.5407
-23.1099
-22.7822
-22.5385
-22.3657
-22.2549
-22.2008
-58.6628
-44.245
-35.9955
-31.5597
-28.9394
-27.2315
-26.0372
-25.1645
-24.5106
-24.0156
-23.6419
-23.3652
-23.1694
-23.0441
-22.9829
-48.9733
-42.4544
-36.7009
-32.7395
-30.1001
-28.2953
-27.014
-26.0745
-25.3703
-24.8371
-24.4343
-24.1357
-23.9242
-23.7887
-23.7225
-43.8117
-40.1311
-36.1612
-33.0011
-30.6816
-28.9959
-27.7536
-26.8212
-26.1114
-25.5681
-25.1544
-24.8459
-24.6264
-24.4853
-24.4163
-41.2071
-38.0074
-35.0584
-32.6789
-30.823
-29.3889
-28.2782
-27.4132
-26.737
-26.2091
-25.8014
-25.4943
-25.2741
-25.1319
-25.0622
-40.8252
-35.7084
-33.5596
-31.9929
-30.6719
-29.5573
-28.6323
-27.8744
-27.2596
-26.7667
-26.3787
-26.0823
-25.8678
-25.7283
-25.6596
-13.3567
-13.3423
-13.3115
-13.2607
-13.1836
-13.0702
-12.906
-12.6682
-12.3216
-11.8091
-11.0352
-9.8377
-7.95545
-5.13666
-2.46424
-14.2864
-14.2867
-14.2865
-14.2842
-14.2772
-14.2619
-14.2336
-14.1869
-14.1172
-14.025
-13.9309
-13.9227
-14.3023
-16.0471
-22.1973
-15.2157
-15.2316
-15.2636
-15.3124
-15.3791
-15.4664
-15.5794
-15.7287
-15.9354
-16.2426
-16.7406
-17.62
-19.2838
-22.5522
-28.8862
-16.129
-16.1603
-16.2239
-16.3225
-16.4604
-16.6451
-16.889
-17.2131
-17.6529
-18.2695
-19.1688
-20.5328
-22.6606
-25.9915
-30.9847
-17.011
-17.0565
-17.1493
-17.2932
-17.4948
-17.7645
-18.1184
-18.5818
-19.1935
-20.0135
-21.1324
-22.6816
-24.8341
-27.7686
-31.5415
-17.8474
-17.9054
-18.0235
-18.2063
-18.4611
-18.7995
-19.2383
-19.802
-20.5258
-21.4585
-22.6655
-24.2271
-26.2255
-28.7071
-31.606
-18.6257
-18.6941
-18.8331
-19.0472
-19.3439
-19.734
-20.2331
-20.8622
-21.6491
-22.6292
-23.844
-25.3358
-27.1336
-29.2281
-31.5339
-19.3356
-19.4122
-19.5674
-19.8055
-20.133
-20.5596
-21.0979
-21.7644
-22.5792
-23.5652
-24.7456
-26.1382
-27.745
-29.5378
-31.4419
-19.9689
-20.0516
-20.2189
-20.4742
-20.8232
-21.2733
-21.8345
-22.5183
-23.3379
-24.3066
-25.4349
-26.7263
-28.1705
-29.7359
-31.364
-20.5193
-20.6065
-20.7821
-21.0492
-21.412
-21.8761
-22.4483
-23.1362
-23.9475
-24.8883
-25.961
-27.1615
-28.4746
-29.8712
-31.3064
-20.9826
-21.0727
-21.2539
-21.5285
-21.8994
-22.3706
-22.9463
-23.6308
-24.4276
-25.3379
-26.3595
-27.4839
-28.6951
-29.9676
-31.2668
-21.3557
-21.4476
-21.6324
-21.9114
-22.2866
-22.7605
-23.3354
-24.013
-24.794
-25.6763
-26.6549
-27.7195
-28.8543
-30.0373
-31.2409
-21.6367
-21.7298
-21.9165
-22.1979
-22.5751
-23.0494
-23.6216
-24.2919
-25.0588
-25.9185
-26.8641
-27.8847
-28.9653
-30.0863
-31.2248
-21.8245
-21.9182
-22.106
-22.3885
-22.7664
-23.2401
-23.8098
-24.4742
-25.2308
-26.0747
-26.9981
-27.99
-29.0358
-30.1177
-31.2156
-21.9186
-22.0125
-22.2008
-22.4837
-22.8617
-23.335
-23.903
-24.5642
-25.3155
-26.1512
-27.0635
-28.0412
-29.0701
-30.1331
-31.2115
-24.7068
-103.908
-113.909
-70.2833
-54.3096
-39.3261
-31.8158
-20.3192
-28.2569
-32.0044
-37.7038
-41.7908
-49.9802
-58.3706
-80.3046
-80.1483
-57.6911
-48.982
-40.2543
-35.8396
-29.6206
-25.5943
-17.4761
-25.5384
-29.5219
-35.6493
-39.9912
-48.558
-57.1437
-79.327
-79.4128
-57.5243
-49.0331
-40.4823
-36.138
-29.9615
-25.9362
-17.7503
-25.994
-30.0786
-36.3691
-40.8249
-49.611
-58.4
-81.0889
-81.1764
-58.7854
-50.1054
-41.3788
-36.9448
-30.6403
-26.5295
-18.1639
-26.6155
-30.8082
-37.2721
-41.8528
-50.8877
-59.921
-83.2332
-83.3359
-60.3715
-51.4826
-42.5738
-38.0514
-31.6246
-27.4258
-18.8416
-27.7407
-32.2255
-39.2313
-44.2758
-54.3138
-64.4065
-90.4568
-91.0658
-67.1035
-58.11
-49.7335
-45.7668
-40.8014
-37.6393
-31.2732
-61.9783
-59.8984
-22.7486
-11.5943
-8.54802
-9.67823
-17.4268
-38.311
-63.62
-71.1974
-61.3291
-51.8011
-43.2504
-37.221
-32.9721
-34.0491
-36.4465
-39.9741
-44.0059
-49.3163
-55.2745
-62.0051
-61.8396
-54.747
-48.4434
-42.7387
-38.3035
-34.2742
-31.2448
-29.1285
-31.2082
-34.1985
-38.1733
-42.5438
-48.1575
-54.3611
-61.3297
-61.4099
-54.6074
-48.5121
-42.96
-38.6229
-34.6584
-31.6713
-29.5923
-31.7638
-34.8525
-38.943
-43.4329
-49.1916
-55.547
-62.68
-62.7655
-55.8107
-49.5819
-43.9125
-39.4849
-35.439
-32.3919
-30.275
-32.5097
-35.6845
-39.8893
-44.5055
-50.4271
-56.9624
-64.2991
-64.4022
-57.2824
-50.9131
-45.1275
-40.6195
-36.5122
-33.4394
-31.3487
-33.8017
-37.2695
-41.8839
-47.002
-53.6231
-61.0009
-69.3921
-69.9662
-62.8192
-56.505
-50.973
-46.8609
-43.4136
-41.138
-40.4376
-45.5694
-42.62
-30.8126
-23.1077
-19.6299
-19.5041
-22.3143
-38.5029
-48.8654
-53.6071
-51.8847
-47.8853
-43.5438
-40.0622
-37.9555
-37.9397
-39.261
-41.518
-44.3797
-47.7195
-51.0657
-53.6359
-53.5055
-50.6667
-47.0424
-43.3949
-40.1826
-37.4878
-35.5805
-34.7384
-35.5667
-37.4572
-40.1274
-43.306
-46.9075
-50.4767
-53.2514
-53.3181
-50.6721
-47.2087
-43.6882
-40.5709
-37.9479
-36.0988
-35.3137
-36.2131
-38.1835
-40.9419
-44.2137
-47.913
-51.5743
-54.4194
-54.4927
-51.7905
-48.2529
-44.6579
-41.4756
-38.7993
-36.9148
-36.1199
-37.05
-39.0777
-41.9143
-45.2785
-49.0829
-52.8501
-55.7814
-55.8697
-53.1126
-49.5031
-45.8414
-42.6107
-39.9102
-38.0388
-37.3131
-38.4013
-40.6624
-43.8114
-47.5642
-51.8426
-56.1363
-59.5844
-59.9851
-57.3357
-53.7739
-50.168
-46.9979
-44.3385
-42.3687
-41.2042
-40.7983
-38.0976
-32.9694
-28.5343
-25.8847
-25.102
-25.853
-36.8819
-42.2044
-45.3248
-45.7192
-44.462
-42.599
-40.9232
-39.9277
-39.905
-40.7279
-42.1908
-44.0651
-46.1131
-47.9743
-49.1555
-49.0711
-47.7176
-45.6743
-43.4245
-41.3164
-39.5675
-38.382
-37.943
-38.3958
-39.5929
-41.3492
-43.4591
-45.7041
-47.7362
-49.0724
-49.1327
-47.9135
-45.9877
-43.8358
-41.807
-40.1231
-38.994
-38.6093
-39.1201
-40.3795
-42.2018
-44.3788
-46.6889
-48.7771
-50.1504
-50.2166
-48.9732
-47.0067
-44.8091
-42.7377
-41.0193
-39.8689
-39.4808
-40.0098
-41.306
-43.1795
-45.4175
-47.7926
-49.9413
-51.3577
-51.4347
-50.1705
-48.1684
-45.9349
-43.8383
-42.1145
-40.9884
-40.6657
-41.3119
-42.7771
-44.8692
-47.3698
-50.0404
-52.4895
-54.1652
-54.3963
-53.1663
-51.1063
-48.7355
-46.3995
-44.2703
-42.4398
-40.879
-39.3319
-37.0711
-34.1282
-31.3899
-29.4509
-28.4913
-28.3851
-35.438
-38.7145
-40.9676
-41.932
-41.9106
-41.3846
-40.8045
-40.499
-40.6525
-41.2732
-42.271
-43.5002
-44.7754
-45.862
-46.4973
-46.4642
-45.7614
-44.6035
-43.25
-41.9328
-40.8356
-40.1085
-39.8634
-40.1528
-40.9232
-42.0617
-43.4176
-44.807
-45.9979
-46.7306
-46.7895
-46.1725
-45.092
-43.806
-42.5466
-41.4992
-40.8171
-40.6154
-40.949
-41.7652
-42.9506
-44.3525
-45.7841
-47.0094
-47.7634
-47.8264
-47.1971
-46.0931
-44.7787
-43.4915
-42.4215
-41.7253
-41.521
-41.8649
-42.7032
-43.92
-45.3589
-46.8286
-48.0871
-48.863
-48.9312
-48.291
-47.1669
-45.8312
-44.5294
-43.4582
-42.7814
-42.6229
-43.0435
-43.9888
-45.3393
-46.9304
-48.5574
-49.9564
-50.8266
-50.9115
-50.1924
-48.8866
-47.2529
-45.5032
-43.7721
-42.1224
-40.5343
-38.893
-37.0271
-34.9925
-33.0945
-31.6071
-30.652
-30.1944
-34.3938
-36.698
-38.4659
-39.5643
-40.0859
-40.2478
-40.29
-40.4094
-40.727
-41.2754
-42.0178
-42.8687
-43.7093
-44.3994
-44.8015
-44.8216
-44.4604
-43.8141
-43.023
-42.2325
-41.5705
-41.1407
-41.0139
-41.2171
-41.7232
-42.4613
-43.328
-44.1955
-44.9192
-45.3591
-45.4193
-45.099
-44.4921
-43.7378
-42.9806
-42.3494
-41.9486
-41.8505
-42.083
-42.6192
-43.3876
-44.2833
-45.1766
-45.9202
-46.3716
-46.4332
-46.1047
-45.4824
-44.709
-43.9328
-43.2852
-42.8736
-42.7717
-43.0082
-43.5556
-44.3406
-45.256
-46.1687
-46.9279
-47.3874
-47.4477
-47.1087
-46.4701
-45.6789
-44.8883
-44.2342
-43.8281
-43.7465
-44.0194
-44.6174
-45.4627
-46.4397
-47.4029
-48.1848
-48.6189
-48.5845
-48.0635
-47.1392
-45.9377
-44.5803
-43.1567
-41.7164
-40.266
-38.7778
-37.2259
-35.66
-34.2079
-32.9971
-32.0965
-31.5014
-33.6737
-35.4536
-36.9283
-38.0271
-38.7791
-39.2832
-39.6642
-40.0341
-40.469
-40.9983
-41.6082
-42.2519
-42.8595
-43.3516
-43.6557
-43.7276
-43.57
-43.2328
-42.7953
-42.3468
-41.971
-41.7366
-41.6891
-41.8452
-42.189
-42.6755
-43.237
-43.7909
-44.2492
-44.534
-44.5972
-44.4382
-44.1044
-43.6735
-43.2334
-42.8675
-42.6442
-42.6094
-42.7797
-43.1388
-43.6411
-44.2177
-44.7846
-45.252
-45.5408
-45.6019
-45.4352
-45.0892
-44.6437
-44.1886
-43.8093
-43.5758
-43.535
-43.7039
-44.0657
-44.5737
-45.1572
-45.73
-46.2003
-46.4867
-46.5392
-46.3579
-45.9929
-45.5261
-45.0504
-44.6535
-44.4073
-44.3598
-44.5271
-44.8901
-45.3967
-45.9689
-46.5097
-46.9143
-47.0859
-46.9584
-46.5157
-45.7911
-44.8473
-43.7527
-42.5654
-41.3252
-40.0522
-38.7545
-37.4452
-36.1636
-34.974
-33.9404
-33.1014
-32.4604
-33.1811
-34.6487
-35.9316
-36.9893
-37.829
-38.4959
-39.054
-39.5652
-40.0751
-40.6046
-41.1501
-41.6867
-42.176
-42.5743
-42.844
-42.964
-42.9383
-42.7957
-42.5834
-42.3563
-42.168
-42.063
-42.071
-42.2029
-42.4491
-42.7815
-43.157
-43.5238
-43.8291
-44.0281
-44.0948
-44.029
-43.8566
-43.6223
-43.3794
-43.1802
-43.0683
-43.073
-43.2043
-43.4522
-43.7875
-44.1663
-44.5355
-44.8412
-45.0378
-45.0986
-45.0237
-44.8396
-44.592
-44.3355
-44.1234
-44.0006
-43.9965
-44.1217
-44.3655
-44.6979
-45.0738
-45.4389
-45.7375
-45.9229
-45.9676
-45.8718
-45.6624
-45.3863
-45.0992
-44.8557
-44.7008
-44.6637
-44.7534
-44.9559
-45.2366
-45.5432
-45.8129
-45.9793
-45.9839
-45.7865
-45.3737
-44.7589
-43.974
-43.0586
-42.0506
-40.9813
-39.874
-38.7479
-37.6246
-36.5346
-35.5158
-34.6037
-33.8214
-33.1741
-32.8429
-34.1098
-35.259
-36.2653
-37.1274
-37.8654
-38.5111
-39.0981
-39.6525
-40.188
-40.7045
-41.1897
-41.6232
-41.9822
-42.2476
-42.4103
-42.4746
-42.459
-42.3925
-42.3097
-42.2448
-42.2266
-42.2745
-42.3958
-42.5852
-42.8252
-43.0892
-43.3454
-43.5619
-43.7127
-43.7831
-43.7732
-43.6978
-43.5835
-43.4624
-43.367
-43.3248
-43.354
-43.4611
-43.6397
-43.8714
-44.1284
-44.378
-44.5876
-44.7302
-44.7909
-44.7695
-44.6814
-44.5533
-44.4182
-44.3092
-44.2543
-44.272
-44.3687
-44.5376
-44.7596
-45.0062
-45.2436
-45.4379
-45.5615
-45.5987
-45.5491
-45.4279
-45.2623
-45.0855
-44.9304
-44.8246
-44.7854
-44.817
-44.9094
-45.039
-45.1711
-45.2647
-45.2776
-45.1729
-44.9247
-44.5227
-43.9718
-43.289
-42.498
-41.6243
-40.6921
-39.7231
-38.7374
-37.7562
-36.8034
-35.9038
-35.0801
-34.3472
-33.7105
-32.6092
-33.7401
-34.7924
-35.7486
-36.6044
-37.3674
-38.0528
-38.6778
-39.257
-39.7987
-40.3039
-40.7669
-41.1776
-41.5246
-41.7992
-41.998
-42.1259
-42.1952
-42.225
-42.2373
-42.2544
-42.295
-42.372
-42.4907
-42.6483
-42.8344
-43.0327
-43.2239
-43.3891
-43.513
-43.587
-43.6114
-43.5952
-43.5543
-43.5082
-43.4772
-43.4782
-43.5228
-43.6151
-43.7508
-43.9186
-44.1012
-44.2783
-44.4302
-44.5407
-44.6012
-44.6115
-44.5806
-44.5246
-44.4633
-44.4172
-44.4035
-44.4338
-44.5118
-44.6332
-44.7859
-44.952
-45.1103
-45.2401
-45.3248
-45.3548
-45.3295
-45.2576
-45.1547
-45.0404
-44.9342
-44.8525
-44.8051
-44.7933
-44.8096
-44.8377
-44.8545
-44.8329
-44.7455
-44.5684
-44.2846
-43.8862
-43.3747
-42.7598
-42.0565
-41.2824
-40.4562
-39.5962
-38.7204
-37.8473
-36.9954
-36.183
-35.4257
-34.7345
-34.1146
-32.4477
-33.4833
-34.464
-35.3764
-36.215
-36.9812
-37.6812
-38.3234
-38.9153
-39.4618
-39.964
-40.4194
-40.8235
-41.1714
-41.4595
-41.6879
-41.8612
-41.9885
-42.0825
-42.1581
-42.2299
-42.3107
-42.4092
-42.5295
-42.6704
-42.8258
-42.9862
-43.14
-43.2758
-43.3849
-43.4622
-43.5081
-43.5283
-43.5323
-43.5324
-43.541
-43.5689
-43.6231
-43.7062
-43.8158
-43.9445
-44.0818
-44.215
-44.3321
-44.4235
-44.4837
-44.5128
-44.5162
-44.5034
-44.4867
-44.4785
-44.4895
-44.5267
-44.5925
-44.6839
-44.7931
-44.9089
-45.018
-45.1075
-45.167
-45.1905
-45.1773
-45.132
-45.0637
-44.9835
-44.903
-44.8312
-44.7734
-44.7294
-44.693
-44.6529
-44.5932
-44.4959
-44.3428
-44.1179
-43.8097
-43.4125
-42.9267
-42.3581
-41.7169
-41.0158
-40.2692
-39.4921
-38.6998
-37.9077
-37.1307
-36.3829
-35.6761
-35.0192
-34.4172
-32.3369
-33.3056
-34.2337
-35.1105
-35.9299
-36.6901
-37.3927
-38.0412
-38.639
-39.1887
-39.6911
-40.1456
-40.5504
-40.9039
-41.2057
-41.4571
-41.6627
-41.8294
-41.9664
-42.084
-42.1925
-42.3008
-42.415
-42.5386
-42.6714
-42.8101
-42.9491
-43.0817
-43.2012
-43.3023
-43.3825
-43.442
-43.4844
-43.516
-43.5443
-43.5772
-43.6215
-43.6816
-43.7594
-43.853
-43.9582
-44.0681
-44.1749
-44.2712
-44.351
-44.411
-44.4512
-44.4749
-44.4879
-44.4978
-44.5122
-44.5377
-44.5787
-44.6364
-44.7088
-44.791
-44.8755
-44.9539
-45.0181
-45.0612
-45.0791
-45.0712
-45.0397
-44.9897
-44.9274
-44.8592
-44.79
-44.7221
-44.6544
-44.5819
-44.4962
-44.3862
-44.2395
-44.0435
-43.7873
-43.4631
-43.0666
-42.598
-42.0613
-41.4636
-40.8148
-40.1262
-39.41
-38.6792
-37.9465
-37.2242
-36.5238
-35.8549
-35.2251
-34.6392
-32.2634
-33.1862
-34.0772
-34.9271
-35.7297
-36.4817
-37.1822
-37.8318
-38.4318
-38.9834
-39.4871
-39.9431
-40.351
-40.711
-41.024
-41.2923
-41.5201
-41.7129
-41.878
-42.023
-42.1555
-42.2819
-42.4073
-42.5344
-42.6638
-42.7937
-42.9212
-43.0422
-43.1528
-43.25
-43.3323
-43.4003
-43.4563
-43.5043
-43.5495
-43.597
-43.6511
-43.7149
-43.7895
-43.8738
-43.965
-44.0587
-44.15
-44.2341
-44.307
-44.3669
-44.4135
-44.449
-44.4771
-44.5024
-44.5299
-44.5637
-44.6066
-44.6591
-44.7198
-44.7854
-44.8509
-44.9106
-44.959
-44.9915
-45.0052
-44.9991
-44.9743
-44.9334
-44.8798
-44.8168
-44.747
-44.6707
-44.5864
-44.4899
-44.3746
-44.2324
-44.0541
-43.8309
-43.5549
-43.2205
-42.8247
-42.3676
-41.8522
-41.2841
-40.6712
-40.0228
-39.3493
-38.6614
-37.9703
-37.2863
-36.6193
-35.9776
-35.3679
-34.7949
-32.2184
-33.1125
-33.9797
-34.8118
-35.6023
-36.3474
-37.0448
-37.6938
-38.2943
-38.8469
-39.3519
-39.8096
-40.2206
-40.5857
-40.9065
-41.1859
-41.4275
-41.6364
-41.8185
-41.98
-42.1269
-42.2646
-42.3971
-42.527
-42.6551
-42.7808
-42.9024
-43.0175
-43.1236
-43.219
-43.3029
-43.3757
-43.4394
-43.4968
-43.5514
-43.6071
-43.6667
-43.7326
-43.8055
-43.8846
-43.9681
-44.0529
-44.1356
-44.2128
-44.282
-44.3417
-44.3918
-44.4338
-44.4701
-44.5039
-44.5386
-44.5769
-44.6205
-44.6699
-44.724
-44.7801
-44.8347
-44.8836
-44.9229
-44.9491
-44.9598
-44.9541
-44.9322
-44.8954
-44.8457
-44.7846
-44.7132
-44.631
-44.5362
-44.425
-44.2919
-44.1305
-43.9336
-43.6944
-43.4068
-43.0665
-42.6712
-42.2212
-41.719
-41.1694
-40.5789
-39.9559
-39.3092
-38.6486
-37.9837
-37.3242
-36.6785
-36.0543
-35.4579
-34.8938
-32.1971
-33.0773
-33.9329
-34.756
-35.5403
-36.2815
-36.977
-37.6252
-38.2259
-38.7788
-39.2845
-39.7433
-40.1561
-40.5239
-40.8488
-41.1335
-41.3818
-41.5984
-41.7885
-41.9578
-42.1115
-42.2545
-42.3905
-42.5219
-42.6498
-42.7738
-42.893
-43.0056
-43.1099
-43.2046
-43.2892
-43.3643
-43.4314
-43.493
-43.552
-43.6113
-43.6734
-43.7403
-43.8123
-43.8892
-43.9692
-44.0501
-44.1289
-44.2031
-44.2706
-44.3303
-44.3819
-44.4267
-44.4667
-44.5042
-44.542
-44.5823
-44.6262
-44.6742
-44.7251
-44.7769
-44.8266
-44.8706
-44.9057
-44.9289
-44.9381
-44.9323
-44.9115
-44.8764
-44.828
-44.7674
-44.6949
-44.6097
-44.5098
-44.3915
-44.2501
-44.0798
-43.8743
-43.6276
-43.3346
-42.9916
-42.5967
-42.1501
-41.6542
-41.1134
-40.5338
-39.9229
-39.2893
-38.6418
-37.9898
-37.3421
-36.7068
-36.0913
-35.5015
-34.942
-26.9498
-30.911
-31.4656
-31.0508
-30.3481
-29.5979
-28.8943
-28.2723
-27.7413
-27.3001
-26.9438
-26.6667
-26.4636
-26.3304
-26.2645
-26.3327
-29.0831
-30.1506
-30.3112
-30.0426
-29.5958
-29.0987
-28.6155
-28.177
-27.7972
-27.4813
-27.2303
-27.0436
-26.92
-26.8585
-27.4606
-28.938
-29.7427
-30.0009
-29.9156
-29.6441
-29.2894
-28.914
-28.5542
-28.2306
-27.9539
-27.7297
-27.5606
-27.4476
-27.3911
-28.8512
-29.4656
-29.8813
-30.0345
-29.9748
-29.7757
-29.5008
-29.1968
-28.8955
-28.617
-28.374
-28.1741
-28.0216
-27.9189
-27.8673
-30.1027
-30.1922
-30.2828
-30.2809
-30.1736
-29.9832
-29.7414
-29.4773
-29.2139
-28.968
-28.7512
-28.5711
-28.4328
-28.3392
-28.292
-31.1345
-30.9179
-30.7767
-30.633
-30.4556
-30.2423
-30.0043
-29.757
-29.5149
-29.29
-29.0917
-28.9266
-28.7994
-28.7131
-28.6695
-31.9592
-31.5681
-31.2733
-31.0188
-30.7735
-30.5261
-30.2768
-30.0317
-29.7987
-29.5856
-29.3991
-29.2443
-29.1252
-29.0444
-29.0036
-32.6103
-32.1222
-31.7298
-31.3953
-31.0938
-30.8119
-30.5451
-30.2942
-30.0626
-29.8547
-29.6747
-29.5264
-29.4127
-29.3358
-29.297
-33.1209
-32.5808
-32.1283
-31.7391
-31.3945
-31.0827
-30.7977
-30.5376
-30.303
-30.096
-29.9189
-29.7741
-29.6636
-29.5891
-29.5516
-33.5182
-32.9519
-32.4637
-32.0382
-31.6624
-31.3268
-31.0255
-30.7555
-30.516
-30.3074
-30.1307
-29.9874
-29.8787
-29.8056
-29.7689
-33.8229
-33.2449
-32.7364
-32.2878
-31.8903
-31.5368
-31.2221
-30.9431
-30.6982
-30.4869
-30.3094
-30.1663
-30.0582
-29.9858
-29.9495
-34.0505
-33.4688
-32.9492
-32.4863
-32.0743
-31.708
-31.3831
-31.0966
-30.8468
-30.6327
-30.4538
-30.3102
-30.2022
-30.13
-30.0938
-34.2125
-33.6305
-33.1053
-32.6341
-32.2129
-31.8378
-31.5056
-31.2136
-30.9599
-30.7433
-30.563
-30.4187
-30.3105
-30.2382
-30.2021
-34.3164
-33.7354
-33.2077
-32.7319
-32.3053
-31.9249
-31.5881
-31.2925
-31.0361
-30.8176
-30.6362
-30.4913
-30.3828
-30.3105
-30.2743
-34.3672
-33.787
-33.2584
-32.7806
-32.3515
-31.9687
-31.6296
-31.3321
-31.0743
-30.8549
-30.6729
-30.5277
-30.419
-30.3466
-30.3104
)
;

boundaryField
{
    hot
    {
        type            calculated;
        value           nonuniform List<scalar> 
120
(
-30.39
-30.3201
-30.1796
-29.9672
-29.6812
-29.3193
-28.8791
-28.3583
-27.7551
-27.0684
-26.2987
-25.4481
-24.5211
-23.5248
-22.4693
-21.4588
-20.517
-19.5611
-18.6004
-17.6438
-16.6998
-15.7757
-14.8777
-14.0106
-13.1781
-12.3825
-11.6256
-10.908
-10.2301
-9.59165
-8.9922
-8.43105
-7.90722
-7.41952
-6.96656
-6.54671
-6.15818
-5.79903
-5.46727
-5.16087
-4.87787
-4.6164
-4.37475
-4.15136
-3.94487
-3.75407
-3.57791
-3.41543
-3.2658
-3.12821
-3.00192
-2.88622
-2.78043
-2.68391
-2.59604
-2.51628
-2.44416
-2.37928
-2.3213
-2.26998
-2.22515
-2.1867
-2.15459
-2.12883
-2.10947
-2.0966
-2.09033
-2.09082
-2.09824
-2.11282
-2.13478
-2.16443
-2.20208
-2.24812
-2.30297
-2.36716
-2.44126
-2.52593
-2.62193
-2.7301
-2.85138
-2.98675
-3.13726
-3.30401
-3.48808
-3.69056
-3.91251
-4.15498
-4.41899
-4.70558
-5.01582
-5.35088
-5.71203
-6.1007
-6.51843
-6.96686
-7.44764
-7.9623
-8.51207
-9.09768
-9.7191
-10.3753
-11.0642
-11.7822
-12.5243
-13.3603
-14.2863
-15.2117
-16.1212
-16.9997
-17.833
-18.6088
-19.3166
-19.9483
-20.4976
-20.9601
-21.3327
-21.6134
-21.8011
-21.8951
)
;
    }
    cold
    {
        type            calculated;
        value           nonuniform List<scalar> 
120
(
-37.4779
-37.4496
-37.3912
-37.2991
-37.168
-36.9906
-36.7578
-36.4586
-36.0807
-35.6105
-35.0347
-34.3408
-33.519
-32.5635
-31.4746
-30.3603
-29.2683
-28.1083
-26.894
-25.6402
-24.3627
-23.0766
-21.7961
-20.5334
-19.2992
-18.1018
-16.9481
-15.8432
-14.7908
-13.7935
-12.8531
-11.9705
-11.1458
-10.3784
-9.66729
-9.01068
-8.4064
-7.85185
-7.3442
-6.88046
-6.45763
-6.07281
-5.72324
-5.40639
-5.11999
-4.86201
-4.63063
-4.42427
-4.24148
-4.08097
-3.94156
-3.82215
-3.72171
-3.63932
-3.57411
-3.52531
-3.49226
-3.47438
-3.47121
-3.48243
-3.50781
-3.54731
-3.60097
-3.66903
-3.75183
-3.84986
-3.96372
-4.09415
-4.24195
-4.40799
-4.59323
-4.79863
-5.02524
-5.27414
-5.54652
-5.84366
-6.16698
-6.51808
-6.89872
-7.31085
-7.7565
-8.23774
-8.75655
-9.31468
-9.91345
-10.5536
-11.2352
-11.9573
-12.7181
-13.5146
-14.343
-15.1982
-16.0745
-16.9652
-17.863
-18.7604
-19.6492
-20.5217
-21.3701
-22.1875
-22.9678
-23.7062
-24.3992
-25.0449
-25.6426
-26.2481
-26.8432
-27.377
-27.8544
-28.2801
-28.6586
-28.9933
-29.2872
-29.5422
-29.7596
-29.9403
-30.0847
-30.193
-30.2652
-30.3014
)
;
    }
    interface_left
    {
        type            calculated;
        value           nonuniform List<scalar> 
90
(
-58.86
-109.509
55.5579
-3.42675
24.8663
-2.35519
11.1962
-2.09865
-12.9416
-1.96267
-14.3888
-1.9527
-15.4887
-1.83956
-18.7714
12.7253
-2.32227
6.41024
-2.10342
3.31551
-2.02361
1.12958
-1.93387
-4.62234
-1.85583
-5.15896
-1.80605
-5.57407
-1.72746
-6.5992
2.58685
-1.82375
0.836914
-1.71197
-0.0208286
-1.64414
-0.638174
-1.57417
-2.39725
-1.5092
-2.52154
-1.45332
-2.58754
-1.38982
-2.79955
-0.156997
-1.37517
-0.671852
-1.30094
-0.920951
-1.23969
-1.07763
-1.17985
-1.19698
-1.1224
-0.979869
-1.06807
-0.626678
-1.02478
0.0377813
-2.30782
-0.932952
-2.15237
-0.892795
-2.10757
-0.850169
-1.961
-0.827721
0.535021
-0.822088
1.68049
-0.832499
3.32399
-0.935987
6.63194
-9.39789
-0.757794
-7.93642
-0.959377
-7.61801
-1.23563
-7.31077
-1.88798
4.8521
-10.4138
-3.58104
1.41496
7.55918
18.4021
43.3038
)
;
    }
    interface_right
    {
        type            calculated;
        value           nonuniform List<scalar> 
90
(
-193.913
-271.877
116.28
-4.68904
49.7862
-1.98416
22.8528
-1.26038
-20.4927
-0.83569
-22.4307
-0.696557
-23.8127
-0.422132
-28.8147
23.6422
-1.21929
12.7663
-0.97682
7.43792
-0.961557
3.74083
-0.943899
-4.94553
-0.944287
-5.62659
-0.988236
-6.0365
-0.993385
-7.09161
3.97696
-1.2339
1.47971
-1.24577
0.216005
-1.30011
-0.632491
-1.35469
-1.85667
-1.41365
-1.73557
-1.48137
-1.43405
-1.56127
-0.855477
-2.73075
-1.59695
-2.83618
-1.66364
-2.94477
-1.72706
-2.89902
-1.80562
-0.497149
-1.89247
0.490135
-1.97876
1.89395
-2.13549
4.73577
-9.66589
-1.9654
-8.13419
-2.06898
-7.53561
-2.12765
-6.71002
-2.23328
2.92983
-2.35753
6.79873
-2.46421
12.4512
-2.81584
24.2639
-33.16
-1.90236
-28.4323
-2.06318
-28.6673
-2.04932
-31.0182
-3.12671
41.391
-108.195
-67.6604
-52.1226
-45.3367
-42.7904
-44.646
)
;
    }
    interface_top
    {
        type            calculated;
        value           nonuniform List<scalar> 
90
(
-24.7068
-103.908
-113.909
-70.2833
-54.3096
-39.3261
-31.8158
-20.3192
-28.2569
-32.0044
-37.7038
-41.7908
-49.9802
-58.3706
-80.3046
-80.1483
-57.6911
-48.982
-40.2543
-35.8396
-29.6206
-25.5943
-17.4761
-25.5384
-29.5219
-35.6493
-39.9912
-48.558
-57.1437
-79.327
-79.4128
-57.5243
-49.0331
-40.4823
-36.138
-29.9615
-25.9362
-17.7503
-25.994
-30.0786
-36.3691
-40.8249
-49.611
-58.4
-81.0889
-81.1764
-58.7854
-50.1054
-41.3788
-36.9448
-30.6403
-26.5295
-18.1639
-26.6155
-30.8082
-37.2721
-41.8528
-50.8877
-59.921
-83.2332
-83.3359
-60.3715
-51.4826
-42.5738
-38.0514
-31.6246
-27.4258
-18.8416
-27.7407
-32.2255
-39.2313
-44.2758
-54.3138
-64.4065
-90.4568
-91.0658
-67.1035
-58.11
-49.7335
-45.7668
-40.8014
-37.6393
-31.2732
-61.9783
-59.8984
-22.7486
-11.5943
-8.54802
-9.67823
-17.4268
)
;
    }
    interface_bottom
    {
        type            calculated;
        value           nonuniform List<scalar> 
90
(
-39.4663
-77.0484
-80.2577
-54.4684
-44.4656
-34.0312
-28.3472
-18.6411
-26.5668
-30.3802
-36.1894
-40.3031
-48.4569
-56.6761
-78.0152
-77.845
-55.9287
-47.4338
-38.9395
-34.6401
-28.5907
-24.6787
-16.8203
-24.5491
-28.3426
-34.1565
-38.2463
-46.2964
-54.3155
-75.0149
-74.9355
-53.967
-45.842
-37.714
-33.5915
-27.7708
-23.9933
-16.3751
-23.9181
-27.6238
-33.3058
-37.3004
-45.1611
-52.9756
-73.132
-73.0449
-52.5926
-44.6688
-36.7469
-32.7291
-27.0586
-23.3775
-15.9546
-23.3029
-26.9101
-32.4384
-36.3214
-43.9603
-51.5435
-71.0948
-70.992
-51.0906
-43.3808
-35.6777
-31.7706
-26.2585
-22.6812
-15.4728
-22.5877
-26.0768
-31.4203
-35.1763
-42.5691
-49.941
-68.9835
-68.9262
-49.7019
-42.271
-34.9031
-31.1909
-26.0635
-22.7406
-16.2085
-26.3037
-25.3982
-12.2318
-9.48062
-11.6732
-21.1277
-52.0838
)
;
    }
    defaultFaces
    {
        type            empty;
    }
}


// ************************************************************************* //
