/*--------------------------------*- C++ -*----------------------------------*\
| =========                 |                                                 |
| \\      /  F ield         | OpenFOAM: The Open Source CFD Toolbox           |
|  \\    /   O peration     | Version:  5.x                                   |
|   \\  /    A nd           | Web:      www.OpenFOAM.org                      |
|    \\/     M anipulation  |                                                 |
\*---------------------------------------------------------------------------*/
FoamFile
{
    version     2.0;
    format      ascii;
    class       volScalarField;
    location    "7.5";
    object      gradTx;
}
// * * * * * * * * * * * * * * * * * * * * * * * * * * * * * * * * * * * * * //

dimensions      [0 -1 0 1 0 0 0];

internalField   nonuniform List<scalar> 
6300
(
-31.7516
-31.8225
-31.9637
-32.1736
-32.45
-32.7898
-33.1888
-33.6413
-34.1408
-34.679
-35.2467
-35.8334
-36.428
-37.0193
-37.5966
-31.6807
-31.7523
-31.8949
-32.1071
-32.3867
-32.7308
-33.1351
-33.5945
-34.102
-34.6496
-35.2277
-35.8255
-36.4313
-37.0332
-37.6199
-31.5383
-31.6112
-31.7566
-31.9731
-32.259
-32.6114
-33.0266
-33.4994
-34.0232
-34.5897
-35.189
-35.8096
-36.4386
-37.0626
-37.6686
-31.3229
-31.3977
-31.547
-31.7699
-32.0648
-32.4294
-32.8605
-33.3534
-33.9017
-34.4971
-35.1292
-35.7853
-36.4508
-37.1099
-37.7467
-31.0327
-31.1099
-31.264
-31.4946
-31.8008
-32.181
-32.6327
-33.152
-33.7331
-34.3679
-35.0454
-35.7517
-36.4695
-37.1795
-37.8614
-30.6654
-30.7451
-30.9045
-31.1438
-31.4628
-31.8611
-32.3373
-32.8888
-33.5108
-34.1959
-34.933
-35.7064
-36.4961
-37.2774
-38.023
-30.2185
-30.3006
-30.4652
-30.7132
-31.0456
-31.4633
-31.9667
-32.5551
-33.2255
-33.9721
-34.7841
-35.6451
-36.5312
-37.411
-38.2469
-29.6895
-29.7735
-29.9426
-30.1983
-30.5432
-30.9799
-31.5113
-32.1393
-32.8642
-33.6828
-34.5864
-35.5586
-36.5725
-37.5886
-38.5546
-29.0764
-29.1616
-29.3333
-29.5944
-29.9489
-30.4018
-30.9591
-31.6267
-32.4093
-33.3085
-34.3202
-35.4306
-36.6116
-37.8164
-38.9738
-28.3782
-28.4631
-28.6348
-28.8972
-29.2561
-29.7194
-30.2968
-30.9992
-31.8378
-32.822
-33.9556
-35.232
-36.6273
-38.0916
-39.5367
-27.5951
-27.6778
-27.8456
-28.1034
-28.459
-28.923
-29.5094
-30.2355
-31.121
-32.1862
-33.4485
-34.915
-36.5746
-38.3867
-40.2643
-26.7294
-26.8074
-26.9664
-27.212
-27.5535
-28.0042
-28.5826
-29.3126
-30.2245
-31.354
-32.7378
-34.4064
-36.3712
-38.6183
-41.1159
-25.7856
-25.8563
-26.0006
-26.2247
-26.5388
-26.958
-27.5041
-28.2079
-29.1111
-30.2681
-31.7442
-33.6043
-35.8899
-38.6053
-41.8321
-24.7711
-24.8315
-24.955
-25.1475
-25.419
-25.7848
-26.2682
-26.9041
-27.7444
-28.8648
-30.3698
-32.3831
-34.9899
-38.0972
-41.5204
-23.6964
-23.7437
-23.8404
-23.9914
-24.2049
-24.4941
-24.88
-25.3964
-26.0986
-27.0791
-28.4927
-30.5807
-33.6129
-37.3139
-37.9973
-38.1066
-38.5473
-38.9639
-39.3545
-39.7181
-40.0547
-40.3647
-40.6487
-40.9068
-41.139
-41.3448
-41.5231
-41.6729
-41.7936
-41.8851
-41.9482
-41.9849
-41.9982
-41.9918
-41.9699
-41.9369
-41.8966
-41.8517
-41.8041
-41.7544
-41.7018
-41.645
-41.582
-41.5109
-41.4302
-41.3392
-41.2383
-41.1289
-41.0133
-40.8942
-40.7746
-40.6568
-40.5429
-40.4335
-40.3284
-40.2264
-40.1255
-40.0233
-39.9175
-39.8064
-39.689
-39.5654
-39.4366
-39.3045
-39.1717
-39.0406
-38.9135
-38.7919
-38.6767
-38.5673
-38.4626
-38.3605
-38.2587
-38.155
-38.0477
-37.9358
-37.8194
-37.6993
-37.5775
-37.4564
-37.3382
-37.2254
-37.1193
-37.0208
-36.9297
-36.8449
-36.7649
-36.6879
-36.6122
-36.5367
-36.4616
-36.3877
-36.3174
-36.2537
-36.2006
-36.1621
-36.1419
-36.1431
-36.1673
-36.2146
-36.2834
-36.3705
-36.4706
-36.5778
-36.685
-38.1368
-38.5821
-39.0015
-39.3933
-39.757
-40.093
-40.4023
-40.6858
-40.9442
-41.1772
-41.3843
-41.564
-41.7149
-41.8357
-41.926
-41.9863
-42.0188
-42.0265
-42.014
-41.986
-41.9476
-41.903
-41.8556
-41.8073
-41.7584
-41.708
-41.654
-41.5938
-41.5247
-41.4449
-41.3534
-41.2505
-41.1379
-41.0183
-40.8951
-40.7718
-40.6514
-40.5363
-40.4273
-40.324
-40.2249
-40.1273
-40.0284
-39.9252
-39.8155
-39.698
-39.5729
-39.4413
-39.3057
-39.1691
-39.0348
-38.9054
-38.7829
-38.6682
-38.5607
-38.4588
-38.36
-38.2614
-38.1603
-38.0543
-37.9424
-37.8245
-37.7018
-37.5767
-37.4519
-37.3307
-37.2155
-37.1084
-37.0102
-36.9205
-36.8381
-36.7607
-36.686
-36.6117
-36.5364
-36.4597
-36.3826
-36.3077
-36.2385
-36.1796
-36.1357
-36.1112
-36.1099
-36.1339
-36.1835
-36.2573
-36.3515
-36.4606
-36.5776
-36.6949
-38.1997
-38.654
-39.0788
-39.4726
-39.8358
-40.1699
-40.4771
-40.7593
-41.0179
-41.253
-41.4632
-41.6466
-41.8002
-41.9219
-42.01
-42.0647
-42.0881
-42.0842
-42.0584
-42.0173
-41.9671
-41.9136
-41.8609
-41.8113
-41.7647
-41.7194
-41.6719
-41.6182
-41.5541
-41.4766
-41.3841
-41.2768
-41.157
-41.0285
-40.8961
-40.7647
-40.6386
-40.5209
-40.4128
-40.3136
-40.221
-40.1311
-40.0397
-39.9423
-39.8357
-39.7181
-39.5895
-39.4517
-39.3083
-39.1634
-39.0218
-38.8874
-38.7628
-38.6492
-38.5459
-38.4504
-38.3591
-38.2678
-38.1724
-38.0695
-37.9575
-37.8364
-37.7078
-37.5752
-37.4425
-37.3142
-37.194
-37.0847
-36.9872
-36.901
-36.8238
-36.7526
-36.6833
-36.6126
-36.5379
-36.4582
-36.3745
-36.2897
-36.2086
-36.1369
-36.0811
-36.0472
-36.0402
-36.0634
-36.1178
-36.2017
-36.311
-36.439
-36.5771
-36.7158
-38.3004
-38.7685
-39.2007
-39.5962
-39.9566
-40.2856
-40.5877
-40.8669
-41.1257
-41.3644
-41.581
-41.7718
-41.9318
-42.0563
-42.142
-42.1881
-42.1968
-42.1733
-42.1251
-42.0615
-41.9914
-41.923
-41.8619
-41.8108
-41.7693
-41.7339
-41.6989
-41.6574
-41.6029
-41.53
-41.436
-41.3211
-41.1887
-41.0444
-40.8957
-40.7499
-40.6138
-40.4917
-40.3854
-40.2939
-40.2132
-40.1373
-40.0594
-39.9727
-39.8719
-39.7541
-39.6193
-39.4704
-39.3127
-39.1531
-38.9985
-38.855
-38.7268
-38.6155
-38.5198
-38.436
-38.3583
-38.2802
-38.1951
-38.0979
-37.9858
-37.8589
-37.7198
-37.5736
-37.4268
-37.286
-37.157
-37.0438
-36.9479
-36.8682
-36.8012
-36.7414
-36.6828
-36.6193
-36.5466
-36.4625
-36.3678
-36.2665
-36.1649
-36.0714
-35.995
-35.9444
-35.9271
-35.9481
-36.0094
-36.1095
-36.2435
-36.4028
-36.576
-36.7501
-38.4476
-38.9348
-39.3756
-39.7702
-40.1225
-40.4401
-40.7314
-41.0039
-41.2623
-41.5076
-41.7362
-41.9414
-42.1144
-42.2466
-42.3312
-42.3656
-42.352
-42.2978
-42.2142
-42.1149
-42.0135
-41.9219
-41.8484
-41.7967
-41.7652
-41.7478
-41.7351
-41.7156
-41.6781
-41.6139
-41.518
-41.3908
-41.2373
-41.0668
-40.8909
-40.7214
-40.5686
-40.4396
-40.3369
-40.2586
-40.1983
-40.1464
-40.0917
-40.0233
-39.9325
-39.8145
-39.6693
-39.5016
-39.3201
-39.1355
-38.9592
-38.8007
-38.6666
-38.5592
-38.4766
-38.4127
-38.3582
-38.3025
-38.2351
-38.1477
-38.0356
-37.8988
-37.7419
-37.573
-37.4024
-37.2407
-37.0972
-36.9779
-36.8853
-36.8173
-36.768
-36.7287
-36.6891
-36.6394
-36.5717
-36.4819
-36.3708
-36.2435
-36.1095
-35.9811
-35.8715
-35.7938
-35.7588
-35.7746
-35.8449
-35.9687
-36.1396
-36.3464
-36.5734
-36.8021
-38.6551
-39.1678
-39.6173
-40.0049
-40.3387
-40.6325
-40.9021
-41.1611
-41.4181
-41.6747
-41.9251
-42.1574
-42.356
-42.5053
-42.5927
-42.6121
-42.5658
-42.4646
-42.3261
-42.1713
-42.0215
-41.8948
-41.8038
-41.7534
-41.7406
-41.7552
-41.7811
-41.7995
-41.7919
-41.7432
-41.6453
-41.4982
-41.3104
-41.097
-40.8768
-40.6688
-40.4894
-40.3496
-40.2534
-40.1974
-40.1713
-40.1595
-40.1438
-40.1062
-40.0324
-39.9142
-39.7517
-39.5528
-39.3317
-39.1062
-38.8942
-38.7113
-38.5677
-38.4673
-38.4066
-38.3758
-38.3599
-38.3417
-38.3039
-38.2329
-38.1208
-37.9678
-37.7812
-37.5747
-37.365
-37.1694
-37.0023
-36.8738
-36.7872
-36.7392
-36.7204
-36.7163
-36.7101
-36.6852
-36.6284
-36.5322
-36.3969
-36.2301
-36.0462
-35.8636
-35.7022
-35.5814
-35.5175
-35.5227
-35.6035
-35.7598
-35.9841
-36.261
-36.5683
-36.8789
-38.9445
-39.4917
-39.9484
-40.3169
-40.6124
-40.86
-41.0881
-41.3212
-41.5745
-41.8508
-42.1401
-42.4218
-42.6688
-42.8533
-42.9521
-42.9531
-42.8586
-42.6854
-42.4615
-42.2205
-41.9961
-41.8164
-41.7006
-41.6559
-41.6768
-41.7461
-41.8379
-41.9211
-41.9647
-41.9436
-41.8434
-41.6643
-41.4205
-41.1372
-40.8451
-40.5751
-40.3532
-40.1967
-40.1119
-40.0932
-40.1237
-40.1784
-40.2275
-40.2414
-40.196
-40.0777
-39.8865
-39.6359
-39.3497
-39.0572
-38.7874
-38.5652
-38.4067
-38.318
-38.2935
-38.3172
-38.3651
-38.409
-38.4206
-38.377
-38.2651
-38.085
-37.8494
-37.5809
-37.3075
-37.0567
-36.8521
-36.7091
-36.6333
-36.6193
-36.6516
-36.7069
-36.7579
-36.7771
-36.7418
-36.6389
-36.4681
-36.2414
-35.9811
-35.7154
-35.4746
-35.2869
-35.1767
-35.1619
-35.2533
-35.4529
-35.7526
-36.1319
-36.5585
-36.9914
-39.3487
-39.9457
-40.4068
-40.734
-40.9551
-41.1157
-41.2669
-41.4522
-41.6979
-42.0084
-42.3661
-42.736
-43.0718
-43.3246
-43.4524
-43.4318
-43.2647
-42.9791
-42.6214
-42.246
-41.9063
-41.6462
-41.4952
-41.4639
-41.5431
-41.7049
-41.9072
-42.0997
-42.2309
-42.2577
-42.1553
-41.9235
-41.5875
-41.1899
-40.7816
-40.4121
-40.1227
-39.9406
-39.8755
-39.9179
-40.0413
-40.2053
-40.3618
-40.4619
-40.4646
-40.3462
-40.1068
-39.7702
-39.3769
-38.9753
-38.6123
-38.3271
-38.1454
-38.0763
-38.1109
-38.2236
-38.3762
-38.5228
-38.6169
-38.6194
-38.5078
-38.282
-37.9647
-37.5944
-37.2172
-36.8776
-36.613
-36.4477
-36.3905
-36.4326
-36.5494
-36.7038
-36.8516
-36.9473
-36.9523
-36.8436
-36.6197
-36.301
-35.9236
-35.5316
-35.1703
-34.881
-34.6983
-34.648
-34.7471
-35.0021
-35.4064
-35.9345
-36.5397
-37.1577
-39.9185
-40.5954
-41.0578
-41.304
-41.3848
-41.3849
-41.3966
-41.4962
-41.7281
-42.0978
-42.5745
-43.0993
-43.5946
-43.9757
-44.1667
-44.1214
-43.8416
-43.3768
-42.8066
-42.2204
-41.7017
-41.3189
-41.1172
-41.1131
-41.2905
-41.6052
-41.9907
-42.3664
-42.6473
-42.7582
-42.6533
-42.333
-41.8431
-41.2581
-40.6622
-40.134
-39.7377
-39.5161
-39.4841
-39.6263
-39.9003
-40.2429
-40.5773
-40.8226
-40.9076
-40.789
-40.4672
-39.9859
-39.4162
-38.8377
-38.3253
-37.9399
-37.7218
-37.6854
-37.8158
-38.0726
-38.3958
-38.7122
-38.9449
-39.0262
-38.9147
-38.6108
-38.1561
-37.618
-37.0725
-36.5907
-36.2306
-36.0308
-36.0047
-36.1383
-36.3929
-36.7104
-37.0203
-37.2479
-37.3264
-37.214
-36.908
-36.4451
-35.8869
-35.3035
-34.7622
-34.3217
-34.0291
-33.9192
-34.0162
-34.3364
-34.8819
-35.626
-36.5025
-37.4073
-40.7302
-41.5536
-42.0199
-42.1121
-41.9308
-41.6377
-41.3998
-41.3495
-41.5601
-42.0333
-42.7138
-43.505
-44.2819
-44.9006
-45.2211
-45.1488
-44.6847
-43.9263
-43.0152
-42.0975
-41.3016
-40.7307
-40.455
-40.5007
-40.8404
-41.4035
-42.0883
-42.7699
-43.3084
-43.5693
-43.4618
-42.9866
-42.2354
-41.3423
-40.4452
-39.6657
-39.1013
-38.8184
-38.8417
-39.1449
-39.6607
-40.2923
-40.9211
-41.4141
-41.6438
-41.5245
-41.0571
-40.3291
-39.468
-38.605
-37.8553
-37.3116
-37.0367
-37.0541
-37.3385
-37.8262
-38.425
-39.022
-39.4909
-39.7105
-39.5988
-39.1568
-38.4676
-37.6524
-36.836
-36.1283
-35.6175
-35.3635
-35.389
-35.67
-36.1456
-36.7277
-37.3076
-37.7632
-37.9756
-37.8631
-37.422
-36.7265
-35.8866
-35.0146
-34.2089
-33.5495
-33.0968
-32.8922
-32.9641
-33.3463
-34.0711
-35.1269
-36.4246
-37.79
-41.893
-43.025
-43.5196
-43.3135
-42.6375
-41.8109
-41.1331
-40.827
-41.0138
-41.6705
-42.6934
-43.9315
-45.1972
-46.2549
-46.8414
-46.7401
-45.952
-44.6955
-43.2332
-41.7992
-40.5774
-39.7176
-39.3299
-39.4651
-40.0684
-41.0267
-42.1905
-43.3795
-44.3693
-44.9108
-44.7998
-44.0378
-42.8322
-41.4321
-40.0591
-38.8876
-38.0597
-37.6799
-37.7964
-38.3571
-39.2544
-40.3459
-41.4603
-42.3847
-42.8827
-42.7612
-42.0224
-40.8639
-39.5227
-38.2091
-37.0888
-36.2962
-35.9309
-36.0382
-36.5686
-37.4198
-38.4567
-39.5163
-40.3962
-40.8716
-40.7585
-40.0588
-38.9604
-37.6884
-36.4431
-35.3823
-34.6343
-34.294
-34.4052
-34.9212
-35.745
-36.7479
-37.7741
-38.6284
-39.0926
-38.9854
-38.3024
-37.216
-35.9322
-34.6303
-33.445
-32.4796
-31.807
-31.4673
-31.4648
-31.8631
-32.7835
-34.2795
-36.2492
-38.3941
-43.5328
-45.4113
-46.0246
-45.1886
-43.5601
-41.7701
-40.3311
-39.5949
-39.791
-40.7804
-42.3634
-44.318
-46.4121
-48.2876
-49.4521
-49.3206
-47.894
-45.7609
-43.4108
-41.1952
-39.3321
-38.0245
-37.4519
-37.7555
-38.7853
-40.3542
-42.2564
-44.2759
-46.0756
-47.1922
-47.0751
-45.7279
-43.7091
-41.483
-39.3827
-37.615
-36.3726
-35.8267
-36.1116
-37.0848
-38.5683
-40.3663
-42.2734
-43.969
-45.0139
-44.8866
-43.592
-41.6619
-39.5375
-37.5349
-35.8501
-34.6658
-34.1442
-34.413
-35.3367
-36.7462
-38.4554
-40.2695
-41.8837
-42.8802
-42.7626
-41.5351
-39.703
-37.6859
-35.7846
-34.1859
-33.0641
-32.5742
-32.8385
-33.7292
-35.0865
-36.7346
-38.4881
-40.0553
-41.0325
-40.9365
-39.7638
-37.9894
-36.0039
-34.0782
-32.3645
-30.988
-30.0378
-29.5567
-29.3883
-29.6279
-30.6671
-32.75
-35.8216
-39.3846
-45.641
-49.6132
-50.6048
-48.1946
-44.7111
-41.2231
-38.517
-37.0205
-37.426
-39.0357
-41.4982
-44.5037
-47.942
-51.344
-53.9292
-53.7659
-50.8534
-47.139
-43.3947
-40.0835
-37.2869
-35.273
-34.3124
-35.0001
-36.726
-39.2017
-42.1532
-45.4891
-48.7656
-51.2502
-51.1217
-48.385
-44.8846
-41.3528
-38.2272
-35.5858
-33.6828
-32.7771
-33.4355
-35.0776
-37.4294
-40.2297
-43.3911
-46.4905
-48.833
-48.6929
-46.0769
-42.7397
-39.3769
-36.403
-33.8907
-32.081
-31.2195
-31.8448
-33.4053
-35.6408
-38.3033
-41.3104
-44.2607
-46.4932
-46.3651
-43.8819
-40.7119
-37.5166
-34.6903
-32.3027
-30.5839
-29.7684
-30.3698
-31.8652
-34.0093
-36.5694
-39.4704
-42.3319
-44.5177
-44.4382
-42.0916
-39.0667
-35.9896
-33.2205
-30.7985
-28.8823
-27.5929
-27.196
-26.7244
-26.2412
-27.0477
-29.7969
-34.6861
-41.0947
-47.1861
-58.0986
-60.0482
-52.7124
-45.8543
-39.5458
-34.9598
-31.7069
-33.3267
-36.0631
-39.8511
-44.0661
-49.5241
-55.5768
-62.3642
-62.17
-54.9676
-48.5602
-42.7548
-38.231
-34.1149
-31.0045
-28.7995
-30.7496
-33.5869
-37.3642
-41.4964
-46.7879
-52.5959
-59.071
-58.9241
-52.1419
-46.1053
-40.6377
-36.3747
-32.4933
-29.5567
-27.4753
-29.3428
-32.0484
-35.6448
-39.5731
-44.5979
-50.1018
-56.227
-56.0644
-49.6002
-43.8541
-38.6566
-34.6061
-30.9198
-28.1306
-26.1537
-27.9299
-30.5019
-33.9204
-37.6549
-42.433
-47.6713
-53.5055
-53.3586
-47.2179
-41.7572
-36.8161
-32.964
-29.4566
-26.8029
-24.9223
-26.6135
-29.067
-32.333
-35.9134
-40.5096
-45.5812
-51.265
-51.2042
-45.3964
-40.219
-35.532
-31.8627
-28.5043
-25.8741
-23.863
-24.9426
-24.077
-20.9974
-20.6306
-23.7624
-31.3626
-44.2422
-41.1441
-79.49
-82.7473
-56.4332
-46.1748
-35.3793
-29.4806
-19.376
-27.6194
-31.5761
-37.5893
-41.8386
-50.25
-58.7518
-80.8527
-80.6659
-57.9369
-49.1147
-40.2692
-35.7915
-29.4945
-25.4325
-17.303
-25.2219
-29.094
-35.0159
-39.1703
-47.3428
-55.4655
-76.4276
-76.2816
-54.8251
-46.5066
-38.1879
-33.9728
-28.0402
-24.1993
-16.4872
-24.0433
-27.7365
-33.3823
-37.3376
-45.1148
-52.8185
-72.6756
-72.51
-52.0897
-44.1785
-36.2847
-32.2846
-26.6573
-23.0105
-15.6837
-22.8688
-26.3798
-31.7449
-35.5036
-42.893
-50.2238
-69.1308
-68.983
-49.5745
-42.0544
-34.5475
-30.7412
-25.381
-21.9087
-14.9328
-21.7596
-25.0989
-30.2038
-33.7943
-40.8644
-47.9488
-66.2846
-66.2457
-47.7931
-40.6654
-33.6085
-30.0573
-25.1614
-21.9742
-15.6823
-25.4903
-24.6176
-11.8469
-9.17557
-11.2932
-20.4368
-50.3775
-36.7942
-36.8947
-36.9664
-37.0041
-37.0059
-36.9738
-36.9125
-36.8289
-36.7312
-36.628
-36.5277
-36.4378
-36.3645
-36.3129
-36.2862
-36.8141
-36.9233
-37.0005
-37.0399
-37.0399
-37.003
-36.9347
-36.843
-36.7367
-36.6252
-36.5173
-36.421
-36.3429
-36.2879
-36.2595
-36.8563
-36.9839
-37.0723
-37.115
-37.1108
-37.0635
-36.9805
-36.8715
-36.7473
-36.6186
-36.4953
-36.3861
-36.298
-36.2362
-36.2045
-36.9259
-37.0836
-37.1898
-37.2369
-37.2248
-37.1597
-37.0522
-36.9152
-36.7624
-36.6066
-36.4593
-36.3301
-36.2266
-36.1546
-36.1177
-37.0319
-37.2348
-37.3665
-37.418
-37.3917
-37.2982
-37.1533
-36.9748
-36.7805
-36.5861
-36.4051
-36.2483
-36.1239
-36.0378
-35.9939
-37.1888
-37.4572
-37.6231
-37.677
-37.6258
-37.488
-37.2878
-37.0503
-36.7986
-36.5522
-36.3267
-36.134
-35.9828
-35.8789
-35.8261
-37.42
-37.782
-37.9919
-38.041
-37.9464
-37.7402
-37.4596
-37.14
-36.8114
-36.4973
-36.2155
-35.9783
-35.7942
-35.6689
-35.6054
-37.7636
-38.2591
-38.5213
-38.5486
-38.3786
-38.0668
-37.6705
-37.2387
-36.8095
-36.4103
-36.0596
-35.7693
-35.547
-35.3969
-35.3214
-38.2839
-38.9692
-39.2857
-39.2536
-38.9524
-38.478
-37.9168
-37.3347
-36.7776
-36.2746
-35.8431
-35.4925
-35.2276
-35.0504
-34.9617
-39.0933
-40.0482
-40.3987
-40.2277
-39.6993
-38.9761
-38.1838
-37.4058
-36.6916
-36.0676
-35.5457
-35.13
-34.8203
-34.6153
-34.5133
-40.4018
-41.7316
-42.0332
-41.5591
-40.6408
-39.5434
-38.4366
-37.4129
-36.5153
-35.7583
-35.1421
-34.6613
-34.3085
-34.0772
-33.9628
-42.6321
-44.4433
-44.4432
-43.3349
-41.7614
-40.1201
-38.606
-37.2941
-36.1985
-35.3081
-34.6033
-34.0645
-33.675
-33.4223
-33.2979
-46.7271
-48.9662
-47.9614
-45.5757
-42.9499
-40.5693
-38.5734
-36.9587
-35.6765
-34.6722
-33.8985
-33.3184
-32.9048
-32.6389
-32.5087
-55.0755
-56.733
-52.8605
-48.0565
-43.893
-40.634
-38.1596
-36.2909
-34.8766
-33.8056
-32.9999
-32.4058
-31.987
-31.7196
-31.5893
-74.7321
-70.03
-58.691
-49.8969
-43.9315
-39.9139
-37.1402
-35.1686
-33.7334
-32.6738
-31.8898
-31.3179
-30.9177
-30.6633
-30.5396
-22.6679
-22.7011
-22.769
-22.8744
-23.0226
-23.2224
-23.4881
-23.8443
-24.3358
-25.0484
-26.1617
-28.082
-31.7796
-39.4439
-53.4711
-21.7099
-21.7294
-21.7689
-21.8292
-21.9121
-22.0206
-22.1598
-22.3399
-22.5807
-22.9271
-23.491
-24.6003
-27.4173
-37.0059
-79.4202
-20.7383
-20.7439
-20.7543
-20.7683
-20.7839
-20.7974
-20.8034
-20.7933
-20.753
-20.6572
-20.4501
-19.9596
-18.4296
-11.7293
25.5449
-19.763
-19.7549
-19.7372
-19.7065
-19.6571
-19.5794
-19.4582
-19.2679
-18.9643
-18.4661
-17.6121
-16.0613
-13.0947
-7.68223
-3.8116
-18.7933
-18.7727
-18.7292
-18.6578
-18.5499
-18.3918
-18.161
-17.8212
-17.3108
-16.5225
-15.2605
-13.1548
-9.47549
-2.56091
13.5035
-17.838
-17.8064
-17.7405
-17.6343
-17.4777
-17.2546
-16.9396
-16.4929
-15.8504
-14.9079
-13.4951
-11.344
-8.10795
-3.79222
-1.97677
-16.9046
-16.864
-16.7798
-16.6459
-16.4517
-16.1812
-15.8097
-15.3006
-14.5984
-13.62
-12.2423
-10.2875
-7.49164
-3.28684
4.9787
-15.9994
-15.9518
-15.8538
-15.6993
-15.4789
-15.1778
-14.7754
-14.2423
-13.5381
-12.6093
-11.3903
-9.81516
-7.85419
-5.60128
-3.4982
-15.1274
-15.0747
-14.9669
-14.7987
-14.5619
-14.2449
-13.832
-13.3029
-12.6339
-11.8001
-10.7855
-9.61086
-8.41957
-7.81157
-10.5143
-14.2919
-14.236
-14.1219
-13.9457
-13.7008
-13.3787
-12.9691
-12.4608
-11.8442
-11.1165
-10.2919
-9.4181
-8.57988
-7.72265
-5.00677
-13.4954
-13.4376
-13.3203
-13.1403
-12.8932
-12.5733
-12.1748
-11.694
-11.1317
-10.5001
-9.83261
-9.20063
-8.75337
-8.92438
-12.0134
-12.739
-12.6805
-12.5621
-12.3817
-12.1362
-11.8223
-11.4379
-10.9836
-10.4672
-9.90867
-9.34864
-8.85489
-8.49747
-8.09964
-5.41411
-12.0234
-11.9649
-11.8471
-11.6684
-11.4267
-11.1205
-10.7494
-10.3166
-9.83212
-9.31829
-8.81865
-8.41449
-8.2696
-8.8635
-12.7005
-11.3483
-11.2906
-11.1744
-10.9987
-10.7621
-10.4637
-10.1037
-9.68539
-9.21743
-8.71807
-8.22239
-7.79404
-7.52866
-7.37508
-5.18716
-10.7134
-10.6568
-10.5431
-10.3714
-10.1406
-9.84965
-9.49855
-9.08874
-8.62458
-8.11531
-7.5794
-7.06043
-6.71005
-7.2993
-13.6184
-10.1179
-10.0628
-9.95218
-9.7852
-9.5607
-9.27745
-8.93421
-8.52985
-8.06309
-7.53109
-6.92468
-6.20974
-5.2389
-3.24437
4.43978
-9.56061
-9.50735
-9.40041
-9.23894
-9.02169
-8.74694
-8.41234
-8.01434
-7.54693
-6.99857
-6.34535
-5.53676
-4.47864
-3.14045
-3.04307
-9.04035
-8.98921
-8.88653
-8.73145
-8.52263
-8.25803
-7.93452
-7.54706
-7.08701
-6.53889
-5.87395
-5.03708
-3.91284
-2.17474
1.77248
-8.55564
-8.5069
-8.40906
-8.26132
-8.06235
-7.81007
-7.50116
-7.13022
-6.68829
-6.16037
-5.52198
-4.73699
-3.7733
-2.74305
-2.90113
-8.10481
-8.05874
-7.96628
-7.82679
-7.63913
-7.40147
-7.1109
-6.76271
-6.34932
-5.85861
-5.27185
-4.56101
-3.67995
-2.48602
-0.0487024
-7.686
-7.64281
-7.55621
-7.42576
-7.25066
-7.02965
-6.76069
-6.44052
-6.06407
-5.62359
-5.10791
-4.50325
-3.80386
-3.09233
-3.13898
-7.29723
-7.25706
-7.17663
-7.05576
-6.89412
-6.69117
-6.44607
-6.15746
-5.82334
-5.44081
-5.00579
-4.5113
-3.93616
-3.17201
-1.55652
-6.93639
-6.8993
-6.82517
-6.71411
-6.5663
-6.38201
-6.16169
-5.90604
-5.61625
-5.29453
-4.94501
-4.57539
-4.19968
-3.84277
-3.55678
-6.60135
-6.5673
-6.49939
-6.39802
-6.26384
-6.09792
-5.9019
-5.67836
-5.43138
-5.1676
-4.89821
-4.64372
-4.45012
-4.46417
-5.35815
-6.28998
-6.25886
-6.1969
-6.10474
-5.98347
-5.83476
-5.66126
-5.46699
-5.25821
-5.0446
-4.8411
-4.6698
-4.55632
-4.47438
-3.88684
-6.00027
-5.97186
-5.91541
-5.83173
-5.72218
-5.58887
-5.43507
-5.26574
-5.08843
-4.91463
-4.76166
-4.65572
-4.64061
-4.83556
-5.90044
-5.73033
-5.70437
-5.65288
-5.57673
-5.47742
-5.35725
-5.21971
-5.07007
-4.91627
-4.77022
-4.6496
-4.5786
-4.57898
-4.59249
-3.91976
-5.47845
-5.45466
-5.40751
-5.33786
-5.24719
-5.13773
-5.0128
-4.87735
-4.73875
-4.6082
-4.50313
-4.45192
-4.50821
-4.82584
-6.20509
-5.24313
-5.22122
-5.17779
-5.11364
-5.03006
-4.92899
-4.81324
-4.68684
-4.55567
-4.42853
-4.31928
-4.25061
-4.25593
-4.32183
-3.74066
-5.02306
-5.00277
-4.96251
-4.90294
-4.82511
-4.73049
-4.62112
-4.4997
-4.36984
-4.23649
-4.10728
-3.99793
-3.96155
-4.26702
-6.57962
-4.81712
-4.79822
-4.76068
-4.70497
-4.63185
-4.54228
-4.43741
-4.31846
-4.18647
-4.04163
-3.88151
-3.69461
-3.42973
-2.81825
-0.218782
-4.62435
-4.60667
-4.5715
-4.51915
-4.45007
-4.36474
-4.26352
-4.14632
-4.01206
-3.85741
-3.67439
-3.44546
-3.13857
-2.74989
-2.85788
-4.44389
-4.42732
-4.39428
-4.34498
-4.27961
-4.19828
-4.10076
-3.98609
-3.85186
-3.69295
-3.49917
-3.25046
-2.90419
-2.33648
-0.928484
-4.27498
-4.25944
-4.22841
-4.18201
-4.12028
-4.04312
-3.94997
-3.83947
-3.70883
-3.55275
-3.36215
-3.12324
-2.82355
-2.50646
-2.66415
-4.11692
-4.10235
-4.07326
-4.02972
-3.97173
-3.89909
-3.81125
-3.7069
-3.58351
-3.43658
-3.25871
-3.03824
-2.75497
-2.34657
-1.42309
-3.96901
-3.95539
-3.9282
-3.88752
-3.83337
-3.76568
-3.68405
-3.5876
-3.47457
-3.34194
-3.1849
-2.99687
-2.77325
-2.54424
-2.6263
-3.8306
-3.81789
-3.79255
-3.7547
-3.70448
-3.64198
-3.56719
-3.47985
-3.3793
-3.26429
-3.13266
-2.98023
-2.79525
-2.52575
-1.87666
-3.70106
-3.68922
-3.66564
-3.63052
-3.58415
-3.52687
-3.4591
-3.38132
-3.29411
-3.19823
-3.0949
-2.98622
-2.87591
-2.77071
-2.68543
-3.57978
-3.56873
-3.54678
-3.51421
-3.47144
-3.41908
-3.358
-3.28939
-3.21498
-3.13739
-3.06091
-2.99335
-2.95299
-3.0017
-3.43465
-3.46621
-3.45587
-3.43535
-3.40502
-3.36542
-3.3174
-3.26218
-3.20154
-3.1381
-3.07583
-3.02075
-2.98163
-2.96817
-2.96572
-2.72683
-3.35987
-3.35011
-3.33079
-3.3023
-3.2653
-3.22077
-3.17018
-3.11567
-3.06045
-3.00933
-2.96955
-2.95209
-2.97569
-3.09377
-3.61016
-3.26035
-3.25104
-3.23263
-3.20554
-3.17044
-3.1284
-3.08093
-3.03033
-2.97999
-2.935
-2.9029
-2.89407
-2.91757
-2.94507
-2.64886
-3.16733
-3.15834
-3.14055
-3.11437
-3.08046
-3.03983
-2.99391
-2.94487
-2.89587
-2.85175
-2.82013
-2.81361
-2.85663
-3.02103
-3.68444
-3.08059
-3.07178
-3.05433
-3.02861
-2.9952
-2.95496
-2.90912
-2.85941
-2.80839
-2.75988
-2.71996
-2.69878
-2.71138
-2.7503
-2.47894
-3.00002
-2.99127
-2.97391
-2.94824
-2.91473
-2.87403
-2.82704
-2.77492
-2.71922
-2.66208
-2.60681
-2.56051
-2.54781
-2.69492
-3.78614
-2.92557
-2.91677
-2.89929
-2.87335
-2.83929
-2.79752
-2.74857
-2.69296
-2.6311
-2.56301
-2.48746
-2.39894
-2.27324
-1.98375
-0.757128
-2.85727
-2.84835
-2.83059
-2.80415
-2.76923
-2.72605
-2.67477
-2.61537
-2.54734
-2.46917
-2.37717
-2.26321
-2.11237
-1.92323
-1.96969
-2.7952
-2.7861
-2.76796
-2.74088
-2.70495
-2.66023
-2.60665
-2.54381
-2.47067
-2.38498
-2.28216
-2.1531
-1.97806
-1.69896
-1.02477
-2.73948
-2.73018
-2.71159
-2.68378
-2.6468
-2.60061
-2.54501
-2.47945
-2.40276
-2.31271
-2.20542
-2.07494
-1.91599
-1.74891
-1.80084
-2.69027
-2.68073
-2.66166
-2.63311
-2.59509
-2.54757
-2.49032
-2.42285
-2.34416
-2.25247
-2.14482
-2.01658
-1.85953
-1.64665
-1.20297
-2.64773
-2.63793
-2.61835
-2.58903
-2.55003
-2.50132
-2.44278
-2.37409
-2.29464
-2.20333
-2.09854
-1.97823
-1.8418
-1.70454
-1.70643
-2.61204
-2.60196
-2.58183
-2.55173
-2.51174
-2.46192
-2.40231
-2.33285
-2.25337
-2.16359
-2.06309
-1.9511
-1.82463
-1.66568
-1.35796
-2.58338
-2.573
-2.55228
-2.52134
-2.48031
-2.42937
-2.36872
-2.2986
-2.2193
-2.13134
-2.03564
-1.93403
-1.82999
-1.73
-1.6485
-2.56197
-2.55124
-2.52987
-2.49798
-2.4558
-2.4036
-2.34175
-2.27075
-2.19129
-2.1045
-2.01233
-1.91866
-1.8325
-1.78138
-1.88218
-2.54803
-2.53692
-2.51479
-2.48181
-2.43828
-2.38456
-2.32118
-2.24881
-2.16841
-2.08142
-1.9901
-1.89811
-1.81063
-1.72716
-1.57427
-2.54185
-2.53029
-2.50727
-2.47301
-2.42786
-2.37227
-2.30687
-2.23247
-2.15015
-2.06139
-1.96835
-1.87443
-1.78596
-1.72103
-1.77127
-2.54373
-2.53164
-2.50758
-2.47181
-2.42471
-2.36683
-2.29885
-2.22167
-2.13638
-2.04435
-1.94725
-1.84699
-1.74492
-1.63482
-1.44927
-2.55404
-2.54133
-2.51606
-2.4785
-2.4291
-2.36843
-2.29726
-2.21652
-2.12733
-2.03088
-1.92837
-1.82083
-1.70942
-1.60091
-1.55184
-2.5732
-2.55978
-2.5331
-2.49346
-2.44133
-2.37734
-2.30233
-2.21729
-2.12334
-2.02163
-1.91302
-1.79738
-1.67188
-1.52563
-1.3191
-2.6017
-2.58747
-2.55917
-2.51712
-2.46182
-2.39395
-2.3144
-2.22426
-2.12478
-2.01721
-1.90256
-1.78078
-1.64872
-1.4921
-1.24375
-2.64011
-2.62496
-2.59481
-2.55001
-2.49106
-2.41869
-2.33386
-2.23776
-2.13185
-2.01774
-1.89708
-1.77134
-1.64259
-1.5222
-1.49815
-2.68907
-2.67288
-2.64067
-2.59275
-2.52965
-2.45211
-2.36115
-2.2581
-2.14464
-2.02285
-1.89514
-1.76401
-1.63062
-1.4853
-1.23326
-2.7493
-2.73197
-2.69744
-2.64605
-2.57828
-2.49488
-2.39688
-2.28569
-2.16323
-2.03208
-1.8956
-1.75824
-1.62693
-1.52245
-1.56904
-2.82159
-2.80301
-2.76596
-2.71074
-2.6378
-2.54782
-2.44178
-2.32112
-2.18789
-2.04503
-1.89669
-1.74828
-1.60458
-1.45459
-1.16117
-2.90682
-2.88689
-2.84713
-2.78777
-2.70918
-2.61192
-2.49686
-2.36531
-2.21925
-2.06181
-1.89785
-1.73504
-1.58659
-1.48628
-1.60153
-3.0059
-2.98455
-2.94192
-2.87817
-2.79353
-2.68841
-2.56343
-2.41958
-2.25853
-2.08314
-1.89824
-1.71183
-1.53514
-1.36821
-1.06965
-3.11984
-3.09702
-3.05141
-2.98308
-2.89213
-2.77872
-2.64311
-2.4858
-2.3078
-2.11109
-1.89967
-1.68188
-1.47691
-1.34147
-1.50848
-3.24963
-3.22533
-3.1767
-3.10373
-3.00635
-2.88445
-2.73787
-2.56642
-2.37008
-2.14926
-1.90555
-1.64302
-1.37036
-1.10465
-0.885004
-3.39633
-3.37054
-3.31891
-3.24135
-3.13762
-3.00734
-2.84991
-2.66435
-2.44937
-2.20333
-1.92451
-1.61121
-1.25898
-0.835771
-0.108883
-3.56095
-3.53371
-3.47916
-3.39714
-3.28733
-3.14912
-2.98148
-2.78274
-2.55025
-2.28018
-1.96742
-1.60645
-1.19687
-0.777734
-0.672397
-3.7445
-3.71586
-3.6585
-3.57226
-3.45677
-3.31134
-3.13468
-2.92457
-2.67724
-2.3867
-2.04381
-1.63545
-1.14138
-0.501732
0.681862
-3.94796
-3.91796
-3.85791
-3.7677
-3.64703
-3.49526
-3.31113
-3.09225
-2.83426
-2.52958
-2.16568
-1.72396
-1.18699
-0.603422
-0.54792
-4.17227
-4.14094
-4.07829
-3.98431
-3.85888
-3.70166
-3.51173
-3.2871
-3.0237
-2.7136
-2.3416
-1.87862
-1.26494
-0.338357
1.667
-4.41835
-4.38568
-4.32043
-4.22276
-4.09284
-3.93079
-3.73644
-3.50889
-3.2456
-2.9406
-2.58071
-2.13794
-1.56018
-0.822402
-0.659662
-4.68713
-4.65307
-4.58511
-4.48361
-4.34911
-4.18236
-3.98423
-3.7555
-3.49646
-3.20574
-2.8774
-2.49101
-1.96654
-0.907076
3.06104
-4.97958
-4.944
-4.87308
-4.76738
-4.6278
-4.45575
-4.25326
-4.02317
-3.76933
-3.49701
-3.21439
-2.93997
-2.7444
-3.01162
-6.17752
-5.29674
-5.25947
-5.18523
-5.07469
-4.92904
-4.75027
-4.54147
-4.30735
-4.05505
-3.79544
-3.5457
-3.33417
-3.20087
-3.10315
-1.89961
-5.6398
-5.60063
-5.52259
-5.40638
-5.2533
-5.06566
-4.84726
-4.60416
-4.34586
-4.08701
-3.85049
-3.67406
-3.63261
-3.96259
-5.97185
-6.01006
-5.96879
-5.88647
-5.76367
-5.60157
-5.40243
-5.1702
-4.91154
-4.63706
-4.36308
-4.11355
-3.9202
-3.80642
-3.65584
-2.25338
-6.40899
-6.36547
-6.27847
-6.14826
-5.97558
-5.76217
-5.51151
-5.22991
-4.92791
-4.62216
-4.33761
-4.11108
-4.00577
-4.21842
-5.93145
-6.83816
-6.79234
-6.70049
-6.56234
-6.37787
-6.14778
-5.87432
-5.56245
-5.22138
-4.86654
-4.52138
-4.21778
-3.98431
-3.73906
-2.42858
-7.29915
-7.25117
-7.15466
-7.00861
-6.81185
-6.56351
-6.26381
-5.91526
-5.52443
-5.10418
-4.67629
-4.27579
-3.97102
-3.99942
-5.64142
-7.79346
-7.74372
-7.64323
-7.49009
-7.28165
-7.01491
-6.68721
-6.29743
-5.84791
-5.34713
-4.81219
-4.26731
-3.72635
-3.13922
-2.36872
-8.32233
-8.2715
-8.16838
-8.00998
-7.79195
-7.50866
-7.15374
-6.7211
-6.207
-5.61379
-4.95501
-4.25611
-3.51373
-2.40635
1.43906
-8.88648
-8.83562
-8.7319
-8.57129
-8.34755
-8.05214
-7.67424
-7.20133
-6.62103
-5.92598
-5.12569
-4.2751
-3.55459
-3.57488
-6.97983
-9.48597
-9.43644
-9.33494
-9.17645
-8.95294
-8.65291
-8.26073
-7.75615
-7.11475
-6.31127
-5.33129
-4.20376
-3.081
-2.39294
-2.86615
-10.1198
-10.0733
-9.97757
-9.82675
-9.61146
-9.31767
-8.92527
-8.40599
-7.72101
-6.81913
-5.63936
-4.12911
-2.30552
-0.404561
0.918913
-10.786
-10.7445
-10.6584
-10.5218
-10.3245
-10.0509
-9.67791
-9.1709
-8.4779
-7.51997
-6.17692
-4.27206
-1.58375
1.98485
5.62305
-11.4811
-11.4464
-11.3744
-11.2591
-11.0905
-10.8532
-10.5236
-10.065
-9.41878
-8.48825
-7.10463
-4.95908
-1.4733
4.32593
12.8537
-12.2002
-12.1744
-12.1205
-12.0333
-11.9042
-11.7197
-11.4589
-11.0892
-10.5571
-9.77117
-8.56147
-6.57681
-2.96941
4.77217
26.0064
-146.999
-88.3026
-61.7031
-48.9911
-42.1813
-38.1136
-35.4704
-33.6479
-32.3413
-31.3837
-30.6776
-30.1634
-29.8037
-29.5751
-29.464
-182.933
-82.6245
-54.7972
-44.0687
-38.686
-35.4878
-33.3826
-31.9072
-30.8333
-30.0362
-29.4424
-29.0065
-28.6999
-28.5043
-28.409
47.2946
-26.6122
-36.0173
-35.4341
-33.6737
-32.1028
-30.8574
-29.8876
-29.1331
-28.5474
-28.0974
-27.7599
-27.519
-27.3638
-27.2878
-6.97326
-15.3929
-24.1738
-27.6169
-28.5298
-28.4918
-28.1407
-27.7185
-27.3157
-26.9644
-26.6743
-26.4463
-26.2785
-26.1683
-26.1138
26.1808
-3.92275
-16.0371
-21.5567
-24.0461
-25.0983
-25.4733
-25.536
-25.4624
-25.3389
-25.208
-25.0909
-24.998
-24.9342
-24.9019
-1.33487
-4.94516
-12.4802
-17.6007
-20.5607
-22.175
-23.0229
-23.448
-23.6439
-23.7185
-23.7322
-23.7187
-23.6972
-23.6782
-23.6675
11.664
-3.24205
-10.6001
-15.1452
-18.0096
-19.784
-20.8662
-21.5191
-21.9095
-22.1405
-22.2752
-22.3521
-22.3946
-22.4165
-22.4257
-2.99329
-6.78057
-10.6735
-13.8568
-16.2154
-17.8736
-19.0075
-19.7725
-20.2858
-20.6293
-20.8584
-21.0094
-21.1062
-21.1636
-21.1903
-15.0205
-10.2457
-11.2398
-13.1411
-14.9077
-16.3274
-17.405
-18.2008
-18.78
-19.1976
-19.4957
-19.7045
-19.8452
-19.932
-19.9734
-4.8679
-9.70461
-11.1761
-12.5188
-13.8408
-15.0187
-15.9982
-16.7794
-17.3864
-17.849
-18.1949
-18.4467
-18.6217
-18.732
-18.7853
-16.8522
-11.5005
-11.2019
-11.9109
-12.8741
-13.8479
-14.729
-15.479
-16.0931
-16.5815
-16.9595
-17.2424
-17.4431
-17.5715
-17.6341
-4.9899
-9.78715
-10.528
-11.1265
-11.8999
-12.7416
-13.5508
-14.273
-14.887
-15.3906
-15.7901
-16.0951
-16.3147
-16.4568
-16.5264
-17.3593
-10.8908
-9.95296
-10.2206
-10.8783
-11.6578
-12.4331
-13.1421
-13.7577
-14.2719
-14.6864
-15.007
-15.2403
-15.3922
-15.4671
-4.18433
-8.1536
-8.5408
-9.04385
-9.77209
-10.5769
-11.3614
-12.076
-12.6987
-13.2225
-13.648
-13.9795
-14.2223
-14.3813
-14.4598
-18.2893
-7.90395
-7.04819
-7.71072
-8.61275
-9.51009
-10.3382
-11.0738
-11.7085
-12.2413
-12.6748
-13.0136
-13.2627
-13.4261
-13.507
11.9629
-1.03653
-4.5012
-6.21126
-7.45667
-8.49139
-9.37923
-10.1417
-10.7892
-11.3289
-11.7673
-12.1102
-12.3625
-12.5283
-12.6105
-0.326593
-0.790442
-3.17268
-5.03448
-6.44691
-7.5747
-8.50736
-9.28944
-9.9446
-10.487
-10.9263
-11.2696
-11.5223
-11.6886
-11.771
7.34705
0.787904
-2.20556
-4.16976
-5.63484
-6.79352
-7.74006
-8.52533
-9.17834
-9.71672
-10.1519
-10.4919
-10.7422
-10.907
-10.9888
-0.0652232
-0.10987
-1.9532
-3.65165
-5.03555
-6.15967
-7.08477
-7.85308
-8.49171
-9.01808
-9.44369
-9.77638
-10.0216
-10.1831
-10.2633
4.15011
0.241496
-1.80145
-3.352
-4.61666
-5.66406
-6.53839
-7.27089
-7.88305
-8.38944
-8.80001
-9.12165
-9.35914
-9.51577
-9.59358
-0.516666
-0.702688
-1.99161
-3.25087
-4.34867
-5.28864
-6.09051
-6.77229
-7.34785
-7.82735
-8.2181
-8.52535
-8.75284
-8.90314
-8.9779
1.58199
-0.880907
-2.20235
-3.26188
-4.1903
-5.00913
-5.72604
-6.34746
-6.87938
-7.32691
-7.6942
-7.98446
-8.20015
-8.343
-8.41414
-1.24505
-1.85173
-2.59496
-3.36395
-4.10805
-4.80043
-5.42789
-5.98481
-6.46953
-6.88222
-7.22379
-7.49538
-7.69805
-7.83266
-7.89981
-3.65067
-2.72766
-2.96966
-3.48332
-4.06172
-4.63683
-5.17874
-5.67233
-6.10972
-6.48692
-6.80201
-7.05419
-7.24324
-7.36919
-7.43213
-1.84401
-2.79449
-3.15567
-3.55773
-4.01768
-4.49632
-4.96317
-5.39888
-5.79174
-6.13478
-6.42392
-6.65685
-6.83228
-6.9495
-7.00818
-4.23029
-3.27046
-3.31327
-3.59195
-3.96068
-4.36402
-4.76924
-5.15522
-5.50838
-5.82008
-6.0849
-6.29948
-6.46175
-6.57048
-6.625
-2.05329
-3.05006
-3.30706
-3.56363
-3.87966
-4.23043
-4.58869
-4.93438
-5.25383
-5.53796
-5.7808
-5.97845
-6.12842
-6.22914
-6.2797
-4.41363
-3.3433
-3.30111
-3.49402
-3.77456
-4.09165
-4.41689
-4.73179
-5.02384
-5.28454
-5.50809
-5.69056
-5.82931
-5.92265
-5.96955
-2.06147
-2.92247
-3.13187
-3.36356
-3.64408
-3.94724
-4.25231
-4.54508
-4.81565
-5.05695
-5.26395
-5.43306
-5.56177
-5.64843
-5.692
-4.56683
-2.95403
-2.94711
-3.19921
-3.49789
-3.80155
-4.09629
-4.37382
-4.6278
-4.85321
-5.04615
-5.20363
-5.32347
-5.40416
-5.44473
0.4278
-1.8703
-2.58245
-3.00253
-3.34828
-3.66206
-3.95226
-4.21895
-4.45982
-4.67206
-4.85299
-5.00036
-5.11239
-5.18778
-5.22567
-1.60127
-1.88779
-2.42058
-2.85747
-3.22089
-3.53898
-3.82459
-4.08203
-4.31175
-4.51267
-4.68317
-4.82167
-4.92679
-4.99746
-5.03296
-0.648263
-1.73415
-2.32527
-2.76344
-3.12502
-3.43849
-3.71652
-3.96439
-4.18373
-4.37443
-4.53562
-4.6662
-4.76513
-4.83158
-4.86495
-1.72384
-1.92398
-2.33614
-2.7226
-3.06259
-3.36266
-3.62942
-3.86659
-4.07564
-4.25673
-4.40935
-4.53273
-4.62607
-4.68871
-4.72014
-1.39604
-1.96645
-2.3648
-2.71406
-3.0279
-3.30999
-3.56292
-3.78835
-3.98699
-4.15883
-4.30342
-4.42015
-4.50837
-4.56753
-4.5972
-1.93606
-2.12826
-2.42752
-2.73014
-3.01531
-3.2776
-3.51554
-3.72876
-3.917
-4.07988
-4.21688
-4.32741
-4.4109
-4.46685
-4.49491
-1.92406
-2.21559
-2.48785
-2.75835
-3.01864
-3.26215
-3.48538
-3.68655
-3.86466
-4.01895
-4.14876
-4.25349
-4.33258
-4.38557
-4.41215
-2.12766
-2.31616
-2.54936
-2.79368
-3.03366
-3.26082
-3.47056
-3.6604
-3.82889
-3.97504
-4.0981
-4.19741
-4.27241
-4.32268
-4.34788
-2.20011
-2.38553
-2.60312
-2.83204
-3.05761
-3.27162
-3.46962
-3.64913
-3.80867
-3.94722
-4.06397
-4.15824
-4.22947
-4.27722
-4.30117
-2.27252
-2.43243
-2.64895
-2.87274
-3.08963
-3.29358
-3.48154
-3.65176
-3.80308
-3.93458
-4.04548
-4.13511
-4.20287
-4.24832
-4.27112
-2.10462
-2.43986
-2.6897
-2.91824
-3.13067
-3.32669
-3.50583
-3.66757
-3.81128
-3.93628
-4.04181
-4.1272
-4.19182
-4.23519
-4.25695
-2.38742
-2.50645
-2.7452
-2.97494
-3.18313
-3.37158
-3.54225
-3.69592
-3.83253
-3.95153
-4.05218
-4.13375
-4.19557
-4.23709
-4.25794
-1.90351
-2.48976
-2.80691
-3.04661
-3.24936
-3.42884
-3.5905
-3.73618
-3.86606
-3.97956
-4.07585
-4.15407
-4.21345
-4.25338
-4.27345
-2.54947
-2.65977
-2.92235
-3.14396
-3.33177
-3.49853
-3.6499
-3.78746
-3.91099
-4.01958
-4.1121
-4.1875
-4.24487
-4.28352
-4.30295
-1.5813
-2.72388
-3.06619
-3.26481
-3.42884
-3.57895
-3.71893
-3.84852
-3.96636
-4.0708
-4.16029
-4.2335
-4.28935
-4.32702
-4.34599
-4.19096
-3.34358
-3.30978
-3.40968
-3.53561
-3.66644
-3.79521
-3.9178
-4.03107
-4.13244
-4.21983
-4.2916
-4.34648
-4.38356
-4.40224
-3.01722
-3.39812
-3.46047
-3.5365
-3.63903
-3.75541
-3.87582
-3.9936
-4.10409
-4.20383
-4.29027
-4.36147
-4.41602
-4.45292
-4.47152
-4.24346
-3.67372
-3.60162
-3.64492
-3.73287
-3.84163
-3.95829
-4.07452
-4.18461
-4.28451
-4.37133
-4.44295
-4.49786
-4.53502
-4.55376
-3.20029
-3.60356
-3.66257
-3.72236
-3.81231
-3.9224
-4.0411
-4.15975
-4.27225
-4.37433
-4.46299
-4.53608
-4.59208
-4.62996
-4.64905
-4.2685
-3.77231
-3.72295
-3.77886
-3.87779
-3.99724
-4.124
-4.24929
-4.36716
-4.47351
-4.5655
-4.64111
-4.69893
-4.73798
-4.75765
-3.28928
-3.63059
-3.71016
-3.80552
-3.92906
-4.06705
-4.20797
-4.34404
-4.47011
-4.58272
-4.67943
-4.75855
-4.81886
-4.8595
-4.87995
-4.12377
-3.67046
-3.68638
-3.81262
-3.97033
-4.13487
-4.29535
-4.44577
-4.58247
-4.703
-4.80563
-4.8891
-4.95248
-4.99509
-5.0165
-3.22175
-3.3843
-3.58593
-3.79789
-4.0069
-4.20556
-4.38975
-4.55709
-4.70611
-4.83575
-4.94517
-5.03364
-5.10056
-5.14545
-5.16797
-2.20656
-3.07085
-3.47826
-3.78522
-4.05069
-4.28636
-4.49589
-4.68117
-4.84324
-4.9826
-5.0993
-5.19319
-5.26398
-5.31137
-5.33513
-3.11293
-3.07452
-3.44029
-3.80137
-4.11521
-4.38534
-4.61893
-4.82141
-4.9962
-5.14521
-5.26933
-5.36884
-5.4437
-5.49375
-5.51882
-1.52364
-2.79736
-3.40552
-3.85036
-4.21014
-4.50974
-4.76361
-4.98092
-5.16711
-5.32516
-5.45649
-5.56164
-5.64069
-5.69352
-5.71998
-3.11132
-2.98222
-3.48413
-3.95844
-4.34688
-4.66594
-4.93374
-5.16208
-5.3576
-5.5237
-5.66187
-5.77261
-5.85593
-5.91164
-5.93955
-0.726576
-2.72873
-3.58184
-4.12618
-4.53185
-4.85777
-5.13132
-5.36608
-5.56858
-5.74167
-5.88634
-6.00267
-6.09038
-6.14911
-6.17855
-3.32041
-3.27302
-3.89395
-4.39023
-4.77224
-5.086
-5.35588
-5.59253
-5.80003
-5.97943
-6.13053
-6.25264
-6.345
-6.40695
-6.43805
0.422361
-3.35306
-4.29256
-4.73366
-5.06006
-5.34474
-5.60355
-5.83927
-6.05102
-6.23689
-6.39489
-6.52331
-6.62077
-6.68627
-6.71917
-8.63502
-5.40235
-5.03724
-5.15675
-5.3769
-5.62149
-5.86731
-6.10271
-6.32002
-6.51373
-6.67985
-6.81553
-6.91877
-6.98827
-7.0232
-4.51479
-5.46015
-5.44532
-5.50998
-5.67678
-5.89743
-6.13834
-6.37875
-6.60545
-6.80977
-6.98599
-7.13031
-7.24026
-7.3143
-7.35152
-8.13908
-6.18459
-5.79815
-5.79231
-5.9393
-6.15933
-6.40975
-6.66435
-6.90645
-7.12538
-7.31432
-7.46899
-7.58672
-7.66593
-7.70573
-4.71913
-5.81999
-5.88663
-5.9685
-6.15113
-6.40018
-6.67831
-6.95867
-7.22359
-7.46184
-7.6665
-7.83336
-7.95998
-8.04497
-8.08762
-7.71686
-6.17345
-5.9645
-6.07474
-6.31686
-6.62086
-6.94536
-7.26375
-7.55927
-7.82168
-8.04495
-8.22572
-8.36218
-8.45345
-8.49916
-4.60375
-5.60008
-5.82067
-6.08942
-6.43964
-6.82734
-7.21668
-7.58476
-7.918
-8.20873
-8.45297
-8.64888
-8.79579
-8.89362
-8.94248
-6.88958
-5.56531
-5.64334
-6.04753
-6.53643
-7.03272
-7.50279
-7.93001
-8.30627
-8.6281
-8.89459
-9.1061
-9.26352
-9.36783
-9.41977
-4.00374
-4.55658
-5.23947
-5.94683
-6.62812
-7.25634
-7.81869
-8.31069
-8.73237
-9.08594
-9.37442
-9.60091
-9.76818
-9.87843
-9.93317
-0.733752
-3.45741
-4.81858
-5.86424
-6.75668
-7.52574
-8.18348
-8.74024
-9.20582
-9.58901
-9.89733
-10.1369
-10.3125
-10.4276
-10.4846
-3.24047
-3.3043
-4.61675
-5.88807
-6.97096
-7.87248
-8.61843
-9.23313
-9.7365
-10.1441
-10.468
-10.7173
-10.8988
-11.0172
-11.0757
1.96569
-2.28396
-4.44346
-6.04277
-7.31121
-8.32728
-9.14455
-9.80338
-10.3337
-10.7574
-11.0906
-11.3449
-11.5289
-11.6485
-11.7074
-2.75599
-2.71502
-4.65915
-6.42724
-7.82675
-8.92018
-9.78071
-10.4629
-11.005
-11.4336
-11.7679
-12.0213
-12.2038
-12.3219
-12.38
5.37327
-1.76741
-4.99707
-7.06767
-8.55488
-9.67485
-10.5407
-11.2198
-11.755
-12.1754
-12.5013
-12.7471
-12.9234
-13.0371
-13.0929
-2.97261
-3.5357
-6.13986
-8.11324
-9.53805
-10.606
-11.4305
-12.0766
-12.5849
-12.9829
-13.2902
-13.5213
-13.6864
-13.7926
-13.8447
10.5069
-3.88647
-7.72065
-9.53977
-10.7691
-11.7062
-12.4442
-13.0292
-13.4914
-13.8533
-14.1322
-14.3413
-14.4902
-14.5858
-14.6326
-22.8389
-11.5699
-10.7008
-11.3759
-12.203
-12.9447
-13.5643
-14.067
-14.4675
-14.7814
-15.0228
-15.2031
-15.3311
-15.413
-15.453
-7.18944
-12.0311
-12.6084
-13.1065
-13.6964
-14.2679
-14.7655
-15.1758
-15.5037
-15.7599
-15.9558
-16.1013
-16.2039
-16.2694
-16.3012
-22.3921
-15.4535
-14.5711
-14.7734
-15.2024
-15.6425
-16.0274
-16.342
-16.5898
-16.7804
-16.924
-17.0291
-17.1026
-17.1491
-17.1716
-8.19852
-14.6703
-15.7805
-16.2827
-16.7008
-17.0554
-17.3383
-17.5545
-17.7155
-17.8335
-17.9188
-17.9791
-18.02
-18.0454
-18.0576
-23.4169
-17.6102
-17.412
-17.8505
-18.2433
-18.5181
-18.6955
-18.8053
-18.8711
-18.9094
-18.931
-18.9425
-18.9483
-18.951
-18.952
-8.76119
-16.6553
-18.6015
-19.4499
-19.8679
-20.0484
-20.0996
-20.0866
-20.0459
-19.997
-19.9501
-19.9099
-19.8788
-19.8578
-19.8472
-25.5509
-19.8307
-20.5533
-21.3482
-21.6575
-21.6685
-21.5485
-21.3872
-21.2263
-21.0834
-20.9645
-20.8711
-20.8024
-20.7574
-20.7351
-9.38534
-18.532
-22.4547
-23.5838
-23.6541
-23.3797
-23.026
-22.6874
-22.3943
-22.153
-21.9614
-21.815
-21.7095
-21.6411
-21.6076
13.1322
-20.8609
-26.2961
-26.5545
-25.8903
-25.1459
-24.493
-23.9562
-23.5264
-23.1881
-22.9268
-22.7306
-22.5907
-22.5008
-22.4568
-80.4805
-43.0216
-33.7325
-30.166
-28.182
-26.8486
-25.8793
-25.1506
-24.5949
-24.1698
-23.847
-23.6072
-23.4374
-23.3285
-23.2754
-60.3697
-45.62
-37.1947
-32.6785
-30.0221
-28.2985
-27.0985
-26.225
-25.5728
-25.0804
-24.7095
-24.4353
-24.2416
-24.1177
-24.0572
-50.5016
-43.8264
-37.9421
-33.8994
-31.2143
-29.3849
-28.091
-27.1458
-26.4398
-25.9066
-25.5049
-25.2076
-24.9973
-24.8627
-24.797
-45.2692
-41.4834
-37.4105
-34.1776
-31.8123
-30.0993
-28.8414
-27.9005
-27.1866
-26.6417
-26.2277
-25.9195
-25.7006
-25.56
-25.4912
-42.6658
-39.3396
-36.2955
-33.8532
-31.9572
-30.4978
-29.3717
-28.4976
-27.8163
-27.2858
-26.877
-26.5695
-26.3494
-26.2074
-26.1377
-42.3721
-37.0001
-34.7624
-33.1494
-31.799
-30.6649
-29.727
-28.9609
-28.3411
-27.8454
-27.4559
-27.1588
-26.944
-26.8045
-26.7359
-13.0109
-12.9967
-12.9666
-12.9169
-12.8415
-12.731
-12.5711
-12.3399
-12.0033
-11.5061
-10.756
-9.59589
-7.77317
-5.0439
-2.45538
-13.9094
-13.9096
-13.9091
-13.9065
-13.8992
-13.8837
-13.8556
-13.8097
-13.7415
-13.6515
-13.56
-13.5521
-13.9202
-15.6116
-21.5717
-14.8079
-14.8231
-14.8539
-14.9008
-14.965
-15.049
-15.1579
-15.3019
-15.5014
-15.7985
-16.2805
-17.1321
-18.7439
-21.9105
-28.0473
-15.691
-15.7212
-15.7826
-15.8778
-16.0109
-16.1893
-16.4251
-16.7385
-17.1639
-17.7606
-18.6313
-19.9521
-22.0129
-25.2392
-30.0756
-16.5439
-16.5879
-16.6776
-16.8167
-17.0116
-17.2724
-17.6147
-18.063
-18.655
-19.4487
-20.5319
-22.0319
-24.1163
-26.9579
-30.6112
-17.3528
-17.409
-17.5232
-17.7
-17.9465
-18.2738
-18.6983
-19.2439
-19.9444
-20.8472
-22.0157
-23.5276
-25.4623
-27.8649
-30.6711
-18.1057
-18.1718
-18.3063
-18.5134
-18.8005
-19.178
-19.661
-20.2698
-21.0314
-21.9802
-23.1561
-24.6002
-26.3406
-28.3681
-30.5998
-18.7923
-18.8664
-19.0166
-19.247
-19.5639
-19.9767
-20.4977
-21.1428
-21.9314
-22.8858
-24.0285
-25.3765
-26.9319
-28.667
-30.5098
-19.4049
-19.4849
-19.6468
-19.8939
-20.2316
-20.6673
-21.2104
-21.8722
-22.6656
-23.6032
-24.6954
-25.9454
-27.3433
-28.8584
-30.434
-19.9373
-20.0216
-20.1917
-20.4502
-20.8013
-21.2504
-21.8043
-22.4702
-23.2554
-24.1661
-25.2045
-26.3665
-27.6375
-28.9892
-30.3783
-20.3854
-20.4726
-20.6481
-20.9138
-21.2729
-21.7289
-22.2861
-22.9487
-23.7199
-24.6012
-25.59
-26.6784
-27.8509
-29.0826
-30.3402
-20.7463
-20.8354
-21.0142
-21.2842
-21.6474
-22.1061
-22.6626
-23.3185
-24.0745
-24.9286
-25.8758
-26.9064
-28.005
-29.1502
-30.3154
-21.0182
-21.1083
-21.2891
-21.5614
-21.9265
-22.3856
-22.9395
-23.5884
-24.3307
-25.1629
-26.0783
-27.0664
-28.1125
-29.1978
-30.3001
-21.1999
-21.2906
-21.4724
-21.7458
-22.1116
-22.5702
-23.1216
-23.7648
-24.4972
-25.3141
-26.208
-27.1683
-28.1808
-29.2284
-30.2915
-21.2909
-21.3819
-21.5641
-21.8379
-22.2038
-22.6619
-23.2118
-23.8519
-24.5791
-25.3882
-26.2714
-27.2179
-28.214
-29.2434
-30.2877
-24.0067
-100.794
-110.479
-68.1444
-52.6375
-38.0798
-30.7915
-19.6566
-27.3106
-30.9238
-36.423
-40.3648
-48.2617
-56.3538
-77.5093
-77.3515
-55.6647
-47.2653
-38.8736
-34.629
-28.6489
-24.7715
-16.9365
-24.7646
-28.6413
-34.6114
-38.8497
-47.2158
-55.6123
-77.3087
-77.4471
-56.2237
-47.9893
-39.6826
-35.4598
-29.4412
-25.5097
-17.4831
-25.6306
-29.6815
-35.9306
-40.3713
-49.1357
-57.9185
-80.5916
-80.7599
-58.6603
-50.0876
-41.439
-37.0415
-30.7695
-26.6688
-18.2859
-26.8388
-31.0991
-37.6828
-42.3605
-51.5947
-60.8226
-84.6202
-84.7765
-61.5063
-52.5013
-43.4699
-38.8839
-32.3546
-28.0807
-19.3141
-28.4842
-33.119
-40.3724
-45.5965
-55.9909
-66.416
-93.2932
-93.923
-69.2012
-59.9259
-51.2938
-47.2006
-42.0651
-38.7872
-32.1781
-63.7025
-61.5593
-23.3924
-11.9374
-8.82053
-10.0168
-18.0853
-37.1871
-61.7175
-69.0514
-59.4644
-50.2087
-41.9006
-36.0429
-31.9138
-32.9378
-35.2426
-38.6416
-42.5284
-47.6489
-53.3949
-59.8859
-59.7236
-52.8785
-46.8031
-41.3144
-37.0514
-33.1818
-30.2762
-28.2547
-30.2962
-33.2219
-37.1085
-41.3857
-46.8822
-52.9641
-59.8067
-59.939
-53.3709
-47.4762
-42.0995
-37.8978
-34.054
-31.1611
-29.1587
-31.3409
-34.4295
-38.5159
-43.0073
-48.7721
-55.145
-62.3127
-62.4769
-55.6513
-49.5215
-43.9283
-39.5568
-35.5565
-32.5476
-30.4705
-32.7749
-36.0292
-40.333
-45.0608
-51.1256
-57.8203
-65.3409
-65.5009
-58.3162
-51.8813
-46.0314
-41.473
-37.3178
-34.2132
-32.1135
-34.6742
-38.2767
-43.0631
-48.3678
-55.2235
-62.8521
-71.5197
-72.1194
-64.7514
-58.2423
-52.5393
-48.2962
-44.7322
-42.3704
-41.6221
-46.8779
-43.8414
-31.7122
-23.8052
-20.2507
-20.1546
-23.0937
-37.3646
-47.4034
-51.99
-50.3069
-46.4156
-42.1928
-38.805
-36.7504
-36.7205
-37.9859
-40.1578
-42.9153
-46.1355
-49.3631
-51.8431
-51.7189
-48.9841
-45.4959
-41.9902
-38.9074
-36.3265
-34.5081
-33.7219
-34.5546
-36.4188
-39.0431
-42.1658
-45.7056
-49.2203
-51.9676
-52.0793
-49.5487
-46.217
-42.8243
-39.8206
-37.2972
-35.5304
-34.8087
-35.7458
-37.7406
-40.5181
-43.8095
-47.5328
-51.2271
-54.119
-54.2591
-51.6404
-48.1826
-44.6584
-41.5374
-38.9162
-37.0844
-36.3456
-37.3431
-39.4479
-42.3729
-45.8357
-49.7495
-53.6287
-56.6611
-56.8015
-54.0463
-50.4188
-46.7332
-43.4817
-40.7679
-38.8988
-38.2019
-39.3642
-41.7297
-45.0076
-48.9057
-53.3432
-57.792
-61.3642
-61.7892
-59.0651
-55.3977
-51.6827
-48.414
-45.6682
-43.6303
-42.4202
-41.9943
-39.2171
-33.9521
-29.4056
-26.7006
-25.9215
-26.7243
-35.7871
-40.9404
-43.957
-44.3294
-43.0997
-41.2827
-39.6472
-38.6713
-38.6379
-39.424
-40.8304
-42.6361
-44.6113
-46.4079
-47.5502
-47.4734
-46.1746
-44.2137
-42.0571
-40.0404
-38.3733
-37.2533
-36.8578
-37.3277
-38.5213
-40.26
-42.3451
-44.5651
-46.5815
-47.9236
-48.0247
-46.88
-45.0455
-42.9891
-41.0517
-39.4511
-38.3945
-38.0699
-38.6276
-39.9248
-41.7801
-43.9897
-46.3351
-48.4647
-49.8878
-50.0139
-48.8378
-46.9396
-44.8077
-42.7982
-41.1391
-40.0475
-39.7207
-40.3165
-41.6858
-43.6385
-45.9609
-48.4234
-50.6565
-52.1456
-52.272
-51.0327
-49.0402
-46.8096
-44.7163
-43.0016
-41.8966
-41.6129
-42.3214
-43.8689
-46.059
-48.6667
-51.4466
-53.9943
-55.7408
-55.9938
-54.7371
-52.6217
-50.1834
-47.7787
-45.5851
-43.698
-42.089
-40.4968
-38.1753
-35.1573
-32.3543
-30.3772
-29.4105
-29.3233
-34.3836
-37.5542
-39.7316
-40.6587
-40.6296
-40.1109
-39.5398
-39.2351
-39.3753
-39.9686
-40.9281
-42.1128
-43.344
-44.3951
-45.0126
-44.9874
-44.3185
-43.2134
-41.9226
-40.6698
-39.6324
-38.9554
-38.7472
-39.0589
-39.8387
-40.9779
-42.3303
-43.7175
-44.914
-45.6664
-45.7642
-45.2045
-44.1934
-42.9823
-41.7978
-40.8217
-40.2046
-40.0606
-40.4445
-41.3052
-42.5319
-43.9744
-45.4483
-46.7195
-47.5244
-47.6438
-47.075
-46.0332
-44.7807
-43.5546
-42.5447
-41.9091
-41.7671
-42.1763
-43.0833
-44.3718
-45.8845
-47.4277
-48.7557
-49.5926
-49.7089
-49.1036
-48.0043
-46.6884
-45.4057
-44.3576
-43.7116
-43.5951
-44.0707
-45.0829
-46.509
-48.1799
-49.8844
-51.3504
-52.268
-52.3726
-51.6454
-50.3108
-48.6359
-46.8394
-45.0607
-43.3653
-41.7338
-40.0493
-38.1365
-36.0532
-34.1135
-32.5987
-31.6332
-31.1802
-33.3692
-35.5982
-37.3065
-38.3652
-38.8643
-39.0145
-39.0488
-39.1581
-39.46
-39.9861
-40.7012
-41.5227
-42.3361
-43.0064
-43.4006
-43.4283
-43.0906
-42.4803
-41.7331
-40.9892
-40.3723
-39.9825
-39.8882
-40.1157
-40.6387
-41.3887
-42.2653
-43.1446
-43.8857
-44.3521
-44.4503
-44.179
-43.6295
-42.9373
-42.2439
-41.6751
-41.3337
-41.2909
-41.5747
-42.1587
-42.9729
-43.914
-44.8535
-45.6456
-46.1483
-46.2646
-45.9934
-45.4299
-44.716
-43.9993
-43.4115
-43.0602
-43.0197
-43.3193
-43.9314
-44.7825
-45.7642
-46.7418
-47.5623
-48.0772
-48.1851
-47.8858
-47.2806
-46.5192
-45.7575
-45.1345
-44.764
-44.7247
-45.0471
-45.7011
-46.6066
-47.6447
-48.6655
-49.4964
-49.9657
-49.9493
-49.4286
-48.4899
-47.2634
-45.8746
-44.4165
-42.9407
-41.4547
-39.9308
-38.343
-36.7425
-35.261
-34.0293
-33.1178
-32.5209
-32.6703
-34.3917
-35.8168
-36.8773
-37.6014
-38.0852
-38.4497
-38.8039
-39.2216
-39.7316
-40.3209
-40.9442
-41.5345
-42.0151
-42.3162
-42.3954
-42.2553
-41.9442
-41.539
-41.1256
-40.7852
-40.5838
-40.5657
-40.7469
-41.1118
-41.617
-42.1967
-42.7705
-43.2529
-43.5679
-43.6685
-43.5541
-43.2708
-42.8942
-42.5104
-42.2009
-42.0327
-42.0511
-42.2725
-42.6808
-43.2312
-43.8557
-44.471
-44.9883
-45.3288
-45.4436
-45.3324
-45.0433
-44.6554
-44.2585
-43.9378
-43.7635
-43.7826
-44.0122
-44.4354
-45.005
-45.6497
-46.282
-46.8089
-47.1477
-47.2477
-47.1087
-46.7818
-46.3505
-45.9094
-45.5479
-45.3397
-45.3335
-45.546
-45.9571
-46.5134
-47.1344
-47.7203
-48.163
-48.363
-48.2521
-47.8139
-47.0832
-46.1248
-45.0095
-43.7978
-42.5309
-41.2302
-39.9045
-38.5677
-37.2604
-36.0489
-34.9987
-34.1493
-33.5038
-32.1926
-33.6121
-34.8522
-35.874
-36.6844
-37.3275
-37.8653
-38.3582
-38.8504
-39.3627
-39.8915
-40.4132
-40.8907
-41.2822
-41.5514
-41.6781
-41.6662
-41.5438
-41.3564
-41.1571
-40.9978
-40.9213
-40.9563
-41.1133
-41.3831
-41.738
-42.1364
-42.528
-42.8611
-43.0924
-43.1962
-43.1724
-43.0464
-42.8615
-42.67
-42.523
-42.4632
-42.5191
-42.7009
-42.9984
-43.3827
-43.8106
-44.2295
-44.5857
-44.8341
-44.9481
-44.9276
-44.799
-44.6077
-44.408
-44.2534
-44.1883
-44.2425
-44.4262
-44.7287
-45.1196
-45.5531
-45.9742
-46.3264
-46.5624
-46.6543
-46.6021
-46.4334
-46.196
-45.9465
-45.7407
-45.6245
-45.6275
-45.7588
-46.004
-46.3271
-46.6745
-46.9813
-47.1792
-47.2079
-47.0262
-46.6204
-46.0047
-45.212
-44.2835
-43.2585
-42.1698
-41.0416
-39.8942
-38.7499
-37.6404
-36.6046
-35.6791
-34.8874
-34.2346
-31.865
-33.0906
-34.2021
-35.1749
-36.0082
-36.7214
-37.3456
-37.9134
-38.4504
-38.97
-39.4724
-39.9458
-40.3708
-40.7255
-40.9916
-41.1604
-41.2362
-41.2369
-41.1908
-41.1311
-41.0909
-41.098
-41.1712
-41.3175
-41.5315
-41.7964
-42.0861
-42.3696
-42.6162
-42.8002
-42.9075
-42.9381
-42.9065
-42.8385
-42.7655
-42.7194
-42.7269
-42.806
-42.9627
-43.1907
-43.4717
-43.7784
-44.0781
-44.3385
-44.5329
-44.6463
-44.6786
-44.645
-44.5721
-44.4927
-44.4399
-44.4415
-44.5158
-44.6692
-44.8946
-45.1727
-45.4744
-45.7654
-46.0114
-46.1845
-46.2685
-46.2631
-46.184
-46.0587
-45.921
-45.8046
-45.7374
-45.737
-45.8076
-45.9387
-46.1058
-46.2733
-46.3989
-46.4391
-46.3559
-46.1229
-45.7295
-45.1809
-44.4949
-43.6962
-42.8113
-41.8654
-40.881
-39.8793
-38.8822
-37.9143
-37.0015
-36.1667
-35.4254
-34.7831
-31.6391
-32.7334
-33.7516
-34.6769
-35.505
-36.2434
-36.9071
-37.513
-38.0752
-38.6021
-39.0949
-39.548
-39.9521
-40.2962
-40.572
-40.7765
-40.9143
-40.9976
-41.0446
-41.077
-41.1159
-41.1797
-41.2807
-41.4241
-41.6069
-41.8189
-42.0444
-42.2646
-42.461
-42.6187
-42.7293
-42.7933
-42.8192
-42.8225
-42.8224
-42.8386
-42.8877
-42.9808
-43.1219
-43.3067
-43.5238
-43.7561
-43.9835
-44.1862
-44.3484
-44.4612
-44.5246
-44.5475
-44.5457
-44.5392
-44.5482
-44.5898
-44.6753
-44.8085
-44.9848
-45.1917
-45.4111
-45.6214
-45.8016
-45.9348
-46.0113
-46.0305
-46.0012
-45.9393
-45.8648
-45.7976
-45.7541
-45.7443
-45.7695
-45.8216
-45.8839
-45.9325
-45.9396
-45.8768
-45.7197
-45.4507
-45.0619
-44.555
-43.9402
-43.233
-42.4519
-41.6164
-40.7454
-39.8577
-38.9725
-38.109
-37.286
-36.5196
-35.8211
-35.1958
-31.4832
-32.4857
-33.4351
-34.3186
-35.1307
-35.8731
-36.5519
-37.1754
-37.751
-38.2835
-38.7742
-39.221
-39.6196
-39.9653
-40.2549
-40.4886
-40.6707
-40.8103
-40.9197
-41.0133
-41.1052
-41.2077
-41.3293
-41.4738
-41.64
-41.822
-42.0104
-42.1939
-42.3616
-42.5047
-42.6184
-42.7032
-42.7643
-42.8112
-42.8559
-42.9103
-42.985
-43.0868
-43.2181
-43.3762
-43.5541
-43.7409
-43.9243
-44.0922
-44.2349
-44.3472
-44.4289
-44.4854
-44.5263
-44.5635
-44.6095
-44.6747
-44.7662
-44.8859
-45.0308
-45.193
-45.3607
-45.5206
-45.6596
-45.7669
-45.8366
-45.8678
-45.8653
-45.8383
-45.7981
-45.7564
-45.7223
-45.7011
-45.6925
-45.69
-45.6818
-45.6516
-45.5808
-45.4505
-45.2446
-44.9511
-44.5643
-44.0847
-43.5184
-42.8761
-42.1712
-41.4185
-40.6337
-39.8327
-39.0314
-38.2454
-37.4891
-36.7748
-36.1115
-35.5043
-31.3766
-32.3146
-33.2135
-34.0629
-34.857
-35.5943
-36.2763
-36.9066
-37.4886
-38.025
-38.5168
-38.9634
-39.3633
-39.7151
-40.0184
-40.2748
-40.4885
-40.6665
-40.8176
-40.9519
-41.0792
-41.2081
-41.3448
-41.4923
-41.6503
-41.8158
-41.9833
-42.1461
-42.2977
-42.433
-42.5493
-42.6471
-42.7298
-42.8033
-42.8752
-42.9529
-43.0431
-43.1502
-43.2755
-43.4174
-43.5714
-43.7307
-43.8875
-44.0344
-44.1654
-44.2771
-44.3695
-44.4459
-44.512
-44.5752
-44.643
-44.722
-44.8163
-44.9271
-45.0521
-45.1861
-45.3217
-45.4501
-45.563
-45.6534
-45.7172
-45.7536
-45.7649
-45.7561
-45.7337
-45.7041
-45.6721
-45.6401
-45.6066
-45.5666
-45.5113
-45.4292
-45.3075
-45.1333
-44.8955
-44.5859
-44.2004
-43.7391
-43.2063
-42.6096
-41.9592
-41.2668
-40.5454
-39.8082
-39.0685
-38.339
-37.6317
-36.9565
-36.3211
-35.7304
-31.3059
-32.1998
-33.063
-33.8868
-34.6651
-35.3949
-36.0753
-36.7073
-37.292
-37.8308
-38.3244
-38.7729
-39.1763
-39.5348
-39.8494
-40.1223
-40.3578
-40.5612
-40.7396
-40.9004
-41.0509
-41.1974
-41.3447
-41.4954
-41.65
-41.8068
-41.9629
-42.1143
-42.2571
-42.3885
-42.5068
-42.6127
-42.7084
-42.7979
-42.886
-42.9776
-43.0771
-43.1872
-43.3089
-43.4412
-43.581
-43.724
-43.8651
-43.9996
-44.1235
-44.2348
-44.3334
-44.4212
-44.5019
-44.5801
-44.6605
-44.7472
-44.8428
-44.9477
-45.0603
-45.1771
-45.293
-45.4021
-45.4987
-45.5782
-45.6374
-45.6754
-45.6933
-45.6936
-45.6797
-45.6551
-45.622
-45.581
-45.5302
-45.4652
-45.3793
-45.264
-45.1099
-44.9078
-44.6498
-44.33
-43.9456
-43.4965
-42.9862
-42.4205
-41.8075
-41.1571
-40.4799
-39.7873
-39.0907
-38.4009
-37.7281
-37.0809
-36.4662
-35.8888
-31.2628
-32.129
-32.9695
-33.7761
-34.543
-35.2664
-35.9442
-36.5759
-37.1615
-37.7016
-38.1967
-38.6473
-39.054
-39.4177
-39.7401
-40.024
-40.273
-40.4921
-40.687
-40.8638
-41.0283
-41.1856
-41.3397
-41.493
-41.6463
-41.7989
-41.9492
-42.0947
-42.2331
-42.3626
-42.4824
-42.5929
-42.696
-42.7944
-42.8916
-42.991
-43.0957
-43.2075
-43.3273
-43.4541
-43.586
-43.7199
-43.8523
-43.9798
-44.0998
-44.2108
-44.3127
-44.4067
-44.4954
-44.5817
-44.669
-44.7598
-44.8558
-44.9571
-45.0626
-45.1695
-45.2741
-45.372
-45.4592
-45.5321
-45.5881
-45.6264
-45.6471
-45.6515
-45.6413
-45.6184
-45.5834
-45.5361
-45.4743
-45.394
-45.2897
-45.1546
-44.9814
-44.7629
-44.4931
-44.1674
-43.7838
-43.3423
-42.8459
-42.2994
-41.7099
-41.0858
-40.4366
-39.7723
-39.103
-38.4384
-37.7877
-37.1586
-36.5576
-35.9894
-31.2424
-32.0952
-32.9246
-33.7227
-34.4837
-35.2035
-35.8795
-36.5107
-37.0965
-37.6372
-38.1332
-38.585
-38.9935
-39.36
-39.6865
-39.9756
-40.2312
-40.4578
-40.6605
-40.8448
-41.0159
-41.1783
-41.3358
-41.4905
-41.6434
-41.7944
-41.9423
-42.0854
-42.2219
-42.3507
-42.4712
-42.5839
-42.6903
-42.7927
-42.894
-42.9969
-43.1039
-43.2165
-43.3353
-43.4598
-43.5881
-43.718
-43.8465
-43.9709
-44.0892
-44.2
-44.3033
-44.4001
-44.4922
-44.5821
-44.6723
-44.7649
-44.861
-44.9607
-45.0629
-45.1652
-45.2647
-45.3575
-45.4404
-45.5101
-45.5646
-45.6027
-45.6244
-45.6303
-45.6215
-45.5988
-45.5627
-45.5121
-45.445
-45.3574
-45.2445
-45.1002
-44.9181
-44.692
-44.4167
-44.0884
-43.7052
-43.2674
-42.7776
-42.2403
-41.6621
-41.0508
-40.4151
-39.7644
-39.1084
-38.4561
-37.8162
-37.196
-36.6018
-36.0382
-27.9583
-32.0322
-32.5986
-32.1747
-31.4597
-30.6987
-29.9867
-29.3587
-28.8237
-28.38
-28.0222
-27.7442
-27.5407
-27.4073
-27.3414
-27.2703
-30.1202
-31.2285
-31.4024
-31.1357
-30.6865
-30.1861
-29.6997
-29.2588
-28.8773
-28.5602
-28.3085
-28.1214
-27.9976
-27.936
-28.4075
-29.9497
-30.7928
-31.0707
-30.9941
-30.7257
-30.3713
-29.9953
-29.6346
-29.3101
-29.0328
-28.8081
-28.6388
-28.5256
-28.4691
-29.8256
-30.4783
-30.9224
-31.0936
-31.0443
-30.8507
-30.5784
-30.2755
-29.9743
-29.6958
-29.4527
-29.2526
-29.1
-28.9972
-28.9456
-31.1049
-31.2155
-31.3248
-31.3369
-31.239
-31.0545
-30.8161
-30.5539
-30.2915
-30.0461
-29.8295
-29.6496
-29.5113
-29.4177
-29.3705
-32.1601
-31.9542
-31.8243
-31.6903
-31.5203
-31.3121
-31.0776
-30.8325
-30.5917
-30.3677
-30.1698
-30.005
-29.878
-29.7917
-29.7482
-33.0034
-32.6168
-32.3281
-32.0797
-31.8396
-31.5962
-31.3499
-31.1068
-30.8752
-30.663
-30.4771
-30.3227
-30.2038
-30.1232
-30.0824
-33.6687
-33.1815
-32.7917
-32.4606
-32.1624
-31.8834
-31.6188
-31.3696
-31.1392
-30.9322
-30.7528
-30.6049
-30.4915
-30.4147
-30.3759
-34.1901
-33.6487
-33.1966
-32.8088
-32.466
-32.156
-31.8725
-31.6136
-31.38
-31.1737
-30.9971
-30.8527
-30.7425
-30.6682
-30.6307
-34.5953
-34.0265
-33.5374
-33.112
-32.7368
-32.4021
-32.1016
-31.8324
-31.5936
-31.3855
-31.2093
-31.0663
-30.9578
-30.8848
-30.8481
-34.9058
-34.3248
-33.8144
-33.365
-32.9672
-32.6139
-32.2995
-32.0209
-31.7764
-31.5654
-31.3882
-31.2454
-31.1375
-31.0651
-31.0289
-35.1376
-34.5524
-34.0305
-33.5662
-33.1534
-32.7867
-32.4616
-32.1753
-31.9256
-31.7116
-31.5329
-31.3895
-31.2816
-31.2095
-31.1734
-35.3023
-34.7168
-34.1891
-33.716
-33.2935
-32.9178
-32.5852
-32.293
-32.0392
-31.8226
-31.6424
-31.4982
-31.39
-31.3179
-31.2817
-35.408
-34.8234
-34.293
-33.8151
-33.387
-33.0057
-32.6683
-32.3723
-32.1157
-31.8972
-31.7158
-31.571
-31.4625
-31.3902
-31.354
-35.4596
-34.8758
-34.3444
-33.8644
-33.4338
-33.0499
-32.7101
-32.4122
-32.1542
-31.9347
-31.7526
-31.6074
-31.4988
-31.4264
-31.3902
)
;

boundaryField
{
    hot
    {
        type            calculated;
        value           nonuniform List<scalar> 
120
(
-31.7338
-31.6628
-31.52
-31.3042
-31.0134
-30.6455
-30.198
-29.6685
-29.0552
-28.3571
-27.5746
-26.71
-25.7681
-24.7562
-23.6847
-22.6597
-21.705
-20.7369
-19.7649
-18.7983
-17.8457
-16.9146
-16.0112
-15.1404
-14.3058
-13.5097
-12.7536
-12.0379
-11.3627
-10.7276
-10.1316
-9.57389
-9.05311
-8.5678
-8.1163
-7.69679
-7.30727
-6.94566
-6.60987
-6.29778
-6.00739
-5.73684
-5.48442
-5.24862
-5.02815
-4.82186
-4.62877
-4.44804
-4.27887
-4.12056
-3.97241
-3.83378
-3.70402
-3.58254
-3.4688
-3.36232
-3.26268
-3.16958
-3.08281
-3.00222
-2.92777
-2.8595
-2.79747
-2.74181
-2.69266
-2.65018
-2.61456
-2.58598
-2.56465
-2.55081
-2.54475
-2.54676
-2.55722
-2.57656
-2.60527
-2.64391
-2.69313
-2.75364
-2.82625
-2.91181
-3.01124
-3.12554
-3.25571
-3.40277
-3.56775
-3.75166
-3.95546
-4.18011
-4.42652
-4.69566
-4.98849
-5.30608
-5.64961
-6.02039
-6.41988
-6.8496
-7.31111
-7.80584
-8.33494
-8.89908
-9.4982
-10.1313
-10.7962
-11.4896
-12.2065
-13.0143
-13.9094
-14.804
-15.6835
-16.533
-17.3389
-18.0893
-18.7739
-19.3849
-19.9163
-20.3637
-20.7241
-20.9957
-21.1773
-21.2682
)
;
    }
    cold
    {
        type            calculated;
        value           nonuniform List<scalar> 
120
(
-36.2795
-36.2524
-36.1964
-36.1083
-35.9828
-35.8128
-35.5895
-35.3024
-34.9395
-34.4878
-33.9344
-33.2671
-32.4765
-31.5572
-30.5091
-29.4366
-28.3855
-27.269
-26.1002
-24.8937
-23.6647
-22.4278
-21.1967
-19.9835
-18.7983
-17.6495
-16.5437
-15.4857
-14.4793
-13.5272
-12.6309
-11.7915
-11.0091
-10.2833
-9.61298
-8.99653
-8.43189
-7.91657
-7.44786
-7.02285
-6.63864
-6.29237
-5.9813
-5.70292
-5.4549
-5.23517
-5.04186
-4.87331
-4.72801
-4.60463
-4.50194
-4.4188
-4.35419
-4.30716
-4.27683
-4.2624
-4.26316
-4.27848
-4.30782
-4.35074
-4.40693
-4.47618
-4.55845
-4.65384
-4.76258
-4.88508
-5.02186
-5.17361
-5.34107
-5.52509
-5.72659
-5.94653
-6.18592
-6.44583
-6.72742
-7.03195
-7.36084
-7.7157
-8.09829
-8.51059
-8.95468
-9.43272
-9.9468
-10.4988
-11.0902
-11.722
-12.3944
-13.1068
-13.8576
-14.6441
-15.4629
-16.3091
-17.1771
-18.0605
-18.9523
-19.8446
-20.7296
-21.5993
-22.4459
-23.2623
-24.0423
-24.7808
-25.4742
-26.1205
-26.7188
-27.325
-27.9206
-28.4549
-28.9326
-29.3586
-29.7373
-30.0722
-30.3662
-30.6213
-30.8389
-31.0198
-31.1643
-31.2727
-31.345
-31.3811
)
;
    }
    interface_left
    {
        type            calculated;
        value           nonuniform List<scalar> 
90
(
-62.2987
-114.31
57.2993
-3.39485
25.0082
-2.5416
10.6874
-2.5713
-13.255
-2.75052
-14.7793
-2.98901
-15.9638
-3.0746
-19.2453
10.7089
-3.67747
4.63534
-3.56016
1.68512
-3.52416
-0.393285
-3.44056
-6.16464
-3.34211
-6.79253
-3.25357
-7.3307
-3.11957
-8.59729
1.93162
-3.17659
0.116658
-2.97281
-0.747392
-2.81644
-1.3942
-2.65038
-3.80878
-2.49124
-4.03357
-2.34577
-4.22147
-2.18556
-4.73721
0.257094
-2.11832
-0.527273
-1.9328
-0.885099
-1.77347
-1.14172
-1.61491
-1.99447
-1.46296
-1.84462
-1.3224
-1.55478
-1.193
-1.08272
-1.5297
-1.05927
-1.65708
-0.947512
-1.74859
-0.85368
-1.71504
-0.793671
0.381552
-0.769814
1.4974
-0.782044
3.10044
-0.903788
6.28252
-9.01246
-0.752268
-7.67695
-0.965956
-7.41979
-1.26682
-7.13826
-1.91601
4.56378
-10.0709
-3.49749
1.32218
7.26202
17.7546
41.8605
)
;
    }
    interface_right
    {
        type            calculated;
        value           nonuniform List<scalar> 
90
(
-187.49
-262.711
112.103
-4.70106
47.9571
-2.04549
21.9929
-1.29241
-19.853
-0.84568
-21.657
-0.688902
-22.8998
-0.428404
-27.5965
22.5202
-1.17558
12.0524
-0.931122
6.87324
-0.951088
3.29026
-0.995314
-4.58703
-1.07334
-5.12501
-1.20245
-5.37564
-1.30968
-6.06643
2.2511
-1.60604
0.0896643
-1.73038
-1.03997
-1.8885
-1.76805
-2.0505
-2.1183
-2.21653
-1.90094
-2.38676
-1.50289
-2.58035
-0.668782
-4.96524
-2.66898
-4.7346
-2.83458
-4.70176
-2.98865
-4.54212
-3.1553
-1.58353
-3.32485
-0.610367
-3.48224
0.739449
-3.7047
3.5225
-11.483
-3.55467
-9.76154
-3.67243
-9.04036
-3.71958
-8.12466
-3.77807
1.19563
-3.80771
4.95024
-3.75957
10.5016
-3.86015
22.1813
-32.9898
-2.716
-28.4449
-2.5577
-28.8141
-2.25007
-31.4545
-3.20248
42.2243
-111.011
-69.579
-53.7284
-46.8408
-44.3187
-46.3879
)
;
    }
    interface_top
    {
        type            calculated;
        value           nonuniform List<scalar> 
90
(
-24.0067
-100.794
-110.479
-68.1444
-52.6375
-38.0798
-30.7915
-19.6566
-27.3106
-30.9238
-36.423
-40.3648
-48.2617
-56.3538
-77.5093
-77.3515
-55.6647
-47.2653
-38.8736
-34.629
-28.6489
-24.7715
-16.9365
-24.7646
-28.6413
-34.6114
-38.8497
-47.2158
-55.6123
-77.3087
-77.4471
-56.2237
-47.9893
-39.6826
-35.4598
-29.4412
-25.5097
-17.4831
-25.6306
-29.6815
-35.9306
-40.3713
-49.1357
-57.9185
-80.5916
-80.7599
-58.6603
-50.0876
-41.439
-37.0415
-30.7695
-26.6688
-18.2859
-26.8388
-31.0991
-37.6828
-42.3605
-51.5947
-60.8226
-84.6202
-84.7765
-61.5063
-52.5013
-43.4699
-38.8839
-32.3546
-28.0807
-19.3141
-28.4842
-33.119
-40.3724
-45.5965
-55.9909
-66.416
-93.2932
-93.923
-69.2012
-59.9259
-51.2938
-47.2006
-42.0651
-38.7872
-32.1781
-63.7025
-61.5593
-23.3924
-11.9374
-8.82053
-10.0168
-18.0853
)
;
    }
    interface_bottom
    {
        type            calculated;
        value           nonuniform List<scalar> 
90
(
-41.1441
-79.49
-82.7473
-56.4332
-46.1748
-35.3793
-29.4806
-19.376
-27.6194
-31.5761
-37.5893
-41.8386
-50.25
-58.7518
-80.8527
-80.6659
-57.9369
-49.1147
-40.2692
-35.7915
-29.4945
-25.4325
-17.303
-25.2219
-29.094
-35.0159
-39.1703
-47.3428
-55.4655
-76.4276
-76.2816
-54.8251
-46.5066
-38.1879
-33.9728
-28.0402
-24.1993
-16.4872
-24.0433
-27.7365
-33.3823
-37.3376
-45.1148
-52.8185
-72.6756
-72.51
-52.0897
-44.1785
-36.2847
-32.2846
-26.6573
-23.0105
-15.6837
-22.8688
-26.3798
-31.7449
-35.5036
-42.893
-50.2238
-69.1308
-68.983
-49.5745
-42.0544
-34.5475
-30.7412
-25.381
-21.9087
-14.9328
-21.7596
-25.0989
-30.2038
-33.7943
-40.8644
-47.9488
-66.2846
-66.2457
-47.7931
-40.6654
-33.6085
-30.0573
-25.1614
-21.9742
-15.6823
-25.4903
-24.6176
-11.8469
-9.17557
-11.2932
-20.4368
-50.3775
)
;
    }
    defaultFaces
    {
        type            empty;
    }
}


// ************************************************************************* //
