/*--------------------------------*- C++ -*----------------------------------*\
| =========                 |                                                 |
| \\      /  F ield         | OpenFOAM: The Open Source CFD Toolbox           |
|  \\    /   O peration     | Version:  5.x                                   |
|   \\  /    A nd           | Web:      www.OpenFOAM.org                      |
|    \\/     M anipulation  |                                                 |
\*---------------------------------------------------------------------------*/
FoamFile
{
    version     2.0;
    format      ascii;
    class       volScalarField;
    location    "0.5";
    object      gradTy;
}
// * * * * * * * * * * * * * * * * * * * * * * * * * * * * * * * * * * * * * //

dimensions      [0 -1 0 1 0 0 0];

internalField   nonuniform List<scalar> 
6300
(
32285.1
32255.3
32225.4
32195.3
32165
32134.4
32103.5
32072.1
32040.3
32008
31975.2
31941.8
31907.9
31873.4
31838.4
0.0502333
0.150239
0.248807
0.344861
0.437179
0.524351
0.604762
0.676612
0.737971
0.786901
0.821633
0.840802
0.843712
0.830603
0.802823
0.0842831
0.252102
0.417616
0.5791
0.734563
0.881675
1.01773
1.13965
1.24409
1.32763
1.38706
1.4198
1.42441
1.40109
1.3521
0.119075
0.356252
0.590429
0.819325
1.04026
1.25001
1.44477
1.6201
1.77104
1.89239
1.97908
2.02683
2.03293
1.99716
1.92253
0.154837
0.463403
0.768524
1.06752
1.35713
1.63334
1.89124
2.12493
2.3276
2.49182
2.61006
2.67552
2.68334
2.63208
2.52515
0.19171
0.574
0.95275
1.32509
1.6874
2.035
2.36194
2.66078
2.92261
3.13725
3.29383
3.38186
3.39287
3.32268
3.17408
0.229712
0.68814
1.14339
1.5927
2.03238
2.45733
2.86073
3.23365
3.56482
3.84076
4.04618
4.16524
4.1836
4.09172
3.88926
0.268713
0.805461
1.33996
1.86997
2.39208
2.90123
3.39003
3.84827
4.2623
4.61479
4.8849
5.04933
5.08462
4.97138
4.70093
0.308391
0.925035
1.54103
2.15512
2.76477
3.36546
3.94991
4.50711
5.02133
5.47122
5.82934
6.06257
6.1342
6.00828
5.65784
0.348208
1.04526
1.744
2.44473
3.14643
3.84596
4.53705
5.20893
5.8447
6.41945
6.89868
7.23745
7.38136
7.26974
6.84151
0.387388
1.16381
1.94498
2.73337
3.53025
4.33491
5.14341
5.94689
6.72909
7.46323
8.10849
8.6072
8.8841
8.84785
8.38791
0.424922
1.27762
2.13875
3.01352
3.90632
4.82002
5.75482
6.70615
7.66157
8.5959
9.46489
10.1988
10.7
10.8497
10.5053
0.459606
1.38299
2.31889
3.27565
4.26148
5.28407
6.34969
7.46133
8.61515
9.79393
10.9564
12.0231
12.8676
13.3455
13.4045
0.490123
1.47585
2.47817
3.50871
4.57989
5.7051
6.89855
8.17436
9.5438
11.0083
12.5437
14.0695
15.4019
16.2603
16.748
0.515164
1.55211
2.60923
3.70115
4.8443
6.0579
7.36506
8.79381
10.3774
12.1517
14.1408
16.3095
18.4101
19.546
17.2149
31805.8
31775.8
31745.5
31714.8
31683.9
31652.7
31621.2
31589.5
31557.7
31525.6
31493.3
31460.9
31428.4
31395.7
31363
31330.2
31297.3
31264.5
31231.6
31198.7
31165.9
31133
31100.2
31067.4
31034.6
31001.8
30969
30936.3
30903.5
30870.8
30838.1
30805.5
30772.8
30740.3
30707.7
30675.2
30642.8
30610.3
30577.9
30545.5
30513.1
30480.7
30448.4
30416
30383.6
30351.3
30318.9
30286.6
30254.2
30221.9
30189.6
30157.3
30125.1
30092.8
30060.5
30028.1
29995.8
29963.4
29931.1
29898.6
29866.2
29833.8
29801.4
29768.9
29736.5
29704
29671.6
29639.2
29606.7
29574.2
29541.7
29509.2
29476.7
29444.1
29411.6
29379
29346.5
29313.9
29281.3
29248.8
29216.2
29183.7
29151
29118.4
29085.6
29052.8
29019.9
28986.9
28953.7
28920.4
0.766193
0.726601
0.682882
0.63714
0.591144
0.546088
0.502471
0.460116
0.418327
0.376166
0.332771
0.287661
0.24096
0.193485
0.146689
0.102456
0.0627942
0.0294789
0.00373274
-0.0140056
-0.0241772
-0.0280489
-0.0275235
-0.0248475
-0.022264
-0.0216674
-0.0243147
-0.0306406
-0.0402094
-0.0518154
-0.0637186
-0.0739754
-0.0808036
-0.0829134
-0.0797441
-0.0715667
-0.0594407
-0.0450359
-0.0303547
-0.0173984
-0.00783492
-0.00271994
-0.00231825
-0.0060585
-0.0126326
-0.0202271
-0.0268481
-0.0306795
-0.0304077
-0.0254525
-0.0160668
-0.00329104
0.0112254
0.0255025
0.0375621
0.0457605
0.0490669
0.0472422
0.0408833
0.031324
0.0204016
0.0101316
0.00234769
-0.00162289
-0.00118934
0.00340681
0.0111435
0.0204055
0.0292744
0.0358749
0.0387221
0.0370137
0.0308199
0.0211359
0.00978182
-0.000839014
-0.00808731
-0.0094835
-0.00308681
0.0121997
0.036437
0.0685863
0.106573
0.147464
0.18774
0.223638
0.25155
0.268425
0.272143
0.261786
1.28768
1.21829
1.1421
1.06308
0.984533
0.90866
0.836261
0.766779
0.698626
0.629728
0.558168
0.482794
0.403663
0.322234
0.241251
0.164347
0.0954251
0.0379585
-0.00564956
-0.0345168
-0.049463
-0.0529008
-0.0484665
-0.0404547
-0.0331526
-0.0301763
-0.0339141
-0.0451664
-0.0630474
-0.0851734
-0.10812
-0.128067
-0.14152
-0.145952
-0.140267
-0.124984
-0.10215
-0.0749925
-0.0473756
-0.0231638
-0.00558002
0.00333355
0.00306355
-0.00527953
-0.0191477
-0.0350033
-0.0489543
-0.0574586
-0.0579593
-0.0493316
-0.0320692
-0.00818867
0.0191185
0.0460242
0.0687035
0.0839744
0.0898363
0.0858189
0.0730765
0.0542013
0.0327734
0.012722
-0.00238083
-0.00995769
-0.00887165
0.000392827
0.015835
0.0343017
0.052046
0.0653911
0.0713971
0.0684257
0.0565114
0.0374718
0.0147246
-0.00717327
-0.0231944
-0.0286036
-0.0196814
0.00570695
0.0477641
0.104658
0.172649
0.246415
0.319539
0.385123
0.436507
0.468018
0.475688
0.457794
1.82465
1.71964
1.60528
1.48819
1.37394
1.2661
1.16571
1.07139
0.979856
0.886981
0.788913
0.683189
0.569529
0.450191
0.329791
0.214594
0.11141
0.0263321
-0.0364083
-0.0752234
-0.0914687
-0.0892359
-0.0747068
-0.0551841
-0.0379547
-0.0291577
-0.032831
-0.0502835
-0.0799064
-0.117482
-0.156967
-0.191636
-0.215346
-0.223679
-0.214724
-0.189383
-0.151192
-0.105711
-0.0595883
-0.0194754
0.00907472
0.0225311
0.0199954
0.00338553
-0.022866
-0.0525821
-0.0789586
-0.0958127
-0.0987003
-0.0856843
-0.0576358
-0.0180497
0.0275656
0.0726128
0.110499
0.135728
0.144827
0.136958
0.114104
0.0807615
0.0431729
0.00819994
-0.0179303
-0.0307476
-0.0283085
-0.0114919
0.0161991
0.0492689
0.0811856
0.105511
0.117038
0.112756
0.092506
0.0591914
0.0184907
-0.0219219
-0.0535328
-0.0683102
-0.0599352
-0.024736
0.0377796
0.124803
0.230463
0.346346
0.462247
0.567109
0.65013
0.701993
0.716092
0.689528
2.38469
2.2345
2.0724
1.90924
1.75416
1.61282
1.48647
1.372
1.26306
1.15175
1.03072
0.895051
0.743608
0.579717
0.41088
0.247583
0.101365
-0.0174188
-0.101577
-0.148389
-0.160042
-0.143237
-0.108098
-0.0665728
-0.0305769
-0.0101465
-0.0118723
-0.0378433
-0.0852844
-0.147012
-0.212727
-0.270962
-0.311294
-0.326283
-0.312759
-0.27227
-0.210721
-0.137339
-0.0631374
0.000871648
0.0454712
0.0647623
0.0571969
0.0259353
-0.021597
-0.0749737
-0.122681
-0.154287
-0.162353
-0.143696
-0.099831
-0.0366091
0.0368126
0.109494
0.170499
0.210685
0.224225
0.20965
0.170204
0.113404
0.0497711
-0.00909282
-0.0526896
-0.0735479
-0.0684921
-0.0390799
0.00877221
0.0658506
0.12121
0.164016
0.185396
0.180035
0.147269
0.0915037
0.0217998
-0.0493855
-0.10815
-0.141393
-0.138851
-0.0945487
-0.00752887
0.118082
0.273527
0.446221
0.620824
0.780522
0.908597
0.990323
1.01503
0.977913
2.97718
2.76654
2.54108
2.31871
2.11463
1.93801
1.79016
1.66473
1.54972
1.43056
1.29368
1.12968
0.935677
0.71643
0.484055
0.256042
0.0518791
-0.110964
-0.22046
-0.272118
-0.269528
-0.223577
-0.150624
-0.0699383
-0.000725869
0.0408263
0.0440534
0.00556489
-0.0700416
-0.170756
-0.279215
-0.376032
-0.443701
-0.469914
-0.449595
-0.385455
-0.287267
-0.170125
-0.0519899
0.0491855
0.118326
0.145678
0.12853
0.0719202
-0.01191
-0.105531
-0.189595
-0.246667
-0.264498
-0.238023
-0.169917
-0.0698761
0.0471031
0.163164
0.260452
0.32398
0.344077
0.31812
0.251253
0.155841
0.0494549
-0.0484209
-0.120247
-0.153722
-0.143809
-0.0932828
-0.0120036
0.0848438
0.179247
0.253308
0.292199
0.286713
0.23509
0.143826
0.0271831
-0.0947921
-0.199574
-0.266061
-0.277952
-0.225922
-0.108455
0.0683585
0.291708
0.543309
0.800826
1.03943
1.23377
1.36073
1.40295
1.35228
3.61525
3.31995
3.00538
2.70189
2.43562
2.22183
2.0616
1.94254
1.84242
1.73495
1.59576
1.40761
1.16417
0.872124
0.551027
0.230241
-0.0570265
-0.281247
-0.422548
-0.473885
-0.441373
-0.342719
-0.204206
-0.0567071
0.0690291
0.147057
0.160117
0.102486
-0.0185836
-0.183295
-0.362414
-0.523028
-0.635763
-0.680512
-0.649499
-0.547639
-0.391075
-0.204313
-0.0163967
0.143651
0.251375
0.290691
0.256697
0.15711
0.0118782
-0.149851
-0.295382
-0.395568
-0.430457
-0.392317
-0.286012
-0.127559
0.0586886
0.243836
0.398985
0.499778
0.530207
0.485456
0.373357
0.214027
0.036826
-0.125324
-0.243095
-0.296445
-0.277681
-0.191848
-0.0552761
0.107277
0.266497
0.393164
0.462824
0.459749
0.379919
0.232617
0.040172
-0.165028
-0.346211
-0.46941
-0.509162
-0.451585
-0.294896
-0.04843
0.269156
0.631829
1.00801
1.36204
1.65594
1.85313
1.92458
1.85573
4.3199
3.90116
3.45376
3.03155
2.68112
2.42858
2.27386
2.19313
2.1458
2.08509
1.96844
1.76523
1.46275
1.06974
0.617649
0.156267
-0.256623
-0.570835
-0.754089
-0.796294
-0.708368
-0.519165
-0.270635
-0.0120471
0.207571
0.346928
0.378053
0.290837
0.0957888
-0.175022
-0.472203
-0.738916
-0.925674
-1.00016
-0.95138
-0.78856
-0.538334
-0.240131
0.0593564
0.313486
0.482956
0.541288
0.479334
0.308037
0.0594263
-0.2175
-0.466473
-0.638509
-0.701596
-0.644793
-0.477225
-0.225294
0.0718258
0.367668
0.615751
0.776858
0.824551
0.74972
0.563416
0.297884
0.00245498
-0.26621
-0.458792
-0.543098
-0.508224
-0.363568
-0.136056
0.134412
0.400528
0.615012
0.738092
0.743217
0.621814
0.386325
0.0714397
-0.269931
-0.576425
-0.792999
-0.8806
-0.820039
-0.610682
-0.267693
0.181619
0.700839
1.24704
1.7712
2.2173
2.52653
2.6482
2.5543
5.12879
4.52371
3.86594
3.2579
2.78572
2.49453
2.37969
2.3957
2.46853
2.5159
2.46588
2.26589
1.89181
1.35256
0.697752
0.0125771
-0.598201
-1.04889
-1.28863
-1.30598
-1.12109
-0.780929
-0.351437
0.0888348
0.461793
0.702753
0.766493
0.634554
0.319342
-0.128701
-0.625796
-1.06988
-1.3772
-1.49728
-1.41743
-1.15531
-0.754641
-0.277764
0.200459
0.605263
0.874601
0.965122
0.859442
0.570306
0.147754
-0.325405
-0.748364
-1.03835
-1.1454
-1.0568
-0.789954
-0.388136
0.0867643
0.560235
0.957719
1.21721
1.29527
1.17445
0.867498
0.42472
-0.0705374
-0.516742
-0.830501
-0.961473
-0.896958
-0.654713
-0.278806
0.1677
0.608795
0.968366
1.1831
1.20877
1.02788
0.654259
0.140744
-0.425156
-0.936218
-1.3024
-1.46547
-1.40284
-1.11897
-0.640133
-0.00665384
0.730935
1.51774
2.2927
2.97571
3.46996
3.6822
3.55397
6.11649
5.22218
4.2066
3.28869
2.62979
2.30665
2.29721
2.51655
2.82802
3.08708
3.17936
3.01739
2.55884
1.80189
0.821714
-0.238115
-1.17018
-1.83058
-2.14326
-2.10677
-1.75728
-1.1712
-0.447636
0.286771
0.90621
1.31389
1.43682
1.24228
0.734269
-0.011661
-0.855651
-1.59771
-2.09827
-2.28227
-2.14588
-1.72151
-1.08065
-0.317292
0.447323
1.09215
1.52377
1.67152
1.50375
1.02471
0.308959
-0.505599
-1.22175
-1.70166
-1.87095
-1.72552
-1.29708
-0.656257
0.103718
0.862178
1.49835
1.91875
2.05235
1.86713
1.3671
0.627043
-0.214258
-0.958098
-1.46553
-1.66147
-1.54175
-1.13846
-0.52335
0.208646
0.934325
1.53015
1.90025
1.97165
1.71136
1.12351
0.285366
-0.659459
-1.50475
-2.10437
-2.37547
-2.30431
-1.9081
-1.23533
-0.34492
0.690084
1.80545
2.94654
4.00585
4.81944
5.20641
5.0347
7.44296
6.09533
4.40671
2.9466
1.99047
1.66714
1.88542
2.50483
3.26313
3.89856
4.25911
4.19608
3.65568
2.57284
1.06051
-0.672645
-2.1332
-3.11286
-3.50055
-3.35812
-2.73401
-1.7593
-0.559308
0.650402
1.6557
2.3352
2.56443
2.30154
1.4919
0.246682
-1.2322
-2.47322
-3.27514
-3.52854
-3.28898
-2.59941
-1.58302
-0.358583
0.866729
1.88609
2.58178
2.83229
2.59631
1.82001
0.612455
-0.827514
-2.03532
-2.81228
-3.04975
-2.80182
-2.11007
-1.09601
0.122806
1.34016
2.34966
3.03322
3.26847
3.0131
2.21225
0.975069
-0.498426
-1.73999
-2.54926
-2.81615
-2.59501
-1.92739
-0.936361
0.258536
1.4467
2.41681
3.04736
3.21202
2.86638
1.95306
0.583472
-1.03722
-2.42715
-3.37954
-3.7784
-3.67395
-3.09556
-2.14403
-0.891475
0.533435
2.05604
3.71807
5.38975
6.7832
7.53504
7.32619
9.47304
7.45957
4.27786
1.87888
0.440038
0.247831
0.896121
2.29326
3.87531
5.10602
5.94894
6.06234
5.5338
3.96238
1.61748
-1.49956
-3.78854
-5.24741
-5.62103
-5.30292
-4.21546
-2.67163
-0.684816
1.30855
2.87448
4.00507
4.40082
4.14826
2.87689
0.841613
-1.95119
-3.98096
-5.24181
-5.48463
-5.08007
-3.94786
-2.38496
-0.401077
1.58276
3.14617
4.28091
4.69364
4.46696
3.23635
1.25064
-1.48375
-3.46932
-4.69983
-4.92758
-4.51728
-3.38726
-1.83066
0.143939
2.11741
3.67028
4.79319
5.19102
4.94447
3.68567
1.66328
-1.11669
-3.14453
-4.41416
-4.67376
-4.29138
-3.18221
-1.64311
0.317943
2.2729
3.79227
4.86519
5.18707
4.8387
3.43946
1.24303
-1.74744
-3.97974
-5.45192
-5.90623
-5.72616
-4.82044
-3.48631
-1.6863
0.236024
2.10579
4.47564
7.17422
9.6708
11.247
11.1017
13.0512
10.5062
3.02197
-0.571305
-2.90541
-2.38164
-1.17136
1.81557
4.99357
6.87207
8.68945
8.85313
8.91384
6.46592
3.28651
-3.51871
-6.63904
-8.94452
-8.73741
-8.3554
-6.35392
-4.22166
-0.81958
2.58238
4.72035
6.73326
7.17095
7.4622
5.36207
2.5275
-3.76885
-6.59588
-8.6744
-8.3729
-7.91891
-5.91648
-3.79304
-0.443451
2.90424
5.02361
7.01981
7.47581
7.78334
5.74009
2.96693
-3.21829
-5.99065
-8.0314
-7.72426
-7.2692
-5.2788
-3.16728
0.16663
3.50028
5.60998
7.59726
8.04143
8.33342
6.25857
3.44233
-2.81814
-5.64106
-7.73367
-7.45602
-7.03453
-5.0563
-2.9577
0.385942
3.72613
5.81045
7.76431
8.12708
8.32409
6.07366
3.04581
-3.5496
-6.62705
-8.99015
-8.94771
-8.82342
-7.16235
-5.49952
-2.65737
0.0142231
1.43532
4.75979
9.24947
13.8837
17.4377
17.968
19.832
20.6652
-3.83675
-4.83455
-10.366
-5.9995
-5.79701
1.06292
7.9833
8.7263
13.8114
11.7924
15.9065
10.023
10.1769
-10.8439
-10.6627
-16.2595
-12.1055
-13.7397
-8.6805
-7.60003
-0.953983
5.67658
6.74649
11.73
10.1522
14.2199
8.90503
9.19847
-10.5822
-10.2886
-15.5342
-11.4807
-12.9875
-8.05933
-6.96675
-0.483039
5.99458
7.07851
11.9767
10.4719
14.4849
9.29499
9.59662
-9.86736
-9.56557
-14.744
-10.734
-12.2321
-7.34484
-6.26422
0.18963
6.64557
7.72594
12.6234
11.111
15.1306
9.899
10.181
-9.46978
-9.18945
-14.4666
-10.4457
-12.0196
-7.10398
-6.06538
0.458696
6.98757
8.01631
12.9544
11.3056
15.3336
9.82714
9.9857
-10.4178
-10.3032
-15.9925
-12.1072
-14.1338
-9.5069
-9.21106
-3.38291
1.59306
-1.9761
3.36596
11.1165
19.6521
27.9825
32.6575
29.4473
67.3033
-44.5456
-2.57354
-32.0845
-3.62579
-20.0143
0.218256
19.8635
4.32266
29.1583
5.89454
37.2903
4.88063
47.5535
-48.7058
-6.37165
-37.6216
-7.14402
-28.7682
-5.28335
-18.9984
-1.07163
16.7726
3.13169
26.1696
4.99853
34.4835
4.3671
44.7713
-46.3067
-6.00924
-35.7883
-6.58575
-27.3258
-4.68245
-17.907
-0.517082
16.8486
3.63793
26.151
5.51957
34.4362
4.93991
44.6866
-44.9804
-5.25022
-34.6888
-5.81292
-26.3905
-3.92965
-17.0987
0.209554
17.5317
4.34552
26.88
6.21491
35.2501
5.601
45.6237
-44.8203
-4.73327
-34.5864
-5.37645
-26.3472
-3.56619
-17.0694
0.527278
18.172
4.5956
27.6325
6.31241
36.0757
5.42605
46.538
-46.8292
-5.61864
-36.7797
-6.75069
-29.0224
-5.61211
-20.8866
-2.87882
15.4794
-18.2174
-1.49378
11.8554
25.718
43.7934
72.849
28883.6
28843.3
28802.9
28762.5
28721.9
28681.4
28640.9
28600.4
28560.1
28519.8
28479.7
28439.6
28399.7
28359.8
28319.9
0.235372
0.189572
0.131802
0.0682414
0.00520185
-0.051743
-0.0983187
-0.13178
-0.150874
-0.155629
-0.147078
-0.126972
-0.0975366
-0.0612865
-0.0208929
0.410852
0.328997
0.225899
0.112998
0.00177623
-0.0978552
-0.178514
-0.235665
-0.267446
-0.274215
-0.258008
-0.222012
-0.170146
-0.106745
-0.0363607
0.617018
0.489703
0.329834
0.15611
-0.0132104
-0.162913
-0.282194
-0.364901
-0.409011
-0.415764
-0.388714
-0.332915
-0.254286
-0.159187
-0.0541658
0.871378
0.682945
0.447608
0.194801
-0.0478282
-0.258404
-0.422462
-0.532741
-0.587944
-0.591122
-0.548178
-0.466654
-0.354899
-0.221552
-0.0752832
1.19792
0.923067
0.582827
0.223293
-0.114521
-0.400435
-0.616524
-0.755676
-0.818913
-0.812616
-0.74623
-0.630631
-0.477111
-0.296842
-0.1007
1.6309
1.22854
0.737311
0.230036
-0.23314
-0.612314
-0.887544
-1.05454
-1.11943
-1.09421
-0.993506
-0.83254
-0.626077
-0.388009
-0.131375
2.22095
1.62283
0.907804
0.192646
-0.435792
-0.928165
-1.26682
-1.45555
-1.51009
-1.45131
-1.30106
-1.07996
-0.806656
-0.497745
-0.168171
3.04541
2.134
1.07839
0.0684953
-0.774545
-1.39777
-1.79606
-1.99076
-2.01407
-1.89991
-1.67946
-1.37959
-1.02285
-0.628151
-0.211737
4.22643
2.78931
1.2032
-0.222551
-1.33316
-2.09233
-2.52893
-2.6974
-2.65556
-2.45483
-2.1373
-1.73611
-1.27702
-0.780275
-0.262365
5.96276
3.59354
1.1676
-0.828791
-2.24326
-3.10951
-3.52997
-3.61437
-3.45597
-3.12657
-2.67882
-2.15055
-1.56886
-0.953567
-0.319815
8.58085
4.45444
0.702397
-2.01701
-3.70164
-4.57252
-4.86711
-4.77417
-4.42741
-3.91668
-3.3009
-2.61842
-1.89432
-1.14532
-0.383146
12.5752
4.94088
-0.79551
-4.24008
-5.97384
-6.61187
-6.59184
-6.18784
-5.56287
-4.81186
-3.98969
-3.12794
-2.24469
-1.35027
-0.450596
18.3209
3.52927
-4.58532
-8.17403
-9.34183
-9.30933
-8.70059
-7.82252
-6.82439
-5.77824
-4.7181
-3.65897
-2.60626
-1.56046
-0.51957
23.2184
-4.55947
-12.9011
-14.529
-13.9102
-12.5831
-11.0787
-9.57733
-8.13398
-6.75867
-5.44552
-4.1836
-2.96094
-1.76576
-0.586799
0.532606
1.6052
2.70042
3.83493
5.02812
6.30371
7.69213
9.23406
10.9857
13.0261
15.4641
18.4284
21.9488
25.238
22.6634
0.54285
1.63628
2.75343
3.91196
5.13266
6.44156
7.87314
9.47576
11.3213
13.524
16.2801
19.9658
25.4204
34.9376
56.3896
0.547726
1.65089
2.7777
3.9458
5.17595
6.49422
7.93538
9.54873
11.4089
13.6376
16.4507
20.2749
26.0706
36.3493
58.7939
0.547248
1.64907
2.77332
3.93656
5.15805
6.46155
7.87804
9.45029
11.2407
13.3453
15.919
19.215
23.6076
29.3124
33.9057
0.541686
1.63168
2.74186
3.88687
5.08321
6.35042
7.71256
9.20038
10.8542
12.7273
14.8858
17.3935
20.2334
23.0474
24.6547
0.531528
1.60027
2.68623
3.80153
4.95916
6.17338
7.45982
8.8352
10.3156
11.911
13.6101
15.3413
16.8772
17.6204
16.1188
0.517424
1.55689
2.61025
3.6868
4.79584
5.94619
7.14532
8.3971
9.69711
11.0227
12.3122
13.4249
14.0713
13.7525
12.0853
0.500115
1.50388
2.51815
3.54953
4.60383
5.68516
6.79428
7.92553
9.06091
10.1594
11.1372
11.8323
11.9358
10.8209
6.83727
0.480352
1.44358
2.41417
3.39636
4.39307
5.40483
6.42791
7.45111
8.45036
9.37989
10.1585
10.6504
10.6465
9.88148
8.31908
0.458841
1.37816
2.30215
3.23312
4.17186
5.11665
6.06146
6.99335
7.88827
8.70526
9.37891
9.81304
9.88573
9.49587
8.71349
0.436194
1.3095
2.18531
3.06448
3.94648
4.82847
5.70403
6.56127
7.38033
8.13021
8.76571
9.22669
9.44624
9.3829
9.10998
0.412915
1.2391
2.06613
2.89389
3.72111
4.54478
5.35933
6.15573
6.92046
7.63464
8.27373
8.80805
9.20325
9.41554
9.36364
0.389393
1.16811
1.94646
2.72369
3.49823
4.26744
5.02726
5.77222
6.49572
7.19124
7.85455
8.48607
9.08734
9.63173
9.98025
0.365922
1.09738
1.82758
2.55535
3.27908
3.99663
4.70554
5.40364
6.09045
6.77025
7.4575
8.18516
9.01101
9.98401
10.8428
0.34272
1.02753
1.7104
2.38984
3.06422
3.73183
4.39137
5.04291
5.69007
6.34413
7.03244
7.81612
8.83254
10.4157
13.5035
0.319957
0.959039
1.59559
2.22787
2.85408
3.47267
4.08276
4.68527
5.28494
5.89427
6.54119
7.28552
8.26058
9.80264
12.9518
0.297774
0.892306
1.48377
2.0701
2.64926
3.21942
3.77945
4.32962
4.87314
5.41835
5.98233
6.59476
7.29493
8.07363
8.46404
0.276298
0.827706
1.37553
1.91734
2.45069
2.97324
3.48299
3.97864
4.46018
4.92944
5.38988
5.84311
6.27482
6.61435
6.68514
0.25565
0.765601
1.27147
1.77045
2.25963
2.73598
3.19634
3.63747
4.05578
4.44669
4.80247
5.10645
5.31879
5.34174
4.92247
0.235942
0.706333
1.1722
1.63039
2.0775
2.50982
2.92308
3.31217
3.67043
3.98838
4.25106
4.43348
4.49431
4.37629
4.0668
0.217272
0.65021
1.07827
1.49802
1.90567
2.29692
2.66663
3.00829
3.31311
3.56848
3.75544
3.84497
3.79408
3.54383
3.00596
0.199718
0.597476
0.990133
1.37406
1.74523
2.09899
2.42968
2.73001
2.99015
3.19612
3.32749
3.354
3.23233
2.91114
2.40615
0.183331
0.548288
0.908063
1.25896
1.59689
1.9171
2.21381
2.47967
2.70482
2.8756
2.97238
2.96597
2.80916
2.4061
1.45713
0.168128
0.502702
0.832163
1.15288
1.46087
1.75153
2.0194
2.25761
2.45727
2.60648
2.68896
2.6824
2.55702
2.28018
1.87292
0.154096
0.460669
0.762338
1.05565
1.33688
1.60182
1.84559
2.06234
2.24478
2.38371
2.46738
2.48136
2.41008
2.24486
2.00646
0.141188
0.422046
0.69832
0.96683
1.22421
1.46681
1.69057
1.8909
2.06253
2.19932
2.29423
2.33954
2.3284
2.26036
2.16053
0.129334
0.386611
0.639696
0.885741
1.12181
1.34489
1.55182
1.73941
1.90448
2.04404
2.15553
2.23694
2.28623
2.29796
2.25168
0.118447
0.354088
0.585967
0.811583
1.02846
1.23418
1.42651
1.60358
1.76417
1.90827
2.03772
2.15668
2.27016
2.37586
2.44367
0.108432
0.324179
0.536591
0.743501
0.942848
1.13278
1.31182
1.47919
1.63532
1.78268
1.92722
2.08023
2.2595
2.4801
2.67701
0.0991923
0.296588
0.491041
0.680677
0.863785
1.03895
1.20524
1.36263
1.51256
1.65906
1.81084
1.98555
2.22015
2.6008
3.36544
0.0906405
0.271043
0.448838
0.62239
0.790247
0.951273
1.10486
1.25126
1.39219
1.53179
1.67855
1.84929
2.07938
2.45485
3.23679
0.0826995
0.24731
0.409584
0.568062
0.721459
0.868775
1.00947
1.1437
1.27274
1.39956
1.52962
1.67183
1.83768
2.02664
2.12438
0.0753067
0.225202
0.372968
0.517266
0.656898
0.790884
0.918565
1.03975
1.15486
1.26508
1.37226
1.47797
1.57993
1.66181
1.68107
0.0684131
0.204575
0.338762
0.469714
0.596263
0.717375
0.832183
0.94002
1.04038
1.13272
1.21592
1.28673
1.33613
1.34046
1.23669
0.0619811
0.185321
0.306804
0.425222
0.539409
0.648247
0.750648
0.845492
0.931466
1.00672
1.06819
1.11037
1.12362
1.09419
1.01934
0.0559816
0.167358
0.276976
0.38367
0.486273
0.583594
0.674366
0.757128
0.830003
0.890305
0.933871
0.954087
0.940779
0.879462
0.747205
0.05039
0.150617
0.249182
0.344962
0.436807
0.523492
0.603651
0.675634
0.737278
0.785515
0.81577
0.821094
0.79128
0.714006
0.59327
0.0451829
0.135031
0.223321
0.30899
0.390926
0.467926
0.538617
0.601325
0.653866
0.693218
0.714987
0.712508
0.674742
0.578737
0.351734
0.0403354
0.120529
0.199283
0.275612
0.348476
0.416745
0.47913
0.534079
0.579619
0.613134
0.631049
0.628431
0.598654
0.534442
0.44108
0.0358195
0.107027
0.176931
0.244641
0.309218
0.369653
0.424811
0.473369
0.513726
0.543889
0.561373
0.563218
0.546484
0.510392
0.462631
0.0316037
0.0944293
0.156105
0.215846
0.27284
0.326227
0.375077
0.418359
0.454916
0.483452
0.502562
0.51091
0.50776
0.494451
0.477985
0.0276533
0.0826315
0.136622
0.18896
0.238969
0.285955
0.329211
0.36802
0.40168
0.429563
0.451229
0.466591
0.476096
0.480705
0.4812
0.023931
0.0715197
0.118289
0.163694
0.207197
0.248275
0.286437
0.32126
0.352457
0.379995
0.404277
0.426343
0.447835
0.469819
0.488517
0.0203989
0.0609776
0.100903
0.139748
0.17711
0.212621
0.245983
0.277019
0.305777
0.332692
0.358868
0.386496
0.419237
0.461221
0.506559
0.0170188
0.05089
0.0842663
0.116834
0.14831
0.178462
0.207144
0.234363
0.26038
0.285903
0.312453
0.343101
0.384225
0.450297
0.578883
0.0137545
0.0411462
0.0681916
0.0946792
0.120431
0.145323
0.169324
0.192543
0.215326
0.238405
0.263195
0.292436
0.331891
0.395967
0.530879
0.0105716
0.031643
0.0525045
0.0730356
0.0931478
0.112804
0.132046
0.151028
0.170068
0.189719
0.210847
0.234681
0.262463
0.292451
0.300271
0.00743865
0.0222857
0.0370469
0.0516827
0.0661815
0.0805739
0.0949493
0.109472
0.124388
0.14001
0.156623
0.174186
0.191506
0.204333
0.204165
0.00432666
0.0129877
0.0216762
0.0304248
0.0392887
0.0483549
0.0577504
0.067642
0.0782166
0.0896123
0.101739
0.113861
0.123672
0.125244
0.103536
0.00120923
0.00367046
0.00626328
0.00908625
0.0122547
0.0159066
0.0202062
0.0253374
0.0314751
0.0387072
0.0468594
0.0551432
0.0615598
0.0623243
0.0540419
-0.00193804
-0.00573854
-0.00931015
-0.0124931
-0.0151163
-0.0169927
-0.0179167
-0.0176673
-0.0160276
-0.0128376
-0.00811219
-0.00227792
0.00337371
0.00568848
-0.00373445
-0.00513798
-0.015307
-0.0251544
-0.0344625
-0.0430074
-0.0505553
-0.0568563
-0.0616394
-0.0646087
-0.0654502
-0.0638551
-0.059573
-0.0524952
-0.0427955
-0.0316874
-0.00841241
-0.0250996
-0.0413745
-0.0569634
-0.0715931
-0.0849862
-0.0968529
-0.106874
-0.11467
-0.119757
-0.121466
-0.118811
-0.110186
-0.0922577
-0.0543833
-0.0117827
-0.0351795
-0.0580724
-0.0801327
-0.10104
-0.12048
-0.138135
-0.153656
-0.166617
-0.176414
-0.182111
-0.182198
-0.174339
-0.155573
-0.126311
-0.0152705
-0.0456103
-0.0753504
-0.104105
-0.131509
-0.157218
-0.180902
-0.202222
-0.220766
-0.235924
-0.246656
-0.251108
-0.246069
-0.226179
-0.180896
-0.0188986
-0.0564589
-0.0933147
-0.129019
-0.16316
-0.195366
-0.225316
-0.252721
-0.277272
-0.298513
-0.315567
-0.326616
-0.328117
-0.314423
-0.282828
-0.0226919
-0.0677983
-0.112081
-0.155024
-0.196158
-0.235087
-0.271505
-0.305209
-0.336083
-0.364018
-0.388655
-0.40876
-0.420724
-0.415102
-0.367134
-0.0266786
-0.0797113
-0.131782
-0.182288
-0.230693
-0.276559
-0.319586
-0.359669
-0.396945
-0.431821
-0.464901
-0.496567
-0.525552
-0.545196
-0.539535
-0.0308915
-0.0922948
-0.152572
-0.211017
-0.266999
-0.320008
-0.369721
-0.41609
-0.459484
-0.500883
-0.542141
-0.586246
-0.636877
-0.692873
-0.710499
-0.0353689
-0.105663
-0.174638
-0.241462
-0.305376
-0.365757
-0.422187
-0.474587
-0.523422
-0.570056
-0.617418
-0.671407
-0.744492
-0.867209
-1.13365
-0.0401554
-0.11995
-0.198204
-0.273933
-0.346217
-0.414259
-0.477464
-0.535573
-0.588901
-0.638738
-0.688109
-0.743323
-0.817657
-0.941756
-1.19828
-0.045302
-0.135309
-0.22353
-0.308803
-0.390013
-0.466132
-0.536292
-0.599895
-0.656821
-0.707762
-0.754759
-0.801982
-0.856284
-0.924365
-0.987258
-0.0508645
-0.151911
-0.25091
-0.346504
-0.437354
-0.522157
-0.599688
-0.668871
-0.728918
-0.779543
-0.821276
-0.855746
-0.885365
-0.910602
-0.922044
-0.0569028
-0.169939
-0.28066
-0.387509
-0.488907
-0.583248
-0.668897
-0.74421
-0.807577
-0.857521
-0.892859
-0.912903
-0.917516
-0.906444
-0.876327
-0.0634773
-0.189578
-0.313107
-0.43231
-0.545375
-0.650391
-0.745304
-0.827867
-0.895582
-0.945668
-0.97509
-0.980803
-0.960587
-0.91554
-0.857064
-0.0706465
-0.211009
-0.348565
-0.481386
-0.607448
-0.724567
-0.830308
-0.921858
-0.995857
-1.04819
-1.07381
-1.06674
-1.02093
-0.93399
-0.817807
-0.0784635
-0.234395
-0.38732
-0.535168
-0.675748
-0.806665
-0.92519
-1.02806
-1.1112
-1.1693
-1.19528
-1.17961
-1.10987
-0.972779
-0.777432
-0.086974
-0.259874
-0.429612
-0.594012
-0.750777
-0.897391
-1.03097
-1.148
-1.24397
-1.31276
-1.3457
-1.33007
-1.24563
-1.05206
-0.624889
-0.0962144
-0.287556
-0.475621
-0.658173
-0.832874
-0.997195
-1.14826
-1.2826
-1.39566
-1.48115
-1.52989
-1.52836
-1.45721
-1.29359
-1.04363
-0.106212
-0.31752
-0.525471
-0.727804
-0.922201
-1.10623
-1.27721
-1.432
-1.56654
-1.67509
-1.74904
-1.77504
-1.73306
-1.59514
-1.31847
-0.116988
-0.349822
-0.579236
-0.802963
-1.01875
-1.22435
-1.41744
-1.59551
-1.7555
-1.89313
-2.00154
-2.06899
-2.0756
-1.9931
-1.81261
-0.128559
-0.384508
-0.636963
-0.883654
-1.12241
-1.35118
-1.56814
-1.77162
-1.96005
-2.1315
-2.28255
-2.40526
-2.48011
-2.45917
-2.2199
-0.140946
-0.421629
-0.698707
-0.969879
-1.23301
-1.48626
-1.72824
-1.95823
-2.17643
-2.38411
-2.58331
-2.77485
-2.95122
-3.07695
-3.06521
-0.154176
-0.46126
-0.764569
-1.06171
-1.35051
-1.6292
-1.8967
-2.15308
-2.40018
-2.64269
-2.88946
-3.15506
-3.4576
-3.79031
-3.92514
-0.168291
-0.503522
-0.83473
-1.15935
-1.47505
-1.77994
-2.07294
-2.35442
-2.6272
-2.89836
-3.18264
-3.50971
-3.94315
-4.64122
-6.09582
-0.183346
-0.548585
-0.909482
-1.26321
-1.60713
-1.93896
-2.25722
-2.56185
-2.85539
-3.14501
-3.4462
-3.7906
-4.24506
-4.96694
-6.3921
-0.199413
-0.596674
-0.989225
-1.37392
-1.74763
-2.10746
-2.45101
-2.77703
-3.08638
-3.3837
-3.67983
-3.99518
-4.36141
-4.80445
-5.20506
-0.216571
-0.648041
-1.07444
-1.49226
-1.89781
-2.28729
-2.65703
-3.00384
-3.3258
-3.62328
-3.90022
-4.16455
-4.42456
-4.6716
-4.83458
-0.234894
-0.702935
-1.16564
-1.61915
-2.05916
-2.48088
-2.87901
-3.24797
-3.58227
-3.87722
-4.12946
-4.33702
-4.49684
-4.59728
-4.60104
-0.254432
-0.761543
-1.26324
-1.75542
-2.23325
-2.69088
-3.1213
-3.5162
-3.86614
-4.16087
-4.38983
-4.54273
-4.61049
-4.59023
-4.5084
-0.275191
-0.823917
-1.36747
-1.90169
-2.42139
-2.91982
-3.38829
-3.81571
-4.18842
-4.49026
-4.7031
-4.80767
-4.78536
-4.62607
-4.3685
-0.297104
-0.889895
-1.47818
-2.05807
-2.62432
-3.1696
-3.68382
-4.15325
-4.55996
-4.88153
-5.09161
-5.16082
-5.05544
-4.73027
-4.18042
-0.320003
-0.959011
-1.59473
-2.22394
-2.84182
-3.44099
-4.01048
-4.5344
-4.99068
-5.35029
-5.578
-5.63528
-5.47823
-4.99059
-3.47992
-0.343599
-1.03042
-1.7158
-2.39771
-3.07233
-3.73302
-4.36881
-4.96255
-5.48856
-5.91069
-6.1828
-6.25865
-6.13065
-5.96143
-6.56362
-0.36746
-1.10284
-1.8393
-2.57654
-3.31255
-4.04236
-4.75639
-5.43776
-6.05863
-6.57531
-6.92395
-7.02364
-6.81175
-6.39662
-6.63755
-0.391005
-1.17451
-1.96225
-2.75626
-3.55708
-4.36269
-5.16665
-5.95502
-6.70108
-7.35665
-7.838
-8.00504
-7.63403
-6.37628
-3.5535
-0.413517
-1.24323
-2.08087
-2.93125
-3.79829
-4.68417
-5.58777
-6.50168
-7.40641
-8.25901
-8.97036
-9.36013
-9.07214
-7.44279
-3.44462
-0.434167
-1.30646
-2.19065
-3.09468
-4.02643
-4.99337
-6.00175
-7.05472
-8.14794
-9.25949
-10.3261
-11.1859
-11.4418
-10.1544
-5.34341
-0.452068
-1.36143
-2.28665
-3.23887
-4.23014
-5.27379
-6.38478
-7.57984
-8.87677
-10.2912
-11.8254
-13.4311
-14.8831
-15.3128
-11.3227
-0.466341
-1.4054
-2.36391
-3.35596
-4.3975
-5.50747
-6.70944
-8.03422
-9.52401
-11.2398
-13.275
-15.783
-19.0345
-23.5405
-30.257
-11.8454
-27.6066
-26.1047
-22.2797
-18.7287
-15.7559
-13.27
-11.1455
-9.28244
-7.60844
-6.07137
-4.6329
-3.26382
-1.94078
-0.644071
-120.309
-62.5327
-40.243
-29.2577
-22.7248
-18.2939
-14.9986
-12.3781
-10.186
-8.27873
-6.5665
-4.9893
-3.50458
-2.08011
-0.689694
-133.77
-72.8154
-46.5311
-33.1437
-25.2613
-20.0433
-16.2587
-13.3132
-10.8917
-8.81363
-6.96787
-5.2815
-3.70351
-2.19579
-0.727664
-73.1298
-59.0219
-43.8631
-33.2069
-25.9476
-20.7974
-16.9362
-13.8843
-11.3589
-9.18724
-7.2586
-5.49844
-3.85365
-2.28398
-0.75675
-51.4238
-45.9584
-38.0683
-30.9113
-25.1693
-20.6563
-17.0517
-14.0899
-11.5806
-9.3921
-7.43234
-5.63529
-3.95164
-2.34272
-0.776304
-32.5024
-34.5789
-31.7644
-27.6331
-23.5375
-19.8846
-16.721
-13.9813
-11.5796
-9.43814
-7.49311
-5.6934
-3.99776
-2.37193
-0.786274
-23.9046
-26.5959
-26.3751
-24.3301
-21.5984
-18.7731
-16.0958
-13.6379
-11.3979
-9.34781
-7.453
-5.67928
-3.99541
-2.37327
-0.787143
-13.2621
-20.6351
-22.2528
-21.5039
-19.7246
-17.5587
-15.3185
-13.1433
-11.0842
-9.14971
-7.32882
-5.60277
-3.95022
-2.34959
-0.779794
-15.919
-18.6713
-19.7741
-19.3934
-18.1191
-16.396
-14.4961
-12.5681
-10.6841
-8.87273
-7.13883
-5.47523
-3.86898
-2.30452
-0.765358
-16.5896
-17.8529
-18.3256
-17.9036
-16.8255
-15.3561
-13.6934
-11.9623
-10.2337
-8.54198
-6.90003
-5.3079
-3.75872
-2.24191
-0.745058
-17.2392
-17.5838
-17.4985
-16.8694
-15.8035
-14.4507
-12.938
-11.355
-9.75757
-8.17673
-6.62666
-5.11077
-3.62599
-2.16543
-0.720085
-17.6723
-17.6133
-17.0491
-16.1387
-14.9809
-13.6563
-12.2316
-10.7577
-9.26998
-7.79016
-6.32957
-4.89206
-3.47647
-2.0784
-0.691522
-18.7704
-17.9937
-16.8401
-15.5799
-14.2742
-12.9315
-11.5593
-10.1701
-8.77696
-7.39027
-6.01647
-4.65815
-3.31479
-1.98361
-0.660299
-20.3545
-18.6359
-16.7054
-15.0527
-13.5934
-12.2272
-10.8989
-9.58524
-8.27949
-6.98148
-5.69265
-4.41386
-3.14468
-1.88337
-0.627195
-25.2788
-19.4253
-16.3779
-14.3914
-12.8479
-11.4967
-10.2284
-8.99497
-7.77669
-6.56633
-5.36188
-4.16292
-2.96911
-1.77956
-0.592856
-24.2233
-18.2662
-15.3136
-13.4225
-11.969
-10.7087
-9.5336
-8.39424
-7.26843
-6.14712
-5.02732
-3.90844
-2.79058
-1.6738
-0.557831
-15.7936
-15.0208
-13.5123
-12.1498
-10.956
-9.86148
-8.8141
-7.78415
-6.75707
-5.7269
-4.69214
-3.65325
-2.61133
-1.56747
-0.522596
-12.4551
-12.2864
-11.6097
-10.7601
-9.87404
-8.98163
-8.08254
-7.17212
-6.24788
-5.30989
-4.35986
-3.4002
-2.43342
-1.46187
-0.487583
-9.15148
-9.90469
-9.82728
-9.39588
-8.79653
-8.10647
-7.3589
-6.56973
-5.74828
-4.90128
-4.03429
-3.1521
-2.25885
-1.35816
-0.453186
-7.54971
-8.09991
-8.29073
-8.1483
-7.78208
-7.27128
-6.66418
-5.9898
-5.26645
-4.50657
-3.7193
-2.91169
-2.08947
-1.25744
-0.41976
-5.56606
-6.54474
-6.98567
-7.05618
-6.86807
-6.50301
-6.01622
-5.44391
-4.81001
-4.13092
-3.41844
-2.68144
-1.92691
-1.16064
-0.387615
-4.4471
-5.36304
-5.93787
-6.1437
-6.07699
-5.8193
-5.42769
-4.94081
-4.38496
-3.77849
-3.13463
-2.46337
-1.77252
-1.06854
-0.357004
-2.68227
-4.41825
-5.14636
-5.42051
-5.41857
-5.22861
-4.90535
-4.48564
-3.9951
-3.45203
-2.86988
-2.25891
-1.62726
-0.9817
-0.328108
-3.43728
-4.1734
-4.67013
-4.88908
-4.89076
-4.73053
-4.45003
-4.07968
-3.64175
-3.15273
-2.62515
-2.06882
-1.49167
-0.900439
-0.301038
-3.67319
-4.09483
-4.38682
-4.50857
-4.47542
-4.31599
-4.05711
-3.72068
-3.32389
-2.88022
-2.40041
-1.89319
-1.36588
-0.824852
-0.275827
-3.93604
-4.10631
-4.22177
-4.23564
-4.14779
-3.97053
-3.71808
-3.40362
-3.0386
-2.63283
-2.19471
-1.73151
-1.24962
-0.754824
-0.252441
-4.08662
-4.15587
-4.12729
-4.03338
-3.88228
-3.6773
-3.42213
-3.12168
-2.78162
-2.40792
-2.00645
-1.58282
-1.14234
-0.690066
-0.230794
-4.4042
-4.27339
-4.0782
-3.87084
-3.65422
-3.41894
-3.15765
-2.86725
-2.54803
-2.20231
-1.83358
-1.44583
-1.04327
-0.630166
-0.210755
-4.79846
-4.43563
-4.03758
-3.71476
-3.43911
-3.17868
-2.9134
-2.63287
-2.33284
-2.0127
-1.67393
-1.31913
-0.951524
-0.574651
-0.192174
-5.97808
-4.62235
-3.94473
-3.52595
-3.21346
-2.94179
-2.67975
-2.41203
-2.13163
-1.83604
-1.52541
-1.20132
-0.866223
-0.523028
-0.174895
-5.72616
-4.33819
-3.67216
-3.26334
-2.95948
-2.69823
-2.45004
-2.20003
-1.94096
-1.66985
-1.38624
-1.09117
-0.78655
-0.474837
-0.158768
-3.7152
-3.55268
-3.22098
-2.92785
-2.67591
-2.44563
-2.22161
-1.99434
-1.75866
-1.51234
-1.25504
-0.987644
-0.711808
-0.429673
-0.14366
-2.91157
-2.88468
-2.74303
-2.56376
-2.37733
-2.18868
-1.99544
-1.79448
-1.58376
-1.36247
-1.13086
-0.889985
-0.641445
-0.387205
-0.129462
-2.10493
-2.2964
-2.29122
-2.20465
-2.08029
-1.93494
-1.77463
-1.60143
-1.41621
-1.21976
-1.01312
-0.797655
-0.575043
-0.34717
-0.116084
-1.71075
-1.84467
-1.89594
-1.87178
-1.79785
-1.69159
-1.56278
-1.41672
-1.25647
-1.08413
-0.901502
-0.710295
-0.512295
-0.30937
-0.103457
-1.22149
-1.45035
-1.55305
-1.57349
-1.53785
-1.46391
-1.36293
-1.24187
-1.10511
-0.955667
-0.795847
-0.627654
-0.452971
-0.273644
-0.0915255
-0.948788
-1.14363
-1.26731
-1.31414
-1.30446
-1.255
-1.17703
-1.07793
-0.962579
-0.834408
-0.696008
-0.549523
-0.396872
-0.239859
-0.0802419
-0.537524
-0.886352
-1.03492
-1.09403
-1.09871
-1.06589
-1.00581
-0.925267
-0.828951
-0.720255
-0.601785
-0.475678
-0.343803
-0.207883
-0.0695603
-0.630579
-0.768137
-0.864669
-0.911727
-0.919017
-0.8957
-0.8488
-0.783564
-0.703923
-0.612893
-0.512867
-0.405838
-0.293545
-0.177577
-0.0594327
-0.626286
-0.678415
-0.728773
-0.757037
-0.760577
-0.741891
-0.704528
-0.651865
-0.586807
-0.511779
-0.428813
-0.339654
-0.245841
-0.148783
-0.0498058
-0.578009
-0.589921
-0.608221
-0.619518
-0.617572
-0.601055
-0.570882
-0.528776
-0.476615
-0.416177
-0.349062
-0.276702
-0.20039
-0.12132
-0.04062
-0.523493
-0.496991
-0.492531
-0.491195
-0.484685
-0.4697
-0.445521
-0.412669
-0.372173
-0.325212
-0.272953
-0.216495
-0.156855
-0.0949906
-0.0318089
-0.413698
-0.388752
-0.374669
-0.366463
-0.357683
-0.344729
-0.326184
-0.301869
-0.272218
-0.237926
-0.199761
-0.158495
-0.114865
-0.0695752
-0.0233005
-0.323886
-0.272966
-0.252722
-0.242127
-0.233576
-0.22364
-0.210852
-0.194772
-0.175487
-0.153326
-0.128723
-0.102137
-0.074028
-0.0448433
-0.0150186
-0.147355
-0.135871
-0.124071
-0.116368
-0.110427
-0.104528
-0.0978029
-0.0899006
-0.0807498
-0.0704223
-0.0590597
-0.0468355
-0.0339368
-0.0205553
-0.006884
-0.0261178
0.00101043
0.00743138
0.0106206
0.0127552
0.0140134
0.014432
0.0141072
0.0131726
0.0117651
0.0100071
0.00799892
0.00582003
0.00353202
0.00118371
0.197346
0.152279
0.141184
0.138347
0.136551
0.133142
0.127187
0.118542
0.107426
0.0941987
0.0792497
0.0629537
0.0456539
0.027662
0.00926506
0.304544
0.279961
0.269209
0.265355
0.261472
0.254046
0.241814
0.224697
0.20315
0.177831
0.14943
0.118608
0.08597
0.0520743
0.0174393
0.430135
0.398046
0.392451
0.392391
0.38886
0.378291
0.359841
0.333933
0.301499
0.263607
0.221296
0.175525
0.127162
0.0770011
0.0257833
0.492217
0.497739
0.511857
0.521844
0.521142
0.508017
0.483052
0.447706
0.403644
0.352455
0.295569
0.234244
0.169604
0.102663
0.03437
0.550894
0.591468
0.634139
0.658728
0.662058
0.645973
0.613478
0.567538
0.510742
0.445266
0.372927
0.29527
0.213645
0.129267
0.0432674
0.562389
0.68375
0.768986
0.810384
0.816466
0.795334
0.75325
0.694916
0.623876
0.542848
0.453983
0.359056
0.259601
0.156998
0.0525373
0.486569
0.801126
0.934285
0.986574
0.989781
0.959255
0.904315
0.831126
0.743954
0.645879
0.539254
0.425992
0.307746
0.186021
0.0622343
0.868101
1.04448
1.15575
1.19686
1.18653
1.14014
1.06806
0.977057
0.871612
0.754855
0.629139
0.496392
0.358312
0.216476
0.0724062
1.1227
1.33306
1.42596
1.44288
1.40834
1.33888
1.24496
1.13303
1.00714
0.87006
0.723915
0.570502
0.411489
0.248487
0.0830944
1.58039
1.70321
1.74894
1.72465
1.65442
1.55462
1.43439
1.2987
1.15044
0.991572
0.823745
0.648508
0.467439
0.28216
0.094337
1.94949
2.12692
2.12057
2.03833
1.92106
1.78455
1.63456
1.47312
1.30111
1.11932
0.928728
0.730571
0.526318
0.317603
0.106172
2.70468
2.67828
2.54493
2.37635
2.20107
2.02387
1.84271
1.65488
1.45859
1.25319
1.03897
0.816874
0.5883
0.354936
0.118641
3.45577
3.30394
2.99378
2.71906
2.48244
2.26595
2.05552
1.84253
1.62241
1.39321
1.1547
0.907683
0.653613
0.394309
0.131796
5.33305
4.03959
3.41803
3.03533
2.74986
2.50385
2.27011
2.03516
1.79254
1.53971
1.27634
1.0034
0.722568
0.435913
0.145702
5.57093
4.30869
3.67645
3.28411
2.9899
2.73324
2.48557
2.23313
1.96979
1.69353
1.40464
1.10461
0.795575
0.47999
0.160438
4.47812
4.14032
3.76831
3.46478
3.20389
2.95643
2.70437
2.4387
2.15601
1.85615
1.54069
1.21208
0.873139
0.526825
0.176097
4.11594
3.99575
3.81265
3.61586
3.40858
3.18283
2.93266
2.65611
2.35418
2.02961
1.68588
1.32673
0.955835
0.57673
0.192777
3.83023
3.89491
3.86653
3.77427
3.62613
3.42622
3.17929
2.89115
2.56811
2.2164
1.8418
1.44955
1.04424
0.630006
0.210571
3.6971
3.85874
3.9648
3.97153
3.87966
3.7023
3.45457
3.15046
2.80197
2.41909
2.01001
1.58143
1.13886
0.6869
0.229552
3.46431
3.86119
4.1321
4.23729
4.19259
4.02727
3.76904
3.44062
3.05974
2.63999
2.19178
1.72305
1.24
0.747541
0.249755
3.25185
3.95115
4.41453
4.60718
4.58932
4.4168
4.13229
3.76724
3.34452
2.8807
2.38781
1.87464
1.34769
0.811888
0.271157
2.55461
4.205
4.88499
5.12331
5.0935
4.88413
4.55152
4.13395
3.65786
3.14161
2.59794
2.03581
1.46153
0.879666
0.29366
4.25937
5.13278
5.6622
5.8257
5.72242
5.43709
5.02978
4.54132
3.99914
3.42157
2.82093
2.20544
1.58066
0.950326
0.317077
5.3571
6.2995
6.69359
6.7134
6.47782
6.0748
5.56443
4.98605
4.36501
3.71759
3.05423
2.38155
1.70365
1.02302
0.341127
7.32454
7.84705
7.98495
7.77852
7.34956
6.78711
6.14637
5.46045
4.74924
4.02472
3.29404
2.56129
1.82854
1.0966
0.36543
8.93819
9.66176
9.51553
8.99823
8.31407
7.55384
6.75973
5.95246
5.14274
4.33615
3.53532
2.74104
1.9529
1.16965
0.389524
12.2997
12.0806
11.3039
10.3339
9.33148
8.34415
7.38228
6.44622
5.53412
4.64361
3.77207
2.91656
2.07387
1.24053
0.412875
15.7336
14.8868
13.2265
11.6922
10.3385
9.11687
7.98695
6.92339
5.91054
4.93794
3.9977
3.08319
2.18837
1.30748
0.434905
24.4456
18.2579
15.0619
12.9252
11.2538
9.82598
8.54561
7.3654
6.25906
5.20983
4.2055
3.23618
2.29321
1.36866
0.455017
25.6815
19.5516
16.1617
13.8352
12
10.4328
9.03476
7.75616
6.56796
5.45057
4.38901
3.37088
2.38527
1.42228
0.472626
21.1175
18.9428
16.523
14.4043
12.5603
10.9222
9.44103
8.08419
6.82774
5.65256
4.5424
3.48301
2.46165
1.46666
0.487178
19.8275
18.5045
16.6753
14.7826
12.9776
11.3026
9.76105
8.34256
7.03113
5.80944
4.66055
3.56877
2.51972
1.50026
0.498178
19.4286
18.4177
16.8719
15.1
13.3049
11.5903
9.99571
8.52662
7.17226
5.91578
4.73909
3.62487
2.55726
1.52181
0.505204
19.5695
18.7027
17.2255
15.4336
13.5765
11.7946
10.1433
8.63105
7.24544
5.96675
4.77426
3.64862
2.57248
1.53029
0.507927
20.3463
19.4115
17.7977
15.8124
13.796
11.9084
10.1943
8.64759
7.24441
5.95789
4.76303
3.63802
2.56412
1.52502
0.506131
20.7681
20.5919
18.6281
16.213
13.926
11.9017
10.1293
8.56447
7.1624
5.88542
4.70332
3.59195
2.53161
1.50572
0.499735
20.8943
23.0139
19.7718
16.5247
13.8736
11.72
9.92011
8.36838
6.99357
5.74707
4.59451
3.51046
2.47519
1.4726
0.48882
48.5683
29.1592
20.9192
16.4225
13.4758
11.2928
9.53865
8.04946
6.73565
5.54353
4.43815
3.39511
2.39609
1.42643
0.473642
47.4267
27.5483
19.4671
15.2439
12.5477
10.5679
8.97322
7.60877
6.39327
5.27975
4.23853
3.24921
2.2966
1.36855
0.454645
16.21
17.7449
15.3359
13.0049
11.1222
9.57542
8.24796
7.06469
5.9801
4.9658
4.00289
3.07783
2.18007
1.30087
0.432441
6.44114
10.6802
11.1506
10.4545
9.46342
8.43074
7.4226
6.45211
5.51815
4.61617
3.74099
2.88749
2.05067
1.22569
0.407781
2.67453
6.23281
7.77547
8.10906
7.83355
7.26905
6.57114
5.81418
5.03401
4.24795
3.46406
2.68558
1.91307
1.14562
0.381491
0.151532
3.18513
5.23996
6.18662
6.40442
6.20003
5.7607
5.19239
4.55398
3.87823
3.1834
2.47953
1.77196
1.06325
0.354404
-4.26765
0.817194
3.47407
4.7704
5.26852
5.2942
5.03988
4.61933
4.09992
3.5218
2.90903
2.27607
1.63165
0.980988
0.327295
-0.47665
-1.43731
-2.42051
-3.44285
-4.52358
-5.68639
-6.96208
-8.39319
-10.0421
-12.0072
-14.4559
-17.703
-22.4144
-30.2145
-45.7853
-0.481117
-1.45137
-2.4462
-3.4838
-4.58542
-5.77737
-7.09409
-8.58328
-10.3146
-12.3958
-15.0032
-18.4416
-23.2622
-30.4752
-41.7735
-0.477564
-1.44085
-2.42912
-3.46073
-4.55693
-5.74356
-7.05364
-8.53121
-10.2372
-12.2583
-14.7196
-17.7979
-21.7174
-26.6506
-32.2463
-0.46585
-1.40536
-2.36869
-3.37309
-4.43801
-5.5863
-6.84571
-8.25073
-9.84459
-11.6805
-13.8189
-16.3129
-19.159
-22.1635
-24.6375
-0.446328
-1.34604
-2.26718
-3.22492
-4.23572
-5.31792
-6.49217
-7.78141
-9.20999
-10.8001
-12.5626
-14.476
-16.442
-18.2069
-19.2528
-0.41975
-1.2653
-2.1291
-3.02368
-3.96201
-4.95751
-6.02362
-7.17276
-8.41385
-9.74732
-11.1556
-12.5863
-13.9262
-14.9693
-15.4015
-0.387124
-1.1663
-1.96023
-2.77868
-3.63115
-4.52649
-5.47205
-6.47215
-7.52532
-8.61975
-9.72608
-10.7873
-11.7071
-12.3427
-12.5183
-0.349575
-1.05254
-1.76684
-2.49966
-3.25742
-4.04524
-4.86594
-5.71846
-6.59554
-7.48028
-8.34169
-9.12976
-9.77203
-10.1763
-10.2467
-0.308211
-0.927443
-1.55495
-2.19569
-2.85362
-3.53113
-4.22801
-4.94022
-5.65809
-6.36413
-7.03066
-7.61802
-8.07499
-8.34373
-8.37225
-0.264035
-0.794072
-1.32983
-1.87451
-2.43027
-2.99763
-3.57474
-4.15631
-4.73247
-5.28749
-5.79878
-6.23669
-6.56618
-6.75138
-6.76386
-0.217891
-0.654976
-1.0958
-1.54225
-1.99529
-2.4544
-2.91702
-3.37782
-3.82799
-4.2546
-4.64029
-4.96379
-5.20167
-5.33177
-5.33833
-0.170444
-0.512143
-0.856127
-1.20342
-1.55425
-1.90766
-2.26111
-2.60995
-2.94708
-3.26262
-3.54398
-3.77652
-3.94495
-4.0357
-4.03998
-0.122186
-0.367025
-0.61315
-0.861048
-1.11062
-1.3609
-1.6098
-1.8538
-2.08777
-2.30481
-2.49649
-2.65336
-2.7659
-2.82611
-2.82913
-0.0734631
-0.220619
-0.368401
-0.517006
-0.66627
-0.815513
-0.963381
-1.1077
-1.24537
-1.37236
-1.48384
-1.57451
-1.63921
-1.67371
-1.67557
-32288.1
-32264.4
-32240.5
-32216.3
-32191.8
-32166.8
-32141.3
-32115.2
-32088.3
-32060.6
-32032
-32002.4
-31971.7
-31940
-31907.1
-101.502
-145.384
59.4526
-0.11337
40.199
3.44521
23.7395
-0.80032
-24.0327
-5.49491
-34.1493
-7.18656
-42.927
-5.9766
-54.1938
54.4526
6.79567
41.9017
7.71903
31.9247
5.6634
20.9821
0.980499
-18.9099
-3.69691
-29.3536
-5.77394
-38.5984
-5.08234
-50.0664
51.3591
6.48248
39.6832
7.15333
30.2753
5.04788
19.7919
0.413857
-18.9402
-4.21774
-29.3165
-6.32286
-38.5729
-5.69446
-50.0479
50.04
5.68134
38.591
6.33108
29.343
4.23625
18.9694
-0.390423
-19.7749
-5.02514
-30.2657
-7.13377
-39.693
-6.47102
-51.4202
50.2366
5.14705
38.831
5.89828
29.638
3.86836
19.2285
-0.781617
-20.9377
-5.44255
-32.0163
-7.44877
-42.2359
-6.38879
-55.2813
57.0704
7.18912
46.6605
9.07817
39.6032
8.51411
33.335
6.62995
-24.4907
71.1123
44.0432
27.9111
16.0321
5.13908
-7.58835
-57.1858
-55.3986
-7.94661
-1.43685
8.67372
4.51338
5.08423
-2.68254
-10.571
-11.1475
-16.8216
-14.309
-18.8657
-12.07
-12.1668
11.6203
11.4807
17.8151
13.1917
15.0468
9.41116
8.22182
0.821184
-6.56045
-7.74169
-13.2842
-11.5204
-16.0443
-10.1253
-10.4469
11.5862
11.2663
17.1214
12.6137
14.3008
8.8152
7.60258
0.379726
-6.83821
-8.0465
-13.5079
-11.8331
-16.311
-10.5271
-10.8634
10.8637
10.5291
16.3216
11.8466
13.5273
8.06765
6.86275
-0.354981
-7.57812
-8.78919
-14.2754
-12.5855
-17.0939
-11.2289
-11.5385
10.5565
10.2519
16.2201
11.7069
13.5142
7.97597
6.82677
-0.571788
-7.99306
-9.14634
-14.7946
-12.8439
-17.4559
-10.8577
-10.8001
14.0123
14.2384
21.8999
17.7521
21.5782
16.7861
18.7491
12.9882
10.7395
30.047
28.2937
21.7863
14.6118
7.78038
2.15144
-35.6169
-31.168
-16.3852
-7.94163
-2.29707
-1.22697
-1.56021
-4.3847
-7.63401
-9.45436
-11.2777
-11.2463
-11.1467
-8.2327
-4.52719
3.24801
6.84915
9.51319
9.34107
8.96118
6.76186
4.41137
0.640021
-3.13404
-5.50095
-7.73044
-8.20739
-8.52289
-6.17724
-3.01339
4.00567
7.16192
9.48561
9.15725
8.65828
6.43267
4.071
0.341479
-3.38723
-5.74815
-7.97275
-8.4811
-8.82395
-6.54463
-3.44869
3.4571
6.55476
8.83783
8.49836
7.99376
5.77217
3.41425
-0.312062
-4.03915
-6.39763
-8.61945
-9.11277
-9.43349
-7.09672
-3.92104
3.12987
6.32171
8.69973
8.41127
7.96515
5.76054
3.4211
-0.332264
-4.07739
-6.38054
-8.51826
-8.79209
-8.82193
-5.91119
-1.96878
6.35524
10.5777
14.1417
14.9407
15.9608
15.3282
15.2829
14.2862
14.9263
19.3069
19.3876
16.6199
12.6953
8.68785
5.44165
-24.8666
-21.8183
-15.6951
-10.4158
-6.68064
-4.94651
-4.61726
-5.47513
-6.7547
-7.75694
-8.40457
-8.28192
-7.4802
-5.53523
-2.74792
0.886336
3.56694
5.29538
5.78961
5.49549
4.33024
2.64692
0.462727
-1.73394
-3.45812
-4.70045
-5.12694
-4.83357
-3.40736
-1.13137
1.98762
4.25657
5.66887
5.94653
5.50219
4.24615
2.50919
0.30209
-1.90588
-3.64608
-4.90906
-5.36746
-5.11286
-3.73815
-1.52012
1.53425
3.75352
5.13056
5.38799
4.93276
3.67306
1.93631
-0.268006
-2.47095
-4.20285
-5.45254
-5.88857
-5.5999
-4.17259
-1.88384
1.2603
3.56352
5.01924
5.34281
4.94846
3.73936
2.05159
-0.104524
-2.23807
-3.85287
-4.9259
-5.09153
-4.4223
-2.45024
0.553027
4.60451
7.86522
10.3651
11.8109
12.7233
13.0244
13.187
13.227
13.7269
14.7588
14.583
13.1194
10.8981
8.49915
6.42117
-18.8059
-16.8962
-13.79
-10.6667
-8.18278
-6.64318
-5.965
-5.95847
-6.27489
-6.57032
-6.6408
-6.29559
-5.46021
-4.05094
-2.18844
-0.102296
1.65565
2.8546
3.37317
3.28403
2.64445
1.60351
0.303192
-1.01443
-2.10937
-2.84545
-3.08329
-2.7757
-1.86132
-0.463409
1.19355
2.58468
3.48596
3.77543
3.51488
2.75209
1.62431
0.263892
-1.09819
-2.2313
-3.00402
-3.28063
-3.01478
-2.14609
-0.795916
0.813984
2.16511
3.0356
3.3039
3.03026
2.26095
1.13173
-0.225882
-1.58102
-2.7024
-3.45728
-3.70789
-3.40591
-2.48888
-1.07831
0.601802
2.02587
2.9692
3.30834
3.1052
2.40763
1.35668
0.0908939
-1.14556
-2.1052
-2.64001
-2.59301
-1.89856
-0.474083
1.56556
3.99261
6.24844
8.1066
9.44922
10.3662
10.9203
11.2677
11.5055
11.7617
11.9498
11.6329
10.7102
9.35664
7.84835
6.45
-14.9102
-13.6969
-11.9097
-9.99677
-8.32523
-7.09952
-6.3457
-5.97689
-5.82547
-5.70779
-5.4758
-5.01527
-4.26682
-3.21946
-1.9512
-0.618527
0.54914
1.39335
1.83163
1.86501
1.53642
0.933389
0.16839
-0.615773
-1.27756
-1.70809
-1.82521
-1.59179
-1.0117
-0.168599
0.782154
1.61811
2.18399
2.39628
2.25075
1.78355
1.07438
0.228023
-0.620292
-1.33554
-1.81344
-1.97502
-1.78482
-1.24739
-0.445734
0.46636
1.26882
1.80782
2.00027
1.84156
1.36716
0.656084
-0.187271
-1.02768
-1.72966
-2.18811
-2.32291
-2.09753
-1.51576
-0.660833
0.312123
1.18061
1.78933
2.0549
1.97406
1.58494
0.971278
0.244236
-0.451483
-0.969142
-1.19175
-1.02669
-0.425899
0.616376
2.02035
3.62741
5.20441
6.59058
7.70057
8.53167
9.11388
9.50621
9.75748
9.89462
9.86783
9.5554
8.92128
8.03811
7.03932
6.06434
-12.1186
-11.3243
-10.2102
-8.97938
-7.82581
-6.87644
-6.17212
-5.68237
-5.32762
-5.01
-4.64004
-4.14972
-3.50399
-2.70624
-1.80688
-0.897322
-0.0917728
0.516484
0.872943
0.967067
0.823425
0.49633
0.0610131
-0.3935
-0.778938
-1.0222
-1.07205
-0.90723
-0.540956
-0.0289164
0.535972
1.04034
1.39113
1.53229
1.44978
1.16339
0.721918
0.194919
-0.33407
-0.78161
-1.07841
-1.17602
-1.05492
-0.729207
-0.254591
0.276605
0.751947
1.0791
1.20232
1.10751
0.814218
0.370959
-0.15286
-0.673629
-1.10759
-1.38493
-1.45653
-1.30229
-0.93593
-0.413228
0.172979
0.709516
1.10374
1.30041
1.28699
1.08573
0.749288
0.352616
-0.0136755
-0.257817
-0.301595
-0.0876799
0.411152
1.18612
2.18279
3.30562
4.43529
5.47232
6.35363
7.05563
7.58099
7.94793
8.17391
8.26369
8.19728
7.94119
7.49106
6.88615
6.19604
5.49697
-9.9473
-9.41228
-8.67903
-7.85076
-7.0324
-6.30057
-5.68965
-5.19358
-4.77639
-4.3877
-3.97771
-3.50811
-2.96021
-2.33949
-1.6774
-1.02649
-0.448737
0.00205173
0.291868
0.41135
0.374446
0.214961
-0.0188704
-0.270838
-0.485188
-0.614954
-0.628164
-0.512875
-0.280219
0.0345631
0.376847
0.683641
0.900071
0.990338
0.942333
0.766481
0.492565
0.164631
-0.165184
-0.444789
-0.63027
-0.692007
-0.619698
-0.425459
-0.144935
0.167282
0.448474
0.644047
0.71836
0.659315
0.477256
0.201875
-0.122803
-0.44454
-0.711011
-0.87795
-0.915326
-0.81245
-0.58116
-0.25699
0.105447
0.443445
0.702741
0.84858
0.870496
0.781315
0.614151
0.417369
0.248359
0.165105
0.217601
0.441165
0.850682
1.43672
2.16367
2.97406
3.79965
4.5784
5.26499
5.83402
6.27629
6.59267
6.78655
6.85773
6.7999
6.60647
6.28376
5.85694
5.36572
4.8542
-8.1545
-7.78575
-7.28469
-6.70794
-6.11445
-5.55065
-5.0419
-4.59128
-4.18422
-3.7962
-3.4013
-2.97938
-2.5214
-2.03244
-1.53194
-1.05045
-0.623001
-0.280714
-0.0440577
0.0806968
0.101853
0.040518
-0.0727648
-0.202473
-0.31336
-0.375665
-0.369423
-0.287633
-0.13784
0.0583508
0.268747
0.456993
0.590619
0.64743
0.618929
0.510733
0.340952
0.137003
-0.0686436
-0.243545
-0.360353
-0.401045
-0.360077
-0.245978
-0.080926
0.102635
0.268298
0.383626
0.426454
0.388282
0.274703
0.10381
-0.0969489
-0.295001
-0.457719
-0.5575
-0.576032
-0.507469
-0.360073
-0.155789
0.0731821
0.290789
0.465207
0.575293
0.614083
0.589298
0.521766
0.442236
0.387012
0.392652
0.490562
0.702337
1.03612
1.4845
2.02449
2.6207
3.23156
3.81726
4.34569
4.79502
5.15292
5.4139
5.5759
5.63761
5.59782
5.45798
5.22642
4.9205
4.56467
4.18594
-6.60767
-6.34976
-5.9994
-5.58927
-5.15378
-4.72155
-4.31048
-3.92636
-3.5647
-3.2147
-2.86392
-2.50266
-2.1273
-1.74211
-1.35923
-0.996685
-0.674748
-0.411486
-0.218958
-0.100889
-0.0520665
-0.0592308
-0.103116
-0.161315
-0.211594
-0.235184
-0.219564
-0.160404
-0.0623555
0.0616052
0.192472
0.308933
0.391721
0.427318
0.410233
0.343624
0.238498
0.111782
-0.0164126
-0.125991
-0.200069
-0.227699
-0.205785
-0.139883
-0.0435768
0.0637573
0.16061
0.227614
0.251203
0.225853
0.154706
0.0487765
-0.0749635
-0.19631
-0.29502
-0.354013
-0.362109
-0.315961
-0.220853
-0.0900766
0.0573479
0.200394
0.320388
0.40475
0.449303
0.458924
0.446747
0.43219
0.438108
0.487418
0.599646
0.787904
1.05662
1.40043
1.80444
2.24632
2.69977
3.13864
3.54036
3.88773
4.16916
4.37772
4.50974
4.56367
4.53988
4.44159
4.27622
4.05595
3.79664
3.51558
-5.2278
-5.04693
-4.80022
-4.50717
-4.18846
-3.86204
-3.54032
-3.22914
-2.92848
-2.63441
-2.34169
-2.04631
-1.74745
-1.44855
-1.15732
-0.884541
-0.642095
-0.440495
-0.286735
-0.182852
-0.125459
-0.106194
-0.112948
-0.131651
-0.148347
-0.151248
-0.132479
-0.0892511
-0.0242546
0.0548502
0.13688
0.209308
0.260727
0.283023
0.27281
0.231938
0.167095
0.0886566
0.00898062
-0.0595844
-0.106696
-0.125714
-0.114853
-0.0775787
-0.0221145
0.0399722
0.0959061
0.134128
0.146434
0.129386
0.0848137
0.0194125
-0.0564008
-0.130188
-0.189482
-0.223783
-0.226262
-0.194913
-0.132947
-0.0482875
0.047874
0.143252
0.226941
0.291599
0.334893
0.360009
0.375229
0.392733
0.426796
0.491653
0.59932
0.757677
0.969079
1.22972
1.52992
1.85535
2.18902
2.5136
2.81334
3.07543
3.29037
3.45181
3.55607
3.60167
3.58925
3.52181
3.40512
3.24766
3.05997
2.85341
-3.96369
-3.83894
-3.66779
-3.46204
-3.23428
-2.9958
-2.75503
-2.51684
-2.28282
-2.05222
-1.82336
-1.59505
-1.36772
-1.14403
-0.928894
-0.728796
-0.5507
-0.400694
-0.282763
-0.197946
-0.144025
-0.115764
-0.105645
-0.10495
-0.105033
-0.0985823
-0.0806811
-0.0495046
-0.00652622
0.0438295
0.0950664
0.13989
0.171628
0.1855
0.1795
0.154737
0.115242
0.0672855
0.0183495
-0.0240929
-0.0537957
-0.0667708
-0.0619677
-0.0414772
-0.0101936
0.0250457
0.0567096
0.0779684
0.0839435
0.0725687
0.0449294
0.00505977
-0.0407359
-0.0849135
-0.119907
-0.139349
-0.139097
-0.117919
-0.0776841
-0.0230196
0.0395731
0.102991
0.16095
0.209265
0.246718
0.275399
0.300482
0.329491
0.3712
0.434302
0.526059
0.651123
0.810684
1.00211
1.21912
1.45255
1.69143
1.92434
2.1406
2.33108
2.48865
2.60828
2.68691
2.72327
2.71787
2.67299
2.59276
2.48294
2.3505
2.20291
-2.77938
-2.69778
-2.58521
-2.44865
-2.29558
-2.1329
-1.96605
-1.79858
-1.63228
-1.46757
-1.30429
-1.14244
-0.982796
-0.827261
-0.678867
-0.541425
-0.418915
-0.314763
-0.231166
-0.168611
-0.125698
-0.0992684
-0.0848287
-0.0771835
-0.0711816
-0.0624571
-0.0480487
-0.0267995
0.000534689
0.0314988
0.0624496
0.0892798
0.10822
0.116565
0.113181
0.098726
0.0755492
0.0473036
0.0183484
-0.00696328
-0.0249979
-0.0334402
-0.0316816
-0.0209243
-0.00397286
0.0152669
0.0324983
0.0438214
0.0464435
0.039181
0.0226683
-0.000745764
-0.0273852
-0.052846
-0.0727085
-0.0832496
-0.0820417
-0.0683376
-0.0431704
-0.00913608
0.0301194
0.0706251
0.108888
0.142613
0.171216
0.196016
0.220124
0.248008
0.284844
0.33573
0.404883
0.494937
0.606449
0.737688
0.884742
1.04193
1.20245
1.35911
1.50502
1.63414
1.7416
1.82384
1.87863
1.90503
1.90335
1.87511
1.82303
1.75081
1.66286
1.56391
-1.64746
-1.60123
-1.53719
-1.45903
-1.37074
-1.27603
-1.17797
-1.07869
-0.979471
-0.880889
-0.7832
-0.68669
-0.591991
-0.500246
-0.413112
-0.332592
-0.260735
-0.199277
-0.149308
-0.111034
-0.0836761
-0.0655484
-0.0542686
-0.0470897
-0.041289
-0.0345534
-0.0253018
-0.0128899
0.0023371
0.0191578
0.035739
0.0500053
0.0600483
0.064497
0.0627829
0.0552562
0.0431389
0.0283282
0.0130874
-0.000324575
-0.010023
-0.0148074
-0.01436
-0.00929558
-0.00104993
0.00837944
0.0167963
0.0222068
0.0231826
0.0191203
0.0103535
-0.00189685
-0.0157204
-0.0288272
-0.0389178
-0.044053
-0.0429631
-0.035244
-0.0214041
-0.00274789
0.0188903
0.0415164
0.0633855
0.0833693
0.101217
0.117663
0.134361
0.153666
0.178289
0.210888
0.253641
0.307881
0.373838
0.450525
0.535794
0.626548
0.719066
0.809378
0.893637
0.968409
1.03088
1.07894
1.11126
1.12725
1.12707
1.11159
1.08233
1.04134
0.991079
0.934163
-31876
-31846.9
-31817.1
-31786.5
-31755.3
-31723.5
-31691
-31658.1
-31624.6
-31590.7
-31556.3
-31521.6
-31486.6
-31451.4
-31415.9
-31380.2
-31344.3
-31308.4
-31272.3
-31236.2
-31200
-31163.9
-31127.6
-31091.4
-31055.1
-31018.9
-30982.6
-30946.3
-30910
-30873.7
-30837.4
-30801.1
-30764.9
-30728.6
-30692.5
-30656.3
-30620.2
-30584.1
-30548
-30511.9
-30475.9
-30439.8
-30403.7
-30367.6
-30331.5
-30295.4
-30259.3
-30223.2
-30187.2
-30151.1
-30115.1
-30079
-30043
-30006.9
-29970.8
-29934.8
-29898.7
-29862.5
-29826.4
-29790.2
-29754.1
-29717.9
-29681.8
-29645.7
-29609.6
-29573.6
-29537.6
-29501.7
-29465.9
-29430.1
-29394.5
-29358.9
-29323.5
-29288.3
-29253.3
-29218.5
-29184
-29149.8
-29116
-29082.7
-29049.7
-29017.3
-28985.3
-28953.9
-28923
-28892.6
-28862.7
-28833.4
-28804.5
-28776
-4.18582
0.382836
2.69423
3.88559
4.41663
4.53387
4.38756
4.07285
3.65048
3.1594
2.62459
2.06221
1.48275
0.893166
0.298271
0.88472
1.82211
2.82931
3.51191
3.86132
3.94401
3.82974
3.57538
3.22343
2.80442
2.33986
1.84479
1.32976
0.802327
0.268154
3.63594
3.1916
3.28903
3.47146
3.57275
3.55114
3.41204
3.17552
2.86345
2.49501
2.08566
1.64733
1.18917
0.718237
0.240175
4.86168
4.0194
3.66382
3.51219
3.40712
3.27579
3.09179
2.85123
2.55985
2.22655
1.86044
1.46972
1.06137
0.641279
0.214485
5.22848
4.36054
3.83471
3.5064
3.26778
3.05315
2.82812
2.57779
2.29821
1.99091
1.65985
1.30974
0.945322
0.571031
0.190975
5.13072
4.35961
3.80813
3.41098
3.10448
2.84095
2.58977
2.33364
2.06431
1.77906
1.47831
1.16408
0.839155
0.506552
0.169359
4.78561
4.13911
3.62725
3.22494
2.89825
2.61644
2.35638
2.1027
1.84634
1.58273
1.31026
1.02915
0.740668
0.446667
0.14927
4.31103
3.78399
3.33686
2.96332
2.64716
2.37021
2.11663
1.87448
1.63565
1.39527
1.15086
0.901582
0.647711
0.390182
0.130326
3.77096
3.34901
2.97291
2.64436
2.35689
2.10063
1.86549
1.64294
1.42652
1.21186
0.996328
0.778624
0.558418
0.336027
0.112179
3.20017
2.86822
2.56142
2.28433
2.03544
1.80993
1.60179
1.40528
1.21565
1.02934
0.843978
0.658175
0.471313
0.283333
0.0945416
2.61728
2.3623
2.12025
1.89611
1.69065
1.50187
1.32646
1.16076
1.00146
0.84588
0.692078
0.538791
0.385333
0.231451
0.0771978
2.0318
1.84349
1.66118
1.48923
1.32917
1.18048
1.04144
0.90986
0.783561
0.660652
0.539667
0.419584
0.299778
0.179942
0.0599977
1.44799
1.31868
1.19176
1.07049
0.956346
0.849433
0.748959
0.653688
0.56228
0.473504
0.386359
0.300105
0.214257
0.128544
0.0428488
0.867045
0.7915
0.71669
0.644619
0.5763
0.51196
0.451283
0.393658
0.33837
0.284732
0.232163
0.180221
0.128604
0.0771279
0.025703
-28745.2
-28712.2
-28679.7
-28647.7
-28616.1
-28584.9
-28554
-28523.4
-28493.1
-28463
-28433.1
-28403.4
-28373.8
-28344.2
-28314.7
)
;

boundaryField
{
    hot
    {
        type            calculated;
        value           nonuniform List<scalar> 
120
(
32285.1
0.0502333
0.0842831
0.119075
0.154837
0.19171
0.229712
0.268713
0.308391
0.348208
0.387388
0.424922
0.459606
0.490123
0.515164
0.532606
0.54285
0.547726
0.547248
0.541686
0.531528
0.517424
0.500115
0.480352
0.458841
0.436194
0.412915
0.389393
0.365922
0.34272
0.319957
0.297774
0.276298
0.25565
0.235942
0.217272
0.199718
0.183331
0.168128
0.154096
0.141188
0.129334
0.118447
0.108432
0.0991923
0.0906405
0.0826995
0.0753067
0.0684131
0.0619811
0.0559816
0.05039
0.0451829
0.0403354
0.0358195
0.0316037
0.0276533
0.023931
0.0203989
0.0170188
0.0137545
0.0105716
0.00743865
0.00432666
0.00120923
-0.00193804
-0.00513798
-0.00841241
-0.0117827
-0.0152705
-0.0188986
-0.0226919
-0.0266786
-0.0308915
-0.0353689
-0.0401554
-0.045302
-0.0508645
-0.0569028
-0.0634773
-0.0706465
-0.0784635
-0.086974
-0.0962144
-0.106212
-0.116988
-0.128559
-0.140946
-0.154176
-0.168291
-0.183346
-0.199413
-0.216571
-0.234894
-0.254432
-0.275191
-0.297104
-0.320003
-0.343599
-0.36746
-0.391005
-0.413517
-0.434167
-0.452068
-0.466341
-0.47665
-0.481117
-0.477564
-0.46585
-0.446328
-0.41975
-0.387124
-0.349575
-0.308211
-0.264035
-0.217891
-0.170444
-0.122186
-0.0734631
-32288.1
)
;
    }
    cold
    {
        type            calculated;
        value           nonuniform List<scalar> 
120
(
28319.9
-0.0208929
-0.0363607
-0.0541658
-0.0752832
-0.1007
-0.131375
-0.168171
-0.211737
-0.262365
-0.319815
-0.383146
-0.450596
-0.51957
-0.586799
-0.644071
-0.689694
-0.727664
-0.75675
-0.776304
-0.786274
-0.787143
-0.779794
-0.765358
-0.745058
-0.720085
-0.691522
-0.660299
-0.627195
-0.592856
-0.557831
-0.522596
-0.487583
-0.453186
-0.41976
-0.387615
-0.357004
-0.328108
-0.301038
-0.275827
-0.252441
-0.230794
-0.210755
-0.192174
-0.174895
-0.158768
-0.14366
-0.129462
-0.116084
-0.103457
-0.0915255
-0.0802419
-0.0695603
-0.0594327
-0.0498058
-0.04062
-0.0318089
-0.0233005
-0.0150186
-0.006884
0.00118371
0.00926506
0.0174393
0.0257833
0.03437
0.0432674
0.0525373
0.0622343
0.0724062
0.0830944
0.094337
0.106172
0.118641
0.131796
0.145702
0.160438
0.176097
0.192777
0.210571
0.229552
0.249755
0.271157
0.29366
0.317077
0.341127
0.36543
0.389524
0.412875
0.434905
0.455017
0.472626
0.487178
0.498178
0.505204
0.507927
0.506131
0.499735
0.48882
0.473642
0.454645
0.432441
0.407781
0.381491
0.354404
0.327295
0.298271
0.268154
0.240175
0.214485
0.190975
0.169359
0.14927
0.130326
0.112179
0.0945416
0.0771978
0.0599977
0.0428488
0.025703
-28314.7
)
;
    }
    interface_left
    {
        type            calculated;
        value           nonuniform List<scalar> 
90
(
22.6634
56.3896
58.7939
33.9057
24.6547
16.1188
12.0853
6.83727
8.31908
8.71349
9.10998
9.36364
9.98025
10.8428
13.5035
12.9518
8.46404
6.68514
4.92247
4.0668
3.00596
2.40615
1.45713
1.87292
2.00646
2.16053
2.25168
2.44367
2.67701
3.36544
3.23679
2.12438
1.68107
1.23669
1.01934
0.747205
0.59327
0.351734
0.44108
0.462631
0.477985
0.4812
0.488517
0.506559
0.578883
0.530879
0.300271
0.204165
0.103536
0.0540419
-0.00373445
-0.0316874
-0.0543833
-0.126311
-0.180896
-0.282828
-0.367134
-0.539535
-0.710499
-1.13365
-1.19828
-0.987258
-0.922044
-0.876327
-0.857064
-0.817807
-0.777432
-0.624889
-1.04363
-1.31847
-1.81261
-2.2199
-3.06521
-3.92514
-6.09582
-6.3921
-5.20506
-4.83458
-4.60104
-4.5084
-4.3685
-4.18042
-3.47992
-6.56362
-6.63755
-3.5535
-3.44462
-5.34341
-11.3227
-30.257
)
;
    }
    interface_right
    {
        type            calculated;
        value           nonuniform List<scalar> 
90
(
-11.8454
-120.309
-133.77
-73.1298
-51.4238
-32.5024
-23.9046
-13.2621
-15.919
-16.5896
-17.2392
-17.6723
-18.7704
-20.3545
-25.2788
-24.2233
-15.7936
-12.4551
-9.15148
-7.54971
-5.56606
-4.4471
-2.68227
-3.43728
-3.67319
-3.93604
-4.08662
-4.4042
-4.79846
-5.97808
-5.72616
-3.7152
-2.91157
-2.10493
-1.71075
-1.22149
-0.948788
-0.537524
-0.630579
-0.626286
-0.578009
-0.523493
-0.413698
-0.323886
-0.147355
-0.0261178
0.197346
0.304544
0.430135
0.492217
0.550894
0.562389
0.486569
0.868101
1.1227
1.58039
1.94949
2.70468
3.45577
5.33305
5.57093
4.47812
4.11594
3.83023
3.6971
3.46431
3.25185
2.55461
4.25937
5.3571
7.32454
8.93819
12.2997
15.7336
24.4456
25.6815
21.1175
19.8275
19.4286
19.5695
20.3463
20.7681
20.8943
48.5683
47.4267
16.21
6.44114
2.67453
0.151532
-4.26765
)
;
    }
    interface_top
    {
        type            calculated;
        value           nonuniform List<scalar> 
90
(
-131.243
-217.435
118.644
-3.27753
63.9251
-0.889847
37.8272
0.0916446
-35.1719
0.852767
-47.7321
1.24676
-61.6543
2.21714
-89.9567
90.6181
-0.451024
60.3753
0.478298
44.838
0.684481
31.0582
1.05054
-28.7692
1.37598
-41.752
1.46366
-56.0125
2.1379
-83.6664
85.0361
-0.564329
57.0542
0.123804
42.5497
0.180645
29.4626
0.429535
-28.5633
0.67
-41.4834
0.703959
-55.7333
1.33462
-83.2503
83.2391
-1.35795
55.7602
-0.699087
41.5172
-0.652737
28.5981
-0.405191
-29.449
-0.156678
-42.5485
-0.104313
-57.0867
0.566333
-85.181
83.8972
-2.12374
56.2988
-1.39058
42.0891
-1.25352
29.1449
-0.872127
-31.1368
-0.447355
-45.1599
-0.176444
-61.1903
0.834166
-92.7593
93.8144
-1.81025
66.0669
-0.642169
53.9134
-0.0393954
45.5605
1.81359
-55.3092
104.343
53.9268
30.9671
16.499
3.33046
-14.8593
)
;
    }
    interface_bottom
    {
        type            calculated;
        value           nonuniform List<scalar> 
90
(
34.6054
105.963
-79.4696
2.27469
-48.6141
0.691582
-30.9946
-0.186404
29.5032
-0.895228
41.0885
-1.2947
53.87
-2.21345
79.3123
-80.7111
0.142555
-54.0286
-0.642405
-40.2824
-0.807629
-28.0103
-1.12376
25.6242
-1.41383
37.3075
-1.49779
50.1289
-2.12446
74.9409
-76.5537
0.306448
-51.3805
-0.279921
-38.3416
-0.316633
-26.5853
-0.532467
25.4811
-0.749626
37.0624
-0.787882
49.8191
-1.37558
74.4245
-74.7312
1.03667
-50.0613
0.470344
-37.2852
0.437499
-25.7115
0.21812
26.1715
-0.0116202
37.838
-0.0737562
50.7457
-0.704551
75.6413
-74.7918
1.67883
-50.1114
1.04043
-37.3884
0.912262
-25.8328
0.559012
27.0357
0.153747
38.9067
-0.127404
52.0474
-1.0501
77.4944
-77.7004
1.07398
-52.8147
0.00183334
-40.4695
-0.699701
-30.0669
-2.15831
27.7489
-31.6618
-5.02329
11.8086
28.5078
52.9541
102.844
)
;
    }
    defaultFaces
    {
        type            empty;
    }
}


// ************************************************************************* //
